39

0       1       1       1       1       0       1       0       0       0       0       0       0       0       0       0       0       0       0       0       0       0       0       0       0       0       0       0       0       0       0       0       0       0       0       0       0       0       0
1       0       1       0       0       0       0       1       0       0       0       0       0       0       0       0       0       0       0       0       0       0       0       0       0       0       0       0       0       0       0       0       0       0       0       0       0       0       0
1       1       0       1       0       0       1       0       0       0       0       0       0       0       0       0       0       0       0       0       0       0       0       0       0       0       0       0       0       0       0       0       0       0       0       0       0       0       0
1       0       1       0       1       0       1       0       0       1       0       0       0       0       0       0       0       0       0       0       0       0       0       0       0       0       0       0       0       0       0       0       0       0       0       0       0       0       0
1       0       0       1       0       1       0       0       1       0       0       0       0       0       0       0       0       0       0       0       0       0       0       0       0       0       0       0       0       0       0       0       0       0       0       0       0       0       0
0       0       0       0       1       0       0       0       1       0       0       0       0       0       0       0       0       1       0       0       0       0       0       0       0       0       0       0       0       0       0       0       0       0       0       0       0       0       0
1       0       1       1       0       0       0       0       0       1       1       0       0       0       0       0       0       0       0       0       0       0       0       0       0       0       0       0       0       0       0       0       0       0       0       0       0       0       0
0       1       0       0       0       0       0       0       0       0       0       1       0       0       0       0       0       0       0       0       0       0       0       0       1       0       0       0       0       0       0       0       0       0       0       0       0       0       0
0       0       0       0       1       1       0       0       0       1       0       0       1       1       1       0       0       0       0       0       0       0       0       0       0       0       0       0       0       0       0       0       0       0       0       0       0       0       0
0       0       0       1       0       0       1       0       1       0       1       0       0       0       1       0       0       0       0       0       0       0       0       1       0       0       0       0       0       0       0       0       0       0       0       0       0       0       0
0       0       0       0       0       0       1       0       0       1       0       1       0       0       0       0       1       0       0       0       0       0       0       0       0       0       0       0       0       0       0       0       0       0       0       0       0       0       0
0       0       0       0       0       0       0       1       0       0       1       0       0       0       0       0       0       0       0       0       0       0       0       0       1       0       0       0       0       0       0       0       0       0       0       0       0       0       0
0       0       0       0       0       0       0       0       1       0       0       0       0       1       0       0       0       1       1       0       0       0       0       0       0       0       0       0       0       0       0       0       0       0       0       0       0       0       0
0       0       0       0       0       0       0       0       1       0       0       0       1       0       1       0       0       0       0       1       0       0       0       0       0       1       0       0       0       0       0       0       0       0       0       0       0       0       0
0       0       0       0       0       0       0       0       1       1       0       0       0       1       0       1       0       0       0       0       0       0       0       0       0       0       0       0       0       0       0       0       0       0       0       0       0       0       0
0       0       0       0       0       0       0       0       0       0       0       0       0       0       1       0       1       0       0       1       0       0       1       1       0       0       0       0       0       0       0       0       0       0       0       0       0       0       0
0       0       0       0       0       0       0       0       0       0       1       0       0       0       0       1       0       0       0       0       0       0       0       1       1       0       0       0       0       0       1       0       0       0       0       0       0       0       0
0       0       0       0       0       1       0       0       0       0       0       0       1       0       0       0       0       0       1       0       1       0       0       0       0       0       0       0       0       0       0       0       0       0       0       1       0       0       0
0       0       0       0       0       0       0       0       0       0       0       0       1       0       0       0       0       1       0       0       0       1       0       0       0       1       0       0       0       0       0       0       0       0       0       0       0       0       0
0       0       0       0       0       0       0       0       0       0       0       0       0       1       0       1       0       0       0       0       0       0       1       0       0       1       0       0       0       0       0       0       0       0       0       0       0       0       0
0       0       0       0       0       0       0       0       0       0       0       0       0       0       0       0       0       1       0       0       0       1       0       0       0       0       0       0       0       0       0       0       0       0       0       1       0       0       0
0       0       0       0       0       0       0       0       0       0       0       0       0       0       0       0       0       0       1       0       1       0       0       0       0       0       1       0       0       0       0       0       0       0       0       0       0       0       0
0       0       0       0       0       0       0       0       0       0       0       0       0       0       0       1       0       0       0       1       0       0       0       1       0       1       0       1       0       0       0       0       0       1       0       0       0       0       0
0       0       0       0       0       0       0       0       0       1       0       0       0       0       0       1       1       0       0       0       0       0       1       0       0       0       0       1       1       0       0       0       0       0       0       0       0       0       0
0       0       0       0       0       0       0       1       0       0       0       1       0       0       0       0       1       0       0       0       0       0       0       0       0       0       0       0       0       0       1       0       0       0       0       0       0       0       0
0       0       0       0       0       0       0       0       0       0       0       0       0       1       0       0       0       0       1       1       0       0       1       0       0       0       1       0       0       1       0       0       0       1       0       0       0       0       0
0       0       0       0       0       0       0       0       0       0       0       0       0       0       0       0       0       0       0       0       0       1       0       0       0       1       0       0       0       0       0       0       0       0       1       0       0       0       0
0       0       0       0       0       0       0       0       0       0       0       0       0       0       0       0       0       0       0       0       0       0       1       1       0       0       0       0       0       1       1       1       0       1       0       0       0       0       0
0       0       0       0       0       0       0       0       0       0       0       0       0       0       0       0       0       0       0       0       0       0       0       1       0       0       0       0       0       1       1       0       0       0       0       0       0       0       0
0       0       0       0       0       0       0       0       0       0       0       0       0       0       0       0       0       0       0       0       0       0       0       0       0       1       0       1       1       0       1       0       0       0       0       0       0       0       0
0       0       0       0       0       0       0       0       0       0       0       0       0       0       0       0       1       0       0       0       0       0       0       0       1       0       0       1       1       1       0       0       1       0       0       0       0       0       1
0       0       0       0       0       0       0       0       0       0       0       0       0       0       0       0       0       0       0       0       0       0       0       0       0       0       0       1       0       0       0       0       0       1       0       0       1       0       0
0       0       0       0       0       0       0       0       0       0       0       0       0       0       0       0       0       0       0       0       0       0       0       0       0       0       0       0       0       0       1       0       0       1       0       0       1       0       1
0       0       0       0       0       0       0       0       0       0       0       0       0       0       0       0       0       0       0       0       0       0       1       0       0       1       0       1       0       0       0       1       1       0       1       0       1       1       0
0       0       0       0       0       0       0       0       0       0       0       0       0       0       0       0       0       0       0       0       0       0       0       0       0       0       1       0       0       0       0       0       0       1       0       1       0       0       0
0       0       0       0       0       0       0       0       0       0       0       0       0       0       0       0       0       1       0       0       1       0       0       0       0       0       0       0       0       0       0       0       0       0       1       0       0       1       0
0       0       0       0       0       0       0       0       0       0       0       0       0       0       0       0       0       0       0       0       0       0       0       0       0       0       0       0       0       0       0       1       1       1       0       0       0       1       1
0       0       0       0       0       0       0       0       0       0       0       0       0       0       0       0       0       0       0       0       0       0       0       0       0       0       0       0       0       0       0       0       0       1       0       1       1       0       0
0       0       0       0       0       0       0       0       0       0       0       0       0       0       0       0       0       0       0       0       0       0       0       0       0       0       0       0       0       0       1       0       1       0       0       0       1       0       0

0      13       6       5      15      20       7       9      10       8      12      14      17       9      13      15      14      11       9      19       6       4      11      13      15      18      14      18      18      14      10       9      18       7      10       9      15      15      20
13      0       8       5      13      15       7       8       7       7      10      10      14       8      11      10      12      10       8      14       5       5       8      11      13      16      11      14      15      10      10       7      13       8       8       6      11      13      16
6       8       0       6       7       8       4       4       5       5       4       7       7       5       7       8       7       3       6       6       6       5       6       8       7       7       7       7       8       7       6       5       7       6       5       6       6       6       6
5       5       6       0       4       5       6       5       5       5       5       5       6       5       4       5       4       5       5       6       4       4       6       4       5       4       6       5       6       4       5       4       4       5       5       5       6       6       5
15     13       7       4       0      17       7       9       7       9       6      13      15       7      14      12      13      10       9      16       5       5       8      14      16      17      12      17      17      12       9      10      16       7      11       9      13      16      17
20     15       8       5      17       0       8      11       9      11      14      17      20       9      16      18      16      12      11      12       5       6      13      17      19      24      17      22      22      15      11       8      22       9      14       9      17      18      23
7       7       4       6       7       8       0       4       6       4       4       7       8       5       3       8       7       5       4       9       5       6       5       6       7       9       7       7       8       8       5       5       7       6       7       6       8       8       8
9       8       4       5       9      11       4       0       6       7       7       9      11       8       9       8       8       7       7      12       2       5       6       9      10      11      10      10      11       9       8       7      12       6       6       8      10       8      12
10      7       5       5       7       9       6       6       0       4       8       6       9       5       8       7       7       8       4      10       6       4       6       7       7       8       7       8      10       8       7       6      10       5       7       4       7       9       9
8       7       5       5       9      11       4       7       4       0       7      10       8       6       9       9       9       8       8      12       5       6       7       9       9      10       9      11      12       7       6       8       8       4       6       7      10       8      11
12     10       4       5       6      14       4       7       8       7       0       8      11       7      10      12       8       9       7      13       6       6       6       9      11      14      11      13      13       8       7       7      11       8       9       7       9      10      13
14     10       7       5      13      17       7       9       6      10       8       0      15       7      13      13      13      12       9      17       5       4       9      13      13      17      14      17      16      11       8       8      14       7      10       9      13      15      17
17     14       7       6      15      20       8      11       9       8      11      15       0       9      16      15      15      11       9      20       6       5      11       7      17      19      16      19      20      13      12       8      17       6      10       9      15      17      19
9       8       5       5       7       9       5       8       5       6       7       7       9       0       8       7       8       7       8       8       6       5       7       7      10       9       8      10      10       8       8       6       8       6       8       5       8      10      10
13     11       7       4      14      16       3       9       8       9      10      13      16       8       0      13      12       8       9      18       5       6       8      11       7      15      13      14      15      10       8       7      15       7       8       7      14      13      16
15     10       8       5      12      18       8       8       7       9      12      13      15       7      13       0      14      11       9      18       4       5       8      13      16      17      13      17      17      10      10      10      16       6      11      10      12      15      17
14     12       7       4      13      16       7       8       7       9       8      13      15       8      12      14       0      10       9      17       5       5       8      11      12      15      14      15      15      12       9       6      15       7       9       8      12      12      15
11     10       3       5      10      12       5       7       8       8       9      12      11       7       8      11      10       0       7      13       4       5       9       9      11      12      11      13      12       9       6       6      10       7       9       7      11      12      12
9       8       6       5       9      11       4       7       4       8       7       9       9       8       9       9       9       7       0      11       5       5       6      10       9      11       9      12      10       6       7       4      11       4       8       6       9      10      10
19     14       6       6      16      12       9      12      10      12      13      17      20       8      18      18      17      13      11       0       4       6      12      17      20      23      16      23      24      15      11      11      20      10      12      11      18      20      23
6       5       6       4       5       5       5       2       6       5       6       5       6       6       5       4       5       4       5       4       0       5       5       6       6       4       4       4       5       5       4       4       5       5       6       5       5       5       5
4       5       5       4       5       6       6       5       4       6       6       4       5       5       6       5       5       5       5       6       5       0       5       6       6       5       6       5       4       5       5       5       4       5       4       5       6       4       6
11      8       6       6       8      13       5       6       6       7       6       9      11       7       8       8       8       9       6      12       5       5       0       9      11      13       9      12      13      10       7       8      11       5      10       7      10      12      13
13     11       8       4      14      17       6       9       7       9       9      13       7       7      11      13      11       9      10      17       6       6       9       0       7      17      13      15      15       6      10       8      15       7      12       7      13      13      17
15     13       7       5      16      19       7      10       7       9      11      13      17      10       7      16      12      11       9      20       6       6      11       7       0      20      16      17      17      10       9      10      17       7      10       9      12      15      18
18     16       7       4      17      24       9      11       8      10      14      17      19       9      15      17      15      12      11      23       4       5      13      17      20       0      16      20      23      16      11       8      20       9      14       9      18      19      24
14     11       7       6      12      17       7      10       7       9      11      14      16       8      13      13      14      11       9      16       4       6       9      13      16      16       0      17      17      10       8       9       7       6      11       8      13      16      17
18     14       7       5      17      22       7      10       8      11      13      17      19      10      14      17      15      13      12      23       4       5      12      15      17      20      17       0      21      16      12       9      19       8      13       9      17      18      20
18     15       8       6      17      22       8      11      10      12      13      16      20      10      15      17      15      12      10      24       5       4      13      15      17      23      17      21       0      15      12       9      21       8      12      10      17      19      22
14     10       7       4      12      15       8       9       8       7       8      11      13       8      10      10      12       9       6      15       5       5      10       6      10      16      10      16      15       0       9       7      13       6       9       7      12      13      14
10     10       6       5       9      11       5       8       7       6       7       8      12       8       8      10       9       6       7      11       4       5       7      10       9      11       8      12      12       9       0       7      10       4       6       7       8      10      10
9       7       5       4      10       8       5       7       6       8       7       8       8       6       7      10       6       6       4      11       4       5       8       8      10       8       9       9       9       7       7       0      10       5       8       6       9      10       9
18     13       7       4      16      22       7      12      10       8      11      14      17       8      15      16      15      10      11      20       5       4      11      15      17      20       7      19      21      13      10      10       0       7      13       8      15      17      20
7       8       6       5       7       9       6       6       5       4       8       7       6       6       7       6       7       7       4      10       5       5       5       7       7       9       6       8       8       6       4       5       7       0       8       4       7       8       8
10      8       5       5      11      14       7       6       7       6       9      10      10       8       8      11       9       9       8      12       6       4      10      12      10      14      11      13      12       9       6       8      13       8       0       7      12      11      13
9       6       6       5       9       9       6       8       4       7       7       9       9       5       7      10       8       7       6      11       5       5       7       7       9       9       8       9      10       7       7       6       8       4       7       0       9       9      10
15     11       6       6      13      17       8      10       7      10       9      13      15       8      14      12      12      11       9      18       5       6      10      13      12      18      13      17      17      12       8       9      15       7      12       9       0      14      17
15     13       6       6      16      18       8       8       9       8      10      15      17      10      13      15      12      12      10      20       5       4      12      13      15      19      16      18      19      13      10      10      17       8      11       9      14       0      19
20     16       6       5      17      23       8      12       9      11      13      17      19      10      16      17      15      12      10      23       5       6      13      17      18      24      17      20      22      14      10       9      20       8      13      10      17      19       0


