27

0       1       0       0       0       0       0       0       0       0       0       0       0       0       0       0       0       0       0       1       1       0       0       0       0       0       0
1       0       1       0       0       0       0       0       0       0       0       0       0       0       0       0       0       0       0       1       0       0       0       0       0       0       0
0       1       0       1       0       0       0       0       0       0       0       0       0       0       0       0       0       0       0       0       0       0       0       0       0       0       0
0       0       1       0       1       0       0       0       0       0       0       0       0       0       0       0       0       0       1       0       0       0       0       0       0       0       0
0       0       0       1       0       1       0       0       0       0       0       0       0       1       0       0       0       1       0       0       0       0       0       0       0       0       0
0       0       0       0       1       0       1       0       0       0       0       0       0       1       0       0       0       0       0       0       0       0       0       0       0       0       0
0       0       0       0       0       1       0       1       0       0       0       0       0       1       0       0       0       0       0       0       0       0       0       0       0       0       0
0       0       0       0       0       0       1       0       1       0       0       0       0       0       0       0       0       0       0       0       0       0       0       0       0       0       0
0       0       0       0       0       0       0       1       0       1       0       1       0       0       0       0       0       0       0       0       0       0       0       0       0       0       0
0       0       0       0       0       0       0       0       1       0       1       1       0       0       0       0       0       0       0       0       0       0       0       0       0       0       0
0       0       0       0       0       0       0       0       0       1       0       1       0       0       1       0       0       0       0       0       0       0       0       0       0       1       0
0       0       0       0       0       0       0       0       1       1       1       0       1       0       0       0       0       0       0       0       0       0       0       0       0       0       0
0       0       0       0       0       0       0       0       0       0       0       1       0       0       1       0       1       0       0       0       0       0       0       0       0       0       0
0       0       0       0       1       1       1       0       0       0       0       0       0       0       0       0       1       0       0       0       0       0       0       0       0       0       0
0       0       0       0       0       0       0       0       0       0       1       0       1       0       0       1       0       0       0       0       0       0       0       0       0       0       0
0       0       0       0       0       0       0       0       0       0       0       0       0       0       1       0       1       1       1       0       0       0       0       1       0       1       0
0       0       0       0       0       0       0       0       0       0       0       0       1       1       0       1       0       1       0       0       0       0       0       0       0       0       0
0       0       0       0       1       0       0       0       0       0       0       0       0       0       0       1       1       0       1       0       0       0       0       0       0       0       0
0       0       0       1       0       0       0       0       0       0       0       0       0       0       0       1       0       1       0       1       0       0       0       1       0       0       1
1       1       0       0       0       0       0       0       0       0       0       0       0       0       0       0       0       0       1       0       1       1       0       0       0       0       1
1       0       0       0       0       0       0       0       0       0       0       0       0       0       0       0       0       0       0       1       0       1       0       0       0       0       0
0       0       0       0       0       0       0       0       0       0       0       0       0       0       0       0       0       0       0       1       1       0       1       1       0       0       1
0       0       0       0       0       0       0       0       0       0       0       0       0       0       0       0       0       0       0       0       0       1       0       1       1       0       1
0       0       0       0       0       0       0       0       0       0       0       0       0       0       0       1       0       0       1       0       0       1       1       0       1       0       1
0       0       0       0       0       0       0       0       0       0       0       0       0       0       0       0       0       0       0       0       0       0       1       1       0       1       0
0       0       0       0       0       0       0       0       0       0       1       0       0       0       0       1       0       0       0       0       0       0       0       0       1       0       0
0       0       0       0       0       0       0       0       0       0       0       0       0       0       0       0       0       0       1       1       0       1       1       1       0       0       0



0       0       8       0       0       0       0       0       0       0       0       0       9       0       0       0      14       0       0       0       0       0       0       0       0       0       0
0       0       3       0       0       6       0       0       0       0       0       0       0       0       0       0       0       0       0       0       0       0       0       0       0       0       0
8       3       0      14      21       0       0       0       4       0       7      13      11       1       3       2       0       0       0      10       5       0       5       0       0      10       0
0       0      14       0       9      14       0       0       0       0       0       0       0       0       0       0      13       0       0       0       0       0       0       0       0       0       0
0       0      21       9       0       0       3       2       0       0       0       7       0       0       0       0       0       0       0       0       7       5       4       0       7       0       0
0       6       0      14       0       0       0       0       0       0       1       1       2       0      13      12      11       0       0       0       0       1       0       0       6       5       0
0       0       0       0       3       0       0       0      13       0       0       0       0       0       0       0      10       0       0       0       0       0       0       0       0       0       0
0       0       0       0       2       0       0       0       6       0       0       0       2       0       0       0       0       0       0       0       0       0       0       0       0       0       0
0       0       4       0       0       0      13       6       0      14      13       2      11       0       0       2       0       0       6       0      12       0       3       0       0       4       0
0       0       0       0       0       0       0       0      14       0       0       0       7       0       0       0       6       0       0       0       0       0       0       0       0       0       0
0       0       7       0       0       1       0       0      13       0       0       0       0       0       0       0       0       0       0       0       0       0       0       0       0       0       0
0       0      13       0       7       1       0       0       2       0       0       0       4       0       0       0       0       0       0       0       0       0       0       0       0       0       0
9       0      11       0       0       2       0       2      11       7       0       4       0       0       6       0       7       0       0       0       0       7       0       0       0      10       0
0       0       1       0       0       0       0       0       0       0       0       0       0       0       0       0      11       0       0       0       0       0       0       0       0       0       0
0       0       3       0       0      13       0       0       0       0       0       0       6       0       0       0       4       0       0       0       0       0       0       0       0       0       0
0       0       2       0       0      12       0       0       2       0       0       0       0       0       0       0      10       0       0       0       0       0       0       0       0       0       0
14      0       0      13       0      11      10       0       0       6       0       0       7      11       4      10       0       0      11       0       7       8       2       0       9       0       0
0       0       0       0       0       0       0       0       0       0       0       0       0       0       0       0       0       0       0       0       0       0       0       0       0       0       0
0       0       0       0       0       0       0       0       6       0       0       0       0       0       0       0      11       0       0       0       0       0       0       0       0       0       0
0       0      10       0       0       0       0       0       0       0       0       0       0       0       0       0       0       0       0       0       0       0       0       0       0       0       0
0       0       5       0       7       0       0       0      12       0       0       0       0       0       0       0       7       0       0       0       0       0       0       0       0       0       0
0       0       0       0       5       1       0       0       0       0       0       0       7       0       0       0       8       0       0       0       0       0       0       0       0       0       0
0       0       5       0       4       0       0       0       3       0       0       0       0       0       0       0       2       0       0       0       0       0       0       0       0       0       0
0       0       0       0       0       0       0       0       0       0       0       0       0       0       0       0       0       0       0       0       0       0       0       0       0       0       0
0       0       0       0       7       6       0       0       0       0       0       0       0       0       0       0       9       0       0       0       0       0       0       0       0       0       0
0       0      10       0       0       5       0       0       4       0       0       0      10       0       0       0       0       0       0       0       0       0       0       0       0       0       0
0       0       0       0       0       0       0       0       0       0       0       0       0       0       0       0       0       0       0       0       0       0       0       0       0       0       0

