20

0 1 0 1 1 1 0 1 0 1 0 0 1 1 1 1 1 0 1 0 
1 0 0 0 0 0 1 1 1 1 0 0 0 1 1 0 1 1 1 1 
0 0 0 1 0 1 0 0 0 0 1 0 0 1 1 1 1 0 1 0 
1 0 1 0 1 0 0 0 0 0 0 1 0 1 0 1 1 0 0 0 
1 0 0 1 0 1 1 0 1 1 1 0 0 1 1 1 0 0 1 0 
1 0 1 0 1 0 1 1 0 0 0 1 0 1 0 1 1 1 0 1 
0 1 0 0 1 1 0 0 1 0 1 0 1 1 0 1 1 0 0 1 
1 1 0 0 0 1 0 0 1 0 1 1 1 1 0 1 1 1 0 0 
0 1 0 0 1 0 1 1 0 1 1 1 1 0 0 0 0 0 1 0 
1 1 0 0 1 0 0 0 1 0 1 1 1 1 0 1 0 0 1 0 
0 0 1 0 1 0 1 1 1 1 0 0 0 0 1 1 1 1 1 0 
0 0 0 1 0 1 0 1 1 1 0 0 0 0 0 1 1 1 1 0 
1 0 0 0 0 0 1 1 1 1 0 0 0 1 0 1 1 1 1 0 
1 1 1 1 1 1 1 1 0 1 0 0 1 0 0 0 1 1 1 1 
1 1 1 0 1 0 0 0 0 0 1 0 0 0 0 0 0 1 1 1 
1 0 1 1 1 1 1 1 0 1 1 1 1 0 0 0 1 1 1 0 
1 1 1 1 0 1 1 1 0 0 1 1 1 1 0 1 0 0 1 1 
0 1 0 0 0 1 0 1 0 0 1 1 1 1 1 1 0 0 1 1 
1 1 1 0 1 0 0 0 1 1 1 1 1 1 1 1 1 1 0 1 
0 1 0 0 0 1 1 0 0 0 0 0 0 1 1 0 1 1 1 0 

0 0 4 0 3 10 0 4 0 4 0 0 0 0 7 0 0 0 0 0 
0 0 0 0 4 0 7 9 6 0 0 1 0 9 0 2 0 0 1 9 
5 10 0 0 0 0 8 0 0 0 0 0 0 4 6 0 0 0 0 0 
9 0 0 0 0 0 4 0 2 0 0 0 0 3 0 0 1 0 2 0 
5 9 0 8 0 0 0 0 9 0 0 1 0 0 0 2 3 1 0 0 
0 0 0 0 2 0 0 2 10 0 1 0 2 0 0 1 0 8 6 0 
0 0 1 0 2 0 0 0 0 0 0 0 1 0 8 0 6 1 0 0 
6 0 0 0 0 0 6 0 5 7 0 3 0 0 0 0 10 6 0 10 
0 0 0 7 4 7 10 1 0 0 3 4 0 0 0 0 7 0 0 6 
3 3 9 0 0 0 0 0 0 0 0 8 8 6 0 8 0 1 9 1 
0 9 0 0 0 8 8 1 4 0 0 0 2 0 0 0 6 1 0 0 
5 0 9 5 0 0 6 0 0 4 10 0 0 1 2 0 0 0 2 7 
8 0 7 8 0 6 0 7 1 0 0 0 0 7 0 1 1 0 4 0 
1 0 0 0 0 4 5 0 5 4 0 4 0 0 0 0 0 2 0 0 
0 9 2 7 5 0 1 0 10 9 0 0 0 0 0 0 0 0 0 0 
1 0 0 4 0 0 8 6 2 0 0 1 2 0 7 0 0 2 0 2 
0 0 0 1 0 1 0 0 0 0 8 0 0 0 0 0 0 2 0 9 
4 5 5 0 3 1 0 0 1 0 3 10 0 0 0 0 0 0 0 0 
0 10 1 0 0 0 5 0 0 0 0 0 9 3 8 0 4 0 0 0 
5 3 1 0 0 8 4 6 0 0 5 6 5 0 0 0 0 0 0 0 
