20

0 1 0 0 1 0 0 0 0 1 0 0 0 0 0 0 0 0 0 0 
1 0 0 0 0 0 0 0 0 0 0 0 0 1 0 0 1 1 0 0 
0 0 0 0 1 0 1 0 0 0 0 1 0 0 0 1 1 0 0 0 
0 0 0 0 0 1 0 0 0 1 0 1 0 1 0 0 0 0 1 0 
1 0 1 0 0 1 0 0 0 0 0 0 0 0 0 0 0 0 1 0 
0 0 0 1 1 0 0 1 1 0 0 1 0 0 0 1 0 0 0 1 
0 0 1 0 0 0 0 1 0 0 0 0 1 0 1 0 0 1 0 0 
0 0 0 0 0 1 1 0 0 0 0 0 1 0 0 0 0 0 0 1 
0 0 0 0 0 1 0 0 0 0 0 0 0 0 0 0 0 1 0 0 
1 0 0 1 0 0 0 0 0 0 0 0 0 1 0 1 0 1 0 1 
0 0 0 0 0 0 0 0 0 0 0 0 0 0 1 0 0 0 1 0 
0 0 1 1 0 1 0 0 0 0 0 0 1 0 0 0 0 1 0 0 
0 0 0 0 0 0 1 1 0 0 0 1 0 0 0 1 0 0 1 0 
0 1 0 1 0 0 0 0 0 1 0 0 0 0 1 0 0 0 0 0 
0 0 0 0 0 0 1 0 0 0 1 0 0 1 0 0 0 0 0 0 
0 0 1 0 0 1 0 0 0 1 0 0 1 0 0 0 0 0 0 0 
0 1 1 0 0 0 0 0 0 0 0 0 0 0 0 0 0 0 1 0 
0 1 0 0 0 0 1 0 1 1 0 1 0 0 0 0 0 0 1 1 
0 0 0 1 1 0 0 0 0 0 1 0 1 0 0 0 1 1 0 0 
0 0 0 0 0 1 0 1 0 1 0 0 0 0 0 0 0 1 0 0 

0 10 2 1 10 2 0 0 6 0 6 10 0 6 1 3 4 2 11 3 
10 0 9 0 0 7 5 9 9 0 5 2 0 0 5 3 0 0 5 7 
0 0 0 4 2 9 8 7 7 0 0 0 0 0 7 0 2 0 10 0 
1 7 6 0 7 0 0 1 6 2 6 0 0 1 6 6 3 4 3 0 
7 6 1 0 0 7 0 0 0 5 0 0 4 0 0 0 0 0 1 0 
0 0 0 7 9 0 10 0 1 7 0 0 7 6 1 2 2 0 0 0 
0 4 2 2 2 10 0 1 8 7 8 0 10 0 0 0 5 0 2 2 
0 4 8 3 0 0 8 0 0 0 0 0 0 0 10 10 9 7 0 0 
5 1 0 4 1 0 0 0 0 1 10 9 8 6 0 0 2 0 0 3 
10 0 7 9 0 0 0 0 0 0 2 8 0 0 0 2 2 9 0 0 
9 6 0 0 0 2 0 0 0 6 0 9 0 5 0 1 0 0 0 0 
0 6 0 0 0 0 0 8 0 2 0 0 10 0 11 0 1 0 0 0 
8 1 0 6 0 0 0 7 0 4 7 10 0 0 0 4 4 2 8 0 
9 2 0 2 0 0 1 2 2 1 0 0 10 0 0 0 0 0 0 0 
8 9 1 8 7 0 2 0 0 10 0 0 4 0 0 0 7 0 7 0 
1 7 10 0 8 7 10 9 0 0 0 0 7 0 5 0 6 0 0 0 
0 6 4 1 0 0 0 0 0 2 0 5 0 8 0 0 0 1 0 0 
11 0 5 3 0 10 0 1 11 5 0 11 6 0 1 9 4 0 0 0 
1 0 0 8 8 3 2 10 0 6 8 0 9 10 11 0 0 7 0 8 
11 6 8 0 3 5 9 2 0 5 10 0 10 3 0 2 0 0 0 0 
