20

0 1 0 0 1 0 1 1 1 0 1 1 1 1 1 1 1 1 1 1 
1 0 0 0 1 0 0 0 0 1 1 1 1 1 0 1 1 0 0 1 
0 0 0 0 1 0 1 1 1 1 0 1 1 0 0 1 0 1 1 0 
0 0 0 0 1 1 0 1 0 0 1 0 0 1 1 1 0 0 0 1 
1 1 1 1 0 1 0 1 0 1 1 1 0 1 1 0 0 0 1 1 
0 0 0 1 1 0 1 1 1 1 0 1 1 0 1 1 1 1 1 1 
1 0 1 0 0 1 0 1 0 0 1 1 0 0 1 1 1 1 1 0 
1 0 1 1 1 1 1 0 0 0 1 0 1 1 1 0 0 1 0 1 
1 0 1 0 0 1 0 0 0 0 0 0 0 1 1 0 1 1 1 1 
0 1 1 0 1 1 0 0 0 0 0 0 1 0 0 1 1 1 0 1 
1 1 0 1 1 0 1 1 0 0 0 1 1 0 1 1 0 0 1 0 
1 1 1 0 1 1 1 0 0 0 1 0 1 1 0 1 1 1 1 0 
1 1 1 0 0 1 0 1 0 1 1 1 0 1 1 0 1 0 1 0 
1 1 0 1 1 0 0 1 1 0 0 1 1 0 0 1 1 1 0 1 
1 0 0 1 1 1 1 1 1 0 1 0 1 0 0 0 1 1 1 1 
1 1 1 1 0 1 1 0 0 1 1 1 0 1 0 0 1 1 0 1 
1 1 0 0 0 1 1 0 1 1 0 1 1 1 1 1 0 0 1 1 
1 0 1 0 0 1 1 1 1 1 0 1 0 1 1 1 0 0 1 0 
1 0 1 0 1 1 1 0 1 0 1 1 1 0 1 0 1 1 0 0 
1 1 0 1 1 1 0 1 1 1 0 0 0 1 1 1 1 0 0 0 

0 0 0 8 0 0 0 0 0 0 4 0 0 0 0 0 0 0 0 1 
6 0 5 0 4 2 0 0 0 0 0 3 0 0 1 6 8 0 0 0 
0 0 0 0 5 0 0 2 11 0 0 0 0 0 0 0 7 0 0 2 
10 1 3 0 9 4 0 0 6 0 0 0 0 10 0 6 5 0 0 0 
7 0 8 0 0 0 0 0 9 0 0 2 0 5 3 0 0 0 0 4 
8 0 3 1 0 0 0 9 0 0 0 0 0 0 0 0 0 1 6 0 
4 0 0 5 0 6 0 0 0 0 1 0 0 0 12 0 0 4 1 4 
0 2 0 0 3 0 0 0 9 4 0 1 5 0 0 0 0 0 0 0 
0 0 0 0 4 2 0 0 0 5 8 0 6 6 5 0 0 0 0 9 
5 2 0 4 3 7 0 0 10 0 0 0 4 0 0 0 0 0 10 0 
0 3 0 0 0 6 0 6 0 4 0 0 0 9 4 0 0 11 3 8 
0 0 0 7 0 0 0 0 5 0 1 0 0 2 0 5 0 6 9 0 
0 0 0 8 0 0 4 6 0 0 0 5 0 2 0 0 0 7 8 0 
7 0 0 8 0 0 0 0 2 2 0 0 0 0 3 0 2 5 0 9 
0 0 0 10 0 7 0 2 0 1 0 0 0 0 0 0 0 1 0 0 
0 0 0 3 10 0 0 4 0 0 0 0 0 0 0 0 9 0 0 0 
0 0 7 10 0 2 0 0 0 3 12 8 8 0 6 8 0 0 0 0 
5 0 3 4 8 6 0 6 0 5 3 0 0 4 10 3 2 0 0 0 
0 0 0 0 8 8 0 0 0 0 0 0 0 3 0 11 0 0 0 7 
0 9 0 0 3 5 5 0 0 4 1 0 0 0 10 0 0 3 0 0 
