20

0 1 1 1 1 1 1 0 1 1 1 0 0 1 1 1 1 0 1 1 
1 0 1 1 0 0 1 1 1 1 1 1 1 1 1 1 1 1 1 1 
1 1 0 1 1 0 1 1 1 1 1 0 1 1 1 1 1 1 1 1 
1 1 1 0 0 0 0 1 1 1 1 0 0 1 0 1 1 0 0 1 
1 0 1 0 0 1 0 1 1 0 1 1 1 0 0 1 1 1 0 1 
1 0 0 0 1 0 1 0 1 1 0 1 1 1 1 1 1 1 1 1 
1 1 1 0 0 1 0 1 1 1 0 1 1 0 1 1 1 0 1 1 
0 1 1 1 1 0 1 0 1 1 0 0 0 1 1 0 0 0 1 0 
1 1 1 1 1 1 1 1 0 1 1 1 1 1 1 1 1 1 1 1 
1 1 1 1 0 1 1 1 1 0 1 1 1 0 1 1 1 1 1 1 
1 1 1 1 1 0 0 0 1 1 0 0 1 0 1 1 1 1 1 1 
0 1 0 0 1 1 1 0 1 1 0 0 1 1 1 1 1 1 1 1 
0 1 1 0 1 1 1 0 1 1 1 1 0 0 1 1 1 1 1 0 
1 1 1 1 0 1 0 1 1 0 0 1 0 0 1 1 0 1 1 0 
1 1 1 0 0 1 1 1 1 1 1 1 1 1 0 1 1 1 1 0 
1 1 1 1 1 1 1 0 1 1 1 1 1 1 1 0 1 1 0 1 
1 1 1 1 1 1 1 0 1 1 1 1 1 0 1 1 0 1 1 0 
0 1 1 0 1 1 0 0 1 1 1 1 1 1 1 1 1 0 0 1 
1 1 1 0 0 1 1 1 1 1 1 1 1 1 1 0 1 0 0 1 
1 1 1 1 1 1 1 0 1 1 1 1 0 0 0 1 0 1 1 0 

0 13 0 0 0 0 4 0 0 1 1 0 0 7 2 0 0 1 0 1 
10 0 4 3 4 0 0 0 0 8 0 0 0 11 0 12 0 0 0 0 
0 13 0 0 4 12 9 10 9 8 3 0 0 0 0 0 0 14 0 5 
5 3 11 0 0 0 14 6 0 11 8 10 4 9 0 0 0 0 10 11 
4 13 0 0 0 0 1 7 10 0 0 2 9 3 0 0 0 12 5 0 
0 8 2 0 1 0 0 0 0 2 3 0 6 3 13 0 0 13 7 0 
1 0 0 4 12 5 0 3 0 8 0 8 0 5 11 8 0 7 0 0 
0 4 2 13 0 11 0 0 0 0 0 0 0 0 0 8 7 4 0 0 
0 7 12 0 12 7 0 0 0 3 0 0 0 0 0 2 13 0 13 0 
11 0 0 0 0 8 0 11 0 0 0 0 5 0 0 2 0 0 0 0 
3 5 0 0 9 0 12 4 0 4 0 7 0 0 0 0 0 0 0 13 
0 0 0 0 0 0 1 0 12 0 0 0 12 8 3 7 7 0 0 4 
0 0 12 0 7 0 6 0 8 0 0 0 0 0 0 0 0 0 0 12 
0 0 0 0 11 0 5 0 0 0 2 0 8 0 1 0 5 0 7 1 
1 1 0 4 0 0 4 0 0 2 7 0 0 4 0 0 0 12 0 8 
9 9 0 2 2 8 0 7 0 0 0 0 0 0 0 0 0 5 5 0 
0 8 0 2 0 6 0 0 0 0 0 14 3 0 0 8 0 1 0 0 
10 0 0 13 0 2 0 14 4 0 0 10 0 2 0 0 0 0 0 2 
0 5 0 0 1 13 14 0 0 10 9 2 2 0 12 0 0 6 0 1 
14 0 0 8 0 0 12 8 0 0 6 2 0 3 0 0 0 4 1 0 
