20

0 0 0 1 0 0 0 0 0 1 0 0 1 1 0 0 1 0 0 0 
0 0 0 0 0 1 0 0 0 1 0 1 0 0 0 0 0 1 0 1 
0 0 0 1 0 0 1 0 0 0 0 0 0 0 1 0 0 0 1 0 
1 0 1 0 1 0 1 0 0 1 0 0 0 1 0 1 0 0 0 0 
0 0 0 1 0 0 0 1 0 1 0 0 0 1 0 0 0 1 0 0 
0 1 0 0 0 0 1 0 0 0 0 0 0 1 0 0 0 0 0 0 
0 0 1 1 0 1 0 0 0 0 0 0 0 0 0 1 0 0 0 0 
0 0 0 0 1 0 0 0 0 1 0 0 0 0 0 0 1 0 0 0 
0 0 0 0 0 0 0 0 0 0 0 0 1 0 0 0 0 1 0 0 
1 1 0 1 1 0 0 1 0 0 0 0 0 0 1 0 0 0 0 1 
0 0 0 0 0 0 0 0 0 0 0 1 0 0 0 0 0 0 0 1 
0 1 0 0 0 0 0 0 0 0 1 0 0 0 0 0 0 0 1 0 
1 0 0 0 0 0 0 0 1 0 0 0 0 0 0 0 1 0 0 0 
1 0 0 1 1 1 0 0 0 0 0 0 0 0 1 0 0 0 0 0 
0 0 1 0 0 0 0 0 0 1 0 0 0 1 0 1 1 0 0 0 
0 0 0 1 0 0 1 0 0 0 0 0 0 0 1 0 0 1 0 0 
1 0 0 0 0 0 0 1 0 0 0 0 1 0 1 0 0 0 0 0 
0 1 0 0 1 0 0 0 1 0 0 0 0 0 0 1 0 0 0 0 
0 0 1 0 0 0 0 0 0 0 0 1 0 0 0 0 0 0 0 0 
0 1 0 0 0 0 0 0 0 1 1 0 0 0 0 0 0 0 0 0 

0 0 0 6 4 0 16 29 0 0 0 0 0 0 26 3 17 0 0 0 
0 0 0 0 6 0 0 0 0 4 0 0 0 4 35 0 0 0 0 0 
0 0 0 0 0 0 17 17 0 0 0 0 0 0 0 30 1 0 0 16 
0 0 0 0 0 0 28 0 0 19 3 0 0 5 0 0 0 0 0 0 
0 0 0 0 0 29 0 0 0 1 0 0 0 0 0 15 0 0 0 0 
0 0 0 0 0 0 0 0 0 4 0 8 0 0 0 0 26 0 0 0 
33 25 29 9 0 0 0 0 0 0 0 0 0 0 0 0 15 0 3 0 
0 28 0 0 0 0 0 0 0 0 0 5 0 0 0 0 0 0 0 12 
0 4 0 0 0 0 0 0 0 0 19 0 0 0 0 0 0 0 0 0 
0 0 0 3 12 0 0 18 0 0 0 20 0 0 0 0 0 5 0 0 
0 0 0 0 0 0 10 0 0 0 0 17 0 0 0 0 0 0 0 0 
0 0 0 0 0 0 0 0 0 28 24 0 0 0 0 0 0 21 0 0 
0 0 0 0 0 1 29 0 5 0 0 0 0 0 0 0 0 30 0 0 
0 0 0 6 0 0 0 0 0 0 0 0 0 0 0 33 0 0 0 0 
0 0 0 15 0 0 0 11 0 0 23 0 0 0 0 0 0 0 0 0 
0 32 0 12 14 0 0 0 0 0 12 0 0 0 29 0 0 0 0 0 
0 0 0 0 21 0 0 0 0 0 20 2 0 2 0 0 0 0 0 0 
0 18 0 0 0 23 0 0 0 0 0 0 12 12 0 0 0 0 0 0 
0 0 0 0 0 0 0 0 0 0 0 0 10 0 0 19 0 20 0 0 
0 0 0 0 0 20 0 0 0 0 0 0 0 0 0 0 0 0 0 0 
