20

0 0 1 1 0 0 0 1 0 0 0 1 1 1 1 0 1 0 0 1 
0 0 0 0 0 0 1 0 1 1 0 0 0 0 1 1 1 1 0 0 
1 0 0 1 1 1 0 1 0 0 0 1 1 0 1 0 0 0 1 1 
1 0 1 0 1 1 0 1 1 1 1 1 0 1 1 1 0 1 0 1 
0 0 1 1 0 0 0 1 0 1 0 0 1 0 0 1 1 1 1 1 
0 0 1 1 0 0 0 1 1 0 1 0 0 0 1 1 0 0 0 1 
0 1 0 0 0 0 0 0 1 1 0 1 0 0 1 0 1 1 1 0 
1 0 1 1 1 1 0 0 0 0 0 0 1 1 0 1 1 0 0 0 
0 1 0 1 0 1 1 0 0 1 0 1 1 0 0 1 1 1 1 0 
0 1 0 1 1 0 1 0 1 0 1 1 0 0 1 1 1 1 0 1 
0 0 0 1 0 1 0 0 0 1 0 0 1 0 0 1 0 1 1 0 
1 0 1 1 0 0 1 0 1 1 0 0 1 1 1 1 1 0 0 1 
1 0 1 0 1 0 0 1 1 0 1 1 0 1 0 0 1 1 1 0 
1 0 0 1 0 0 0 1 0 0 0 1 1 0 0 0 0 0 0 0 
1 1 1 1 0 1 1 0 0 1 0 1 0 0 0 1 0 1 0 1 
0 1 0 1 1 1 0 1 1 1 1 1 0 0 1 0 0 0 0 1 
1 1 0 0 1 0 1 1 1 1 0 1 1 0 0 0 0 1 1 1 
0 1 0 1 1 0 1 0 1 1 1 0 1 0 1 0 1 0 0 1 
0 0 1 0 1 0 1 0 1 0 1 0 1 0 0 0 1 0 0 1 
1 0 1 1 1 1 0 0 0 1 0 1 0 0 1 1 1 1 1 0 

0 0 15 0 11 0 0 11 11 18 8 9 0 0 3 7 0 7 0 0 
8 0 0 0 16 0 1 0 0 0 0 0 0 16 5 0 15 0 10 0 
0 17 0 9 11 10 0 0 0 0 0 0 3 5 10 0 1 13 3 0 
0 0 6 0 9 0 0 5 3 0 0 0 7 2 0 15 0 0 9 0 
0 0 0 0 0 0 15 4 0 0 0 0 0 0 2 0 0 12 0 0 
13 0 8 14 13 0 19 17 0 0 8 15 0 0 0 0 7 0 7 0 
0 1 2 0 0 0 0 0 0 0 0 0 0 0 0 0 0 0 3 16 
0 0 0 2 8 0 0 0 0 0 1 0 0 9 0 1 1 2 13 0 
0 7 0 0 0 0 2 8 0 0 0 0 15 0 0 13 0 0 0 0 
0 5 0 14 0 0 0 0 3 0 0 0 0 8 10 0 0 0 0 0 
5 0 0 0 0 0 0 11 7 0 0 5 0 9 11 7 0 0 7 5 
6 0 0 10 0 17 0 3 0 0 0 0 0 0 0 0 7 0 5 0 
0 3 0 0 0 0 12 0 1 0 5 0 0 7 6 12 0 0 4 0 
1 0 0 2 14 2 10 15 0 0 0 0 0 0 0 0 11 7 0 0 
5 6 0 16 12 0 0 0 0 0 0 0 8 5 0 0 0 0 0 0 
0 0 0 0 0 0 3 0 2 0 9 2 0 0 0 0 0 0 0 0 
0 0 0 0 0 0 0 0 15 15 0 0 14 1 0 0 0 0 0 2 
0 1 0 3 18 0 10 0 0 0 0 0 15 0 6 4 14 0 0 0 
0 0 0 7 0 9 0 0 0 0 0 0 0 16 0 0 0 0 0 0 
5 2 0 0 0 17 0 1 10 0 10 0 0 0 17 0 0 13 13 0 
