20

0 0 0 1 0 0 1 0 0 0 0 0 0 1 0 0 0 0 0 0 
0 0 0 1 0 0 0 0 1 0 0 0 0 0 1 0 0 0 0 1 
0 0 0 0 0 0 0 0 0 0 0 0 0 0 0 1 0 0 0 0 
1 1 0 0 0 0 0 0 0 0 0 0 1 1 1 0 0 0 0 0 
0 0 0 0 0 1 0 0 0 0 0 1 0 0 0 0 0 1 0 1 
0 0 0 0 1 0 0 1 0 1 0 0 1 0 1 1 1 0 0 0 
1 0 0 0 0 0 0 1 0 0 1 0 1 0 0 0 0 1 0 0 
0 0 0 0 0 1 1 0 0 1 0 0 0 0 0 0 0 0 0 0 
0 1 0 0 0 0 0 0 0 1 0 0 0 0 0 0 0 0 0 1 
0 0 0 0 0 1 0 1 1 0 0 0 0 0 0 1 0 0 0 0 
0 0 0 0 0 0 1 0 0 0 0 0 0 0 0 0 0 0 0 0 
0 0 0 0 1 0 0 0 0 0 0 0 0 0 0 1 0 0 0 0 
0 0 0 1 0 1 1 0 0 0 0 0 0 0 0 0 0 0 1 0 
1 0 0 1 0 0 0 0 0 0 0 0 0 0 0 0 0 1 0 0 
0 1 0 1 0 1 0 0 0 0 0 0 0 0 0 0 0 0 0 0 
0 0 1 0 0 1 0 0 0 1 0 1 0 0 0 0 1 0 0 0 
0 0 0 0 0 1 0 0 0 0 0 0 0 0 0 1 0 0 0 0 
0 0 0 0 1 0 1 0 0 0 0 0 0 1 0 0 0 0 0 1 
0 0 0 0 0 0 0 0 0 0 0 0 1 0 0 0 0 0 0 0 
0 1 0 0 1 0 0 0 1 0 0 0 0 0 0 0 0 1 0 0 

0 0 0 0 0 0 16 7 0 0 0 1 0 11 9 0 4 0 0 0 
0 0 0 12 16 0 13 0 0 0 0 13 14 0 9 0 0 0 4 0 
0 0 0 2 13 6 0 0 15 0 0 0 0 8 0 3 10 10 0 1 
0 0 0 0 0 0 0 0 0 12 5 13 0 8 0 4 0 2 0 15 
0 0 0 0 0 0 0 0 0 12 0 0 0 17 10 5 0 7 0 11 
0 8 0 0 15 0 0 4 4 0 0 0 0 0 0 0 6 0 14 0 
7 0 13 5 0 0 0 3 6 0 2 0 6 11 0 12 2 12 0 12 
0 0 0 0 7 0 6 0 0 0 1 10 0 0 0 0 0 0 0 8 
0 0 5 0 0 0 0 0 0 0 0 0 0 13 13 8 0 0 0 15 
0 0 14 3 0 0 3 0 0 0 10 15 5 15 0 0 2 0 0 2 
0 5 0 1 0 0 13 14 4 0 0 0 0 0 0 11 0 0 0 8 
14 0 6 0 3 0 13 7 0 0 0 0 0 0 3 0 0 5 0 0 
4 4 0 0 0 8 10 3 0 2 4 0 0 6 0 0 0 0 7 0 
15 11 0 0 3 0 0 0 3 0 8 4 7 0 0 0 15 0 2 7 
0 0 0 0 0 12 0 9 0 0 2 11 8 4 0 7 0 0 0 11 
0 0 0 5 0 0 0 0 0 0 0 0 0 0 0 0 6 2 0 4 
0 10 1 0 0 0 0 0 0 7 7 0 0 0 0 0 0 0 0 0 
7 13 0 0 5 11 4 5 2 13 0 4 0 0 0 2 7 0 0 0 
0 11 0 1 0 13 0 9 6 0 0 1 0 0 0 0 0 0 0 0 
6 0 0 0 14 0 7 15 13 7 0 12 0 0 0 0 1 0 0 0 
