20

0 0 1 0 1 1 1 0 0 1 0 1 0 0 1 0 0 0 1 0 
0 0 1 0 1 1 1 0 1 0 1 1 0 1 0 1 1 0 0 1 
1 1 0 0 1 1 1 0 0 0 0 0 1 0 1 1 0 1 0 0 
0 0 0 0 0 0 1 0 1 1 0 1 0 1 1 0 0 1 0 0 
1 1 1 0 0 0 0 0 0 1 1 1 1 1 1 1 1 0 0 1 
1 1 1 0 0 0 0 0 0 1 1 0 0 0 0 1 0 1 0 1 
1 1 1 1 0 0 0 0 0 0 0 1 0 0 0 0 0 0 0 1 
0 0 0 0 0 0 0 0 1 0 1 1 0 0 0 0 0 0 0 1 
0 1 0 1 0 0 0 1 0 1 0 0 1 0 1 0 0 1 1 0 
1 0 0 1 1 1 0 0 1 0 0 0 1 0 1 0 1 1 0 0 
0 1 0 0 1 1 0 1 0 0 0 0 1 0 0 1 1 0 1 0 
1 1 0 1 1 0 1 1 0 0 0 0 0 0 0 0 0 1 1 0 
0 0 1 0 1 0 0 0 1 1 1 0 0 0 1 0 1 1 1 1 
0 1 0 1 1 0 0 0 0 0 0 0 0 0 1 0 0 0 0 1 
1 0 1 1 1 0 0 0 1 1 0 0 1 1 0 0 1 0 1 1 
0 1 1 0 1 1 0 0 0 0 1 0 0 0 0 0 0 0 0 1 
0 1 0 0 1 0 0 0 0 1 1 0 1 0 1 0 0 1 0 1 
0 0 1 1 0 1 0 0 1 1 0 1 1 0 0 0 1 0 0 1 
1 0 0 0 0 0 0 0 1 0 1 1 1 0 1 0 0 0 0 1 
0 1 0 0 1 1 1 1 0 0 0 0 1 1 1 1 1 1 1 0 

0 4 5 3 1 4 4 3 1 6 5 5 5 4 6 5 3 0 0 2 
2 0 5 4 3 5 7 7 2 2 1 6 2 8 2 0 0 5 3 2 
1 3 0 0 0 7 7 5 0 8 7 0 0 1 0 2 0 2 8 0 
1 1 2 0 7 2 2 2 5 0 6 3 0 0 0 3 3 3 5 1 
6 3 0 0 0 1 1 4 0 1 2 2 4 5 0 7 6 3 0 1 
3 0 2 1 5 0 1 0 5 1 7 6 7 1 5 4 3 0 5 7 
4 0 1 3 2 1 0 2 5 5 3 4 2 0 0 6 4 2 5 3 
5 3 1 0 1 0 0 0 0 3 6 4 4 4 3 6 4 7 4 3 
5 1 1 4 7 6 4 0 0 5 2 0 0 5 2 5 0 3 5 2 
5 2 6 0 1 2 6 5 1 0 5 3 3 1 4 3 1 0 0 6 
4 0 6 5 0 4 0 0 2 5 0 6 2 1 5 0 5 1 6 5 
2 2 6 4 2 2 5 6 7 6 4 0 7 2 4 7 0 3 6 1 
0 3 1 2 1 6 3 1 2 0 2 2 0 0 6 1 4 3 5 4 
2 5 1 6 7 3 1 0 1 0 2 0 6 0 4 3 1 1 3 0 
0 6 5 1 6 2 0 0 0 6 5 1 0 2 0 5 8 2 5 2 
0 1 4 3 0 5 6 5 5 6 1 4 6 0 6 0 2 5 0 3 
0 4 1 4 1 2 5 6 2 5 6 1 2 1 1 1 0 2 1 6 
0 4 5 6 5 2 2 3 1 8 4 6 8 0 6 1 3 0 4 7 
7 5 4 1 6 3 3 5 4 6 6 0 4 0 5 3 2 3 0 0 
0 2 0 1 4 3 6 0 3 5 7 1 0 2 0 5 2 3 1 0 
