20

0 1 0 0 1 1 0 1 0 1 1 0 0 1 1 1 0 1 0 0 
1 0 0 1 1 1 1 0 0 1 1 1 0 1 1 1 0 1 1 0 
0 0 0 1 1 0 0 1 1 1 1 0 1 1 0 0 0 1 1 1 
0 1 1 0 1 0 1 0 0 1 1 1 0 1 0 1 1 1 1 1 
1 1 1 1 0 1 1 1 1 0 0 1 1 1 0 1 0 1 1 0 
1 1 0 0 1 0 0 1 1 1 0 1 0 0 0 1 1 1 0 0 
0 1 0 1 1 0 0 1 0 1 1 1 1 1 0 1 0 1 1 0 
1 0 1 0 1 1 1 0 1 1 0 0 1 1 1 1 0 1 0 0 
0 0 1 0 1 1 0 1 0 0 0 1 1 0 0 0 0 1 0 1 
1 1 1 1 0 1 1 1 0 0 0 1 0 1 0 1 0 0 1 1 
1 1 1 1 0 0 1 0 0 0 0 1 1 1 1 0 1 0 0 0 
0 1 0 1 1 1 1 0 1 1 1 0 1 1 1 1 1 0 1 0 
0 0 1 0 1 0 1 1 1 0 1 1 0 1 0 0 1 0 0 0 
1 1 1 1 1 0 1 1 0 1 1 1 1 0 1 1 0 1 1 1 
1 1 0 0 0 0 0 1 0 0 1 1 0 1 0 0 1 1 0 1 
1 1 0 1 1 1 1 1 0 1 0 1 0 1 0 0 0 1 1 1 
0 0 0 1 0 1 0 0 0 0 1 1 1 0 1 0 0 0 1 0 
1 1 1 1 1 1 1 1 1 0 0 0 0 1 1 1 0 0 1 1 
0 1 1 1 1 0 1 0 0 1 0 1 0 1 0 1 1 1 0 1 
0 0 1 1 0 0 0 0 1 1 0 0 0 1 1 1 0 1 1 0 

0 0 0 0 4 0 0 13 0 0 0 0 0 16 0 0 13 0 0 16 
0 0 0 0 0 0 16 0 19 0 0 0 10 0 0 0 0 0 0 17 
0 0 0 15 19 31 0 0 0 0 0 0 18 0 0 15 0 0 0 0 
0 0 0 0 24 0 0 0 0 0 24 0 0 0 3 0 0 0 0 0 
0 0 0 0 0 2 0 0 0 0 0 0 0 0 0 0 0 20 0 0 
0 18 0 32 0 0 0 0 0 0 0 0 0 0 0 0 0 0 0 4 
0 0 0 0 0 0 0 0 0 0 0 0 0 26 0 0 29 22 0 0 
0 0 0 0 0 0 0 0 0 0 0 0 0 0 0 0 0 0 0 0 
0 0 0 0 0 0 0 0 0 0 0 0 2 0 0 0 0 0 0 1 
0 0 0 0 10 0 29 0 26 0 0 0 0 0 0 0 0 0 0 0 
0 0 0 0 0 0 0 0 0 1 0 0 0 0 0 20 0 0 0 0 
0 0 0 0 0 0 0 0 0 0 0 0 0 27 10 0 0 25 25 0 
0 0 25 0 0 0 27 29 0 0 0 0 0 0 0 1 0 0 0 0 
0 0 0 0 0 0 0 28 20 0 0 0 0 0 1 0 0 0 0 0 
0 0 0 5 3 13 0 0 0 0 0 0 26 0 0 30 0 0 0 0 
0 0 0 0 0 18 0 0 0 0 0 0 14 19 0 0 23 0 0 25 
0 0 0 0 26 8 0 0 22 0 0 0 0 0 0 0 0 0 0 0 
0 0 12 0 0 0 0 0 26 0 0 0 0 0 0 0 0 0 26 27 
8 0 0 0 0 0 0 0 0 0 0 0 0 0 25 0 0 0 0 5 
0 0 0 0 0 25 0 0 0 0 0 0 0 0 21 0 0 0 0 0 
