20

0 1 1 1 1 1 0 1 1 1 1 0 0 1 1 1 1 0 0 1 
1 0 1 1 1 1 0 1 0 1 1 0 1 1 1 0 0 0 1 1 
1 1 0 1 1 1 1 1 1 1 1 1 1 1 1 1 1 1 1 1 
1 1 1 0 1 1 1 1 1 1 0 1 1 1 0 0 1 0 0 1 
1 1 1 1 0 1 1 1 0 1 1 0 0 0 1 1 1 0 1 1 
1 1 1 1 1 0 1 1 1 1 1 1 1 1 1 1 1 1 1 1 
0 0 1 1 1 1 0 1 0 1 1 1 1 1 1 1 0 1 0 1 
1 1 1 1 1 1 1 0 1 1 1 0 1 0 1 1 1 1 1 1 
1 0 1 1 0 1 0 1 0 1 0 0 1 1 1 1 1 1 0 1 
1 1 1 1 1 1 1 1 1 0 0 1 1 1 0 1 1 1 0 1 
1 1 1 0 1 1 1 1 0 0 0 1 0 1 1 1 1 0 0 1 
0 0 1 1 0 1 1 0 0 1 1 0 1 1 1 0 0 1 1 1 
0 1 1 1 0 1 1 1 1 1 0 1 0 1 1 1 0 0 1 1 
1 1 1 1 0 1 1 0 1 1 1 1 1 0 1 0 1 0 1 1 
1 1 1 0 1 1 1 1 1 0 1 1 1 1 0 1 1 0 1 1 
1 0 1 0 1 1 1 1 1 1 1 0 1 0 1 0 1 1 0 0 
1 0 1 1 1 1 0 1 1 1 1 0 0 1 1 1 0 1 1 1 
0 0 1 0 0 1 1 1 1 1 0 1 0 0 0 1 1 0 0 0 
0 1 1 0 1 1 0 1 0 0 0 1 1 1 1 0 1 0 0 1 
1 1 1 1 1 1 1 1 1 1 1 1 1 1 1 0 1 0 1 0 

0 0 0 2 0 0 0 0 6 0 0 0 0 1 1 0 0 0 8 0 
0 0 0 0 0 0 0 0 0 0 9 5 3 0 1 0 0 6 7 0 
0 0 0 0 0 1 9 0 0 0 4 2 0 0 8 0 10 1 0 0 
0 4 0 0 0 0 0 0 0 0 6 0 3 0 3 0 0 4 0 0 
7 0 0 0 0 8 9 0 0 5 2 3 7 7 0 0 0 7 0 6 
2 0 6 0 2 0 0 1 7 5 1 0 0 0 0 1 3 0 0 5 
0 4 0 0 1 0 0 0 0 8 8 8 0 3 3 0 0 6 3 0 
5 0 0 5 0 0 0 0 0 0 6 0 0 0 3 3 0 0 0 0 
5 1 4 0 0 0 0 5 0 9 0 6 2 0 7 6 5 1 0 2 
0 0 1 2 9 6 0 1 7 0 0 0 0 0 0 0 0 4 7 7 
0 5 4 0 5 0 0 0 0 0 0 0 8 0 9 6 6 4 0 1 
0 0 0 0 1 0 0 2 0 1 6 0 0 0 7 0 0 0 0 5 
0 3 0 0 0 3 4 0 3 0 1 0 0 0 0 2 1 4 0 3 
6 0 0 8 0 0 0 0 0 5 0 0 0 0 7 0 0 0 0 7 
6 0 0 5 9 0 6 0 4 6 0 0 5 8 0 0 0 0 0 0 
0 5 0 0 5 0 10 0 0 0 4 8 7 4 4 0 0 9 6 7 
4 0 0 4 2 0 1 4 3 0 9 0 0 6 4 0 0 0 0 0 
0 8 6 10 1 0 0 0 0 0 0 2 3 6 0 0 1 0 0 0 
0 0 0 0 4 0 5 7 8 0 0 5 2 0 3 7 5 0 0 3 
9 0 0 0 0 0 2 0 0 0 3 7 0 6 0 3 1 0 0 0 
