20

0 1 0 1 1 0 0 0 1 0 1 0 0 0 0 0 1 1 0 0 
1 0 0 0 0 0 0 0 0 0 0 0 1 0 1 0 0 1 0 1 
0 0 0 0 0 0 1 0 1 1 0 0 1 0 1 0 0 0 0 0 
1 0 0 0 0 0 0 0 0 0 0 1 0 0 1 1 0 0 0 1 
1 0 0 0 0 0 0 1 1 1 1 0 0 0 0 0 1 0 1 0 
0 0 0 0 0 0 0 0 0 0 0 0 1 1 0 0 1 0 0 0 
0 0 1 0 0 0 0 0 0 1 0 0 1 1 0 0 1 1 0 0 
0 0 0 0 1 0 0 0 0 0 0 0 0 1 0 0 1 1 1 0 
1 0 1 0 1 0 0 0 0 0 0 0 0 0 1 1 0 1 0 0 
0 0 1 0 1 0 1 0 0 0 1 0 0 0 1 1 0 0 0 1 
1 0 0 0 1 0 0 0 0 1 0 0 0 0 0 1 0 1 0 1 
0 0 0 1 0 0 0 0 0 0 0 0 0 0 1 0 1 0 0 0 
0 1 1 0 0 1 1 0 0 0 0 0 0 1 0 0 1 1 1 0 
0 0 0 0 0 1 1 1 0 0 0 0 1 0 0 0 0 1 0 0 
0 1 1 1 0 0 0 0 1 1 0 1 0 0 0 0 0 0 0 0 
0 0 0 1 0 0 0 0 1 1 1 0 0 0 0 0 0 1 0 0 
1 0 0 0 1 1 1 1 0 0 0 1 1 0 0 0 0 0 0 0 
1 1 0 0 0 0 1 1 1 0 1 0 1 1 0 1 0 0 1 1 
0 0 0 0 1 0 0 1 0 0 0 0 1 0 0 0 0 1 0 0 
0 1 0 1 0 0 0 0 0 1 1 0 0 0 0 0 0 1 0 0 

0 0 0 0 0 8 0 7 0 13 1 6 0 5 10 10 0 0 1 0 
2 0 0 0 0 0 0 0 0 0 0 0 0 0 0 0 0 0 0 0 
0 6 0 0 0 0 5 0 0 0 0 9 8 5 6 0 0 0 3 0 
7 0 4 0 0 0 0 0 11 0 0 1 0 0 1 0 11 0 10 0 
2 6 0 10 0 5 0 12 0 0 0 0 0 12 5 12 0 0 0 0 
12 11 10 13 7 0 0 0 0 9 0 0 12 12 9 9 11 0 10 0 
0 2 8 0 0 10 0 1 0 9 10 8 0 14 8 0 0 0 0 0 
0 0 6 0 3 0 0 0 0 0 0 0 10 5 0 0 0 0 0 13 
0 0 0 13 1 0 9 0 0 10 8 11 0 2 2 0 7 12 0 8 
0 6 0 0 0 0 0 0 7 0 8 1 6 0 0 9 2 0 0 3 
0 6 11 0 0 6 0 7 0 0 0 1 4 8 0 7 0 0 10 0 
6 0 0 9 0 0 0 0 0 0 6 0 0 0 0 2 0 10 4 0 
0 0 0 0 0 0 11 0 3 0 0 0 0 0 8 8 11 6 0 4 
2 2 0 13 11 0 8 0 8 3 11 0 0 0 0 8 0 0 0 13 
0 0 4 0 6 0 0 0 0 12 0 0 9 0 0 0 0 0 0 6 
9 0 0 0 6 8 6 3 1 1 12 0 6 12 0 0 12 8 8 7 
0 0 0 0 0 0 2 0 0 12 4 0 0 0 0 1 0 10 0 0 
0 0 0 12 7 5 13 0 5 7 0 0 5 0 0 0 0 0 0 2 
6 12 0 0 9 0 0 0 0 3 0 12 0 0 0 0 0 0 0 0 
0 0 0 1 10 11 0 0 11 6 0 6 0 9 13 0 2 0 10 0 
