20

0 0 0 0 1 1 0 0 0 0 0 1 0 1 1 0 0 0 1 0 
0 0 0 0 0 0 1 0 1 1 0 0 0 1 0 0 1 1 1 0 
0 0 0 0 1 0 0 0 0 0 0 0 0 0 0 1 0 0 1 0 
0 0 0 0 0 1 1 1 0 1 0 0 0 1 0 0 1 0 0 0 
1 0 1 0 0 1 0 1 0 1 0 0 1 0 0 0 0 1 0 0 
1 0 0 1 1 0 1 0 0 0 0 0 0 0 0 0 0 1 0 0 
0 1 0 1 0 1 0 0 1 0 0 0 0 0 1 1 0 0 0 1 
0 0 0 1 1 0 0 0 1 0 0 1 0 0 0 1 0 0 0 0 
0 1 0 0 0 0 1 1 0 1 0 0 0 0 0 0 1 0 0 1 
0 1 0 1 1 0 0 0 1 0 0 1 0 0 0 1 0 1 0 0 
0 0 0 0 0 0 0 0 0 0 0 1 0 0 1 0 1 1 0 0 
1 0 0 0 0 0 0 1 0 1 1 0 0 0 1 0 0 0 0 0 
0 0 0 0 1 0 0 0 0 0 0 0 0 0 1 0 0 0 0 0 
1 1 0 1 0 0 0 0 0 0 0 0 0 0 0 0 0 0 0 1 
1 0 0 0 0 0 1 0 0 0 1 1 1 0 0 1 0 0 0 0 
0 0 1 0 0 0 1 1 0 1 0 0 0 0 1 0 0 1 0 1 
0 1 0 1 0 0 0 0 1 0 1 0 0 0 0 0 0 0 0 0 
0 1 0 0 1 1 0 0 0 1 1 0 0 0 0 1 0 0 0 0 
1 1 1 0 0 0 0 0 0 0 0 0 0 0 0 0 0 0 0 1 
0 0 0 0 0 0 1 0 1 0 0 0 0 1 0 1 0 0 1 0 

0 0 0 5 0 0 0 0 0 0 0 0 0 0 9 0 0 0 0 2 
0 0 0 0 0 4 0 0 11 11 3 0 0 10 0 0 7 0 6 0 
0 0 0 0 0 0 0 0 0 0 0 0 7 11 9 0 0 0 6 8 
4 0 9 0 0 0 5 0 0 10 0 0 0 0 6 0 0 0 1 9 
3 0 3 0 0 0 3 10 0 0 0 0 0 10 8 0 7 3 5 6 
0 4 3 8 0 0 0 0 0 0 9 0 0 0 0 3 0 0 2 2 
0 0 0 0 0 0 0 0 0 0 0 0 5 7 0 7 0 5 8 6 
1 0 5 0 9 0 0 0 4 2 0 5 0 10 0 1 0 10 0 0 
3 0 2 11 4 0 7 0 0 1 1 0 0 6 0 0 0 0 0 0 
0 4 0 0 9 0 0 0 11 0 0 0 0 0 0 0 8 11 0 0 
7 0 0 0 0 2 2 10 0 1 0 3 2 0 0 0 0 11 9 1 
0 0 0 8 0 0 0 0 0 0 6 0 6 6 0 0 3 0 0 0 
1 2 7 0 0 0 0 0 0 3 0 2 0 0 0 0 0 0 5 0 
0 1 0 9 0 0 0 0 0 0 6 7 0 0 0 0 10 11 10 0 
2 0 5 9 0 0 11 0 7 0 0 0 0 0 0 1 5 1 1 0 
0 0 0 1 0 0 8 5 0 1 3 0 5 0 8 0 0 0 11 6 
0 0 0 0 0 7 0 0 0 0 0 4 0 2 0 4 0 5 0 0 
0 10 5 2 2 0 4 0 1 0 0 0 0 4 0 3 0 0 8 0 
0 0 0 1 0 4 0 1 1 0 0 0 0 0 0 0 8 3 0 4 
7 0 0 0 0 0 0 0 0 5 0 4 0 6 4 3 0 0 2 0 
