20

0 1 0 0 1 0 0 0 1 1 1 0 1 0 1 1 1 0 1 1 
1 0 1 0 1 1 1 0 1 0 0 0 1 1 1 0 0 0 1 0 
0 1 0 1 1 1 1 1 0 0 1 1 1 1 1 1 0 1 1 1 
0 0 1 0 1 1 0 1 1 0 1 1 1 1 1 1 1 1 0 1 
1 1 1 1 0 1 1 1 1 1 1 0 1 1 1 1 0 1 1 1 
0 1 1 1 1 0 1 0 0 1 1 0 1 0 0 1 1 1 1 1 
0 1 1 0 1 1 0 1 0 0 1 1 1 0 1 1 0 1 1 1 
0 0 1 1 1 0 1 0 1 1 1 1 1 1 1 1 0 0 0 1 
1 1 0 1 1 0 0 1 0 1 0 0 0 0 1 1 0 1 1 1 
1 0 0 0 1 1 0 1 1 0 0 1 1 1 1 0 0 0 1 0 
1 0 1 1 1 1 1 1 0 0 0 1 1 1 0 1 1 1 1 0 
0 0 1 1 0 0 1 1 0 1 1 0 0 1 1 0 0 1 0 1 
1 1 1 1 1 1 1 1 0 1 1 0 0 1 1 0 1 1 1 1 
0 1 1 1 1 0 0 1 0 1 1 1 1 0 0 1 0 1 1 0 
1 1 1 1 1 0 1 1 1 1 0 1 1 0 0 1 1 1 1 0 
1 0 1 1 1 1 1 1 1 0 1 0 0 1 1 0 1 0 1 1 
1 0 0 1 0 1 0 0 0 0 1 0 1 0 1 1 0 1 1 0 
0 0 1 1 1 1 1 0 1 0 1 1 1 1 1 0 1 0 1 0 
1 1 1 0 1 1 1 0 1 1 1 0 1 1 1 1 1 1 0 0 
1 0 1 1 1 1 1 1 1 0 0 1 1 0 0 1 0 0 0 0 

0 0 9 0 4 0 0 2 0 0 3 0 10 4 0 0 0 0 0 1 
7 0 0 0 0 11 2 1 0 8 2 0 0 1 9 3 6 9 0 4 
10 1 0 9 0 0 0 0 10 7 9 0 0 0 3 0 0 7 6 0 
0 3 0 0 0 0 0 0 2 0 0 4 0 0 0 1 0 4 10 0 
0 0 1 0 0 3 0 0 3 3 10 0 4 0 0 7 0 0 0 0 
0 0 0 0 0 0 0 0 0 9 0 9 2 0 4 0 3 0 0 0 
8 3 0 3 9 9 0 0 10 2 4 0 0 0 3 0 0 0 5 4 
0 1 6 5 0 0 0 0 0 6 0 4 0 0 0 0 0 0 0 0 
0 0 0 1 0 0 1 4 0 5 9 0 6 2 0 2 0 0 0 0 
7 8 0 0 9 0 1 0 5 0 0 1 0 0 0 7 7 0 0 0 
7 9 0 0 7 0 0 0 8 10 0 0 0 1 0 0 0 0 8 0 
6 0 0 0 0 0 0 0 0 0 0 0 6 0 10 0 5 0 0 0 
0 0 9 0 0 0 4 0 0 0 0 4 0 5 5 0 9 0 0 8 
0 3 0 0 0 0 2 4 0 2 1 0 0 0 0 2 0 5 8 4 
0 8 2 0 0 3 4 0 0 3 4 10 0 0 0 2 2 1 2 0 
0 0 4 6 6 0 0 9 0 0 0 0 7 0 1 0 0 0 0 0 
0 8 0 0 4 0 1 0 0 2 0 1 0 2 9 0 0 9 4 7 
0 0 0 0 2 2 2 11 0 0 0 8 0 0 0 0 5 0 0 0 
0 8 1 0 9 0 0 0 0 0 8 0 0 0 8 0 0 3 0 2 
0 3 0 0 5 0 10 0 0 0 0 3 0 0 0 0 0 0 0 0 
