20

0 1 1 0 1 1 1 1 1 1 1 1 1 1 1 1 1 1 0 1 
1 0 1 1 1 1 1 1 1 1 1 1 1 1 1 1 1 0 1 1 
1 1 0 1 1 1 1 1 1 1 1 1 1 1 1 1 1 1 1 1 
0 1 1 0 1 1 1 1 1 0 1 1 1 1 1 1 1 0 1 1 
1 1 1 1 0 1 1 1 1 1 1 1 1 1 1 1 1 1 1 1 
1 1 1 1 1 0 1 0 1 1 1 1 0 1 1 1 1 1 1 1 
1 1 1 1 1 1 0 1 1 1 1 1 1 1 1 1 1 1 1 1 
1 1 1 1 1 0 1 0 1 1 1 1 1 1 1 1 1 1 1 1 
1 1 1 1 1 1 1 1 0 1 1 1 1 1 1 1 1 1 1 0 
1 1 1 0 1 1 1 1 1 0 1 1 1 0 1 1 1 1 1 0 
1 1 1 1 1 1 1 1 1 1 0 1 1 1 0 1 0 1 1 1 
1 1 1 1 1 1 1 1 1 1 1 0 1 1 1 1 1 0 0 1 
1 1 1 1 1 0 1 1 1 1 1 1 0 1 1 1 1 1 1 1 
1 1 1 1 1 1 1 1 1 0 1 1 1 0 1 1 1 1 1 1 
1 1 1 1 1 1 1 1 1 1 0 1 1 1 0 1 1 1 0 1 
1 1 1 1 1 1 1 1 1 1 1 1 1 1 1 0 1 0 1 1 
1 1 1 1 1 1 1 1 1 1 0 1 1 1 1 1 0 1 1 0 
1 0 1 0 1 1 1 1 1 1 1 0 1 1 1 0 1 0 1 1 
0 1 1 1 1 1 1 1 1 1 1 0 1 1 0 1 1 1 0 1 
1 1 1 1 1 1 1 1 0 0 1 1 1 1 1 1 0 1 1 0 

0 4 10 2 7 2 3 5 2 9 8 0 0 0 0 0 9 10 11 3 
0 0 0 0 0 0 0 0 11 0 2 0 0 0 0 11 1 0 2 5 
6 0 0 0 0 0 0 0 0 3 0 0 0 6 0 0 0 0 3 8 
0 0 0 0 11 0 0 0 0 0 10 0 0 0 0 0 0 6 4 0 
0 8 0 0 0 0 0 7 3 10 0 0 0 0 11 0 0 11 0 8 
0 0 7 0 0 0 4 0 0 7 7 8 11 0 0 0 0 0 7 0 
1 2 0 11 0 0 0 0 0 0 2 0 9 0 3 0 4 0 0 0 
0 8 1 10 0 2 6 0 4 4 0 0 0 0 1 6 0 0 0 0 
11 0 0 0 0 0 7 8 0 4 0 4 0 2 6 6 0 0 0 0 
0 4 1 0 0 0 0 0 1 0 0 0 0 0 7 0 11 0 3 8 
0 0 0 0 0 4 9 5 0 0 0 0 0 11 11 0 0 0 0 3 
0 6 0 0 0 0 11 0 0 0 0 0 11 0 0 7 0 0 2 0 
0 0 0 11 10 0 0 0 0 8 0 1 0 0 0 0 0 4 0 5 
0 0 0 11 6 2 3 0 0 0 2 0 0 0 0 0 0 0 0 3 
0 0 1 9 1 0 0 3 0 2 3 0 8 0 0 10 0 0 0 0 
0 0 0 4 2 2 3 0 0 1 2 0 0 0 0 0 0 0 0 5 
0 0 0 1 3 0 11 0 0 0 5 4 11 0 0 3 0 11 6 0 
0 0 2 0 0 7 0 0 2 0 0 0 0 3 0 0 0 0 0 6 
0 0 2 0 0 0 0 1 0 0 0 2 3 9 0 0 0 0 0 5 
0 0 5 0 0 0 0 3 4 0 0 0 0 1 1 0 2 0 5 0 
