20

0 1 1 1 1 1 1 1 1 1 0 1 1 1 1 1 1 1 1 0 
1 0 1 1 1 1 1 1 1 1 1 0 1 1 0 1 1 1 1 1 
1 1 0 1 1 1 1 1 1 1 1 1 1 1 1 1 1 1 1 1 
1 1 1 0 1 1 1 1 1 1 1 0 1 1 1 0 1 1 0 1 
1 1 1 1 0 1 1 1 1 1 1 1 1 1 1 1 1 1 1 1 
1 1 1 1 1 0 1 1 0 0 1 1 0 1 1 1 1 1 1 0 
1 1 1 1 1 1 0 1 1 1 1 1 1 1 1 1 1 1 0 1 
1 1 1 1 1 1 1 0 1 1 0 1 1 1 1 1 1 1 0 0 
1 1 1 1 1 0 1 1 0 1 1 1 1 1 1 1 1 1 1 1 
1 1 1 1 1 0 1 1 1 0 1 1 1 1 1 1 1 1 1 1 
0 1 1 1 1 1 1 0 1 1 0 1 1 0 1 1 1 1 0 1 
1 0 1 0 1 1 1 1 1 1 1 0 1 1 1 1 0 0 1 1 
1 1 1 1 1 0 1 1 1 1 1 1 0 1 1 1 1 1 1 1 
1 1 1 1 1 1 1 1 1 1 0 1 1 0 1 1 0 1 1 1 
1 0 1 1 1 1 1 1 1 1 1 1 1 1 0 1 1 1 1 1 
1 1 1 0 1 1 1 1 1 1 1 1 1 1 1 0 1 1 1 1 
1 1 1 1 1 1 1 1 1 1 1 0 1 0 1 1 0 1 1 1 
1 1 1 1 1 1 1 1 1 1 1 0 1 1 1 1 1 0 1 0 
1 1 1 0 1 1 0 0 1 1 0 1 1 1 1 1 1 1 0 1 
0 1 1 1 1 0 1 0 1 1 1 1 1 1 1 1 1 0 1 0 

0 0 4 0 4 2 4 3 0 0 0 4 3 0 3 4 6 0 0 2 
0 0 7 6 3 3 2 0 0 0 1 0 0 7 0 2 5 0 0 0 
0 0 0 0 0 0 0 4 5 0 5 2 0 0 1 1 0 5 2 1 
4 0 4 0 5 7 0 0 0 3 3 6 2 0 2 0 0 1 0 0 
0 0 0 3 0 0 2 6 0 0 0 0 5 0 4 3 0 0 4 0 
6 1 7 0 0 0 0 0 0 2 0 0 0 5 0 0 2 6 1 2 
0 0 4 7 1 2 0 0 1 1 0 2 7 6 5 7 6 2 0 0 
2 0 0 0 0 2 0 0 0 0 0 3 0 0 0 0 0 1 1 6 
6 1 2 4 0 9 0 1 0 4 7 4 8 0 0 4 0 0 2 0 
3 0 0 0 5 1 2 0 6 0 0 0 1 6 2 0 2 0 3 0 
2 2 0 4 2 0 4 0 0 2 0 4 0 0 0 0 0 1 2 6 
0 0 7 0 4 1 3 2 0 4 4 0 0 5 7 0 0 3 0 0 
2 3 4 0 0 6 0 0 2 5 0 6 0 2 2 4 0 3 3 5 
6 2 0 4 0 1 6 0 0 0 2 0 7 0 4 7 0 0 5 0 
0 0 0 3 0 2 2 0 6 0 0 0 4 5 0 7 1 2 6 6 
3 2 7 0 0 0 0 0 0 3 0 0 1 0 2 0 8 0 0 7 
3 0 5 0 1 0 0 0 2 4 0 6 5 1 6 6 0 6 2 1 
5 3 3 2 0 0 2 0 4 6 6 0 2 4 8 5 1 0 1 0 
0 2 0 1 0 5 1 7 0 0 0 6 0 0 3 0 4 2 0 0 
0 5 3 2 5 3 0 0 1 6 6 2 0 0 0 0 7 3 3 0 
