20

0 1 1 1 0 1 1 1 0 1 1 1 1 1 0 0 1 1 1 0 
1 0 1 1 0 1 1 1 0 1 1 1 1 1 1 1 0 0 1 1 
1 1 0 0 1 0 0 1 1 1 0 1 1 1 1 1 1 0 1 0 
1 1 0 0 0 1 1 1 1 1 1 1 1 0 1 1 1 0 1 0 
0 0 1 0 0 1 1 1 1 1 0 1 1 0 1 1 1 1 1 1 
1 1 0 1 1 0 1 1 1 0 1 1 1 0 1 1 0 0 1 1 
1 1 0 1 1 1 0 1 0 1 1 1 1 1 1 1 1 1 0 1 
1 1 1 1 1 1 1 0 1 1 1 0 1 0 0 1 1 1 0 1 
0 0 1 1 1 1 0 1 0 1 1 1 1 0 1 0 0 0 1 1 
1 1 1 1 1 0 1 1 1 0 0 1 0 1 1 1 0 1 1 1 
1 1 0 1 0 1 1 1 1 0 0 1 1 0 1 0 1 1 0 1 
1 1 1 1 1 1 1 0 1 1 1 0 0 1 1 1 1 1 0 1 
1 1 1 1 1 1 1 1 1 0 1 0 0 0 1 0 1 0 1 1 
1 1 1 0 0 0 1 0 0 1 0 1 0 0 1 1 0 1 1 1 
0 1 1 1 1 1 1 0 1 1 1 1 1 1 0 0 0 0 0 1 
0 1 1 1 1 1 1 1 0 1 0 1 0 1 0 0 0 1 1 1 
1 0 1 1 1 0 1 1 0 0 1 1 1 0 0 0 0 0 1 0 
1 0 0 0 1 0 1 1 0 1 1 1 0 1 0 1 0 0 1 0 
1 1 1 1 1 1 0 0 1 1 0 0 1 1 0 1 1 1 0 0 
0 1 0 0 1 1 1 1 1 1 1 1 1 1 1 1 0 0 0 0 

0 10 0 0 0 2 0 8 4 1 0 7 0 3 6 0 3 0 0 0 
0 0 0 9 0 5 7 8 3 5 0 8 0 0 4 0 5 3 11 5 
8 0 0 0 0 1 0 9 0 6 0 1 8 8 2 9 0 0 0 4 
8 0 0 0 6 0 6 10 0 2 4 10 0 4 0 2 0 0 0 2 
9 9 4 10 0 0 0 2 9 8 0 1 3 2 1 0 11 2 0 4 
0 1 0 5 3 0 2 6 2 1 6 0 0 0 0 9 2 0 0 5 
3 3 0 3 9 8 0 4 1 4 3 3 0 2 2 5 9 0 6 8 
0 3 2 8 0 0 0 0 7 0 0 0 9 7 5 0 0 0 0 3 
7 0 9 9 10 0 0 0 0 0 11 4 1 1 5 3 0 0 0 0 
7 5 3 2 8 6 0 4 1 0 2 4 2 0 8 0 9 1 0 9 
0 0 6 0 6 0 0 0 6 3 0 0 4 1 0 10 0 5 4 2 
10 7 4 8 0 0 7 0 9 1 7 0 5 10 0 8 7 0 9 0 
0 2 0 0 5 0 10 1 0 0 0 0 0 0 0 0 10 1 0 2 
0 0 0 0 3 0 0 9 7 8 8 9 0 0 0 10 4 0 1 2 
0 0 8 5 0 11 6 0 0 10 0 8 0 0 0 6 6 7 0 3 
0 7 0 1 0 2 0 0 0 8 0 4 2 5 0 0 0 0 0 4 
1 8 0 8 0 2 1 7 1 4 5 5 8 6 0 0 0 0 0 0 
6 4 6 9 1 4 3 3 3 7 0 3 0 0 0 3 0 0 6 0 
10 10 0 4 0 0 0 3 0 0 8 1 9 4 0 2 0 2 0 1 
10 0 8 2 1 0 0 0 7 3 0 0 1 4 8 0 0 0 2 0 
