20

0 0 0 0 0 0 0 0 0 1 1 0 1 1 0 0 0 0 0 0 
0 0 0 0 0 0 0 0 0 0 1 0 0 0 0 0 1 0 0 1 
0 0 0 0 1 0 0 1 0 1 1 0 0 0 0 0 0 0 1 1 
0 0 0 0 1 1 0 0 0 0 1 0 0 0 0 1 0 0 1 0 
0 0 1 1 0 0 1 0 0 1 0 1 0 0 0 1 0 0 0 0 
0 0 0 1 0 0 0 0 1 0 1 0 0 1 0 0 0 1 1 1 
0 0 0 0 1 0 0 0 0 0 1 0 1 1 0 0 1 0 1 0 
0 0 1 0 0 0 0 0 1 0 0 1 0 0 0 0 0 0 0 0 
0 0 0 0 0 1 0 1 0 0 1 1 0 0 1 1 0 0 1 1 
1 0 1 0 1 0 0 0 0 0 0 0 1 1 0 0 0 0 1 0 
1 1 1 1 0 1 1 0 1 0 0 0 0 1 0 0 1 0 1 0 
0 0 0 0 1 0 0 1 1 0 0 0 0 0 0 1 0 0 1 0 
1 0 0 0 0 0 1 0 0 1 0 0 0 0 1 1 1 1 0 0 
1 0 0 0 0 1 1 0 0 1 1 0 0 0 0 1 0 1 1 0 
0 0 0 0 0 0 0 0 1 0 0 0 1 0 0 1 1 0 0 0 
0 0 0 1 1 0 0 0 1 0 0 1 1 1 1 0 0 0 0 0 
0 1 0 0 0 0 1 0 0 0 1 0 1 0 1 0 0 0 0 1 
0 0 0 0 0 1 0 0 0 0 0 0 1 1 0 0 0 0 0 0 
0 0 1 1 0 1 1 0 1 1 1 1 0 1 0 0 0 0 0 0 
0 1 1 0 0 1 0 0 1 0 0 0 0 0 0 0 1 0 0 0 

0 0 7 28 0 0 0 0 0 13 6 0 6 0 0 13 21 19 10 0 
0 0 0 0 0 0 0 12 0 8 13 0 0 0 0 0 0 0 4 0 
8 0 0 0 0 0 0 6 0 0 0 0 0 0 0 0 0 1 0 0 
0 10 0 0 0 0 14 0 0 0 17 0 0 0 0 17 0 0 0 0 
15 0 0 24 0 0 0 0 5 0 0 0 0 10 8 6 0 0 0 0 
0 1 0 0 0 0 0 0 0 0 0 0 27 0 0 0 0 0 0 0 
0 0 0 13 0 0 0 20 0 0 0 0 0 0 0 0 0 0 0 0 
0 5 0 0 0 0 0 0 0 0 18 12 0 22 11 16 0 0 1 0 
20 22 0 26 0 0 0 0 0 0 0 0 0 0 18 0 0 19 0 16 
13 0 10 0 28 0 0 0 23 0 0 0 0 0 0 0 0 0 0 0 
2 0 0 0 0 0 0 1 0 0 0 0 0 0 0 14 0 0 0 0 
0 0 0 0 14 0 9 6 0 0 0 0 0 0 3 0 0 17 0 0 
0 0 0 4 0 0 0 0 0 9 8 0 0 0 0 0 0 0 0 0 
0 0 0 0 0 0 0 18 0 0 0 0 0 0 0 0 26 0 0 0 
0 0 0 0 0 0 0 0 22 0 0 0 0 0 0 0 0 17 0 0 
15 0 0 0 0 0 0 17 11 0 0 14 0 0 19 0 18 0 5 0 
0 0 5 0 0 5 0 0 20 0 0 0 0 0 0 0 0 0 0 0 
0 0 0 0 17 0 24 16 0 27 0 0 0 0 0 0 0 0 0 0 
0 0 0 0 0 0 0 0 0 13 21 0 0 0 0 5 0 0 0 0 
28 0 1 14 0 0 0 0 0 0 0 14 0 0 19 0 0 0 0 0 
