20

0 1 1 1 1 1 1 1 1 1 1 1 0 1 1 0 1 1 0 1 
1 0 1 0 1 1 0 1 1 1 1 1 1 1 1 1 1 1 1 1 
1 1 0 1 1 1 1 1 1 0 1 1 1 1 1 1 1 1 1 0 
1 0 1 0 1 1 0 0 0 1 0 1 1 0 1 1 1 0 1 1 
1 1 1 1 0 0 1 1 1 0 0 1 1 1 1 0 1 1 1 1 
1 1 1 1 0 0 1 1 0 1 1 1 1 1 1 1 1 1 0 1 
1 0 1 0 1 1 0 1 1 1 0 0 0 1 0 0 1 1 1 1 
1 1 1 0 1 1 1 0 1 1 0 1 1 0 1 1 1 1 1 1 
1 1 1 0 1 0 1 1 0 1 1 1 1 1 1 0 1 1 1 0 
1 1 0 1 0 1 1 1 1 0 1 1 1 1 0 0 1 1 1 1 
1 1 1 0 0 1 0 0 1 1 0 1 1 1 1 1 1 1 1 1 
1 1 1 1 1 1 0 1 1 1 1 0 1 1 1 1 1 1 0 1 
0 1 1 1 1 1 0 1 1 1 1 1 0 1 0 1 1 1 1 1 
1 1 1 0 1 1 1 0 1 1 1 1 1 0 0 1 1 1 0 1 
1 1 1 1 1 1 0 1 1 0 1 1 0 0 0 1 0 1 1 1 
0 1 1 1 0 1 0 1 0 0 1 1 1 1 1 0 1 1 0 0 
1 1 1 1 1 1 1 1 1 1 1 1 1 1 0 1 0 0 1 1 
1 1 1 0 1 1 1 1 1 1 1 1 1 1 1 1 0 0 1 1 
0 1 1 1 1 0 1 1 1 1 1 0 1 0 1 0 1 1 0 1 
1 1 0 1 1 1 1 1 0 1 1 1 1 1 1 0 1 1 1 0 

0 12 0 0 0 0 12 0 13 3 9 1 0 0 12 13 0 0 15 0 
0 0 0 0 4 0 4 0 0 7 0 0 0 0 0 3 10 12 8 0 
0 0 0 3 0 0 0 0 0 0 14 0 0 11 0 7 13 4 0 0 
0 0 4 0 0 0 0 0 9 5 0 0 0 0 13 0 9 0 14 3 
4 0 0 0 0 15 11 0 0 4 0 0 0 0 0 0 0 1 0 0 
0 11 0 0 4 0 0 0 0 5 0 9 11 6 4 0 14 8 0 0 
8 1 4 0 0 8 0 11 13 0 8 0 11 4 0 0 2 7 9 8 
14 4 12 0 0 0 0 0 0 0 0 8 0 2 0 0 0 5 0 0 
15 0 4 0 6 0 3 0 0 0 0 1 0 1 0 4 8 0 0 0 
14 0 0 7 0 0 0 0 2 0 2 0 0 0 11 0 0 13 0 0 
6 3 0 0 0 0 8 0 0 6 0 0 4 0 4 0 0 0 3 0 
0 6 0 0 0 1 0 0 0 4 16 0 0 0 0 0 0 12 13 16 
0 7 0 0 0 0 0 0 10 0 0 0 0 0 12 4 0 4 0 0 
4 0 0 0 7 0 0 0 0 0 4 0 0 0 0 0 10 2 6 0 
1 1 0 0 0 0 5 5 0 0 0 0 0 0 0 5 0 0 14 0 
5 13 13 0 10 0 0 4 1 6 0 3 0 0 1 0 11 3 0 4 
10 13 0 5 0 8 0 12 8 0 0 0 0 0 3 0 0 0 0 5 
0 12 1 0 0 0 0 0 0 2 4 0 12 0 0 13 0 0 8 0 
0 0 5 13 10 0 0 2 0 0 0 10 0 13 12 7 13 1 0 0 
13 0 0 12 5 5 4 4 0 0 7 0 7 1 0 0 0 14 5 0 
