20

0 0 0 0 0 0 0 0 0 1 0 0 0 0 0 0 1 0 0 0 
0 0 1 0 0 0 1 0 0 1 1 1 0 1 1 1 1 0 1 0 
0 1 0 0 0 0 1 1 0 0 1 1 1 0 1 1 1 1 1 1 
0 0 0 0 0 0 1 0 0 0 0 0 0 0 0 1 0 0 1 0 
0 0 0 0 0 0 0 0 0 1 0 0 0 1 1 0 0 1 0 1 
0 0 0 0 0 0 0 0 0 1 0 0 0 0 0 0 0 0 1 0 
0 1 1 1 0 0 0 1 0 0 1 0 1 0 0 1 0 0 0 0 
0 0 1 0 0 0 1 0 0 1 0 1 0 0 0 1 0 1 1 1 
0 0 0 0 0 0 0 0 0 0 0 0 1 0 0 1 0 1 0 0 
1 1 0 0 1 1 0 1 0 0 0 1 0 0 1 1 0 0 0 0 
0 1 1 0 0 0 1 0 0 0 0 1 1 1 0 1 0 0 1 1 
0 1 1 0 0 0 0 1 0 1 1 0 0 0 0 1 0 1 1 0 
0 0 1 0 0 0 1 0 1 0 1 0 0 1 0 0 1 0 1 0 
0 1 0 0 1 0 0 0 0 0 1 0 1 0 0 0 0 0 1 0 
0 1 1 0 1 0 0 0 0 1 0 0 0 0 0 0 0 1 0 1 
0 1 1 1 0 0 1 1 1 1 1 1 0 0 0 0 0 1 0 0 
1 1 1 0 0 0 0 0 0 0 0 0 1 0 0 0 0 1 0 0 
0 0 1 0 1 0 0 1 1 0 0 1 0 0 1 1 1 0 0 1 
0 1 1 1 0 1 0 1 0 0 1 1 1 1 0 0 0 0 0 1 
0 0 1 0 1 0 0 1 0 0 1 0 0 0 1 0 0 1 1 0 

0 0 0 5 15 9 0 0 0 1 0 12 11 12 0 0 0 0 0 0 
0 0 5 4 9 0 0 13 0 0 0 1 13 0 0 0 0 0 0 6 
0 9 0 0 2 10 0 0 3 0 0 0 0 0 12 0 0 0 0 0 
1 0 0 0 0 6 0 1 0 2 1 0 7 15 3 0 0 0 0 0 
11 0 4 0 0 9 0 0 0 0 7 0 0 6 0 0 0 0 0 9 
0 0 0 2 2 0 12 9 0 4 0 13 8 0 2 3 0 0 0 0 
0 17 0 6 11 0 0 12 0 0 4 0 0 12 0 3 16 0 0 0 
11 0 0 15 0 3 0 0 8 2 0 0 0 0 9 0 0 0 3 0 
0 0 8 0 5 0 1 10 0 3 0 0 0 8 0 4 0 0 16 0 
8 0 13 0 0 0 0 12 1 0 2 0 0 0 0 16 0 0 9 0 
0 13 0 0 11 9 0 2 13 0 0 4 0 0 5 0 2 0 2 0 
0 0 15 11 0 9 6 0 0 0 7 0 0 12 0 2 6 0 2 4 
0 13 0 0 2 0 6 0 4 4 0 0 0 3 4 0 0 0 0 7 
0 0 0 0 0 5 0 0 0 0 9 10 0 0 0 12 5 0 13 0 
4 9 11 3 0 0 1 14 0 0 1 0 3 0 0 0 0 1 0 0 
12 0 0 0 0 0 0 1 0 0 0 4 0 0 13 0 0 0 9 7 
0 4 0 6 13 2 0 7 11 0 0 0 0 0 0 12 0 5 0 0 
0 11 4 16 0 13 0 0 0 7 8 5 6 11 0 0 0 0 0 0 
0 0 7 0 0 9 0 1 0 14 0 0 11 16 13 0 14 3 0 0 
0 9 0 7 2 0 9 0 13 0 0 0 0 5 0 3 1 0 0 0 
