20

0 0 1 1 0 1 0 0 0 0 0 1 0 1 1 0 0 1 1 0 
0 0 1 0 1 1 0 0 1 0 0 1 0 1 0 0 0 0 1 1 
1 1 0 0 1 0 1 0 0 0 1 0 1 1 1 0 0 1 0 1 
1 0 0 0 0 1 0 0 1 1 1 0 1 0 0 0 0 1 0 1 
0 1 1 0 0 0 1 1 0 1 1 1 0 0 1 0 0 0 0 0 
1 1 0 1 0 0 0 0 1 0 0 0 1 0 1 1 0 1 0 0 
0 0 1 0 1 0 0 0 1 0 1 0 1 0 0 0 1 1 1 1 
0 0 0 0 1 0 0 0 1 0 0 0 1 1 1 0 0 0 1 1 
0 1 0 1 0 1 1 1 0 0 1 1 0 0 0 0 0 0 1 1 
0 0 0 1 1 0 0 0 0 0 1 1 1 1 0 0 0 0 0 1 
0 0 1 1 1 0 1 0 1 1 0 0 0 0 0 0 1 1 0 1 
1 1 0 0 1 0 0 0 1 1 0 0 0 1 0 1 0 0 1 0 
0 0 1 1 0 1 1 1 0 1 0 0 0 1 0 0 1 1 1 0 
1 1 1 0 0 0 0 1 0 1 0 1 1 0 1 0 1 0 0 1 
1 0 1 0 1 1 0 1 0 0 0 0 0 1 0 1 0 0 0 1 
0 0 0 0 0 1 0 0 0 0 0 1 0 0 1 0 0 0 0 0 
0 0 0 0 0 0 1 0 0 0 1 0 1 1 0 0 0 0 0 1 
1 0 1 1 0 1 1 0 0 0 1 0 1 0 0 0 0 0 0 1 
1 1 0 0 0 0 1 1 1 0 0 1 1 0 0 0 0 0 0 0 
0 1 1 1 0 0 1 1 1 1 1 0 0 1 1 0 1 1 0 0 

0 0 0 0 0 0 0 0 14 0 0 14 12 0 6 7 0 0 6 6 
0 0 0 3 0 0 10 9 1 0 0 0 16 0 0 0 0 0 0 0 
0 0 0 0 10 2 1 14 0 4 11 0 0 2 10 12 0 0 4 0 
0 0 11 0 0 1 0 11 2 14 14 15 2 0 0 0 12 0 0 7 
0 3 0 5 0 1 14 0 11 0 5 1 7 0 4 7 0 0 0 0 
3 0 0 0 0 0 0 3 0 0 0 13 0 14 0 0 10 0 0 0 
16 9 14 0 0 7 0 0 0 10 11 0 1 11 0 0 0 7 7 9 
10 0 0 0 0 8 0 0 11 0 0 3 0 7 0 0 0 0 0 0 
10 14 6 0 0 0 0 0 0 0 11 2 2 0 0 0 0 0 0 0 
0 0 1 3 0 0 0 0 6 0 0 0 6 0 0 0 0 3 13 8 
0 11 0 2 10 0 3 0 0 0 0 0 0 0 0 5 0 0 0 0 
6 3 12 14 0 0 8 0 0 0 10 0 0 9 10 0 0 0 0 13 
15 8 0 0 0 0 3 7 0 0 0 9 0 0 0 7 0 10 0 0 
4 0 1 0 0 0 0 14 0 0 13 10 0 0 0 4 0 6 0 0 
6 0 8 3 0 0 0 0 3 0 0 0 0 9 0 0 1 0 8 0 
0 1 10 0 0 0 0 0 12 0 4 0 0 0 6 0 7 3 0 0 
0 4 0 0 0 0 0 15 3 10 3 0 0 14 0 0 0 0 7 0 
0 0 0 0 2 0 10 0 0 8 0 0 0 11 0 0 0 0 13 0 
2 0 6 0 0 0 0 0 0 0 1 6 1 11 0 0 10 0 0 0 
0 1 0 0 8 12 14 5 13 0 0 12 9 0 0 13 14 3 1 0 
