20

0 0 0 0 0 0 0 0 0 0 0 1 0 0 0 0 0 0 0 0 
0 0 0 0 0 0 0 0 0 1 1 0 1 1 0 0 1 0 0 0 
0 0 0 0 0 0 1 0 0 1 0 0 0 0 0 1 0 0 0 0 
0 0 0 0 0 0 0 0 0 0 0 0 0 0 0 1 1 1 0 0 
0 0 0 0 0 0 1 0 0 0 0 0 0 0 1 0 0 1 0 0 
0 0 0 0 0 0 0 0 0 0 0 0 0 0 0 0 0 1 0 0 
0 0 1 0 1 0 0 0 0 1 0 0 0 1 0 0 0 0 0 1 
0 0 0 0 0 0 0 0 1 0 0 1 0 1 0 0 0 0 0 0 
0 0 0 0 0 0 0 1 0 1 0 0 0 0 1 0 0 1 0 0 
0 1 1 0 0 0 1 0 1 0 0 0 0 0 0 0 0 1 0 0 
0 1 0 0 0 0 0 0 0 0 0 1 0 0 0 0 0 0 0 0 
1 0 0 0 0 0 0 1 0 0 1 0 0 0 0 0 0 0 0 1 
0 1 0 0 0 0 0 0 0 0 0 0 0 1 0 1 0 0 1 0 
0 1 0 0 0 0 1 1 0 0 0 0 1 0 0 0 1 0 0 0 
0 0 0 0 1 0 0 0 1 0 0 0 0 0 0 0 0 1 0 0 
0 0 1 1 0 0 0 0 0 0 0 0 1 0 0 0 0 0 0 0 
0 1 0 1 0 0 0 0 0 0 0 0 0 1 0 0 0 0 1 0 
0 0 0 1 1 1 0 0 1 1 0 0 0 0 1 0 0 0 0 0 
0 0 0 0 0 0 0 0 0 0 0 0 1 0 0 0 1 0 0 0 
0 0 0 0 0 0 1 0 0 0 0 1 0 0 0 0 0 0 0 0 

0 0 0 0 0 14 0 0 6 10 0 10 0 0 0 0 1 3 11 0 
0 0 10 0 0 0 0 0 0 10 0 0 8 0 0 11 0 13 0 0 
0 0 0 0 0 13 0 8 0 3 0 1 14 0 0 0 1 1 13 0 
0 0 0 0 0 0 6 2 2 2 9 0 0 0 0 14 0 0 0 13 
10 0 0 0 0 10 0 0 0 5 0 4 0 0 11 14 8 0 0 0 
0 4 0 12 0 0 5 0 0 0 0 8 0 4 0 0 0 0 0 0 
13 11 0 0 10 2 0 0 12 14 11 0 0 2 0 0 0 0 0 0 
5 0 3 8 0 10 0 0 0 0 0 1 15 0 0 0 10 0 0 0 
7 0 16 3 0 0 0 0 0 0 0 11 9 0 0 0 0 0 2 0 
0 0 0 1 9 0 0 0 0 0 0 0 5 0 0 15 0 0 3 0 
0 0 10 2 0 0 0 0 0 11 0 0 0 0 7 7 7 9 0 1 
0 0 16 16 0 6 0 0 0 0 0 0 0 0 0 0 0 3 0 8 
0 0 7 4 10 0 0 0 6 0 0 7 0 4 8 0 0 15 12 2 
0 2 11 2 0 2 0 14 1 13 5 0 0 0 2 0 0 5 14 0 
0 0 4 8 7 0 8 14 2 0 0 11 0 0 0 0 0 0 2 0 
1 1 0 0 12 0 0 0 0 0 0 0 4 0 6 0 8 0 0 0 
10 13 0 1 0 2 0 12 11 1 2 0 0 5 10 14 0 0 15 4 
0 3 0 0 0 0 4 0 0 0 8 12 8 12 0 1 12 0 15 0 
8 10 0 0 0 1 0 16 9 0 0 9 10 0 3 0 6 8 0 13 
9 0 11 3 0 0 0 0 0 0 0 0 0 0 0 0 0 0 0 0 
