20

0 1 1 1 1 1 1 1 1 1 1 1 1 1 1 1 1 1 0 1 
1 0 1 0 1 1 1 1 1 1 1 1 1 1 1 1 1 1 1 1 
1 1 0 1 1 1 1 1 1 1 1 1 1 1 1 1 1 1 1 1 
1 0 1 0 0 1 1 1 1 1 1 1 1 1 1 1 1 1 1 1 
1 1 1 0 0 1 0 1 1 1 1 1 1 1 1 1 1 1 1 1 
1 1 1 1 1 0 1 1 1 0 1 1 1 1 1 1 1 1 1 1 
1 1 1 1 0 1 0 1 1 1 1 1 1 1 1 1 1 1 1 0 
1 1 1 1 1 1 1 0 1 1 0 1 1 1 1 1 1 1 1 1 
1 1 1 1 1 1 1 1 0 1 1 1 1 1 1 1 1 1 1 1 
1 1 1 1 1 0 1 1 1 0 1 1 1 1 1 1 1 0 1 1 
1 1 1 1 1 1 1 0 1 1 0 1 0 1 1 1 1 1 1 1 
1 1 1 1 1 1 1 1 1 1 1 0 1 1 1 1 1 1 1 1 
1 1 1 1 1 1 1 1 1 1 0 1 0 1 1 1 1 1 1 1 
1 1 1 1 1 1 1 1 1 1 1 1 1 0 1 1 0 1 1 0 
1 1 1 1 1 1 1 1 1 1 1 1 1 1 0 1 1 1 1 1 
1 1 1 1 1 1 1 1 1 1 1 1 1 1 1 0 1 1 1 1 
1 1 1 1 1 1 1 1 1 1 1 1 1 0 1 1 0 1 1 1 
1 1 1 1 1 1 1 1 1 0 1 1 1 1 1 1 1 0 1 1 
0 1 1 1 1 1 1 1 1 1 1 1 1 1 1 1 1 1 0 1 
1 1 1 1 1 1 0 1 1 1 1 1 1 0 1 1 1 1 1 0 

0 5 11 0 0 0 0 0 0 13 3 0 0 3 4 0 0 0 13 16 
9 0 0 0 6 0 7 3 16 0 0 0 0 6 0 9 12 0 2 15 
0 0 0 0 0 0 2 0 11 8 0 0 0 0 6 0 4 0 0 9 
4 0 0 0 0 14 0 0 0 1 0 0 0 0 5 2 0 0 11 0 
0 0 2 7 0 2 8 0 12 0 17 3 0 0 11 0 16 0 0 13 
1 1 2 0 0 0 8 0 0 0 0 0 0 0 0 16 14 0 0 0 
0 0 0 0 0 0 0 0 9 3 0 0 0 0 0 14 5 6 0 0 
7 0 5 1 0 0 0 0 9 0 14 0 4 0 0 0 3 0 13 0 
17 4 0 13 0 0 0 0 0 0 11 2 0 16 0 0 0 0 12 0 
0 0 9 1 3 0 17 0 5 0 0 0 0 0 13 0 0 0 10 0 
0 0 0 0 0 0 11 0 7 2 0 14 8 6 0 0 12 0 13 0 
0 17 0 12 0 0 8 0 0 3 5 0 0 0 10 0 0 4 0 8 
10 12 0 0 15 0 0 0 0 0 12 3 0 6 0 0 0 8 8 7 
11 0 0 5 0 0 9 0 0 0 7 13 16 0 8 0 6 14 0 0 
0 0 0 0 0 0 14 0 0 0 0 0 9 0 0 0 0 0 0 0 
0 0 0 0 3 13 10 0 5 0 0 0 0 11 0 0 11 0 0 0 
0 0 3 0 13 12 0 0 0 0 0 0 3 0 0 0 0 0 0 6 
7 0 0 2 0 0 0 0 2 8 13 6 15 0 0 0 0 0 0 0 
13 0 0 12 0 3 0 11 0 0 0 0 0 0 0 0 0 1 0 0 
5 3 0 10 2 0 0 2 0 5 8 0 0 0 0 0 0 0 0 0 
