20

0 1 1 1 0 1 0 0 1 1 0 0 1 0 0 1 1 1 1 1 
1 0 0 0 1 0 1 1 1 1 0 0 1 0 1 0 1 0 0 1 
1 0 0 1 1 0 1 0 1 0 0 0 0 1 1 0 0 0 1 0 
1 0 1 0 1 1 0 1 1 1 1 1 1 0 0 1 0 0 0 1 
0 1 1 1 0 0 0 1 0 0 1 0 1 0 0 1 1 1 0 1 
1 0 0 1 0 0 1 1 0 1 1 0 0 1 1 1 1 0 0 0 
0 1 1 0 0 1 0 0 0 1 1 1 1 1 1 1 1 1 1 0 
0 1 0 1 1 1 0 0 1 0 0 1 1 1 0 1 0 1 0 0 
1 1 1 1 0 0 0 1 0 1 0 0 1 0 0 1 0 0 1 0 
1 1 0 1 0 1 1 0 1 0 1 0 1 1 1 1 1 1 1 0 
0 0 0 1 1 1 1 0 0 1 0 1 1 1 0 1 0 0 0 1 
0 0 0 1 0 0 1 1 0 0 1 0 1 0 0 1 1 1 1 1 
1 1 0 1 1 0 1 1 1 1 1 1 0 1 1 0 1 0 1 0 
0 0 1 0 0 1 1 1 0 1 1 0 1 0 1 1 1 0 1 1 
0 1 1 0 0 1 1 0 0 1 0 0 1 1 0 1 0 0 1 0 
1 0 0 1 1 1 1 1 1 1 1 1 0 1 1 0 0 1 0 0 
1 1 0 0 1 1 1 0 0 1 0 1 1 1 0 0 0 1 0 0 
1 0 0 0 1 0 1 1 0 1 0 1 0 0 0 1 1 0 1 1 
1 0 1 0 0 0 1 0 1 1 0 1 1 1 1 0 0 1 0 0 
1 1 0 1 1 0 0 0 0 0 1 1 0 1 0 0 0 1 0 0 

0 6 0 6 0 0 0 0 0 0 0 0 0 0 0 0 0 0 0 4 
0 0 0 0 0 0 6 0 0 0 2 0 0 6 0 0 0 0 0 0 
0 0 0 0 0 0 0 0 0 0 0 0 0 0 6 0 6 0 0 0 
0 0 4 0 0 0 6 0 0 0 0 0 0 0 0 0 0 3 0 0 
0 0 0 0 0 0 0 6 0 5 0 4 0 0 0 0 0 0 0 3 
5 6 0 0 0 0 6 0 0 0 0 0 0 0 0 0 0 0 0 6 
0 6 0 5 6 0 0 0 0 0 0 0 0 3 0 0 0 0 6 0 
0 0 0 0 0 0 0 0 0 6 0 0 0 0 4 0 0 0 0 0 
0 0 0 0 0 0 0 0 0 6 0 0 1 6 6 0 6 0 0 0 
0 0 0 0 0 0 0 0 0 0 0 0 0 0 0 0 0 5 0 6 
0 0 0 0 0 0 3 0 0 4 0 0 0 6 0 0 6 0 6 0 
0 0 0 0 0 6 6 0 0 0 6 0 0 0 0 4 0 0 0 0 
6 0 6 0 0 0 6 4 0 0 0 0 0 0 0 6 0 0 0 0 
0 0 0 6 0 0 0 0 6 0 0 6 0 0 0 0 0 6 0 0 
0 6 0 0 6 0 0 0 0 0 0 6 6 0 0 0 0 0 0 0 
0 0 6 0 0 0 0 0 0 0 0 0 0 6 0 0 0 6 0 0 
0 0 0 0 0 0 0 0 0 0 0 0 0 0 0 6 0 0 0 0 
0 6 0 6 6 0 6 0 0 0 0 4 5 0 0 0 0 0 0 0 
6 0 0 6 0 0 0 0 0 0 0 0 0 0 0 0 6 0 0 0 
0 0 0 0 6 0 6 2 0 0 0 0 0 0 0 0 0 0 0 0 
