20

0 0 0 0 1 0 1 1 1 0 0 1 1 0 1 0 1 0 0 0 
0 0 0 0 1 0 1 1 1 1 0 1 1 0 0 0 0 0 1 0 
0 0 0 1 1 1 0 0 1 0 0 1 1 1 1 1 0 0 0 0 
0 0 1 0 1 0 0 1 1 0 0 1 0 1 0 0 0 0 0 0 
1 1 1 1 0 0 1 1 0 0 0 0 0 0 1 1 0 0 1 0 
0 0 1 0 0 0 0 1 0 0 0 1 1 0 1 0 1 1 0 1 
1 1 0 0 1 0 0 0 1 0 0 1 0 1 0 0 0 1 1 0 
1 1 0 1 1 1 0 0 0 1 1 0 1 0 0 0 1 0 1 0 
1 1 1 1 0 0 1 0 0 1 0 0 1 0 1 1 1 0 0 1 
0 1 0 0 0 0 0 1 1 0 1 0 0 0 0 0 0 0 0 0 
0 0 0 0 0 0 0 1 0 1 0 0 0 1 1 1 0 0 1 0 
1 1 1 1 0 1 1 0 0 0 0 0 0 1 1 0 1 0 1 1 
1 1 1 0 0 1 0 1 1 0 0 0 0 1 1 0 0 0 0 1 
0 0 1 1 0 0 1 0 0 0 1 1 1 0 0 0 0 1 1 1 
1 0 1 0 1 1 0 0 1 0 1 1 1 0 0 1 1 1 1 1 
0 0 1 0 1 0 0 0 1 0 1 0 0 0 1 0 0 1 1 0 
1 0 0 0 0 1 0 1 1 0 0 1 0 0 1 0 0 0 1 1 
0 0 0 0 0 1 1 0 0 0 0 0 0 1 1 1 0 0 0 1 
0 1 0 0 1 0 1 1 0 0 1 1 0 1 1 1 1 0 0 0 
0 0 0 0 0 1 0 0 1 0 0 1 1 1 1 0 1 1 0 0 

0 0 7 0 7 0 6 0 0 0 0 2 0 3 0 0 0 0 12 0 
0 0 0 12 10 0 0 2 2 11 0 0 0 0 0 0 0 0 1 0 
0 0 0 0 1 5 0 6 0 10 6 0 0 2 0 1 0 0 0 0 
5 0 0 0 0 0 0 0 0 4 2 8 5 10 0 0 7 0 0 0 
0 6 0 0 0 0 0 0 7 0 0 6 0 5 5 0 2 0 0 1 
4 0 0 0 0 0 0 0 0 6 0 0 0 5 8 0 0 0 0 0 
3 4 0 0 0 0 0 1 0 0 1 0 7 6 0 7 0 0 0 0 
0 1 0 8 0 0 0 0 2 2 0 10 7 0 6 2 0 4 11 6 
0 11 0 0 8 0 0 0 0 0 0 10 0 3 0 8 0 4 0 0 
6 0 0 4 0 0 0 5 10 0 0 0 12 0 0 6 0 6 3 0 
4 0 0 0 6 0 2 0 7 0 0 0 5 3 0 0 8 0 9 9 
1 5 0 0 0 0 0 0 0 0 8 0 0 0 0 0 0 7 1 0 
2 0 0 0 0 0 0 2 3 0 3 8 0 2 0 0 0 0 1 0 
0 0 3 0 1 1 2 8 0 0 0 0 6 0 1 2 0 0 0 0 
0 5 0 7 0 0 0 2 4 5 0 3 0 0 0 11 2 0 0 8 
0 0 5 0 11 9 0 0 0 4 5 8 0 0 0 0 0 0 0 0 
0 3 10 0 0 0 0 8 1 9 9 0 0 0 0 10 0 0 0 3 
3 0 2 0 0 0 0 6 0 8 1 11 0 0 9 0 0 0 0 0 
0 4 0 0 0 2 0 0 0 0 4 9 1 0 0 0 0 0 0 0 
0 0 8 9 0 0 8 1 6 0 3 4 0 4 7 0 0 2 0 0 
