20

0 1 0 0 0 0 0 0 1 0 1 0 1 0 0 0 0 0 0 0 
1 0 0 0 0 0 0 1 1 1 0 1 1 0 0 0 0 0 0 0 
0 0 0 0 0 0 0 0 0 0 1 1 0 0 0 1 0 0 0 0 
0 0 0 0 1 0 1 0 0 0 0 0 1 0 1 0 0 0 1 1 
0 0 0 1 0 0 0 0 1 1 0 0 0 0 1 0 1 0 0 0 
0 0 0 0 0 0 0 0 0 1 0 0 0 0 0 1 0 0 0 1 
0 0 0 1 0 0 0 0 0 1 1 0 1 1 0 0 0 1 0 1 
0 1 0 0 0 0 0 0 0 0 0 1 1 0 0 1 0 0 0 0 
1 1 0 0 1 0 0 0 0 0 0 0 0 0 1 0 1 0 1 0 
0 1 0 0 1 1 1 0 0 0 0 0 0 1 0 1 0 0 0 0 
1 0 1 0 0 0 1 0 0 0 0 0 0 1 1 0 0 0 0 1 
0 1 1 0 0 0 0 1 0 0 0 0 0 0 0 0 1 0 0 0 
1 1 0 1 0 0 1 1 0 0 0 0 0 0 0 1 0 0 1 0 
0 0 0 0 0 0 1 0 0 1 1 0 0 0 1 0 0 1 0 0 
0 0 0 1 1 0 0 0 1 0 1 0 0 1 0 0 0 0 1 1 
0 0 1 0 0 1 0 1 0 1 0 0 1 0 0 0 1 0 0 1 
0 0 0 0 1 0 0 0 1 0 0 1 0 0 0 1 0 1 0 0 
0 0 0 0 0 0 1 0 0 0 0 0 0 1 0 0 1 0 0 0 
0 0 0 1 0 0 0 0 1 0 0 0 1 0 1 0 0 0 0 0 
0 0 0 1 0 1 1 0 0 0 1 0 0 0 1 1 0 0 0 0 

0 2 0 6 0 14 12 2 0 13 2 1 0 0 7 0 14 9 6 0 
0 0 12 7 11 0 0 14 0 0 0 6 0 0 0 0 0 14 0 0 
10 0 0 2 3 9 13 0 0 0 3 0 4 0 0 13 10 7 0 0 
0 0 0 0 0 0 0 0 10 0 0 6 0 2 1 8 0 0 8 0 
5 0 4 0 0 0 0 0 0 0 9 14 0 0 8 6 0 8 0 11 
3 9 0 7 0 0 12 0 0 0 15 0 11 0 0 0 0 0 0 0 
13 12 0 0 0 0 0 0 0 4 0 0 9 8 0 0 2 0 14 0 
0 2 0 0 0 0 12 0 13 6 4 0 10 0 0 0 0 0 7 0 
12 0 0 0 10 0 0 9 0 0 0 15 4 0 0 0 0 0 0 0 
0 0 10 13 0 6 10 0 0 0 1 4 0 0 0 5 0 0 0 0 
0 1 0 0 2 6 9 0 0 0 0 0 2 4 8 8 0 6 5 0 
1 1 0 0 0 0 0 10 10 0 0 0 6 0 0 13 0 0 0 0 
10 10 12 3 0 9 12 11 0 0 0 8 0 0 0 0 0 12 2 0 
15 1 0 1 1 0 0 9 0 0 0 8 0 0 9 0 8 0 3 0 
0 0 0 11 0 0 0 0 0 0 0 3 0 0 0 0 1 0 0 0 
13 13 0 0 5 6 1 11 0 0 0 10 7 12 0 0 0 2 5 0 
2 0 0 0 1 0 0 2 4 0 5 1 10 10 0 0 0 7 0 8 
15 0 0 4 0 0 0 0 1 11 0 0 0 0 0 0 0 0 0 0 
11 0 0 0 0 0 8 0 0 5 0 0 1 0 2 12 11 0 0 0 
12 0 3 8 0 0 7 0 0 0 15 0 14 1 10 0 0 0 5 0 
