20

0 1 0 1 1 1 1 0 0 1 1 1 0 0 1 1 0 1 0 1 
1 0 1 1 1 1 0 1 0 1 1 1 0 1 0 1 1 0 1 0 
0 1 0 1 0 0 1 0 1 1 1 1 1 0 0 1 0 0 1 1 
1 1 1 0 0 1 1 1 0 0 1 1 0 1 1 1 1 1 0 1 
1 1 0 0 0 1 0 0 0 0 0 1 0 0 0 1 0 1 1 1 
1 1 0 1 1 0 0 0 0 1 1 1 1 1 1 0 1 0 0 1 
1 0 1 1 0 0 0 1 1 1 0 1 1 1 0 1 0 1 1 0 
0 1 0 1 0 0 1 0 0 1 1 0 0 1 0 0 1 1 1 1 
0 0 1 0 0 0 1 0 0 1 0 1 1 0 0 1 0 1 0 0 
1 1 1 0 0 1 1 1 1 0 1 1 0 0 1 1 1 1 0 1 
1 1 1 1 0 1 0 1 0 1 0 1 1 1 0 1 1 1 1 0 
1 1 1 1 1 1 1 0 1 1 1 0 0 1 1 0 1 1 1 1 
0 0 1 0 0 1 1 0 1 0 1 0 0 1 1 1 1 0 0 1 
0 1 0 1 0 1 1 1 0 0 1 1 1 0 1 1 1 1 0 1 
1 0 0 1 0 1 0 0 0 1 0 1 1 1 0 0 0 1 1 0 
1 1 1 1 1 0 1 0 1 1 1 0 1 1 0 0 1 1 1 1 
0 1 0 1 0 1 0 1 0 1 1 1 1 1 0 1 0 1 1 1 
1 0 0 1 1 0 1 1 1 1 1 1 0 1 1 1 1 0 1 1 
0 1 1 0 1 0 1 1 0 0 1 1 0 0 1 1 1 1 0 1 
1 0 1 1 1 1 0 1 0 1 0 1 1 1 0 1 1 1 1 0 

0 0 0 0 0 0 9 0 2 0 0 14 0 0 14 0 19 0 0 0 
0 0 0 0 0 0 0 0 0 0 3 0 0 0 14 3 2 13 0 0 
9 0 0 0 0 0 0 4 5 14 0 0 0 0 0 0 0 16 0 0 
13 0 0 0 18 0 0 0 0 0 0 0 17 0 16 4 0 0 1 4 
0 0 0 0 0 0 0 0 0 0 0 0 0 0 0 0 0 0 0 0 
0 14 4 5 0 0 0 10 0 0 0 14 0 0 21 0 0 0 0 0 
0 0 0 0 0 0 0 0 0 0 0 0 1 0 0 0 0 0 1 13 
0 0 0 0 0 0 0 0 0 0 0 0 3 0 0 16 0 0 0 0 
0 0 0 0 0 1 0 16 0 19 0 0 16 5 0 19 0 0 0 0 
0 0 0 0 0 0 0 0 0 0 0 0 0 13 0 0 0 0 0 0 
0 17 0 0 0 0 0 0 8 0 0 0 0 0 0 0 0 0 0 0 
0 0 0 0 0 15 0 0 13 0 0 0 0 0 0 0 0 0 0 0 
0 17 0 0 0 0 1 0 0 0 7 0 0 0 0 0 0 0 10 7 
0 0 13 0 0 0 0 0 0 0 0 0 0 0 0 4 0 0 0 0 
0 0 0 0 3 0 0 17 15 0 0 0 0 0 0 0 0 0 0 0 
0 0 18 0 0 0 14 0 4 0 0 0 0 0 0 0 18 5 14 0 
12 0 0 0 0 0 21 3 0 4 0 1 0 4 0 0 0 0 0 0 
0 0 0 0 1 0 0 0 0 0 0 0 0 0 0 0 0 0 0 0 
15 2 0 0 15 0 0 0 0 0 0 0 0 0 0 16 0 0 0 0 
0 0 0 0 0 10 0 0 0 0 0 10 0 0 0 0 0 21 0 0 
