20

0 1 1 1 1 1 0 1 1 1 1 1 1 1 1 1 1 1 0 1 
1 0 1 1 0 1 1 1 1 1 1 1 1 0 1 1 1 1 1 1 
1 1 0 1 1 1 0 1 1 1 0 1 1 1 1 1 1 1 1 1 
1 1 1 0 1 1 1 1 1 1 1 1 1 1 1 1 1 1 1 1 
1 0 1 1 0 1 1 1 1 1 1 1 1 1 0 1 1 1 1 1 
1 1 1 1 1 0 1 1 1 1 1 1 1 1 1 1 1 1 1 1 
0 1 0 1 1 1 0 1 1 1 1 1 1 1 1 1 1 1 1 1 
1 1 1 1 1 1 1 0 0 1 0 1 1 1 1 1 1 1 1 1 
1 1 1 1 1 1 1 0 0 1 1 1 1 1 1 1 1 1 1 1 
1 1 1 1 1 1 1 1 1 0 1 1 1 1 1 1 1 1 1 1 
1 1 0 1 1 1 1 0 1 1 0 1 1 1 1 0 1 1 0 1 
1 1 1 1 1 1 1 1 1 1 1 0 1 1 1 0 1 0 1 1 
1 1 1 1 1 1 1 1 1 1 1 1 0 1 1 1 1 0 1 1 
1 0 1 1 1 1 1 1 1 1 1 1 1 0 1 1 1 1 0 1 
1 1 1 1 0 1 1 1 1 1 1 1 1 1 0 1 1 1 1 1 
1 1 1 1 1 1 1 1 1 1 0 0 1 1 1 0 1 1 1 1 
1 1 1 1 1 1 1 1 1 1 1 1 1 1 1 1 0 1 1 1 
1 1 1 1 1 1 1 1 1 1 1 0 0 1 1 1 1 0 1 1 
0 1 1 1 1 1 1 1 1 1 0 1 1 0 1 1 1 1 0 0 
1 1 1 1 1 1 1 1 1 1 1 1 1 1 1 1 1 1 0 0 

0 13 11 0 0 0 0 0 0 0 0 6 0 0 0 13 20 10 20 0 
0 0 17 0 14 0 0 0 0 0 0 0 0 3 0 0 0 0 0 16 
19 0 0 0 0 0 0 0 0 11 0 0 0 0 0 0 0 0 0 0 
0 9 0 0 0 0 0 13 0 0 0 0 0 0 0 0 0 0 0 0 
0 0 0 0 0 0 0 0 0 0 0 0 6 0 0 16 0 0 0 8 
0 0 20 0 0 0 0 0 0 0 0 0 0 0 0 0 0 0 0 19 
7 0 0 0 0 0 0 0 0 0 0 10 0 0 0 0 13 2 0 13 
0 13 0 0 0 0 3 0 0 0 4 0 0 1 0 0 0 0 0 0 
0 0 0 0 0 8 0 0 0 0 0 0 0 0 0 0 5 0 0 12 
0 0 0 0 1 5 0 0 0 0 0 0 0 0 17 0 0 0 3 0 
0 0 0 0 0 0 0 0 15 0 0 0 0 16 0 6 0 0 4 18 
0 0 14 0 14 0 0 0 0 0 0 0 14 0 13 0 0 0 0 0 
0 0 0 0 0 0 15 0 0 0 0 0 0 0 0 0 0 0 0 20 
2 16 0 0 0 0 0 1 0 21 0 0 0 0 0 3 0 18 0 0 
0 0 0 0 0 0 0 0 0 0 0 0 0 0 0 0 3 0 6 10 
14 0 0 0 0 0 0 0 0 0 12 0 0 0 20 0 7 14 0 0 
0 6 18 0 0 0 0 0 0 18 0 16 0 0 0 0 0 0 0 0 
0 0 0 11 0 0 0 0 0 0 0 0 0 0 0 0 0 0 0 0 
6 0 0 0 0 0 0 0 0 0 0 0 0 0 0 0 0 0 0 0 
0 0 0 0 0 0 0 0 0 0 0 0 0 0 0 0 0 0 8 0 
