20

0 0 1 0 1 0 0 1 1 0 1 1 1 1 1 0 1 0 0 0 
0 0 0 0 1 0 1 1 1 1 0 0 0 1 1 0 1 1 0 0 
1 0 0 0 0 1 1 1 1 1 0 1 1 0 1 0 0 0 1 0 
0 0 0 0 1 1 0 1 1 1 0 1 1 0 0 0 0 0 1 1 
1 1 0 1 0 0 1 1 0 0 1 1 0 1 0 0 0 1 1 0 
0 0 1 1 0 0 1 0 1 1 1 1 0 1 1 0 0 0 1 0 
0 1 1 0 1 1 0 0 0 0 0 0 1 1 1 1 1 1 1 1 
1 1 1 1 1 0 0 0 0 1 0 0 1 1 0 0 0 1 1 0 
1 1 1 1 0 1 0 0 0 1 1 0 1 0 1 1 0 0 0 1 
0 1 1 1 0 1 0 1 1 0 1 1 0 0 1 0 0 0 1 0 
1 0 0 0 1 1 0 0 1 1 0 1 0 1 1 1 1 1 0 1 
1 0 1 1 1 1 0 0 0 1 1 0 0 1 1 1 1 1 1 0 
1 0 1 1 0 0 1 1 1 0 0 0 0 1 1 1 0 1 0 1 
1 1 0 0 1 1 1 1 0 0 1 1 1 0 0 1 0 1 1 1 
1 1 1 0 0 1 1 0 1 1 1 1 1 0 0 0 1 1 1 0 
0 0 0 0 0 0 1 0 1 0 1 1 1 1 0 0 1 0 1 0 
1 1 0 0 0 0 1 0 0 0 1 1 0 0 1 1 0 0 1 1 
0 1 0 0 1 0 1 1 0 0 1 1 1 1 1 0 0 0 1 0 
0 0 1 1 1 1 1 1 0 1 0 1 0 1 1 1 1 1 0 1 
0 0 0 1 0 0 1 0 1 0 1 0 1 1 0 0 1 0 1 0 

0 0 0 0 0 5 4 0 0 0 0 3 0 0 0 5 0 0 0 6 
6 0 4 0 0 0 0 0 0 0 0 4 6 6 0 0 0 0 6 0 
0 0 0 0 0 0 0 0 0 0 0 0 0 0 0 6 0 0 0 0 
0 0 0 0 0 0 0 0 6 0 3 6 6 6 0 0 0 0 0 6 
0 6 3 0 0 0 0 0 0 0 0 6 0 0 0 6 0 0 0 0 
6 0 0 0 0 0 0 0 0 0 0 0 0 0 0 0 0 0 0 0 
0 0 6 0 0 0 0 4 0 6 0 0 0 0 5 0 0 0 0 6 
0 0 6 0 6 0 6 0 0 0 0 0 0 0 0 0 0 6 0 0 
0 0 0 0 0 0 0 0 0 0 0 0 0 0 5 0 6 0 0 0 
0 4 0 0 0 0 0 0 0 0 0 0 6 6 0 0 0 0 0 0 
0 0 0 0 0 0 0 0 4 0 0 0 0 6 0 0 0 0 0 0 
0 0 0 6 0 0 0 0 0 0 0 0 0 0 6 6 0 0 0 0 
0 0 0 0 6 6 0 0 0 0 0 4 0 0 0 0 0 0 0 6 
3 0 6 0 0 0 0 0 0 0 0 0 0 0 0 0 0 0 6 0 
0 0 0 0 4 0 0 0 0 0 0 0 0 0 0 0 0 0 0 0 
0 0 0 0 6 0 0 6 0 0 0 6 6 0 6 0 0 0 0 0 
6 6 0 0 5 0 0 6 0 0 0 0 0 0 0 0 0 0 0 0 
0 3 0 4 0 0 6 0 6 0 0 4 0 2 6 0 0 0 0 0 
0 0 0 0 0 0 0 0 0 0 0 0 0 0 0 0 0 0 0 0 
0 0 0 6 0 0 0 6 6 0 0 0 6 0 0 0 0 0 4 0 
