20

0 1 0 0 0 1 1 0 1 1 0 0 1 1 0 0 1 0 1 0 
1 0 0 0 1 0 0 0 0 0 0 1 0 0 0 0 1 1 0 0 
0 0 0 0 1 1 0 0 1 1 0 1 0 0 1 0 0 1 1 1 
0 0 0 0 1 1 0 0 0 1 1 1 1 1 0 1 0 1 1 1 
0 1 1 1 0 0 0 0 0 0 0 0 0 1 0 0 0 0 1 1 
1 0 1 1 0 0 1 1 0 1 1 0 0 1 1 0 1 1 1 1 
1 0 0 0 0 1 0 1 0 1 0 0 0 1 0 1 0 0 0 1 
0 0 0 0 0 1 1 0 0 1 0 1 1 0 1 0 0 0 1 1 
1 0 1 0 0 0 0 0 0 1 1 0 0 1 1 0 1 0 1 1 
1 0 1 1 0 1 1 1 1 0 0 0 1 0 1 1 0 1 0 0 
0 0 0 1 0 1 0 0 1 0 0 0 1 1 1 1 1 1 1 1 
0 1 1 1 0 0 0 1 0 0 0 0 0 0 0 1 1 1 1 1 
1 0 0 1 0 0 0 1 0 1 1 0 0 0 0 1 0 1 0 1 
1 0 0 1 1 1 1 0 1 0 1 0 0 0 1 0 0 0 1 0 
0 0 1 0 0 1 0 1 1 1 1 0 0 1 0 1 1 1 1 1 
0 0 0 1 0 0 1 0 0 1 1 1 1 0 1 0 1 1 1 1 
1 1 0 0 0 1 0 0 1 0 1 1 0 0 1 1 0 1 1 0 
0 1 1 1 0 1 0 0 0 1 1 1 1 0 1 1 1 0 0 0 
1 0 1 1 1 1 0 1 1 0 1 1 0 1 1 1 1 0 0 1 
0 0 1 1 1 1 1 1 1 0 1 1 1 0 1 1 0 0 1 0 

0 0 10 0 0 7 4 10 1 6 0 8 0 0 2 0 8 0 4 1 
0 0 6 0 2 10 3 0 0 11 0 3 0 7 0 0 0 0 9 3 
0 5 0 6 11 0 6 0 0 6 8 0 1 7 0 0 1 0 2 4 
0 2 0 0 0 8 0 0 8 9 8 0 1 0 0 11 0 4 0 5 
0 0 0 0 0 1 6 0 9 9 0 1 0 3 9 0 1 4 0 0 
1 2 0 0 0 0 0 0 2 0 9 0 0 1 1 7 2 1 1 0 
0 0 3 4 11 0 0 0 7 2 0 9 0 0 2 2 8 4 0 3 
5 8 5 3 0 0 2 0 0 0 8 0 5 0 7 5 3 6 4 0 
5 8 5 5 0 0 0 6 0 3 1 0 6 0 0 1 2 6 8 1 
1 6 0 2 0 5 9 3 2 0 0 4 5 0 9 4 6 0 0 1 
9 10 3 8 9 0 0 0 0 0 0 10 0 0 3 0 4 0 0 0 
10 6 0 0 8 8 0 2 7 2 0 0 8 5 0 8 5 0 0 8 
0 0 0 0 9 0 4 1 2 8 0 8 0 3 11 5 0 0 5 7 
10 2 4 1 0 0 0 5 0 5 0 5 8 0 4 0 3 0 3 0 
6 5 0 6 0 0 6 7 1 0 0 0 3 0 0 1 10 0 0 6 
0 0 9 0 2 6 6 1 5 4 7 0 0 10 0 0 5 7 8 7 
5 8 7 10 4 0 2 0 11 0 0 9 4 0 3 0 0 2 0 4 
0 0 2 3 1 0 3 3 2 0 2 0 7 0 4 7 1 0 3 0 
0 4 3 3 2 0 10 5 5 0 0 0 4 7 0 5 10 0 0 3 
11 9 2 2 4 0 1 0 3 2 3 0 0 10 0 6 11 3 3 0 
