20

0 1 1 1 1 0 0 1 1 1 1 0 1 1 1 0 0 0 1 0 
1 0 0 1 1 1 0 1 1 1 0 1 1 1 1 1 0 1 1 0 
1 0 0 1 1 0 1 1 0 0 0 1 1 1 0 1 1 1 1 0 
1 1 1 0 1 0 0 1 0 1 1 0 1 1 1 1 0 1 0 1 
1 1 1 1 0 0 0 1 0 0 0 0 1 1 1 0 0 1 1 0 
0 1 0 0 0 0 1 1 1 1 1 0 1 0 1 0 1 1 1 1 
0 0 1 0 0 1 0 1 0 1 1 1 0 0 1 1 1 1 1 1 
1 1 1 1 1 1 1 0 0 1 0 0 1 0 0 1 1 1 1 0 
1 1 0 0 0 1 0 0 0 1 1 1 1 0 1 0 1 1 1 1 
1 1 0 1 0 1 1 1 1 0 0 1 0 1 1 1 1 0 0 0 
1 0 0 1 0 1 1 0 1 0 0 1 1 1 1 1 0 1 0 1 
0 1 1 0 0 0 1 0 1 1 1 0 1 0 0 1 1 0 0 1 
1 1 1 1 1 1 0 1 1 0 1 1 0 0 0 1 0 1 1 0 
1 1 1 1 1 0 0 0 0 1 1 0 0 0 1 1 0 0 1 1 
1 1 0 1 1 1 1 0 1 1 1 0 0 1 0 1 1 0 1 0 
0 1 1 1 0 0 1 1 0 1 1 1 1 1 1 0 0 1 1 1 
0 0 1 0 0 1 1 1 1 1 0 1 0 0 1 0 0 0 1 1 
0 1 1 1 1 1 1 1 1 0 1 0 1 0 0 1 0 0 1 1 
1 1 1 0 1 1 1 1 1 0 0 0 1 1 1 1 1 1 0 1 
0 0 0 1 0 1 1 0 1 0 1 1 0 1 0 1 1 1 1 0 

0 10 12 9 4 0 0 0 0 10 13 0 10 0 5 0 3 6 0 0 
2 0 3 4 0 0 0 3 0 11 0 0 0 0 0 0 0 10 0 4 
0 0 0 0 0 1 0 0 0 0 11 2 0 0 0 0 0 0 0 0 
8 0 0 0 0 0 0 0 0 4 0 14 0 0 15 0 0 6 0 7 
1 5 7 9 0 3 11 5 4 0 0 0 10 8 1 0 7 11 1 0 
0 0 4 1 0 0 0 0 0 0 0 1 0 12 0 0 0 0 0 10 
9 0 11 0 12 1 0 0 0 9 0 15 8 0 1 7 0 11 0 0 
11 3 0 8 9 2 0 0 7 0 0 0 5 0 2 7 13 5 0 6 
0 0 0 0 4 13 0 0 0 11 8 0 2 6 0 11 0 0 0 0 
0 0 0 0 2 0 10 0 4 0 0 0 0 0 12 0 0 0 0 10 
4 10 2 14 9 0 0 0 0 0 0 0 8 0 10 0 0 0 0 0 
9 0 3 0 2 0 0 0 0 0 5 0 0 14 0 0 0 0 0 0 
8 15 11 8 1 0 0 13 0 6 9 11 0 0 10 0 0 0 6 0 
12 11 0 14 0 11 0 0 0 0 0 0 0 0 0 0 13 11 0 0 
14 0 15 8 13 0 0 8 0 9 3 1 0 0 0 0 0 0 0 0 
7 0 0 0 11 1 9 0 0 1 6 0 0 10 0 0 10 0 0 5 
0 0 9 13 0 0 0 0 0 4 11 0 9 0 0 0 0 6 0 0 
0 3 0 15 0 2 0 0 0 0 0 0 0 0 3 3 0 0 5 0 
7 10 0 8 0 0 13 0 0 1 0 0 0 0 0 0 11 3 0 8 
0 0 0 0 4 4 0 0 0 1 2 4 0 14 0 14 0 8 1 0 
