20

0 1 1 1 1 1 1 1 1 1 0 1 1 1 1 1 1 0 1 1 
1 0 1 1 1 1 1 1 1 1 1 1 1 1 0 1 0 0 1 1 
1 1 0 0 1 1 1 1 1 1 0 1 1 0 1 0 1 1 1 1 
1 1 0 0 1 0 1 1 0 0 1 1 1 1 1 1 0 1 1 1 
1 1 1 1 0 1 1 1 1 1 1 1 1 1 0 1 0 1 1 0 
1 1 1 0 1 0 0 0 1 1 0 1 1 1 1 1 1 1 0 1 
1 1 1 1 1 0 0 1 1 0 1 1 1 1 1 0 0 1 1 1 
1 1 1 1 1 0 1 0 0 1 0 1 1 1 0 1 1 1 1 1 
1 1 1 0 1 1 1 0 0 0 1 1 1 1 1 1 1 1 1 1 
1 1 1 0 1 1 0 1 0 0 0 1 0 1 1 1 1 0 1 0 
0 1 0 1 1 0 1 0 1 0 0 1 0 1 1 0 1 1 0 1 
1 1 1 1 1 1 1 1 1 1 1 0 1 1 1 1 1 1 0 0 
1 1 1 1 1 1 1 1 1 0 0 1 0 1 0 1 0 1 1 1 
1 1 0 1 1 1 1 1 1 1 1 1 1 0 1 0 1 1 0 1 
1 0 1 1 0 1 1 0 1 1 1 1 0 1 0 0 1 1 1 1 
1 1 0 1 1 1 0 1 1 1 0 1 1 0 0 0 1 1 0 0 
1 0 1 0 0 1 0 1 1 1 1 1 0 1 1 1 0 0 1 1 
0 0 1 1 1 1 1 1 1 0 1 1 1 1 1 1 0 0 1 1 
1 1 1 1 1 0 1 1 1 1 0 0 1 0 1 0 1 1 0 1 
1 1 1 1 0 1 1 1 1 0 1 0 1 1 1 0 1 1 1 0 

0 0 0 0 0 0 0 0 0 0 0 0 0 26 0 0 0 0 0 0 
0 0 0 0 0 0 18 0 14 0 0 0 1 35 0 1 0 0 0 0 
0 0 0 0 0 0 0 9 14 0 0 0 0 18 0 0 0 23 0 0 
0 0 2 0 0 0 0 0 1 0 0 15 0 0 0 0 0 0 0 12 
0 0 0 0 0 0 0 0 0 0 0 0 0 0 0 0 0 0 10 0 
0 0 0 0 0 0 0 0 0 0 18 0 0 19 0 0 0 0 0 0 
0 0 0 8 0 9 0 0 0 0 36 0 0 0 0 0 0 0 0 0 
19 0 3 0 0 0 0 0 24 0 0 0 0 0 15 33 23 0 0 0 
1 0 0 0 0 0 0 25 0 0 0 0 0 0 0 33 0 0 0 0 
0 30 0 17 18 0 0 13 0 0 19 0 0 0 0 0 0 25 11 0 
0 0 0 0 0 0 0 0 0 0 0 28 0 0 0 17 0 18 0 0 
0 0 0 0 0 8 0 0 0 0 0 0 0 0 0 18 0 0 20 0 
0 0 6 0 3 0 0 0 0 1 0 0 0 0 0 23 10 0 0 0 
0 0 0 0 0 0 0 0 0 0 0 0 0 0 0 0 0 0 0 0 
27 18 0 0 5 0 0 0 37 0 7 0 0 12 0 0 0 0 0 0 
0 0 0 0 0 0 0 0 0 0 0 14 0 0 0 0 0 0 0 0 
4 0 0 0 0 0 0 0 0 0 17 35 0 0 0 29 0 0 1 0 
0 13 0 0 0 0 0 0 0 0 0 0 18 0 0 0 0 0 0 0 
0 19 0 17 0 0 0 0 1 37 0 0 0 16 0 7 0 0 0 0 
0 14 0 0 0 0 0 4 0 0 8 0 0 0 30 0 0 0 0 0 
