20

0 0 1 1 0 1 1 1 1 1 0 1 0 1 1 0 1 1 1 0 
0 0 0 1 1 0 1 0 1 1 0 1 0 1 1 1 1 1 0 1 
1 0 0 1 0 0 0 0 0 0 1 1 1 0 0 1 0 1 0 0 
1 1 1 0 1 1 1 1 1 1 1 1 0 0 1 1 0 0 1 1 
0 1 0 1 0 1 1 1 0 1 1 1 0 1 0 1 1 0 0 1 
1 0 0 1 1 0 0 0 1 1 0 1 1 1 0 1 1 1 0 1 
1 1 0 1 1 0 0 1 1 0 0 0 0 1 1 1 1 0 0 1 
1 0 0 1 1 0 1 0 1 1 1 1 1 1 1 1 0 0 1 0 
1 1 0 1 0 1 1 1 0 0 1 1 1 1 1 1 1 0 0 1 
1 1 0 1 1 1 0 1 0 0 1 1 1 1 1 1 1 0 1 0 
0 0 1 1 1 0 0 1 1 1 0 0 1 0 0 1 0 0 0 0 
1 1 1 1 1 1 0 1 1 1 0 0 0 1 1 1 1 1 1 0 
0 0 1 0 0 1 0 1 1 1 1 0 0 1 1 0 0 1 0 0 
1 1 0 0 1 1 1 1 1 1 0 1 1 0 1 1 0 0 1 0 
1 1 0 1 0 0 1 1 1 1 0 1 1 1 0 0 1 0 0 0 
0 1 1 1 1 1 1 1 1 1 1 1 0 1 0 0 1 1 1 0 
1 1 0 0 1 1 1 0 1 1 0 1 0 0 1 1 0 0 1 1 
1 1 1 0 0 1 0 0 0 0 0 1 1 0 0 1 0 0 1 0 
1 0 0 1 0 0 0 1 0 1 0 1 0 1 0 1 1 1 0 1 
0 1 0 1 1 1 1 0 1 0 0 0 0 0 0 0 1 0 1 0 

0 0 0 0 0 0 0 0 0 0 24 0 0 0 0 0 0 22 9 0 
0 0 0 3 0 0 0 0 0 0 11 0 6 0 13 0 0 0 0 0 
3 0 0 0 0 0 0 25 1 0 0 0 0 0 11 0 0 0 0 20 
11 0 0 0 0 0 0 0 0 17 0 18 0 0 0 0 0 0 0 0 
0 0 0 0 0 0 0 0 0 0 20 0 0 19 0 19 0 13 0 0 
0 0 0 0 0 0 0 7 2 1 0 5 0 18 7 19 0 0 0 0 
0 0 0 0 0 0 0 19 0 0 0 0 25 0 11 0 0 0 8 0 
13 0 0 0 0 0 0 0 21 18 18 0 3 0 0 0 0 0 0 0 
10 15 0 0 0 0 0 3 0 0 0 0 12 0 0 0 11 0 7 0 
0 0 0 0 0 16 0 0 0 0 14 0 0 7 0 0 0 15 0 0 
0 24 0 0 0 0 24 0 0 0 0 0 0 0 0 0 0 0 0 3 
0 0 0 0 0 21 9 0 19 0 19 0 4 0 0 0 0 19 0 0 
0 0 0 0 25 0 0 22 0 0 0 1 0 3 0 20 7 0 0 0 
0 24 0 0 0 0 0 0 0 0 0 19 0 0 0 0 0 0 0 24 
0 0 0 0 2 0 12 8 0 0 0 12 2 18 0 0 25 0 0 0 
0 0 0 12 0 0 1 0 0 0 0 0 13 6 0 0 0 0 13 0 
0 0 0 0 0 0 0 0 0 0 0 0 0 0 0 0 0 0 0 0 
0 0 0 0 22 0 0 4 0 4 0 0 10 0 22 17 0 0 0 0 
0 0 0 0 0 0 0 0 0 0 0 1 0 0 20 0 0 0 0 0 
0 0 0 0 0 0 0 0 0 0 16 0 5 23 0 0 0 15 0 0 
