20

0 1 0 0 1 1 1 1 1 1 1 1 1 1 1 1 0 1 1 1 
1 0 1 1 1 1 1 0 1 0 1 1 1 0 1 1 1 1 0 1 
0 1 0 1 0 1 1 1 0 1 1 1 0 0 1 1 1 1 1 1 
0 1 1 0 0 1 1 1 1 1 1 1 1 1 0 0 1 1 1 0 
1 1 0 0 0 1 1 1 1 1 1 1 1 1 1 1 1 1 1 1 
1 1 1 1 1 0 1 0 1 1 1 1 0 1 0 1 0 1 1 1 
1 1 1 1 1 1 0 0 1 0 1 1 0 1 1 0 1 1 1 1 
1 0 1 1 1 0 0 0 1 1 1 1 0 1 1 0 1 0 1 1 
1 1 0 1 1 1 1 1 0 1 1 1 1 1 1 1 1 1 1 1 
1 0 1 1 1 1 0 1 1 0 1 1 1 1 1 1 1 1 1 1 
1 1 1 1 1 1 1 1 1 1 0 0 0 1 1 1 0 0 1 1 
1 1 1 1 1 1 1 1 1 1 0 0 0 1 0 1 1 1 1 1 
1 1 0 1 1 0 0 0 1 1 0 0 0 1 1 1 1 1 1 0 
1 0 0 1 1 1 1 1 1 1 1 1 1 0 1 0 1 0 0 1 
1 1 1 0 1 0 1 1 1 1 1 0 1 1 0 1 1 0 1 0 
1 1 1 0 1 1 0 0 1 1 1 1 1 0 1 0 1 1 0 1 
0 1 1 1 1 0 1 1 1 1 0 1 1 1 1 1 0 1 1 1 
1 1 1 1 1 1 1 0 1 1 0 1 1 0 0 1 1 0 1 1 
1 0 1 1 1 1 1 1 1 1 1 1 1 0 1 0 1 1 0 1 
1 1 1 0 1 1 1 1 1 1 1 1 0 1 0 1 1 1 1 0 

0 0 0 2 0 0 0 5 7 2 3 5 4 10 0 10 0 8 7 0 
0 0 11 2 12 5 0 0 4 0 3 0 0 0 12 0 0 4 13 11 
3 3 0 7 12 12 0 0 0 0 0 9 4 0 9 6 0 0 0 0 
0 0 0 0 11 0 0 0 13 0 1 2 0 0 0 0 8 0 0 0 
0 2 0 0 0 3 9 9 0 0 0 14 0 0 6 6 4 0 3 8 
0 0 7 9 0 0 2 0 12 3 0 0 4 12 8 0 0 0 0 0 
0 0 12 8 0 9 0 12 1 0 0 9 6 2 8 0 0 0 1 13 
10 14 3 11 0 7 14 0 0 0 0 14 0 0 0 0 6 0 0 9 
2 0 0 13 0 0 0 0 0 0 10 0 0 5 11 0 1 4 10 0 
0 11 0 0 0 0 0 0 0 0 2 14 5 14 4 8 7 0 0 0 
8 1 0 0 7 2 0 0 12 0 0 3 9 15 0 0 0 12 0 13 
0 0 0 0 11 10 10 0 1 0 2 0 0 0 0 0 0 1 3 0 
2 0 6 0 0 2 10 0 0 0 0 0 0 0 4 10 0 0 0 8 
4 2 0 0 0 13 1 0 0 0 8 0 0 0 14 0 0 0 0 10 
2 0 1 0 0 13 8 0 12 11 0 0 2 0 0 8 0 0 0 0 
0 0 0 0 0 8 0 1 2 0 12 0 0 0 0 0 0 0 7 0 
2 6 6 0 0 0 0 0 1 6 13 0 0 0 8 0 0 1 2 0 
0 0 0 0 0 0 0 12 12 0 0 0 0 5 0 10 0 0 15 0 
9 0 4 8 0 2 0 8 0 4 1 0 0 0 0 0 0 8 0 0 
0 11 0 0 0 0 0 4 0 7 1 5 0 0 0 0 0 7 10 0 
