20

0 1 0 0 1 1 1 0 0 0 1 1 0 0 1 1 0 0 1 1 
1 0 1 0 1 0 1 1 0 0 1 0 0 1 1 0 1 1 0 1 
0 1 0 0 1 0 0 0 1 1 0 1 1 1 0 0 1 0 1 1 
0 0 0 0 0 0 1 1 1 0 0 1 1 0 1 1 0 1 1 0 
1 1 1 0 0 1 0 1 1 1 0 1 0 1 0 1 1 1 1 0 
1 0 0 0 1 0 1 1 1 0 1 0 1 0 1 1 1 1 0 0 
1 1 0 1 0 1 0 0 0 1 0 0 1 0 1 1 1 1 1 0 
0 1 0 1 1 1 0 0 1 1 0 1 1 1 1 0 1 1 1 0 
0 0 1 1 1 1 0 1 0 1 1 0 0 1 0 0 0 0 0 0 
0 0 1 0 1 0 1 1 1 0 0 1 0 1 0 0 1 1 0 1 
1 1 0 0 0 1 0 0 1 0 0 1 0 1 1 0 0 1 1 0 
1 0 1 1 1 0 0 1 0 1 1 0 0 0 1 1 1 1 0 1 
0 0 1 1 0 1 1 1 0 0 0 0 0 0 1 0 1 0 1 1 
0 1 1 0 1 0 0 1 1 1 1 0 0 0 0 0 0 1 0 1 
1 1 0 1 0 1 1 1 0 0 1 1 1 0 0 1 1 0 0 0 
1 0 0 1 1 1 1 0 0 0 0 1 0 0 1 0 0 0 0 0 
0 1 1 0 1 1 1 1 0 1 0 1 1 0 1 0 0 0 1 1 
0 1 0 1 1 1 1 1 0 1 1 1 0 1 0 0 0 0 0 1 
1 0 1 1 1 0 1 1 0 0 1 0 1 0 0 0 1 0 0 1 
1 1 1 0 0 0 0 0 0 1 0 1 1 1 0 0 1 1 1 0 

0 10 0 2 0 0 11 3 7 0 9 13 13 7 0 1 0 5 12 2 
0 0 7 0 2 0 0 0 0 3 0 0 0 0 4 8 0 0 0 2 
10 2 0 0 0 0 2 7 3 4 0 0 8 0 0 0 0 0 13 3 
0 0 0 0 0 8 8 0 0 0 12 11 0 0 0 5 0 0 0 6 
0 0 3 0 0 13 9 12 6 0 12 0 0 0 0 0 9 0 0 0 
0 10 0 0 3 0 13 0 13 12 13 0 0 0 1 13 0 12 0 0 
0 0 3 10 15 0 0 12 7 0 0 0 0 0 0 0 0 0 0 13 
0 0 0 0 5 0 0 0 13 0 1 0 0 6 0 0 0 0 5 0 
0 0 0 0 0 0 0 0 0 0 0 11 6 5 0 2 8 0 10 6 
0 6 7 0 0 0 3 15 0 0 0 0 8 1 0 0 0 7 0 0 
0 0 0 13 11 0 0 0 0 10 0 0 3 0 6 0 2 5 12 0 
0 2 0 0 0 0 0 6 0 0 0 0 0 0 5 0 0 10 0 0 
0 0 3 0 2 0 0 14 13 0 0 0 0 0 0 9 0 5 0 0 
0 0 0 0 0 2 0 1 15 0 1 5 6 0 0 8 0 0 2 0 
7 2 12 4 0 0 10 5 0 0 0 10 12 0 0 10 0 0 9 8 
10 0 0 9 0 13 7 1 2 0 0 0 0 8 0 0 0 12 0 11 
7 0 9 0 0 0 0 0 0 0 0 0 0 0 13 10 0 12 0 2 
0 7 4 0 0 3 12 0 0 13 2 0 1 14 0 14 1 0 0 8 
0 4 2 0 7 0 0 1 0 0 7 5 7 0 0 3 4 12 0 0 
2 0 4 5 11 0 8 3 8 15 5 0 0 0 0 0 0 0 0 0 
