20

0 1 1 0 1 1 1 1 1 1 1 1 1 1 1 1 1 1 1 1 
1 0 1 1 1 1 1 1 1 1 1 1 1 1 1 0 0 1 1 1 
1 1 0 1 1 1 1 1 1 1 1 1 1 1 1 1 1 1 1 1 
0 1 1 0 1 0 1 1 1 1 1 1 0 1 1 0 1 1 0 0 
1 1 1 1 0 1 1 0 1 1 1 1 1 1 1 0 1 1 1 1 
1 1 1 0 1 0 1 1 0 1 1 1 1 1 1 1 1 1 1 1 
1 1 1 1 1 1 0 1 1 1 1 1 1 1 1 1 1 1 1 1 
1 1 1 1 0 1 1 0 1 1 1 1 1 1 1 1 0 1 1 1 
1 1 1 1 1 0 1 1 0 1 1 1 1 1 1 1 1 1 1 1 
1 1 1 1 1 1 1 1 1 0 1 1 1 1 1 1 1 1 1 1 
1 1 1 1 1 1 1 1 1 1 0 1 1 1 1 1 1 1 1 1 
1 1 1 1 1 1 1 1 1 1 1 0 1 1 1 1 0 1 1 0 
1 1 1 0 1 1 1 1 1 1 1 1 0 1 0 1 1 1 1 0 
1 1 1 1 1 1 1 1 1 1 1 1 1 0 1 1 1 1 1 1 
1 1 1 1 1 1 1 1 1 1 1 1 0 1 0 1 1 1 1 1 
1 0 1 0 0 1 1 1 1 1 1 1 1 1 1 0 1 1 1 1 
1 0 1 1 1 1 1 0 1 1 1 0 1 1 1 1 0 1 1 1 
1 1 1 1 1 1 1 1 1 1 1 1 1 1 1 1 1 0 1 1 
1 1 1 0 1 1 1 1 1 1 1 1 1 1 1 1 1 1 0 1 
1 1 1 0 1 1 1 1 1 1 1 0 0 1 1 1 1 1 1 0 

0 0 4 0 7 0 0 2 11 0 0 0 0 0 0 2 15 0 14 4 
3 0 0 0 0 0 5 0 15 0 0 0 0 9 0 0 0 0 0 0 
0 0 0 0 0 6 11 0 0 12 0 7 0 0 0 0 0 6 2 10 
11 0 0 0 0 0 9 0 0 12 0 0 0 5 0 0 14 15 0 0 
7 0 0 0 0 0 0 14 0 3 0 2 0 11 1 0 0 0 5 0 
0 14 0 0 0 0 10 0 12 0 0 0 0 4 0 3 0 0 0 1 
5 6 15 8 5 0 0 0 0 2 0 4 11 7 10 1 0 0 0 0 
5 0 14 0 9 0 0 0 0 8 15 6 0 12 12 0 4 5 0 8 
6 0 0 7 0 0 0 0 0 0 0 0 0 0 8 4 0 4 0 11 
15 11 0 0 0 6 0 0 2 0 17 0 14 12 0 15 0 0 0 0 
14 16 0 0 0 7 0 0 0 14 0 0 0 0 3 0 0 0 0 9 
16 0 0 0 0 5 0 5 0 0 0 0 0 0 0 7 5 15 8 0 
0 12 12 0 0 0 0 11 0 0 0 0 0 7 0 0 1 0 0 0 
2 0 0 0 11 14 0 0 3 0 2 0 0 0 8 0 0 0 0 0 
0 0 14 15 8 0 0 0 0 0 1 0 12 8 0 0 0 13 0 0 
6 5 0 0 6 13 6 0 0 0 11 0 0 0 1 0 0 0 0 0 
4 0 11 0 0 0 0 0 0 0 6 13 0 0 8 14 0 0 0 2 
0 1 0 6 4 0 0 0 1 0 4 0 0 0 0 0 3 0 10 0 
8 0 0 6 0 0 11 0 12 0 14 15 0 0 14 0 0 0 0 0 
0 0 1 0 0 0 0 0 11 0 9 0 0 13 0 0 0 11 0 0 
