20

0 1 1 1 1 1 1 1 0 0 1 0 0 1 1 0 0 1 1 0 
1 0 1 1 1 1 1 1 0 0 1 0 1 1 0 1 1 1 0 1 
1 1 0 1 1 1 0 1 1 0 1 1 0 1 1 1 1 1 0 0 
1 1 1 0 1 0 1 1 1 0 1 1 0 1 1 0 1 0 0 0 
1 1 1 1 0 1 0 0 0 1 1 0 1 1 0 0 1 1 1 1 
1 1 1 0 1 0 1 0 1 1 1 1 1 0 0 1 0 1 0 1 
1 1 0 1 0 1 0 1 0 1 1 1 1 1 0 1 1 1 1 0 
1 1 1 1 0 0 1 0 1 1 1 1 0 1 1 0 1 0 1 1 
0 0 1 1 0 1 0 1 0 1 0 0 0 1 1 0 0 1 0 1 
0 0 0 0 1 1 1 1 1 0 0 0 1 1 1 0 1 1 1 1 
1 1 1 1 1 1 1 1 0 0 0 0 1 1 1 0 1 1 1 1 
0 0 1 1 0 1 1 1 0 0 0 0 1 1 1 1 0 0 1 1 
0 1 0 0 1 1 1 0 0 1 1 1 0 1 1 1 0 1 0 1 
1 1 1 1 1 0 1 1 1 1 1 1 1 0 1 0 1 1 1 1 
1 0 1 1 0 0 0 1 1 1 1 1 1 1 0 0 1 1 0 0 
0 1 1 0 0 1 1 0 0 0 0 1 1 0 0 0 1 1 0 1 
0 1 1 1 1 0 1 1 0 1 1 0 0 1 1 1 0 0 1 1 
1 1 1 0 1 1 1 0 1 1 1 0 1 1 1 1 0 0 0 0 
1 0 0 0 1 0 1 1 0 1 1 1 0 1 0 0 1 0 0 1 
0 1 0 0 1 1 0 1 1 1 1 1 1 1 0 1 1 0 1 0 

0 0 0 0 0 0 0 0 6 0 0 0 0 0 0 0 0 0 0 0 
19 0 0 0 0 28 0 0 0 30 0 0 0 19 0 0 0 0 0 0 
12 0 0 3 0 0 0 0 25 14 0 0 0 0 0 16 0 0 0 0 
0 0 2 0 25 0 3 0 21 0 0 0 0 0 0 0 30 0 0 0 
0 0 0 0 0 0 0 0 26 24 0 0 0 0 0 0 0 0 0 0 
0 0 0 0 0 0 0 0 0 0 0 0 0 0 0 18 0 0 0 24 
0 0 0 0 0 0 0 0 0 0 0 0 0 0 0 0 0 18 0 0 
0 0 0 0 0 0 0 0 12 0 0 0 0 0 0 0 3 0 26 22 
0 0 27 0 0 0 0 0 0 0 3 0 0 0 0 0 0 6 0 0 
0 0 6 0 0 7 0 27 0 0 2 0 25 18 19 0 0 0 0 0 
0 0 0 0 1 0 0 8 9 0 0 3 0 10 0 3 0 0 10 0 
0 0 0 0 0 0 0 0 0 23 0 0 0 0 12 0 0 18 0 0 
0 0 0 0 0 0 0 0 0 0 0 0 0 30 0 0 0 21 0 0 
0 0 2 19 0 0 0 0 0 0 0 0 0 0 0 0 30 0 0 0 
13 0 0 15 0 0 14 0 9 0 0 0 0 1 0 0 0 0 0 0 
0 0 0 0 0 0 0 0 0 0 0 0 13 2 0 0 0 0 0 0 
0 0 0 19 0 0 0 0 0 0 0 2 5 30 0 0 0 0 0 28 
0 0 0 0 0 0 0 3 0 0 0 0 3 0 23 0 0 0 0 0 
0 0 0 0 0 0 0 0 0 0 0 12 0 0 28 0 0 0 0 4 
6 28 22 10 14 26 0 0 0 0 0 0 15 10 3 17 0 0 0 0 
