20

0 1 1 1 0 0 0 0 1 0 1 1 1 0 1 0 0 1 1 0 
1 0 0 1 1 1 0 1 1 1 1 1 1 0 1 1 1 0 0 1 
1 0 0 1 0 0 1 1 0 1 0 0 1 1 1 1 1 0 1 0 
1 1 1 0 0 1 0 1 0 1 1 0 1 0 1 1 0 0 0 1 
0 1 0 0 0 1 0 1 0 1 1 1 0 0 0 1 1 1 1 0 
0 1 0 1 1 0 1 1 1 1 0 0 1 0 1 0 0 0 0 0 
0 0 1 0 0 1 0 1 1 1 1 1 0 1 0 0 1 1 1 0 
0 1 1 1 1 1 1 0 1 1 1 1 1 1 1 1 1 1 1 0 
1 1 0 0 0 1 1 1 0 1 0 1 1 0 1 1 1 1 1 0 
0 1 1 1 1 1 1 1 1 0 1 1 1 1 1 1 1 1 1 1 
1 1 0 1 1 0 1 1 0 1 0 1 0 0 1 0 0 1 0 1 
1 1 0 0 1 0 1 1 1 1 1 0 1 1 0 1 1 0 1 1 
1 1 1 1 0 1 0 1 1 1 0 1 0 0 1 0 0 0 1 1 
0 0 1 0 0 0 1 1 0 1 0 1 0 0 1 1 1 1 1 0 
1 1 1 1 0 1 0 1 1 1 1 0 1 1 0 1 0 0 1 1 
0 1 1 1 1 0 0 1 1 1 0 1 0 1 1 0 1 0 0 1 
0 1 1 0 1 0 1 1 1 1 0 1 0 1 0 1 0 1 1 0 
1 0 0 0 1 0 1 1 1 1 1 0 0 1 0 0 1 0 0 1 
1 0 1 0 1 0 1 1 1 1 0 1 1 1 1 0 1 0 0 1 
0 1 0 1 0 0 0 0 0 1 1 1 1 0 1 1 0 1 1 0 

0 0 0 0 0 0 0 0 0 0 6 11 0 0 0 10 0 0 0 0 
0 0 9 0 0 8 0 10 0 7 5 1 0 3 0 0 0 0 0 0 
9 0 0 11 14 0 0 11 10 9 0 0 0 0 0 0 2 0 0 3 
0 0 5 0 12 0 0 11 8 7 12 8 9 14 0 0 0 10 12 0 
0 3 0 0 0 1 7 5 0 0 0 12 0 0 12 0 0 0 10 10 
0 1 3 0 0 0 0 0 11 7 0 5 0 0 5 7 0 6 0 2 
0 0 0 12 0 0 0 0 4 0 0 2 2 0 0 0 5 2 0 13 
0 0 0 11 0 4 0 0 0 6 0 6 12 0 2 0 0 12 12 0 
0 10 0 0 0 7 7 6 0 6 13 9 0 0 10 3 9 0 2 0 
13 0 0 0 6 4 0 0 12 0 1 0 2 12 8 0 6 2 5 0 
0 6 6 0 13 0 0 0 0 0 0 0 0 0 0 0 4 0 0 0 
0 0 0 9 0 3 0 0 5 1 3 0 13 0 5 0 9 1 4 0 
0 12 0 2 0 0 0 0 4 0 0 0 0 9 0 0 0 3 10 0 
11 0 0 2 0 0 0 0 0 0 7 0 12 0 7 11 0 0 0 7 
0 0 0 0 0 0 4 4 0 0 0 0 0 11 0 0 0 11 0 3 
0 0 12 0 0 0 0 0 0 0 0 0 12 1 0 0 3 1 0 0 
14 0 12 15 0 8 8 9 10 6 0 0 4 11 13 0 0 0 11 0 
2 0 0 12 0 0 13 10 0 0 0 0 0 9 5 0 0 0 0 12 
7 7 7 13 0 0 0 0 0 3 7 1 0 11 0 0 11 5 0 0 
0 12 0 3 0 0 0 0 13 0 0 0 0 0 2 0 1 0 0 0 
