20

0 1 1 1 0 1 1 0 0 1 0 1 1 1 1 1 1 1 1 1 
1 0 1 1 1 1 1 1 1 1 0 1 1 1 0 1 1 1 1 1 
1 1 0 1 0 0 1 0 1 1 1 1 0 1 0 0 1 0 0 0 
1 1 1 0 0 0 1 0 1 1 1 1 1 1 1 1 0 1 0 1 
0 1 0 0 0 1 1 1 0 1 1 1 1 0 1 0 1 0 1 1 
1 1 0 0 1 0 1 1 1 1 0 1 1 1 0 1 1 1 1 1 
1 1 1 1 1 1 0 1 1 1 1 1 0 1 1 1 1 1 1 1 
0 1 0 0 1 1 1 0 1 1 1 1 1 1 0 1 1 1 1 1 
0 1 1 1 0 1 1 1 0 1 1 1 0 1 1 1 1 1 1 1 
1 1 1 1 1 1 1 1 1 0 1 0 1 0 1 1 0 1 1 1 
0 0 1 1 1 0 1 1 1 1 0 1 0 0 1 1 1 1 0 1 
1 1 1 1 1 1 1 1 1 0 1 0 1 1 1 1 1 0 1 0 
1 1 0 1 1 1 0 1 0 1 0 1 0 1 0 1 0 0 1 1 
1 1 1 1 0 1 1 1 1 0 0 1 1 0 0 0 1 1 1 1 
1 0 0 1 1 0 1 0 1 1 1 1 0 0 0 1 1 1 0 1 
1 1 0 1 0 1 1 1 1 1 1 1 1 0 1 0 1 1 1 1 
1 1 1 0 1 1 1 1 1 0 1 1 0 1 1 1 0 1 0 1 
1 1 0 1 0 1 1 1 1 1 1 0 0 1 1 1 1 0 1 1 
1 1 0 0 1 1 1 1 1 1 0 1 1 1 0 1 0 1 0 1 
1 1 0 1 1 1 1 1 1 1 1 0 1 1 1 1 1 1 1 0 

0 0 0 0 7 0 0 0 11 5 0 0 0 0 0 7 0 0 10 2 
0 0 0 0 4 0 0 2 0 9 3 0 12 2 2 5 1 9 11 0 
0 0 0 6 0 1 6 0 0 0 0 0 2 0 0 0 0 0 0 0 
0 0 0 0 6 0 0 5 0 9 10 1 0 10 0 0 0 0 0 0 
0 0 0 0 0 3 0 10 0 11 0 4 0 10 0 0 0 10 0 0 
0 0 0 0 11 0 6 0 0 0 0 7 0 0 0 0 0 0 6 0 
7 2 5 8 0 0 0 0 8 0 0 0 6 0 10 0 0 6 0 0 
0 4 3 8 0 6 0 0 0 0 7 0 0 0 0 4 0 0 0 10 
0 0 4 5 9 0 0 0 0 3 0 0 0 0 2 0 0 6 0 2 
0 0 0 0 0 0 2 0 2 0 0 1 0 7 0 10 0 1 0 0 
0 0 0 0 0 0 8 0 0 5 0 3 5 6 9 10 3 7 0 0 
0 0 0 0 12 11 8 0 0 0 1 0 0 9 0 0 5 0 8 0 
0 2 3 0 0 0 0 11 0 0 0 0 0 0 0 0 0 0 0 0 
0 0 0 6 0 0 0 5 10 6 0 9 5 0 12 0 1 0 8 0 
0 11 0 0 0 1 0 0 9 4 0 0 6 5 0 0 0 1 0 0 
2 0 0 11 0 6 0 9 0 0 0 0 0 0 6 0 0 0 0 0 
9 4 7 0 0 0 0 4 0 0 0 0 0 0 0 4 0 1 0 0 
6 0 8 2 0 9 2 0 0 2 6 6 0 1 0 0 0 0 0 0 
0 1 0 5 11 0 8 0 1 0 0 0 0 3 0 6 4 0 0 0 
3 0 0 0 4 0 0 0 0 0 0 0 0 0 0 0 0 0 0 0 
