20

0 0 0 0 1 1 1 0 1 0 1 1 1 0 0 0 1 1 1 1 
0 0 1 0 1 1 1 0 1 0 1 0 0 1 1 1 1 1 0 1 
0 1 0 0 0 1 1 1 1 0 0 1 1 1 0 1 1 1 1 1 
0 0 0 0 1 1 1 1 1 1 1 0 1 1 1 1 0 1 1 0 
1 1 0 1 0 1 0 1 1 1 1 1 1 1 1 0 0 0 1 1 
1 1 1 1 1 0 1 1 1 1 1 1 1 1 1 1 1 0 1 1 
1 1 1 1 0 1 0 1 0 1 0 1 1 1 1 0 1 1 1 1 
0 0 1 1 1 1 1 0 1 1 0 1 1 1 1 0 1 0 1 1 
1 1 1 1 1 1 0 1 0 1 1 0 0 1 0 1 1 1 1 1 
0 0 0 1 1 1 1 1 1 0 1 0 0 0 1 1 0 1 0 1 
1 1 0 1 1 1 0 0 1 1 0 1 1 0 1 0 1 0 1 0 
1 0 1 0 1 1 1 1 0 0 1 0 0 0 1 1 0 0 1 1 
1 0 1 1 1 1 1 1 0 0 1 0 0 1 0 0 0 1 0 0 
0 1 1 1 1 1 1 1 1 0 0 0 1 0 1 0 1 1 0 1 
0 1 0 1 1 1 1 1 0 1 1 1 0 1 0 1 1 1 1 0 
0 1 1 1 0 1 0 0 1 1 0 1 0 0 1 0 0 1 1 1 
1 1 1 0 0 1 1 1 1 0 1 0 0 1 1 0 0 0 0 1 
1 1 1 1 0 0 1 0 1 1 0 0 1 1 1 1 0 0 0 1 
1 0 1 1 1 1 1 1 1 0 1 1 0 0 1 1 0 0 0 1 
1 1 1 0 1 1 1 1 1 1 0 1 0 1 0 1 1 1 1 0 

0 0 0 0 0 0 0 0 0 0 0 0 1 7 0 0 2 9 0 10 
0 0 0 9 7 0 0 0 0 0 9 0 8 1 0 0 0 0 3 6 
2 0 0 0 0 5 0 4 4 0 0 0 0 8 0 6 0 2 0 5 
0 4 0 0 6 0 0 0 8 6 0 6 0 1 0 0 1 0 0 2 
0 0 0 0 0 3 0 0 6 0 0 8 0 0 0 0 0 9 0 0 
5 6 0 0 0 0 0 7 0 2 0 2 1 0 0 7 0 2 0 0 
0 0 0 1 0 9 0 0 0 9 1 1 0 10 9 0 0 0 6 1 
0 0 0 3 8 1 6 0 1 2 4 6 0 2 1 8 0 0 0 0 
10 1 8 0 0 0 0 10 0 0 0 0 6 6 3 0 2 0 0 0 
0 0 0 1 4 1 0 0 2 0 0 0 0 0 0 4 0 0 7 4 
5 0 0 0 0 0 0 0 0 0 0 0 0 0 0 0 0 0 6 0 
2 9 0 2 9 2 0 4 0 3 0 0 0 0 8 0 2 0 4 0 
0 7 0 9 3 9 0 9 0 4 0 8 0 0 4 9 3 0 5 4 
9 3 0 1 0 0 4 9 0 1 8 0 0 0 6 0 5 2 0 10 
0 0 0 2 1 5 0 0 8 0 0 5 4 5 0 0 7 7 0 0 
0 7 0 0 0 8 2 0 8 1 8 0 2 0 10 0 0 0 0 9 
5 0 6 0 0 0 3 0 2 0 0 1 0 0 0 0 0 5 0 0 
3 7 6 4 0 0 0 0 0 4 0 0 0 0 0 0 0 0 0 4 
0 4 4 3 0 8 1 0 0 1 1 0 0 4 0 0 2 0 0 0 
0 0 0 0 0 0 0 10 0 2 0 0 2 4 0 5 0 8 6 0 
