30

0 0 1 1 0 0 1 1 0 1 1 1 1 1 1 0 1 1 1 1 1 0 0 0 1 0 1 1 0 1 
0 0 1 0 1 0 0 1 0 0 1 0 1 0 0 1 1 0 1 0 1 0 0 1 1 0 0 1 0 1 
1 1 0 0 1 0 0 0 0 0 1 1 0 0 0 1 1 1 1 1 0 1 0 1 1 0 1 0 1 1 
1 0 0 0 0 1 0 0 0 0 1 0 1 1 0 1 1 1 0 1 0 0 1 1 0 0 1 1 1 0 
0 1 1 0 0 1 1 1 1 1 1 1 0 1 0 1 0 1 1 1 1 1 0 1 1 0 1 0 1 0 
0 0 0 1 1 0 1 1 0 1 0 1 1 1 1 0 0 0 0 0 1 0 1 1 0 1 1 1 1 1 
1 0 0 0 1 1 0 1 1 0 1 1 1 1 1 1 0 0 1 0 0 1 0 1 0 1 1 1 1 0 
1 1 0 0 1 1 1 0 0 1 0 0 0 0 0 0 0 0 0 0 1 1 1 1 1 1 1 1 0 1 
0 0 0 0 1 0 1 0 0 1 1 1 0 1 0 0 0 1 0 0 0 0 0 1 0 1 1 1 0 1 
1 0 0 0 1 1 0 1 1 0 1 0 0 1 0 0 1 1 1 1 1 1 1 0 1 0 0 0 0 0 
1 1 1 1 1 0 1 0 1 1 0 1 0 1 0 0 1 1 1 0 1 0 1 1 0 1 0 1 1 0 
1 0 1 0 1 1 1 0 1 0 1 0 1 1 0 1 1 0 1 0 1 0 0 1 1 1 1 0 1 0 
1 1 0 1 0 1 1 0 0 0 0 1 0 0 1 1 1 0 1 0 0 1 0 1 0 1 0 0 0 1 
1 0 0 1 1 1 1 0 1 1 1 1 0 0 1 0 0 0 0 0 1 0 1 1 0 1 0 0 1 1 
1 0 0 0 0 1 1 0 0 0 0 0 1 1 0 1 1 1 0 1 1 1 0 0 1 1 1 1 0 0 
0 1 1 1 1 0 1 0 0 0 0 1 1 0 1 0 0 0 1 1 1 1 1 1 0 0 1 1 1 1 
1 1 1 1 0 0 0 0 0 1 1 1 1 0 1 0 0 1 0 0 1 0 0 1 0 0 1 1 0 1 
1 0 1 1 1 0 0 0 1 1 1 0 0 0 1 0 1 0 1 0 0 1 0 0 0 1 0 1 1 1 
1 1 1 0 1 0 1 0 0 1 1 1 1 0 0 1 0 1 0 1 1 1 0 0 0 0 0 1 0 1 
1 0 1 1 1 0 0 0 0 1 0 0 0 0 1 1 0 0 1 0 1 0 1 0 0 1 1 0 1 1 
1 1 0 0 1 1 0 1 0 1 1 1 0 1 1 1 1 0 1 1 0 0 1 0 1 1 0 1 0 1 
0 0 1 0 1 0 1 1 0 1 0 0 1 0 1 1 0 1 1 0 0 0 1 1 0 0 1 1 1 1 
0 0 0 1 0 1 0 1 0 1 1 0 0 1 0 1 0 0 0 1 1 1 0 1 1 0 0 0 0 0 
0 1 1 1 1 1 1 1 1 0 1 1 1 1 0 1 1 0 0 0 0 1 1 0 0 1 1 1 1 0 
1 1 1 0 1 0 0 1 0 1 0 1 0 0 1 0 0 0 0 0 1 0 1 0 0 0 0 0 0 1 
0 0 0 0 0 1 1 1 1 0 1 1 1 1 1 0 0 1 0 1 1 0 0 1 0 0 1 1 1 1 
1 0 1 1 1 1 1 1 1 0 0 1 0 0 1 1 1 0 0 1 0 1 0 1 0 1 0 1 1 0 
1 1 0 1 0 1 1 1 1 0 1 0 0 0 1 1 1 1 1 0 1 1 0 1 0 1 1 0 1 0 
0 0 1 1 1 1 1 0 0 0 1 1 0 1 0 1 0 1 0 1 0 1 0 1 0 1 1 1 0 1 
1 1 1 0 0 1 0 1 1 0 0 0 1 1 0 1 1 1 1 1 1 1 0 0 1 1 0 0 1 0 

0 0 0 0 0 0 0 0 19 0 0 0 0 0 0 0 0 0 0 0 0 0 0 11 0 0 5 0 0 0 
0 0 0 11 0 0 3 0 0 0 0 0 0 0 0 0 0 0 0 0 0 0 0 0 19 0 0 0 18 0 
0 0 0 12 0 0 0 8 0 14 0 0 0 0 0 0 0 0 0 0 0 0 16 7 0 2 0 0 0 0 
0 0 0 0 0 0 4 0 0 0 0 0 0 12 0 8 0 0 16 11 0 0 0 0 0 0 0 16 0 0 
0 0 0 0 0 0 0 0 0 0 1 0 0 0 8 0 0 0 0 0 0 20 0 0 0 0 0 0 0 0 
0 0 0 0 14 0 3 0 0 0 0 15 0 0 0 0 0 0 0 1 10 8 0 0 0 15 0 0 0 0 
13 0 0 0 0 3 0 0 0 0 0 11 0 0 0 5 0 0 17 0 0 0 2 0 0 0 0 0 0 0 
0 0 0 13 11 0 0 0 0 0 0 0 0 0 0 0 0 0 0 0 0 0 0 0 0 0 0 0 0 0 
0 7 1 0 0 0 10 0 0 15 0 0 0 0 0 0 0 16 0 0 0 0 0 17 0 0 0 0 0 0 
0 0 0 7 0 0 0 0 0 0 0 0 0 0 0 0 0 0 10 0 0 0 0 0 0 0 0 0 0 0 
18 0 0 0 0 12 0 0 0 0 0 0 20 0 0 0 0 0 0 0 0 0 0 0 0 0 19 0 0 0 
0 0 18 1 0 0 0 0 0 0 9 0 12 8 0 0 0 0 0 0 0 18 0 15 0 0 0 0 0 0 
0 0 0 13 0 0 0 0 0 0 0 0 0 0 0 0 0 11 0 0 0 0 9 0 0 6 0 0 0 0 
4 0 0 11 10 11 0 0 17 17 0 3 0 0 0 0 0 0 0 0 0 0 0 0 0 0 0 0 0 0 
0 0 0 0 0 0 15 0 0 0 0 0 0 0 0 0 0 0 0 0 15 0 5 0 0 0 4 0 0 0 
0 0 0 11 12 0 0 0 0 0 0 0 0 0 0 0 0 10 0 0 0 0 0 0 0 0 0 0 0 3 
5 0 8 0 13 0 0 0 0 0 0 0 0 0 0 0 0 0 0 0 0 0 0 8 0 0 20 0 0 0 
0 12 0 12 7 0 0 0 0 0 0 0 19 0 0 0 0 0 0 0 0 14 0 0 17 0 0 0 0 0 
0 0 0 18 0 0 0 0 0 0 0 0 0 13 15 0 0 0 0 0 0 0 9 0 0 0 0 0 0 0 
0 0 0 0 0 0 0 0 0 0 0 0 0 3 17 0 0 0 0 0 0 0 0 0 0 0 17 0 0 9 
0 0 2 8 0 0 0 0 0 0 0 0 0 0 0 0 12 5 7 0 0 0 0 0 0 1 0 0 0 0 
7 0 0 0 0 0 0 0 6 0 0 0 0 0 0 0 0 20 0 0 17 0 0 0 19 0 0 13 0 11 
0 0 19 0 0 0 0 0 0 0 0 0 0 0 1 0 0 0 0 0 0 0 0 0 0 0 18 0 0 0 
0 0 0 0 0 20 17 0 0 9 9 0 0 3 0 0 0 11 0 0 0 0 20 0 0 0 0 0 0 0 
0 0 1 17 0 0 9 20 0 2 0 0 0 3 0 0 0 0 0 0 0 0 0 0 0 0 0 0 0 7 
0 2 0 0 0 0 1 0 9 0 0 0 0 0 0 0 0 0 0 9 0 0 0 0 0 0 0 0 0 0 
4 12 4 0 0 19 0 0 0 3 0 0 0 0 8 0 7 0 0 13 0 0 3 0 0 12 0 0 0 0 
0 0 0 10 5 0 12 0 0 20 0 16 0 0 4 1 6 0 0 18 0 4 17 0 0 0 0 0 16 0 
0 0 0 0 0 14 0 2 19 14 0 0 0 0 0 0 0 0 0 0 0 20 0 0 0 0 0 0 0 0 
5 0 0 0 0 0 0 0 0 0 17 5 0 0 9 18 0 0 0 9 0 0 0 3 0 18 0 0 0 0 
