30

0 0 0 0 0 0 1 1 0 0 0 0 0 0 1 0 1 0 0 0 0 0 0 1 0 0 0 0 1 0 
0 0 0 0 1 0 0 1 1 0 0 1 1 1 0 1 0 0 0 0 0 1 0 0 0 0 0 0 1 0 
0 0 0 0 1 1 1 0 0 0 0 1 0 0 0 0 0 0 0 0 1 0 0 0 1 0 0 0 0 0 
0 0 0 0 1 0 1 1 0 0 0 1 0 0 0 1 0 0 1 1 1 0 0 0 0 0 1 1 0 0 
0 1 1 1 0 0 0 1 1 0 0 0 0 1 0 0 0 0 1 0 0 0 0 1 0 1 0 1 0 1 
0 0 1 0 0 0 1 1 1 0 0 0 0 1 0 1 0 0 0 0 0 1 0 0 0 1 0 1 0 0 
1 0 1 1 0 1 0 1 0 0 0 0 0 0 0 1 0 0 0 1 1 1 1 0 0 0 1 0 0 0 
1 1 0 1 1 1 1 0 1 1 0 0 1 0 0 0 0 0 0 0 0 0 1 0 0 0 0 0 0 0 
0 1 0 0 1 1 0 1 0 1 1 0 0 0 1 0 0 0 0 0 0 0 1 0 1 0 1 0 0 0 
0 0 0 0 0 0 0 1 1 0 1 1 1 0 1 0 0 0 1 0 0 0 1 0 0 1 1 0 1 1 
0 0 0 0 0 0 0 0 1 1 0 0 1 0 0 0 1 1 0 0 0 0 0 0 0 1 0 1 1 0 
0 1 1 1 0 0 0 0 0 1 0 0 0 0 1 1 1 0 0 1 0 0 0 0 0 1 0 1 0 0 
0 1 0 0 0 0 0 1 0 1 1 0 0 1 0 0 1 1 0 0 1 0 0 1 0 0 0 0 0 0 
0 1 0 0 1 1 0 0 0 0 0 0 1 0 0 0 0 0 0 0 1 1 1 0 0 0 0 0 1 0 
1 0 0 0 0 0 0 0 1 1 0 1 0 0 0 1 0 0 0 0 1 0 0 0 1 0 0 1 1 1 
0 1 0 1 0 1 1 0 0 0 0 1 0 0 1 0 0 0 0 0 0 1 0 0 0 0 0 0 0 0 
1 0 0 0 0 0 0 0 0 0 1 1 1 0 0 0 0 0 1 1 0 0 0 0 1 0 1 0 0 0 
0 0 0 0 0 0 0 0 0 0 1 0 1 0 0 0 0 0 0 0 0 0 0 0 0 0 0 0 0 0 
0 0 0 1 1 0 0 0 0 1 0 0 0 0 0 0 1 0 0 0 0 0 0 1 0 0 0 1 0 0 
0 0 0 1 0 0 1 0 0 0 0 1 0 0 0 0 1 0 0 0 0 0 0 1 0 1 1 0 0 1 
0 0 1 1 0 0 1 0 0 0 0 0 1 1 1 0 0 0 0 0 0 0 1 0 1 1 0 0 0 1 
0 1 0 0 0 1 1 0 0 0 0 0 0 1 0 1 0 0 0 0 0 0 1 0 1 1 1 0 1 0 
0 0 0 0 0 0 1 1 1 1 0 0 0 1 0 0 0 0 0 0 1 1 0 0 1 1 0 0 0 0 
1 0 0 0 1 0 0 0 0 0 0 0 1 0 0 0 0 0 1 1 0 0 0 0 0 1 0 0 0 0 
0 0 1 0 0 0 0 0 1 0 0 0 0 0 1 0 1 0 0 0 1 1 1 0 0 0 1 0 0 0 
0 0 0 0 1 1 0 0 0 1 1 1 0 0 0 0 0 0 0 1 1 1 1 1 0 0 0 0 0 1 
0 0 0 1 0 0 1 0 1 1 0 0 0 0 0 0 1 0 0 1 0 1 0 0 1 0 0 0 0 0 
0 0 0 1 1 1 0 0 0 0 1 1 0 0 1 0 0 0 1 0 0 0 0 0 0 0 0 0 0 0 
1 1 0 0 0 0 0 0 0 1 1 0 0 1 1 0 0 0 0 0 0 1 0 0 0 0 0 0 0 1 
0 0 0 0 1 0 0 0 0 1 0 0 0 0 1 0 0 0 0 1 1 0 0 0 0 1 0 0 1 0 

0 11 0 10 8 0 3 0 1 0 0 0 12 9 2 0 0 0 0 7 0 13 0 4 0 0 0 0 8 9 
0 0 0 1 0 0 5 1 0 2 2 0 11 10 7 2 0 0 6 1 8 0 11 0 10 0 0 1 0 1 
10 0 0 10 0 4 0 0 10 3 0 14 2 0 13 0 0 8 0 0 0 11 0 8 0 0 0 0 7 0 
0 1 8 0 0 0 1 8 12 0 0 12 12 0 0 0 0 0 10 0 6 3 0 6 0 0 0 0 3 0 
0 11 12 0 0 8 6 2 0 0 10 0 0 1 2 0 13 0 0 11 0 0 14 0 3 13 0 5 10 0 
0 0 1 0 9 0 0 0 4 11 2 2 0 0 1 9 4 14 9 7 0 0 0 0 0 0 0 7 0 0 
0 3 0 0 13 0 0 6 0 0 3 5 0 0 0 6 0 7 4 0 3 6 8 7 4 11 8 0 0 0 
0 6 7 0 11 0 0 0 0 0 0 11 1 3 1 0 7 0 7 0 0 0 8 5 0 0 0 0 0 0 
0 0 2 0 8 13 4 0 0 0 0 8 10 9 0 0 7 4 0 1 0 0 2 0 3 0 0 0 3 0 
0 1 0 0 0 9 5 0 7 0 0 11 9 13 0 0 0 10 3 1 9 0 0 12 0 12 12 0 3 11 
12 10 0 0 0 0 0 7 0 10 0 1 0 10 0 0 3 0 0 12 0 7 10 9 0 0 0 10 0 0 
9 0 1 2 0 0 0 0 0 0 11 0 11 0 0 0 0 4 0 4 3 0 1 10 0 13 0 14 0 0 
0 0 5 0 0 0 4 0 14 0 0 5 0 6 3 0 0 7 1 0 0 1 3 13 13 0 0 0 3 8 
7 0 0 0 0 0 7 6 2 1 8 0 2 0 0 0 5 6 0 2 13 0 5 8 9 4 0 0 10 1 
2 14 14 0 0 10 0 0 13 0 0 9 0 13 0 2 8 8 10 8 1 2 12 0 0 3 0 0 0 2 
0 3 0 0 1 3 0 4 0 12 0 2 8 0 0 0 8 14 9 0 0 0 0 0 1 0 0 9 0 0 
0 0 0 0 0 12 0 1 8 0 0 10 0 0 0 3 0 0 0 0 0 3 0 0 4 0 0 0 0 0 
0 0 0 0 0 4 12 0 10 0 0 4 0 0 1 10 8 0 0 1 13 2 0 3 0 9 6 6 0 6 
0 0 13 3 0 0 11 13 0 1 0 13 14 0 2 5 0 0 0 14 0 0 0 0 0 0 7 0 0 0 
5 0 4 7 10 6 0 0 9 0 0 0 0 0 10 0 0 13 8 0 14 0 0 0 0 3 11 0 0 10 
13 0 3 6 0 0 0 3 0 9 8 6 0 0 0 2 2 0 12 2 0 0 14 0 0 3 0 2 6 0 
0 5 5 9 10 6 0 0 10 0 0 0 0 0 0 0 1 14 0 0 0 0 0 2 2 0 0 0 0 14 
6 8 11 10 0 13 4 8 0 0 0 0 0 0 0 0 0 10 0 0 0 0 0 2 10 2 0 0 0 0 
0 9 0 2 0 0 11 0 11 0 0 0 0 0 0 0 0 0 0 13 4 5 3 0 0 1 11 1 7 0 
3 6 0 0 0 0 7 0 11 0 0 0 0 0 0 0 0 0 0 0 0 3 2 0 0 0 5 0 0 14 
3 0 1 1 0 0 14 2 11 0 0 0 12 0 0 0 0 3 7 0 0 2 0 5 2 0 7 0 0 0 
3 0 7 0 6 7 1 0 0 6 0 0 8 1 0 0 7 0 0 4 6 5 10 8 0 1 0 0 6 0 
4 12 9 0 14 0 4 14 0 0 3 0 0 7 10 0 0 0 0 12 3 5 9 11 0 0 1 0 0 3 
0 0 10 0 7 5 13 0 0 0 0 0 0 3 0 0 4 0 0 0 0 0 11 0 0 0 1 3 0 0 
0 0 9 0 0 0 12 0 0 0 0 0 0 11 1 0 0 0 10 2 0 1 0 0 0 0 3 0 10 0 
