30

0 0 0 0 0 0 0 0 0 1 1 0 0 1 0 1 1 1 0 0 0 1 0 0 0 1 0 0 0 0 
0 0 0 1 0 1 0 1 1 0 0 0 1 0 0 0 1 1 0 0 1 1 1 1 0 1 0 0 0 0 
0 0 0 0 1 1 1 0 1 0 0 0 1 0 1 0 0 0 0 0 0 0 0 0 1 0 1 1 1 1 
0 1 0 0 0 0 0 0 0 1 0 0 1 0 1 1 0 0 0 0 0 0 0 0 0 0 0 1 0 1 
0 0 1 0 0 0 1 0 1 0 0 1 1 0 0 0 0 0 0 0 0 0 0 1 0 0 1 1 0 1 
0 1 1 0 0 0 1 0 0 0 0 0 1 0 0 1 0 0 0 0 1 1 0 0 1 1 0 0 0 1 
0 0 1 0 1 1 0 0 0 1 0 1 0 1 0 0 0 1 0 0 0 1 0 0 1 0 1 0 0 1 
0 1 0 0 0 0 0 0 0 1 0 0 0 1 1 0 0 1 1 0 0 1 1 0 0 0 1 0 0 0 
0 1 1 0 1 0 0 0 0 0 0 0 0 0 1 0 0 1 1 0 1 0 1 1 1 0 1 0 0 1 
1 0 0 1 0 0 1 1 0 0 1 0 0 1 0 0 0 0 0 0 0 0 1 1 0 1 0 0 1 1 
1 0 0 0 0 0 0 0 0 1 0 0 1 0 0 1 0 0 1 0 0 0 1 1 0 0 0 0 0 0 
0 0 0 0 1 0 1 0 0 0 0 0 1 1 1 1 1 1 1 0 1 1 0 1 0 0 1 1 0 0 
0 1 1 1 1 1 0 0 0 0 1 1 0 0 1 1 0 1 0 0 1 1 0 0 1 0 0 0 0 0 
1 0 0 0 0 0 1 1 0 1 0 1 0 0 0 1 1 1 1 0 1 1 0 0 0 1 1 0 0 0 
0 0 1 1 0 0 0 1 1 0 0 1 1 0 0 0 0 1 1 1 0 0 0 0 0 0 0 1 1 1 
1 0 0 1 0 1 0 0 0 0 1 1 1 1 0 0 1 1 1 0 0 0 1 0 0 0 0 1 0 0 
1 1 0 0 0 0 0 0 0 0 0 1 0 1 0 1 0 1 1 0 1 0 1 1 1 0 0 1 1 0 
1 1 0 0 0 0 1 1 1 0 0 1 1 1 1 1 1 0 0 0 0 0 0 0 1 1 0 0 0 1 
0 0 0 0 0 0 0 1 1 0 1 1 0 1 1 1 1 0 0 0 0 0 0 0 1 0 0 1 1 0 
0 0 0 0 0 0 0 0 0 0 0 0 0 0 1 0 0 0 0 0 1 1 0 1 0 0 0 0 0 0 
0 1 0 0 0 1 0 0 1 0 0 1 1 1 0 0 1 0 0 1 0 0 0 1 0 0 1 0 0 1 
1 1 0 0 0 1 1 1 0 0 0 1 1 1 0 0 0 0 0 1 0 0 1 0 1 1 0 0 0 0 
0 1 0 0 0 0 0 1 1 1 1 0 0 0 0 1 1 0 0 0 0 1 0 1 1 0 0 1 0 0 
0 1 0 0 1 0 0 0 1 1 1 1 0 0 0 0 1 0 0 1 1 0 1 0 0 1 1 0 0 1 
0 0 1 0 0 1 1 0 1 0 0 0 1 0 0 0 1 1 1 0 0 1 1 0 0 0 0 0 0 1 
1 1 0 0 0 1 0 0 0 1 0 0 0 1 0 0 0 1 0 0 0 1 0 1 0 0 1 0 0 1 
0 0 1 0 1 0 1 1 1 0 0 1 0 1 0 0 0 0 0 0 1 0 0 1 0 1 0 0 0 1 
0 0 1 1 1 0 0 0 0 0 0 1 0 0 1 1 1 0 1 0 0 0 1 0 0 0 0 0 0 0 
0 0 1 0 0 0 0 0 0 1 0 0 0 0 1 0 1 0 1 0 0 0 0 0 0 0 0 0 0 0 
0 0 1 1 1 1 1 0 1 1 0 0 0 0 1 0 0 1 0 0 1 0 0 1 1 1 1 0 0 0 

0 2 0 1 0 8 0 0 1 7 0 5 0 9 7 1 2 0 0 0 3 0 0 7 0 2 0 0 0 0 
0 0 0 0 0 8 0 8 0 5 0 0 1 0 0 0 8 0 0 0 0 0 9 0 1 0 0 0 10 10 
1 0 0 6 0 0 2 9 4 0 0 0 0 0 3 0 0 0 3 6 0 0 11 0 0 2 0 6 2 0 
0 5 0 0 1 0 0 0 0 5 8 6 0 0 7 0 0 0 5 0 0 0 0 0 8 5 0 8 0 2 
2 5 2 0 0 9 0 0 0 0 0 2 0 6 0 4 0 0 0 0 9 0 5 0 0 0 1 3 0 0 
0 5 0 1 0 0 1 0 0 2 5 0 0 0 0 7 0 0 4 0 0 7 0 3 0 3 0 0 9 0 
0 0 0 7 0 5 0 0 1 0 0 0 4 0 0 1 0 0 0 4 8 0 0 0 3 0 0 0 0 10 
0 6 0 6 1 0 7 0 0 0 0 0 1 0 0 0 4 7 0 3 9 1 1 1 0 0 1 8 0 9 
0 2 0 0 11 0 7 0 0 0 0 0 0 0 0 0 0 0 0 0 9 2 6 0 6 0 5 1 6 2 
4 0 6 0 0 0 9 4 4 0 3 2 0 0 0 0 0 0 0 4 8 3 3 0 0 2 0 0 8 0 
1 0 7 0 0 11 0 4 0 0 0 0 0 0 0 0 0 2 0 9 0 0 10 0 0 0 0 0 10 0 
1 4 9 0 9 0 7 10 0 0 0 0 8 1 0 0 7 0 0 8 0 1 0 0 0 9 0 1 0 0 
8 6 0 0 8 0 7 0 0 0 0 6 0 0 0 7 0 2 4 0 1 6 7 0 0 0 0 3 0 0 
1 6 0 0 9 7 1 3 0 0 8 0 9 0 0 2 1 0 0 0 0 0 0 4 10 0 6 0 3 0 
0 0 0 0 6 0 0 7 0 0 0 0 1 0 0 0 6 6 11 1 0 0 2 4 8 3 10 2 0 3 
0 0 6 2 8 3 0 0 0 7 0 0 0 5 0 0 10 5 0 0 0 0 0 0 0 0 0 0 0 0 
0 0 0 1 11 3 2 0 0 3 0 0 0 0 0 0 0 0 0 4 12 0 0 1 0 4 0 0 11 0 
5 5 0 0 0 0 10 8 10 0 0 8 0 0 0 2 0 0 0 0 0 8 0 7 0 0 0 6 0 0 
4 6 0 7 11 0 0 0 1 0 1 6 0 10 1 0 0 0 0 0 0 0 0 1 0 0 8 6 0 0 
2 0 0 0 0 7 0 0 0 8 0 1 0 0 0 2 6 0 0 0 0 0 0 0 9 0 0 9 9 2 
0 0 0 4 0 0 0 0 9 0 0 5 2 0 0 0 7 0 6 10 0 0 8 0 0 0 0 0 0 9 
0 0 9 9 2 0 0 11 0 0 0 0 0 9 0 5 0 0 0 1 1 0 5 0 3 0 0 1 7 0 
0 5 0 0 8 0 0 0 0 3 3 3 6 0 7 0 0 2 0 1 7 0 0 0 9 0 2 0 0 0 
0 2 0 0 0 0 3 7 0 0 2 0 1 0 1 0 0 7 0 0 0 3 0 0 3 0 2 0 0 0 
0 0 10 11 5 0 4 0 0 11 4 7 0 0 0 7 0 0 0 0 0 0 0 7 0 0 8 0 0 11 
0 1 0 0 0 0 0 8 0 9 0 0 0 0 0 8 0 0 2 0 0 0 6 0 7 0 9 0 8 0 
0 0 6 0 0 2 1 0 0 0 1 0 0 0 0 0 0 9 0 0 6 2 0 1 8 0 0 7 7 0 
1 9 0 0 0 6 0 3 4 0 0 0 0 0 0 0 0 1 0 5 0 0 0 3 0 8 10 0 0 1 
7 2 3 2 8 1 0 8 0 2 0 0 0 4 0 0 0 0 2 10 0 0 0 3 0 0 0 9 0 0 
0 7 4 1 0 9 3 0 1 0 0 0 0 0 7 8 1 0 0 0 0 0 0 5 8 0 3 0 0 0 
