30

0 1 0 1 0 1 1 1 0 1 0 1 0 0 1 1 1 1 1 1 1 1 0 1 0 1 1 1 0 1 
1 0 1 1 1 1 1 0 0 1 1 1 1 0 1 1 1 1 1 1 0 1 1 1 1 1 1 0 0 1 
0 1 0 1 1 0 0 1 1 1 1 1 0 1 1 1 1 1 1 0 1 1 0 1 1 0 1 0 0 1 
1 1 1 0 0 0 1 0 1 1 1 1 0 0 1 0 1 0 1 1 1 0 1 1 1 0 1 0 1 1 
0 1 1 0 0 1 1 1 0 0 1 1 1 0 1 0 1 0 0 1 1 0 0 1 1 0 1 0 0 1 
1 1 0 0 1 0 1 1 1 1 0 1 0 1 1 0 1 0 1 0 0 0 0 0 1 1 0 1 1 1 
1 1 0 1 1 1 0 1 1 1 1 1 1 0 1 1 1 1 1 1 1 1 1 0 0 0 1 1 0 0 
1 0 1 0 1 1 1 0 1 1 1 0 1 1 1 0 1 1 0 1 1 0 1 0 1 1 1 1 0 1 
0 0 1 1 0 1 1 1 0 1 0 1 0 1 1 0 0 1 1 1 1 1 1 1 1 1 1 1 1 0 
1 1 1 1 0 1 1 1 1 0 0 1 0 1 1 1 1 1 1 0 1 0 1 1 1 0 1 0 1 1 
0 1 1 1 1 0 1 1 0 0 0 1 1 1 0 0 1 1 1 1 1 0 1 1 0 0 0 1 1 1 
1 1 1 1 1 1 1 0 1 1 1 0 0 1 0 1 1 1 1 1 1 1 1 1 0 1 0 1 1 1 
0 1 0 0 1 0 1 1 0 0 1 0 0 0 1 0 1 1 1 1 1 1 0 0 1 0 1 1 1 0 
0 0 1 0 0 1 0 1 1 1 1 1 0 0 1 1 0 1 1 1 1 1 0 1 0 1 1 0 0 0 
1 1 1 1 1 1 1 1 1 1 0 0 1 1 0 1 1 1 1 1 1 1 1 0 1 1 1 1 0 1 
1 1 1 0 0 0 1 0 0 1 0 1 0 1 1 0 1 0 0 1 1 0 1 1 1 1 1 1 1 1 
1 1 1 1 1 1 1 1 0 1 1 1 1 0 1 1 0 1 0 1 0 1 1 1 0 1 1 1 1 1 
1 1 1 0 0 0 1 1 1 1 1 1 1 1 1 0 1 0 0 1 1 0 1 0 1 0 1 0 1 1 
1 1 1 1 0 1 1 0 1 1 1 1 1 1 1 0 0 0 0 1 1 1 0 0 1 1 0 1 1 1 
1 1 0 1 1 0 1 1 1 0 1 1 1 1 1 1 1 1 1 0 0 1 1 0 0 0 1 1 0 0 
1 0 1 1 1 0 1 1 1 1 1 1 1 1 1 1 0 1 1 0 0 1 1 0 1 1 0 1 1 1 
1 1 1 0 0 0 1 0 1 0 0 1 1 1 1 0 1 0 1 1 1 0 0 1 0 0 0 1 0 1 
0 1 0 1 0 0 1 1 1 1 1 1 0 0 1 1 1 1 0 1 1 0 0 1 1 1 1 1 1 0 
1 1 1 1 1 0 0 0 1 1 1 1 0 1 0 1 1 0 0 0 0 1 1 0 1 1 0 1 1 1 
0 1 1 1 1 1 0 1 1 1 0 0 1 0 1 1 0 1 1 0 1 0 1 1 0 0 1 1 1 1 
1 1 0 0 0 1 0 1 1 0 0 1 0 1 1 1 1 0 1 0 1 0 1 1 0 0 0 1 1 0 
1 1 1 1 1 0 1 1 1 1 0 0 1 1 1 1 1 1 0 1 0 0 1 0 1 0 0 0 1 1 
1 0 0 0 0 1 1 1 1 0 1 1 1 0 1 1 1 0 1 1 1 1 1 1 1 1 0 0 1 0 
0 0 0 1 0 1 0 0 1 1 1 1 1 0 0 1 1 1 1 0 1 0 1 1 1 1 1 1 0 1 
1 1 1 1 1 1 0 1 0 1 1 1 0 0 1 1 1 1 1 0 1 1 0 1 1 0 1 0 1 0 

0 0 0 10 0 0 0 0 0 0 0 0 0 0 0 0 0 0 0 0 0 0 0 25 0 0 0 0 5 0 
16 0 0 8 25 0 0 0 22 5 0 0 0 20 0 3 0 7 0 0 0 17 0 0 0 0 0 0 0 0 
0 0 0 0 0 14 10 0 0 0 17 0 0 0 7 0 0 0 0 0 0 0 0 0 10 17 7 2 6 0 
0 0 0 0 0 0 0 0 0 0 3 0 0 0 0 0 0 0 0 0 0 0 0 3 20 0 0 0 24 0 
0 0 0 4 0 0 0 0 0 0 0 25 0 0 0 0 0 0 12 27 0 5 14 0 0 0 0 0 11 23 
0 28 0 0 0 0 20 18 0 0 0 0 0 0 0 0 0 0 0 0 0 0 0 3 0 0 0 0 0 10 
0 0 0 0 0 0 0 19 0 11 0 0 0 24 0 0 0 0 0 18 0 0 0 15 0 0 0 0 25 0 
6 0 0 0 0 26 17 0 0 0 0 0 0 26 0 16 0 0 0 10 22 0 0 0 0 0 4 0 0 0 
0 0 0 0 0 0 0 0 0 3 0 0 0 0 0 0 0 0 0 0 0 25 24 0 0 8 26 0 0 0 
0 0 0 0 0 0 0 0 0 0 0 27 0 0 0 18 0 0 0 26 0 0 0 0 9 26 0 0 0 0 
0 22 0 0 0 0 17 13 10 0 0 0 0 2 0 0 0 0 0 0 0 24 3 0 0 26 0 9 0 0 
0 0 0 0 8 0 0 0 0 0 0 0 0 4 0 0 4 0 0 22 0 0 0 0 1 4 0 0 0 18 
0 0 0 18 7 0 5 0 0 0 0 0 0 0 0 11 22 15 0 0 0 22 0 18 0 16 0 12 0 0 
0 0 0 0 0 4 0 0 0 0 0 0 0 0 0 12 0 0 0 0 20 0 0 0 0 0 17 12 22 0 
0 0 0 1 0 20 0 12 0 0 0 26 0 0 0 0 0 0 16 0 0 0 0 0 0 0 15 0 22 0 
0 0 7 0 11 20 0 0 0 0 0 0 21 0 0 0 2 0 0 0 0 0 0 1 0 0 0 11 0 0 
0 0 0 0 0 0 0 3 0 0 0 24 8 0 0 0 0 0 0 0 0 0 0 0 0 0 0 0 0 15 
0 7 16 0 0 0 0 0 0 5 0 0 0 0 0 0 0 0 0 9 0 0 0 0 0 20 0 0 0 0 
0 0 6 0 0 0 0 0 0 0 0 0 1 0 0 0 0 0 0 0 0 25 0 0 0 0 0 0 0 0 
0 0 13 0 0 0 23 5 0 0 0 0 0 0 0 0 0 0 0 0 0 2 0 0 0 0 0 23 0 0 
0 0 0 0 0 0 0 0 0 0 0 0 7 0 0 0 15 0 18 0 0 20 0 0 0 26 0 0 0 0 
0 0 22 0 0 0 0 0 0 0 0 6 18 7 0 0 24 0 0 0 0 0 0 0 0 0 0 13 0 13 
0 23 0 0 0 0 0 0 0 0 0 0 0 0 0 0 0 0 0 0 0 5 0 0 0 0 0 7 0 20 
0 0 0 0 0 0 0 0 16 0 0 21 13 21 2 11 0 0 0 29 0 0 0 0 0 0 0 0 0 0 
0 0 0 0 0 0 0 0 0 0 0 0 2 0 0 0 0 0 0 9 0 0 0 0 0 9 0 0 0 0 
0 0 0 0 0 0 0 0 0 0 17 0 17 24 0 0 0 0 0 0 13 0 0 0 18 0 0 0 0 0 
0 7 0 19 0 0 0 0 17 0 0 0 1 20 0 3 0 0 0 0 0 0 0 0 0 0 0 0 9 0 
0 0 0 0 0 17 18 0 0 0 0 0 1 0 0 21 26 0 25 0 0 0 5 0 0 0 0 0 0 1 
0 0 15 0 0 0 0 17 0 0 0 27 0 0 21 0 0 3 20 18 0 0 0 0 0 0 13 7 0 0 
0 10 0 0 0 0 0 25 0 0 0 0 0 0 0 0 0 0 19 0 0 0 0 0 0 0 5 10 0 0 
