30

0 0 1 1 0 0 1 1 1 0 0 1 0 1 1 1 1 1 0 1 1 0 1 1 1 1 1 1 1 1 
0 0 1 1 1 0 1 1 0 0 1 0 0 1 1 0 0 1 1 1 1 1 1 0 1 1 1 1 1 1 
1 1 0 1 1 1 0 1 1 0 0 1 0 1 1 1 0 1 1 1 1 0 1 1 1 1 1 1 0 0 
1 1 1 0 1 1 1 1 1 1 0 0 1 0 1 1 1 1 1 1 1 1 1 1 1 1 1 1 1 1 
0 1 1 1 0 1 1 1 1 1 1 1 1 1 1 1 1 0 1 1 0 1 0 1 1 0 0 0 1 1 
0 0 1 1 1 0 1 1 1 0 1 1 1 1 0 1 1 1 1 1 1 0 1 1 1 1 1 1 1 1 
1 1 0 1 1 1 0 0 0 0 1 0 0 0 0 1 0 1 1 1 1 1 0 1 0 1 1 1 0 1 
1 1 1 1 1 1 0 0 1 0 1 1 0 1 0 1 0 1 1 0 1 1 1 0 1 1 1 1 1 0 
1 0 1 1 1 1 0 1 0 1 1 1 1 0 1 1 1 1 1 1 0 1 1 1 0 1 1 1 1 1 
0 0 0 1 1 0 0 0 1 0 1 1 1 1 1 1 0 1 1 1 1 0 1 1 1 1 0 1 1 1 
0 1 0 0 1 1 1 1 1 1 0 1 0 1 0 0 0 0 1 1 1 0 1 1 1 1 1 1 0 1 
1 0 1 0 1 1 0 1 1 1 1 0 1 1 1 1 1 1 0 1 0 1 0 0 1 0 1 0 1 1 
0 0 0 1 1 1 0 0 1 1 0 1 0 1 1 0 1 0 1 1 0 1 1 0 0 0 1 1 1 1 
1 1 1 0 1 1 0 1 0 1 1 1 1 0 0 1 1 1 1 1 0 1 1 1 0 1 0 1 1 0 
1 1 1 1 1 0 0 0 1 1 0 1 1 0 0 0 1 1 1 1 0 1 1 1 1 0 1 1 1 1 
1 0 1 1 1 1 1 1 1 1 0 1 0 1 0 0 1 0 1 0 0 0 1 1 1 0 1 1 1 1 
1 0 0 1 1 1 0 0 1 0 0 1 1 1 1 1 0 1 0 1 1 1 0 1 0 0 1 1 1 0 
1 1 1 1 0 1 1 1 1 1 0 1 0 1 1 0 1 0 1 1 0 0 1 1 1 1 1 1 1 1 
0 1 1 1 1 1 1 1 1 1 1 0 1 1 1 1 0 1 0 1 1 0 1 0 1 1 0 0 1 1 
1 1 1 1 1 1 1 0 1 1 1 1 1 1 1 0 1 1 1 0 1 0 0 1 1 1 1 1 0 1 
1 1 1 1 0 1 1 1 0 1 1 0 0 0 0 0 1 0 1 1 0 1 1 0 0 1 0 0 1 1 
0 1 0 1 1 0 1 1 1 0 0 1 1 1 1 0 1 0 0 0 1 0 1 1 1 0 1 0 1 1 
1 1 1 1 0 1 0 1 1 1 1 0 1 1 1 1 0 1 1 0 1 1 0 0 1 1 0 1 0 1 
1 0 1 1 1 1 1 0 1 1 1 0 0 1 1 1 1 1 0 1 0 1 0 0 0 0 0 1 1 1 
1 1 1 1 1 1 0 1 0 1 1 1 0 0 1 1 0 1 1 1 0 1 1 0 0 1 1 1 1 1 
1 1 1 1 0 1 1 1 1 1 1 0 0 1 0 0 0 1 1 1 1 0 1 0 1 0 1 0 0 1 
1 1 1 1 0 1 1 1 1 0 1 1 1 0 1 1 1 1 0 1 0 1 0 0 1 1 0 0 1 0 
1 1 1 1 0 1 1 1 1 1 1 0 1 1 1 1 1 1 0 1 0 0 1 1 1 0 0 0 0 1 
1 1 0 1 1 1 0 1 1 1 0 1 1 1 1 1 1 1 1 0 1 1 0 1 1 0 1 0 0 1 
1 1 0 1 1 1 1 0 1 1 1 1 1 0 1 1 0 1 1 1 1 1 1 1 1 1 0 1 1 0 

0 0 8 17 8 0 0 0 0 0 0 0 0 0 10 0 0 0 0 14 0 0 15 4 10 0 0 17 0 0 
0 0 0 0 0 0 0 0 12 0 0 0 8 5 0 8 0 0 0 0 0 0 0 0 0 0 0 0 0 0 
0 0 0 2 14 0 0 0 0 0 0 11 0 0 11 1 0 1 0 0 0 0 0 0 0 0 4 0 0 0 
0 0 0 0 0 0 9 0 17 11 0 0 0 14 0 0 7 0 0 0 0 0 0 0 2 0 0 13 0 6 
4 0 14 0 0 0 0 0 0 0 0 0 0 0 0 0 0 0 0 0 0 0 0 0 0 0 0 0 0 0 
0 0 0 0 8 0 0 0 0 16 0 0 0 0 0 0 0 4 0 0 0 0 0 0 0 4 0 0 12 0 
0 0 12 14 0 0 0 0 0 0 0 0 0 0 0 0 0 0 0 0 0 0 0 0 0 0 0 0 0 0 
0 6 0 12 0 10 0 0 0 9 0 0 13 10 0 7 0 0 0 0 11 0 0 0 0 17 0 8 3 0 
15 0 0 2 0 0 0 0 0 2 12 0 0 0 7 0 0 0 0 0 0 0 0 0 0 0 0 0 0 0 
7 7 0 0 6 6 0 0 12 0 0 0 0 0 12 13 0 0 0 0 0 0 0 0 0 7 14 0 0 11 
0 0 0 0 8 0 0 0 0 0 0 0 0 0 0 0 0 0 14 0 0 13 0 0 15 0 1 0 17 0 
0 0 0 0 0 0 4 0 0 0 0 0 0 0 17 0 0 8 0 0 0 10 0 0 0 9 2 12 0 0 
0 15 8 0 15 0 3 0 0 0 0 0 0 0 0 0 17 0 0 0 14 0 0 0 0 4 0 0 0 0 
0 0 0 0 0 11 0 10 0 11 0 13 0 0 11 0 0 13 0 0 0 0 0 0 0 0 0 0 17 0 
0 0 13 0 17 0 0 0 0 0 11 0 0 0 0 0 10 0 0 0 0 0 14 0 0 16 0 0 0 0 
0 0 0 0 0 0 0 0 0 0 0 0 0 0 0 0 0 0 0 0 6 0 0 0 7 0 0 0 0 1 
0 0 0 2 0 0 8 0 0 0 0 4 0 9 0 0 0 0 10 0 0 0 0 0 0 0 0 0 0 0 
0 0 0 0 0 0 0 7 0 0 0 0 0 0 0 2 0 0 11 0 3 8 0 17 0 0 0 0 14 0 
0 0 0 17 0 0 0 0 0 0 0 0 0 0 16 3 3 0 0 0 0 0 0 0 0 18 0 0 0 0 
0 0 0 10 0 0 0 0 0 0 0 11 0 0 0 0 12 0 0 0 0 0 0 0 0 0 0 10 0 0 
0 2 0 0 0 0 0 0 0 0 0 0 0 0 0 0 0 0 0 0 0 0 17 0 0 0 0 8 5 0 
0 0 0 0 0 0 6 0 0 0 0 9 0 0 0 7 0 0 0 0 2 0 0 0 0 0 14 0 0 0 
0 0 17 0 0 0 0 0 10 0 7 0 0 0 0 0 0 4 0 16 0 14 0 0 0 11 0 0 0 0 
0 6 0 0 0 0 7 0 15 0 0 0 0 0 13 11 0 0 0 0 0 4 0 0 0 0 0 0 0 0 
0 0 0 0 0 0 3 0 0 0 12 0 0 0 0 0 0 0 0 0 6 0 0 5 0 3 0 0 0 5 
15 0 0 0 17 0 0 3 14 4 0 0 0 0 0 0 0 0 0 0 0 4 0 0 14 0 0 0 0 0 
3 0 18 0 0 0 0 0 0 0 0 0 0 13 5 2 6 0 0 0 0 0 0 0 0 0 0 15 1 1 
0 0 0 0 0 0 0 0 0 11 0 0 0 0 0 0 1 0 0 0 16 0 0 0 0 0 15 0 2 0 
10 0 0 11 0 0 0 4 0 0 0 0 13 0 0 0 0 0 0 0 0 0 6 4 0 0 10 0 0 5 
0 0 0 15 0 0 0 9 8 6 0 0 5 0 3 0 0 14 0 0 0 16 0 0 0 3 11 0 0 0 
