30

0 1 1 0 1 0 1 1 1 1 0 0 1 0 0 1 1 1 0 1 0 1 1 1 1 1 1 0 1 1 
1 0 1 1 1 1 1 0 1 1 1 1 1 1 1 1 1 1 0 1 1 1 1 1 0 1 1 0 1 0 
1 1 0 1 0 1 1 0 1 0 1 1 1 1 1 1 1 1 1 0 1 0 1 1 1 1 1 1 1 1 
0 1 1 0 0 1 1 1 0 1 1 1 1 1 1 1 0 1 1 1 1 1 0 1 1 0 1 1 0 1 
1 1 0 0 0 1 1 1 1 1 1 1 1 1 1 1 1 1 1 1 1 1 1 1 1 1 1 1 1 1 
0 1 1 1 1 0 1 1 1 1 0 0 0 1 0 1 1 0 1 1 1 1 1 1 1 0 1 0 1 1 
1 1 1 1 1 1 0 0 1 1 1 1 1 1 1 0 0 1 0 1 0 0 1 0 0 1 1 1 1 0 
1 0 0 1 1 1 0 0 1 1 1 1 1 1 1 0 1 1 1 1 1 0 1 0 1 1 1 1 1 1 
1 1 1 0 1 1 1 1 0 1 0 1 1 0 1 1 1 1 1 1 1 1 0 1 0 1 1 1 1 1 
1 1 0 1 1 1 1 1 1 0 0 1 1 1 1 1 1 1 1 1 1 0 1 1 1 1 1 1 0 0 
0 1 1 1 1 0 1 1 0 0 0 1 1 0 1 0 1 1 1 1 1 1 1 1 1 1 1 1 1 0 
0 1 1 1 1 0 1 1 1 1 1 0 1 1 1 1 1 1 1 1 1 1 1 1 1 1 1 1 1 1 
1 1 1 1 1 0 1 1 1 1 1 1 0 1 0 1 1 0 0 1 1 1 1 0 1 1 1 1 1 1 
0 1 1 1 1 1 1 1 0 1 0 1 1 0 0 1 1 1 1 0 0 1 1 1 1 0 0 1 0 1 
0 1 1 1 1 0 1 1 1 1 1 1 0 0 0 1 1 0 1 1 1 1 1 0 1 1 1 1 1 1 
1 1 1 1 1 1 0 0 1 1 0 1 1 1 1 0 1 1 0 1 1 1 1 0 0 1 1 1 1 1 
1 1 1 0 1 1 0 1 1 1 1 1 1 1 1 1 0 1 1 1 1 1 1 1 1 0 1 1 1 1 
1 1 1 1 1 0 1 1 1 1 1 1 0 1 0 1 1 0 1 1 1 1 0 1 1 1 1 1 1 0 
0 0 1 1 1 1 0 1 1 1 1 1 0 1 1 0 1 1 0 1 1 1 0 1 1 1 1 1 1 0 
1 1 0 1 1 1 1 1 1 1 1 1 1 0 1 1 1 1 1 0 0 1 1 1 1 1 1 1 1 0 
0 1 1 1 1 1 0 1 1 1 1 1 1 0 1 1 1 1 1 0 0 1 1 1 0 0 1 1 1 1 
1 1 0 1 1 1 0 0 1 0 1 1 1 1 1 1 1 1 1 1 1 0 1 1 1 1 1 1 1 1 
1 1 1 0 1 1 1 1 0 1 1 1 1 1 1 1 1 0 0 1 1 1 0 1 0 1 0 1 1 1 
1 1 1 1 1 1 0 0 1 1 1 1 0 1 0 0 1 1 1 1 1 1 1 0 1 0 0 1 0 1 
1 0 1 1 1 1 0 1 0 1 1 1 1 1 1 0 1 1 1 1 0 1 0 1 0 1 1 0 0 0 
1 1 1 0 1 0 1 1 1 1 1 1 1 0 1 1 0 1 1 1 0 1 1 0 1 0 0 1 1 1 
1 1 1 1 1 1 1 1 1 1 1 1 1 0 1 1 1 1 1 1 1 1 0 0 1 0 0 1 1 0 
0 0 1 1 1 0 1 1 1 1 1 1 1 1 1 1 1 1 1 1 1 1 1 1 0 1 1 0 1 1 
1 1 1 0 1 1 1 1 1 0 1 1 1 0 1 1 1 1 1 1 1 1 1 0 0 1 1 1 0 1 
1 0 1 1 1 1 0 1 1 0 0 1 1 1 1 1 1 0 0 0 1 1 1 1 0 1 0 1 1 0 

0 0 0 0 0 17 0 0 19 0 0 0 14 0 0 0 0 0 0 0 0 0 0 7 0 0 0 0 0 0 
11 0 0 0 0 12 0 0 15 0 0 0 0 0 0 0 0 0 0 0 0 0 0 0 0 0 3 15 0 0 
18 0 0 0 16 0 2 6 0 0 0 0 4 0 0 0 0 15 0 0 0 0 0 0 0 0 0 0 0 0 
6 7 0 0 16 7 0 0 0 0 0 0 18 3 0 0 0 0 0 0 0 0 0 0 0 0 0 0 0 0 
0 0 0 0 0 0 14 0 0 0 0 0 0 7 0 0 0 7 0 15 0 15 19 18 0 0 3 0 0 2 
0 0 15 0 2 0 0 0 0 0 0 0 0 0 0 0 0 0 0 0 0 0 0 12 0 0 0 0 6 0 
0 0 0 0 0 0 0 0 1 0 0 0 0 0 0 0 0 0 0 0 1 0 0 0 0 0 0 0 0 16 
0 0 0 0 0 0 0 0 0 0 0 0 0 0 0 0 0 0 0 0 0 0 0 0 0 0 7 0 0 0 
0 19 0 0 0 0 2 0 0 0 0 0 15 0 0 0 0 0 0 0 18 0 0 0 1 0 0 0 0 11 
0 0 0 9 0 0 0 0 16 0 0 0 0 0 1 0 0 0 0 0 0 0 0 0 16 17 0 0 0 0 
0 0 0 0 0 0 0 0 12 0 0 0 0 0 0 0 0 0 0 0 0 0 1 0 2 16 18 0 3 0 
0 16 0 0 0 0 0 7 0 0 0 0 5 10 0 0 0 0 0 0 0 0 0 16 0 0 0 0 0 0 
0 0 8 16 0 8 0 0 0 0 14 0 0 2 5 0 0 0 0 0 13 0 0 0 15 0 15 0 13 0 
13 0 0 9 0 0 0 18 0 0 0 0 7 0 0 0 0 17 0 0 0 4 0 0 0 0 13 0 3 0 
17 0 0 0 18 0 0 0 0 14 0 0 0 2 0 0 0 0 0 0 0 0 0 0 0 0 0 0 0 0 
0 0 0 0 0 0 0 0 0 11 11 0 0 0 10 0 13 0 7 10 0 0 0 0 18 0 0 15 0 0 
14 10 0 0 6 0 0 0 0 0 0 0 0 0 0 0 0 0 0 0 0 0 0 0 8 0 0 0 0 0 
10 0 14 7 16 0 0 0 5 0 0 0 0 0 0 0 0 0 0 0 0 0 0 0 1 16 8 0 13 0 
0 0 0 0 0 18 0 0 0 12 0 7 0 8 0 0 0 0 0 19 0 0 0 0 0 18 0 0 15 0 
0 0 14 0 0 0 0 0 13 0 0 0 0 0 7 16 0 0 0 0 5 1 9 14 8 0 0 0 0 0 
0 2 0 0 0 0 0 0 0 0 17 0 1 0 0 0 0 8 0 0 0 0 0 0 0 0 0 11 0 0 
0 18 0 0 10 0 16 2 0 0 0 0 0 0 0 0 17 0 0 0 0 0 0 0 0 18 0 0 18 0 
0 0 0 0 0 0 13 0 0 0 0 0 0 0 0 0 11 0 0 0 0 0 0 0 0 0 0 11 0 0 
0 0 0 12 0 0 0 0 0 4 0 0 0 0 0 17 0 0 0 0 0 0 0 0 5 6 0 4 0 0 
0 11 0 0 0 0 0 0 0 0 0 0 0 7 0 0 0 0 0 0 0 0 0 0 0 4 7 0 0 0 
9 6 0 0 0 9 5 8 0 0 0 0 0 0 0 18 8 0 0 0 0 0 0 0 0 0 1 0 0 0 
0 10 0 18 1 0 3 0 0 0 0 9 0 0 0 3 0 0 0 8 11 0 0 0 0 0 0 0 0 0 
0 0 0 0 0 0 2 0 0 0 0 0 0 0 0 0 0 0 0 0 0 9 0 17 0 0 0 0 0 0 
0 0 0 0 0 11 0 9 0 0 0 0 18 0 0 0 0 0 0 0 0 0 0 0 0 0 0 0 0 0 
4 0 0 0 0 0 0 0 0 16 0 0 0 0 0 0 0 0 0 0 0 0 0 0 4 0 0 0 0 0 
