30

0 0 0 0 0 1 0 1 0 0 0 0 1 0 0 0 0 0 0 0 1 0 0 0 0 0 1 1 0 0 
0 0 0 0 0 0 0 0 0 0 0 0 0 1 1 0 0 0 0 0 0 1 0 0 0 1 0 0 0 0 
0 0 0 0 0 0 0 1 0 0 0 0 0 0 1 0 0 1 0 0 0 0 0 1 0 0 0 1 0 0 
0 0 0 0 0 0 1 0 0 0 1 0 0 0 0 0 0 0 1 0 0 0 0 1 1 0 0 1 0 0 
0 0 0 0 0 0 0 0 0 0 1 0 0 0 0 0 0 0 0 0 1 0 0 1 0 0 0 1 1 0 
1 0 0 0 0 0 0 0 0 0 0 0 1 0 1 0 0 1 0 0 0 0 0 1 1 1 0 1 1 0 
0 0 0 1 0 0 0 0 0 1 0 0 0 0 1 0 0 0 0 0 0 0 0 1 0 0 0 1 0 0 
1 0 1 0 0 0 0 0 0 0 0 0 1 0 0 1 0 0 0 0 0 0 0 0 1 0 0 0 0 0 
0 0 0 0 0 0 0 0 0 1 1 0 0 0 0 0 0 0 0 0 0 0 0 0 0 1 0 1 0 0 
0 0 0 0 0 0 1 0 1 0 0 0 1 0 0 0 1 0 0 1 0 0 0 1 0 1 0 0 0 0 
0 0 0 1 1 0 0 0 1 0 0 1 0 0 0 0 0 0 1 0 0 0 0 0 0 0 0 0 0 0 
0 0 0 0 0 0 0 0 0 0 1 0 0 0 0 0 0 0 0 0 0 1 0 0 0 0 0 0 0 0 
1 0 0 0 0 1 0 1 0 1 0 0 0 1 0 0 0 0 0 0 0 0 0 0 0 1 0 0 1 0 
0 1 0 0 0 0 0 0 0 0 0 0 1 0 0 0 1 0 0 0 0 0 1 1 0 0 0 0 0 0 
0 1 1 0 0 1 1 0 0 0 0 0 0 0 0 0 0 0 0 0 1 1 0 1 0 0 1 0 0 0 
0 0 0 0 0 0 0 1 0 0 0 0 0 0 0 0 0 1 0 0 0 0 0 0 0 0 0 1 0 0 
0 0 0 0 0 0 0 0 0 1 0 0 0 1 0 0 0 0 0 0 0 0 0 1 0 0 0 0 0 0 
0 0 1 0 0 1 0 0 0 0 0 0 0 0 0 1 0 0 0 0 0 0 0 1 1 0 0 0 0 0 
0 0 0 1 0 0 0 0 0 0 1 0 0 0 0 0 0 0 0 0 0 0 0 0 0 1 0 1 0 1 
0 0 0 0 0 0 0 0 0 1 0 0 0 0 0 0 0 0 0 0 0 0 0 1 0 1 0 0 0 0 
1 0 0 0 1 0 0 0 0 0 0 0 0 0 1 0 0 0 0 0 0 0 1 1 0 1 1 0 0 1 
0 1 0 0 0 0 0 0 0 0 0 1 0 0 1 0 0 0 0 0 0 0 0 0 1 0 0 0 1 0 
0 0 0 0 0 0 0 0 0 0 0 0 0 1 0 0 0 0 0 0 1 0 0 0 0 0 0 1 0 0 
0 0 1 1 1 1 1 0 0 1 0 0 0 1 1 0 1 1 0 1 1 0 0 0 0 0 0 0 0 0 
0 0 0 1 0 1 0 1 0 0 0 0 0 0 0 0 0 1 0 0 0 1 0 0 0 0 1 0 0 0 
0 1 0 0 0 1 0 0 1 1 0 0 1 0 0 0 0 0 1 1 1 0 0 0 0 0 0 0 0 0 
1 0 0 0 0 0 0 0 0 0 0 0 0 0 1 0 0 0 0 0 1 0 0 0 1 0 0 0 0 0 
1 0 1 1 1 1 1 0 1 0 0 0 0 0 0 1 0 0 1 0 0 0 1 0 0 0 0 0 1 0 
0 0 0 0 1 1 0 0 0 0 0 0 1 0 0 0 0 0 0 0 0 1 0 0 0 0 0 1 0 0 
0 0 0 0 0 0 0 0 0 0 0 0 0 0 0 0 0 0 1 0 1 0 0 0 0 0 0 0 0 0 

0 14 0 0 21 0 26 0 0 0 13 4 0 0 0 8 0 0 0 0 0 0 0 0 0 0 0 17 0 23 
0 0 0 0 0 13 0 0 0 0 25 1 3 0 0 0 0 0 2 21 19 20 0 0 13 0 0 0 0 0 
0 0 0 0 0 19 0 0 0 0 0 10 3 19 16 23 0 0 0 0 0 2 0 12 0 0 26 0 0 0 
0 0 5 0 0 0 11 0 0 0 0 0 0 0 0 0 14 0 0 0 20 0 0 10 0 0 0 0 0 0 
0 0 0 0 0 0 0 5 10 24 19 0 0 0 14 0 0 0 14 0 13 22 0 0 22 0 0 0 0 14 
0 25 0 0 0 0 0 0 8 16 0 0 0 0 0 12 0 0 21 0 0 10 4 0 1 0 0 0 0 0 
0 0 0 0 0 0 0 0 0 0 0 0 0 0 0 0 0 5 0 0 0 0 0 0 0 0 0 0 0 0 
11 0 0 0 0 0 0 0 0 0 0 16 11 0 0 0 17 11 0 0 0 0 0 0 0 0 0 0 0 0 
0 14 21 0 0 0 0 0 0 0 24 0 0 0 0 0 0 0 3 0 0 0 0 0 0 10 0 0 0 0 
0 0 0 16 0 0 15 6 0 0 0 0 0 0 0 0 0 0 0 0 0 0 0 0 0 0 0 0 0 20 
0 0 0 0 0 0 0 2 0 0 0 0 0 9 0 0 0 13 13 0 10 0 0 0 0 0 0 0 0 0 
0 0 0 0 0 0 0 0 11 0 0 0 0 0 0 12 0 26 4 0 19 0 0 0 0 0 0 6 0 8 
0 0 0 19 0 0 0 0 16 17 0 0 0 0 0 23 0 0 0 0 0 4 0 0 0 0 0 0 0 0 
6 0 0 19 0 15 0 0 0 0 0 3 0 0 0 0 0 0 22 0 0 0 0 0 0 0 0 0 0 14 
0 20 0 0 18 0 0 20 26 0 0 0 1 0 0 0 0 0 0 0 0 0 0 0 0 0 0 0 0 0 
25 0 0 0 0 0 0 0 0 0 0 0 0 0 12 0 0 0 0 0 0 0 0 0 0 0 0 0 0 0 
21 0 0 0 23 0 0 25 0 0 0 0 0 0 0 0 0 0 0 0 0 0 0 0 0 0 0 0 22 0 
0 0 0 0 0 0 0 0 21 0 0 0 22 24 0 0 0 0 0 3 7 0 0 0 0 9 0 0 0 0 
0 0 3 2 0 6 0 14 0 0 0 0 0 0 0 0 0 0 0 0 0 0 0 0 0 0 0 6 21 0 
0 0 0 0 0 0 0 0 0 0 0 21 21 0 17 0 0 0 0 0 0 0 0 0 0 0 0 9 0 0 
0 0 22 0 0 0 9 0 22 0 0 0 23 27 0 0 0 0 0 0 0 0 0 0 0 0 0 0 21 0 
18 0 0 0 0 0 16 0 0 0 0 0 0 0 0 0 6 0 0 0 0 0 0 12 0 0 0 0 0 0 
4 0 0 0 0 8 0 25 0 0 0 0 0 0 0 0 22 0 0 0 0 0 0 8 0 0 0 0 0 0 
10 0 0 0 0 0 3 24 0 26 0 0 0 13 16 3 1 0 12 0 11 19 0 0 24 0 15 0 0 7 
0 0 14 2 0 23 9 0 5 0 0 0 0 0 0 0 5 0 0 9 0 0 23 27 0 0 23 23 0 0 
0 0 11 0 0 0 0 0 0 0 3 0 0 0 0 0 13 0 0 0 0 26 10 0 0 0 0 0 24 0 
9 2 0 0 0 0 0 4 0 0 0 0 0 14 23 0 0 0 0 0 0 0 0 2 0 0 0 27 0 0 
0 0 0 0 0 24 0 0 0 0 0 0 0 0 24 2 0 0 0 0 0 0 0 0 0 0 21 0 0 0 
0 0 0 0 20 0 0 0 0 0 0 0 0 0 0 0 0 28 0 0 20 0 0 0 1 7 0 0 0 0 
10 23 20 0 0 0 0 0 0 4 0 17 0 0 0 13 2 0 0 0 0 0 0 17 0 0 0 2 0 0 
