30

0 0 1 1 0 0 1 0 0 0 0 0 1 1 0 0 0 0 0 0 0 0 1 1 0 0 1 1 1 1 
0 0 0 0 0 0 1 0 1 0 1 0 0 0 1 1 1 0 0 0 0 0 0 0 1 1 0 0 0 0 
1 0 0 1 1 1 0 0 0 0 1 1 0 1 0 0 1 0 1 1 0 0 0 0 0 0 0 0 0 1 
1 0 1 0 1 0 0 1 0 0 0 0 0 0 0 1 0 0 0 1 0 0 0 0 1 1 1 1 0 0 
0 0 1 1 0 1 1 0 0 0 1 0 0 0 0 0 1 0 1 0 0 1 1 0 0 1 0 0 0 0 
0 0 1 0 1 0 0 1 0 0 0 0 1 0 0 1 0 1 1 0 0 1 0 1 1 1 1 1 1 0 
1 1 0 0 1 0 0 0 0 1 0 0 0 1 0 0 0 0 1 0 0 0 0 1 1 1 0 0 0 1 
0 0 0 1 0 1 0 0 1 0 0 0 0 0 0 1 1 0 1 0 1 0 0 0 1 0 0 0 0 0 
0 1 0 0 0 0 0 1 0 0 1 1 0 1 0 0 0 0 1 0 1 0 0 0 1 1 1 0 1 0 
0 0 0 0 0 0 1 0 0 0 0 0 0 1 0 0 0 0 0 0 0 0 1 0 0 1 0 1 0 0 
0 1 1 0 1 0 0 0 1 0 0 0 0 0 1 0 1 0 0 0 0 0 0 0 0 0 0 0 0 0 
0 0 1 0 0 0 0 0 1 0 0 0 0 0 0 1 1 0 0 0 0 0 1 1 0 0 1 0 1 0 
1 0 0 0 0 1 0 0 0 0 0 0 0 1 1 0 1 0 0 0 1 1 0 0 0 0 0 0 1 0 
1 0 1 0 0 0 1 0 1 1 0 0 1 0 0 0 0 1 0 0 0 0 1 0 0 1 0 0 0 1 
0 1 0 0 0 0 0 0 0 0 1 0 1 0 0 0 0 0 1 0 0 1 1 1 1 1 1 0 1 0 
0 1 0 1 0 1 0 1 0 0 0 1 0 0 0 0 1 0 0 1 0 0 1 1 0 1 0 0 1 1 
0 1 1 0 1 0 0 1 0 0 1 1 1 0 0 1 0 1 0 0 1 0 0 0 0 1 0 0 0 0 
0 0 0 0 0 1 0 0 0 0 0 0 0 1 0 0 1 0 0 0 0 0 0 1 1 0 0 1 1 0 
0 0 1 0 1 1 1 1 1 0 0 0 0 0 1 0 0 0 0 0 0 0 0 0 1 0 1 1 1 0 
0 0 1 1 0 0 0 0 0 0 0 0 0 0 0 1 0 0 0 0 0 1 0 0 0 0 0 1 1 0 
0 0 0 0 0 0 0 1 1 0 0 0 1 0 0 0 1 0 0 0 0 1 0 0 1 1 0 0 0 1 
0 0 0 0 1 1 0 0 0 0 0 0 1 0 1 0 0 0 0 1 1 0 0 0 0 0 1 1 0 1 
1 0 0 0 1 0 0 0 0 1 0 1 0 1 1 1 0 0 0 0 0 0 0 0 0 1 0 0 0 0 
1 0 0 0 0 1 1 0 0 0 0 1 0 0 1 1 0 1 0 0 0 0 0 0 0 1 0 0 0 1 
0 1 0 1 0 1 1 1 1 0 0 0 0 0 1 0 0 1 1 0 1 0 0 0 0 1 0 0 0 0 
0 1 0 1 1 1 1 0 1 1 0 0 0 1 1 1 1 0 0 0 1 0 1 1 1 0 0 1 0 0 
1 0 0 1 0 1 0 0 1 0 0 1 0 0 1 0 0 0 1 0 0 1 0 0 0 0 0 0 0 0 
1 0 0 1 0 1 0 0 0 1 0 0 0 0 0 0 0 1 1 1 0 1 0 0 0 1 0 0 0 0 
1 0 0 0 0 1 0 0 1 0 0 1 1 0 1 1 0 1 1 1 0 0 0 0 0 0 0 0 0 0 
1 0 1 0 0 0 1 0 0 0 0 0 0 1 0 1 0 0 0 0 1 1 0 1 0 0 0 0 0 0 

0 0 0 0 0 0 5 20 21 0 4 13 0 0 5 0 0 0 0 0 0 1 0 0 0 0 0 0 0 0 
1 0 0 0 4 0 0 0 0 5 0 0 0 17 6 0 0 0 0 0 0 0 0 1 2 0 0 0 1 0 
0 0 0 0 0 9 0 3 0 0 0 0 0 0 0 0 0 0 0 0 0 0 0 0 14 9 0 8 0 0 
0 19 0 0 0 0 0 0 0 0 0 18 4 0 15 3 0 0 0 0 17 0 0 0 16 0 0 8 0 0 
0 0 0 0 0 0 0 0 0 0 0 0 0 0 1 0 0 0 0 0 0 0 6 0 11 3 4 18 10 0 
0 0 0 0 4 0 0 0 0 0 0 0 0 0 0 0 0 0 0 0 0 0 0 0 0 7 0 0 6 0 
0 0 1 0 0 0 0 0 0 0 0 0 0 0 0 0 0 0 0 0 0 0 0 3 1 14 0 0 19 0 
0 0 18 0 0 0 0 0 0 9 0 0 0 0 6 0 0 0 0 16 0 0 0 3 19 0 0 0 0 0 
17 1 0 0 20 0 9 0 0 0 0 0 9 0 14 0 0 0 0 0 0 0 0 0 0 0 0 0 0 9 
0 0 0 0 0 0 1 0 0 0 0 0 7 0 0 0 0 0 0 0 0 6 11 0 0 0 0 11 0 0 
0 0 0 0 0 0 3 0 15 0 0 0 0 14 10 0 0 17 0 0 0 0 0 21 0 0 0 0 0 0 
0 0 0 0 0 0 18 0 0 0 0 0 0 0 0 0 0 7 0 0 0 0 0 0 0 0 0 0 0 0 
0 0 0 10 0 0 0 10 0 0 0 10 0 0 0 15 0 0 0 0 0 0 0 0 0 0 18 0 15 0 
0 2 0 0 17 0 0 0 0 0 0 3 0 0 0 11 0 5 0 0 0 0 0 0 20 0 0 0 17 0 
0 0 0 0 0 0 0 0 5 0 11 9 0 0 0 0 19 0 0 0 0 0 14 0 0 0 0 0 3 12 
0 0 19 0 0 0 0 0 0 16 0 0 2 0 0 0 0 0 0 0 0 0 0 0 15 0 0 0 0 13 
0 0 0 0 0 0 0 0 0 0 0 0 11 17 0 0 0 7 0 0 0 17 0 0 0 11 0 0 0 0 
0 12 0 0 0 9 0 0 0 0 0 0 0 16 16 0 10 0 0 0 0 0 0 0 0 0 3 4 0 0 
0 0 0 0 0 0 15 0 0 0 0 0 0 16 0 0 4 0 0 1 0 0 0 0 3 13 0 0 0 0 
10 0 0 0 0 0 0 0 0 0 8 9 0 0 0 0 18 0 0 0 0 0 18 0 0 0 0 0 0 16 
0 0 0 0 0 17 12 0 5 0 0 0 0 0 17 0 0 0 10 0 0 0 0 0 0 11 0 0 0 0 
0 0 0 0 0 0 0 0 0 0 0 0 0 0 0 0 0 0 3 0 6 0 0 1 0 12 4 0 0 0 
13 0 0 0 0 0 0 18 0 0 0 0 0 7 0 0 0 0 13 0 0 0 0 14 0 0 0 6 0 0 
13 0 0 14 0 0 0 0 0 0 2 0 0 0 0 0 0 0 13 0 0 0 0 0 16 0 0 0 0 0 
0 0 0 0 0 0 0 0 0 0 0 6 0 0 0 0 10 0 0 0 0 6 0 0 0 0 0 0 0 0 
0 0 0 0 0 0 0 0 0 0 13 0 0 0 6 0 6 0 0 0 0 0 4 0 0 0 0 0 0 0 
0 0 0 19 11 0 16 0 0 0 0 0 2 0 0 0 0 0 0 10 0 0 2 0 11 0 0 0 18 0 
0 0 0 13 0 0 3 9 0 6 11 0 0 0 0 0 0 0 0 0 0 0 0 14 0 0 0 0 14 0 
7 0 0 0 8 0 0 0 0 0 12 0 0 0 0 0 0 0 0 4 0 0 0 0 5 0 0 0 0 0 
0 0 0 0 0 0 19 4 0 0 4 0 0 4 0 5 0 0 10 0 0 18 0 0 0 0 0 0 0 0 
