30

0 0 0 0 0 0 0 0 0 0 1 0 0 0 0 0 1 0 0 0 0 1 0 1 1 1 1 0 1 0 
0 0 0 1 0 0 1 0 1 1 1 0 1 1 1 0 0 1 0 0 1 0 0 0 1 1 1 0 0 0 
0 0 0 0 1 0 1 0 0 0 1 0 0 0 0 1 0 1 0 0 1 0 0 1 0 0 1 0 0 0 
0 1 0 0 0 1 0 1 0 0 0 1 1 1 0 0 0 1 0 0 0 0 0 0 0 0 1 0 0 0 
0 0 1 0 0 1 0 0 0 1 0 0 1 0 0 1 0 0 1 1 1 1 0 0 0 0 0 0 0 1 
0 0 0 1 1 0 0 1 1 0 0 0 1 1 0 1 0 0 0 1 1 1 0 1 1 0 0 1 0 0 
0 1 1 0 0 0 0 0 0 0 1 0 0 0 0 1 1 1 0 1 0 0 0 1 0 0 1 0 0 1 
0 0 0 1 0 1 0 0 0 1 0 1 1 1 0 0 1 0 1 0 0 1 1 0 0 1 0 1 0 1 
0 1 0 0 0 1 0 0 0 1 0 1 1 0 0 1 0 0 0 0 1 0 1 0 0 0 1 0 0 1 
0 1 0 0 1 0 0 1 1 0 1 0 0 1 0 0 0 1 1 0 0 0 1 0 0 0 1 1 0 0 
1 1 1 0 0 0 1 0 0 1 0 1 1 0 0 0 0 1 1 0 1 1 1 1 0 1 0 0 1 0 
0 0 0 1 0 0 0 1 1 0 1 0 1 0 1 0 1 1 1 0 0 0 1 1 1 1 0 0 1 1 
0 1 0 1 1 1 0 1 1 0 1 1 0 0 1 0 0 0 1 0 0 0 0 0 1 1 1 1 1 0 
0 1 0 1 0 1 0 1 0 1 0 0 0 0 0 0 0 1 0 0 0 0 0 1 1 0 0 0 0 0 
0 1 0 0 0 0 0 0 0 0 0 1 1 0 0 0 0 0 1 0 0 1 0 0 0 1 0 0 0 0 
0 0 1 0 1 1 1 0 1 0 0 0 0 0 0 0 0 0 0 1 1 0 0 0 0 1 1 1 1 0 
1 0 0 0 0 0 1 1 0 0 0 1 0 0 0 0 0 1 0 1 1 0 1 1 0 0 1 0 0 1 
0 1 1 1 0 0 1 0 0 1 1 1 0 1 0 0 1 0 0 1 0 1 0 0 1 0 0 0 1 0 
0 0 0 0 1 0 0 1 0 1 1 1 1 0 1 0 0 0 0 1 0 0 0 0 0 0 0 1 0 0 
0 0 0 0 1 1 1 0 0 0 0 0 0 0 0 1 1 1 1 0 1 0 1 0 1 0 1 0 1 0 
0 1 1 0 1 1 0 0 1 0 1 0 0 0 0 1 1 0 0 1 0 1 1 0 0 0 0 0 1 1 
1 0 0 0 1 1 0 1 0 0 1 0 0 0 1 0 0 1 0 0 1 0 0 0 0 1 1 0 0 0 
0 0 0 0 0 0 0 1 1 1 1 1 0 0 0 0 1 0 0 1 1 0 0 0 1 0 1 0 0 1 
1 0 1 0 0 1 1 0 0 0 1 1 0 1 0 0 1 0 0 0 0 0 0 0 0 1 1 0 0 0 
1 1 0 0 0 1 0 0 0 0 0 1 1 1 0 0 0 1 0 1 0 0 1 0 0 0 1 0 0 0 
1 1 0 0 0 0 0 1 0 0 1 1 1 0 1 1 0 0 0 0 0 1 0 1 0 0 0 0 1 1 
1 1 1 1 0 0 1 0 1 1 0 0 1 0 0 1 1 0 0 1 0 1 1 1 1 0 0 0 0 0 
0 0 0 0 0 1 0 1 0 1 0 0 1 0 0 1 0 0 1 0 0 0 0 0 0 0 0 0 0 0 
1 0 0 0 0 0 0 0 0 0 1 1 1 0 0 1 0 1 0 1 1 0 0 0 0 1 0 0 0 0 
0 0 0 0 1 0 1 1 1 0 0 1 0 0 0 0 1 0 0 0 1 0 1 0 0 1 0 0 0 0 

0 0 0 0 0 0 0 0 0 0 0 0 17 0 0 0 0 5 0 0 12 0 0 0 0 8 1 0 0 0 
0 0 0 0 4 0 0 0 13 0 18 12 0 9 10 0 0 0 0 0 0 0 0 0 0 0 0 0 0 0 
0 11 0 0 9 3 11 0 0 0 0 0 0 0 3 0 15 0 7 6 0 14 0 0 0 7 0 0 0 0 
0 0 0 0 11 0 0 0 0 9 0 0 0 0 0 0 0 0 0 0 1 0 0 0 11 10 0 0 0 0 
1 0 7 0 0 0 0 0 16 0 0 0 0 0 0 0 0 0 0 0 11 0 7 0 0 5 0 0 0 0 
0 0 6 0 0 0 0 0 0 0 0 0 0 0 0 0 0 0 0 0 0 0 0 0 0 0 21 0 0 0 
0 0 0 0 17 2 0 0 0 8 0 0 0 1 7 19 0 0 0 0 0 20 0 0 0 0 13 0 0 7 
3 0 0 0 13 10 0 0 0 0 0 0 16 0 0 0 0 14 0 0 0 0 0 0 0 1 0 0 0 0 
0 0 0 0 0 0 0 0 0 0 0 0 0 0 0 0 0 0 0 0 0 0 0 0 13 0 0 0 0 8 
0 0 3 0 0 0 0 0 0 0 0 17 0 0 0 17 0 4 0 0 0 10 0 0 0 0 0 0 0 0 
0 0 0 2 0 0 1 0 0 0 0 0 0 0 2 0 0 0 0 0 0 0 0 11 0 0 0 20 0 18 
0 0 17 0 10 17 2 0 0 0 0 0 0 1 17 0 14 11 0 0 0 0 0 19 0 20 0 0 0 0 
0 0 0 0 1 4 0 20 0 15 0 0 0 0 0 8 0 0 0 12 0 0 0 0 0 0 0 2 5 0 
0 0 0 0 0 0 0 0 0 0 0 0 0 0 0 0 0 0 6 0 17 5 0 17 0 0 0 0 0 14 
0 0 0 0 0 0 0 0 0 0 0 0 0 1 0 0 0 0 0 0 0 0 0 0 0 0 0 0 15 12 
0 0 0 17 3 0 0 0 0 0 0 0 0 0 0 0 0 0 14 0 9 0 14 0 0 0 0 0 0 0 
0 0 0 15 0 0 17 0 8 0 0 0 0 0 0 0 0 15 0 0 6 0 0 0 0 0 0 0 0 5 
0 0 0 20 0 0 0 7 0 0 1 0 0 0 1 0 0 0 0 0 0 0 0 0 0 0 10 0 0 20 
0 0 23 0 0 0 0 0 0 0 0 0 0 16 0 0 14 0 0 0 0 0 0 0 0 0 0 0 0 0 
0 0 19 0 4 0 6 0 0 0 0 0 0 0 14 0 2 0 0 0 0 0 0 0 0 0 0 0 0 0 
0 0 0 0 0 0 14 0 0 11 0 0 0 0 0 0 0 13 0 0 0 11 5 0 1 0 0 0 0 0 
0 0 0 20 0 14 0 0 0 0 0 0 0 3 0 0 0 0 0 0 9 0 0 0 0 0 0 0 0 0 
10 9 0 0 0 15 0 0 14 2 0 0 0 0 0 0 0 0 0 0 0 0 0 0 0 0 13 0 0 0 
0 12 0 13 0 0 0 0 0 0 0 0 0 0 0 0 0 0 0 0 1 0 1 0 0 0 0 0 0 0 
0 14 3 0 0 0 0 0 0 0 0 0 0 12 0 0 0 14 0 0 0 0 0 0 0 13 0 0 0 0 
0 0 0 0 0 0 0 0 0 9 0 0 0 0 18 0 0 0 0 19 0 0 13 0 0 0 0 11 0 0 
0 0 0 9 0 11 16 0 0 0 0 0 0 0 0 0 0 0 0 0 0 0 0 0 0 17 0 9 0 0 
2 0 0 19 0 15 0 0 0 0 0 0 0 5 0 0 0 0 17 0 10 8 20 3 0 0 3 0 0 0 
0 15 0 2 0 10 12 0 0 0 0 0 0 0 2 0 0 0 5 0 0 16 0 0 0 0 11 0 0 0 
0 0 0 10 6 0 0 0 0 0 0 0 0 0 0 0 0 0 0 0 5 0 0 0 0 0 0 15 0 0 
