30

0 0 0 0 0 0 0 0 0 0 0 0 0 0 0 1 0 0 0 0 0 0 1 0 0 1 0 0 0 0 
0 0 1 0 0 0 1 0 1 0 0 0 0 0 1 1 0 0 1 0 0 0 1 1 0 0 0 0 0 0 
0 1 0 1 1 0 0 0 1 0 0 0 0 0 1 0 0 1 0 1 0 0 1 0 1 0 1 0 0 1 
0 0 1 0 0 0 0 1 0 0 0 0 0 1 0 0 0 0 0 0 1 1 0 0 0 0 1 0 0 0 
0 0 1 0 0 1 0 0 0 0 1 0 0 0 0 1 0 0 0 0 1 0 0 1 1 0 0 0 0 0 
0 0 0 0 1 0 0 1 0 0 0 0 0 0 0 1 0 0 0 0 1 1 0 1 0 0 0 0 0 0 
0 1 0 0 0 0 0 0 0 0 0 0 0 0 0 0 0 1 1 0 0 0 0 0 0 0 0 0 1 0 
0 0 0 1 0 1 0 0 0 0 0 0 0 0 0 1 0 0 1 1 0 1 1 0 0 0 0 0 0 0 
0 1 1 0 0 0 0 0 0 0 0 0 1 0 0 0 0 0 0 0 0 0 0 0 0 0 0 0 0 0 
0 0 0 0 0 0 0 0 0 0 0 1 0 0 0 0 0 0 0 0 0 1 0 0 0 0 0 1 0 0 
0 0 0 0 1 0 0 0 0 0 0 0 0 0 0 0 0 0 0 0 0 1 0 0 0 0 1 0 0 0 
0 0 0 0 0 0 0 0 0 1 0 0 0 0 0 1 0 0 0 1 0 1 0 0 0 0 0 0 1 0 
0 0 0 0 0 0 0 0 1 0 0 0 0 0 0 0 0 0 0 0 0 0 0 1 1 0 0 0 0 1 
0 0 0 1 0 0 0 0 0 0 0 0 0 0 0 0 0 0 0 0 1 0 0 0 0 0 0 0 0 0 
0 1 1 0 0 0 0 0 0 0 0 0 0 0 0 0 0 1 0 0 0 0 0 0 1 0 0 0 0 0 
1 1 0 0 1 1 0 1 0 0 0 1 0 0 0 0 0 0 0 1 0 0 0 0 0 1 0 0 0 1 
0 0 0 0 0 0 0 0 0 0 0 0 0 0 0 0 0 0 0 0 0 0 1 1 0 0 0 0 0 0 
0 0 1 0 0 0 1 0 0 0 0 0 0 0 1 0 0 0 0 0 0 0 0 0 0 0 0 0 0 0 
0 1 0 0 0 0 1 1 0 0 0 0 0 0 0 0 0 0 0 1 0 0 0 0 1 1 0 0 0 0 
0 0 1 0 0 0 0 1 0 0 0 1 0 0 0 1 0 0 1 0 0 0 0 0 0 1 0 0 0 0 
0 0 0 1 1 1 0 0 0 0 0 0 0 1 0 0 0 0 0 0 0 1 1 0 1 0 0 0 0 0 
0 0 0 1 0 1 0 1 0 1 1 1 0 0 0 0 0 0 0 0 1 0 0 0 0 0 0 0 0 0 
1 1 1 0 0 0 0 1 0 0 0 0 0 0 0 0 1 0 0 0 1 0 0 0 1 0 0 0 0 1 
0 1 0 0 1 1 0 0 0 0 0 0 1 0 0 0 1 0 0 0 0 0 0 0 0 0 0 0 1 0 
0 0 1 0 1 0 0 0 0 0 0 0 1 0 1 0 0 0 1 0 1 0 1 0 0 0 0 0 1 0 
1 0 0 0 0 0 0 0 0 0 0 0 0 0 0 1 0 0 1 1 0 0 0 0 0 0 1 0 1 0 
0 0 1 1 0 0 0 0 0 0 1 0 0 0 0 0 0 0 0 0 0 0 0 0 0 1 0 1 0 0 
0 0 0 0 0 0 0 0 0 1 0 0 0 0 0 0 0 0 0 0 0 0 0 0 0 0 1 0 0 1 
0 0 0 0 0 0 1 0 0 0 0 1 0 0 0 0 0 0 0 0 0 0 0 1 1 1 0 0 0 0 
0 0 1 0 0 0 0 0 0 0 0 0 1 0 0 1 0 0 0 0 0 0 1 0 0 0 0 1 0 0 

0 1 0 0 0 0 6 0 0 0 8 0 0 0 15 0 0 0 16 3 14 0 0 0 0 8 0 0 0 13 
0 0 6 0 0 0 0 0 0 7 0 0 0 0 0 0 0 9 0 0 0 0 0 18 0 0 0 17 0 0 
0 0 0 0 13 0 14 0 0 0 0 0 0 0 17 0 0 0 0 0 3 0 0 0 0 0 0 0 6 0 
5 0 0 0 0 0 0 0 0 0 0 0 0 0 0 0 14 0 0 16 0 0 2 0 4 0 0 0 0 0 
0 0 0 0 0 0 0 0 6 0 0 0 0 0 0 0 0 0 0 0 0 0 13 0 19 0 0 17 0 0 
0 0 0 5 0 0 0 0 0 0 0 14 0 0 0 0 0 0 0 0 16 0 0 0 0 3 0 0 0 0 
0 6 17 0 0 1 0 0 0 0 0 0 0 0 0 0 0 0 15 0 0 17 5 0 0 9 0 0 0 0 
0 0 0 0 0 0 0 0 0 0 0 0 0 0 0 0 0 0 9 0 0 0 0 13 0 0 0 0 0 0 
0 0 0 0 7 0 0 0 0 8 0 1 0 0 0 0 0 0 0 0 16 10 0 0 0 0 0 0 0 0 
0 0 0 0 0 0 0 13 0 0 0 0 0 0 0 6 0 0 0 0 1 0 0 0 0 0 0 7 0 0 
6 0 0 0 0 0 0 0 4 0 0 0 0 0 0 0 0 0 0 0 6 0 0 0 0 0 0 0 0 0 
0 10 0 13 4 0 0 0 0 0 11 0 0 0 0 0 0 0 0 0 0 0 0 0 0 0 0 0 11 0 
0 0 0 3 0 0 0 0 0 9 0 0 0 0 0 6 0 0 0 5 0 0 0 12 0 0 15 2 0 0 
11 0 0 0 0 0 0 0 13 0 0 15 0 0 1 0 0 0 0 0 0 0 17 0 0 4 13 9 0 0 
2 1 0 0 0 0 13 0 3 16 0 0 0 0 0 13 0 4 0 0 0 0 0 3 0 0 0 0 9 16 
0 0 0 0 0 0 0 0 0 12 0 0 0 0 0 0 5 0 0 0 0 0 0 0 0 13 0 0 0 0 
0 0 2 0 0 0 9 12 0 0 0 0 0 0 19 0 0 0 0 0 0 0 0 0 0 0 0 0 0 16 
0 0 0 0 0 0 0 0 0 0 0 10 0 0 0 0 0 0 0 0 0 0 0 0 0 0 7 0 0 1 
0 0 0 4 0 0 0 0 0 0 0 0 0 0 0 0 0 0 0 0 0 0 0 0 5 0 0 0 15 0 
0 0 0 0 1 0 0 18 0 0 0 15 2 0 0 0 5 7 4 0 0 0 0 0 0 0 0 0 0 0 
0 0 0 0 0 0 0 11 0 0 0 0 0 0 0 0 0 0 0 17 0 0 0 0 0 0 19 0 2 0 
0 0 0 0 15 0 11 0 4 0 0 0 16 0 0 0 0 0 17 0 0 0 0 0 0 0 8 19 0 8 
7 20 0 0 3 9 0 21 0 3 19 0 0 0 0 0 14 0 0 0 0 14 0 0 0 0 0 0 0 15 
0 0 0 0 0 0 0 19 0 0 0 0 13 0 0 0 0 0 6 20 0 0 0 0 0 0 1 0 0 0 
0 0 0 0 18 0 0 0 12 14 0 0 0 0 0 17 0 0 0 19 0 12 10 0 0 19 0 6 0 0 
0 0 0 0 0 0 0 0 0 0 0 0 0 18 0 0 0 0 11 0 8 0 0 0 5 0 3 0 14 0 
0 0 0 0 0 0 0 17 0 15 0 0 0 0 0 21 0 0 11 0 0 0 17 3 3 0 0 0 0 0 
0 0 0 0 13 0 0 0 0 0 0 2 20 14 0 0 0 0 0 0 0 0 0 0 2 0 14 0 0 0 
18 0 0 0 0 3 0 0 0 1 18 0 0 0 0 0 0 0 1 15 0 13 0 4 0 0 0 16 0 0 
0 0 0 0 0 0 0 0 0 16 0 0 0 0 0 0 0 0 0 0 0 0 0 0 0 0 0 0 15 0 
