30

0 1 0 0 0 1 0 0 0 0 1 1 1 1 0 0 1 0 0 1 0 1 1 1 0 0 1 1 1 1 
1 0 1 0 1 1 1 1 0 1 0 0 1 1 1 0 1 1 0 1 0 0 0 1 1 1 1 1 1 1 
0 1 0 0 1 0 0 1 0 0 0 1 0 1 0 1 1 0 0 1 1 1 1 1 0 1 0 1 0 0 
0 0 0 0 0 1 0 0 1 1 0 0 0 0 1 1 0 1 1 1 0 1 0 1 0 1 0 0 1 0 
0 1 1 0 0 1 0 1 1 1 1 0 0 0 0 1 1 1 0 1 0 0 1 0 1 0 0 0 0 1 
1 1 0 1 1 0 1 1 0 0 0 0 0 1 0 0 0 1 1 0 1 0 0 1 1 0 1 0 0 0 
0 1 0 0 0 1 0 1 0 0 1 0 1 1 0 0 1 0 0 1 0 1 0 0 1 0 1 0 1 0 
0 1 1 0 1 1 1 0 0 1 0 0 0 1 0 0 0 0 0 0 1 1 1 0 1 1 0 1 0 1 
0 0 0 1 1 0 0 0 0 1 0 1 1 1 0 0 0 1 0 1 1 1 1 1 1 1 1 0 1 0 
0 1 0 1 1 0 0 1 1 0 1 1 1 0 1 1 1 1 0 1 1 1 0 0 1 1 1 0 1 0 
1 0 0 0 1 0 1 0 0 1 0 1 1 0 1 0 0 0 0 0 0 1 0 1 1 0 0 0 1 1 
1 0 1 0 0 0 0 0 1 1 1 0 0 1 0 0 1 0 0 0 1 1 1 1 1 0 1 0 1 1 
1 1 0 0 0 0 1 0 1 1 1 0 0 0 0 0 1 1 1 0 1 0 0 0 0 0 0 1 0 1 
1 1 1 0 0 1 1 1 1 0 0 1 0 0 1 1 1 1 1 1 1 0 0 1 1 1 0 1 1 1 
0 1 0 1 0 0 0 0 0 1 1 0 0 1 0 0 0 0 1 0 0 1 0 0 1 0 0 1 0 1 
0 0 1 1 1 0 0 0 0 1 0 0 0 1 0 0 0 1 1 0 0 1 1 0 0 1 0 0 1 0 
1 1 1 0 1 0 1 0 0 1 0 1 1 1 0 0 0 1 1 0 1 0 1 0 0 0 1 0 1 1 
0 1 0 1 1 1 0 0 1 1 0 0 1 1 0 1 1 0 0 1 1 0 0 0 0 0 0 1 1 1 
0 0 0 1 0 1 0 0 0 0 0 0 1 1 1 1 1 0 0 0 1 0 0 0 1 1 0 1 0 1 
1 1 1 1 1 0 1 0 1 1 0 0 0 1 0 0 0 1 0 0 0 1 1 0 1 0 1 0 0 0 
0 0 1 0 0 1 0 1 1 1 0 1 1 1 0 0 1 1 1 0 0 1 0 0 1 1 0 1 0 1 
1 0 1 1 0 0 1 1 1 1 1 1 0 0 1 1 0 0 0 1 1 0 0 1 0 1 1 1 0 0 
1 0 1 0 1 0 0 1 1 0 0 1 0 0 0 1 1 0 0 1 0 0 0 0 0 0 1 0 0 1 
1 1 1 1 0 1 0 0 1 0 1 1 0 1 0 0 0 0 0 0 0 1 0 0 1 0 1 1 0 0 
0 1 0 0 1 1 1 1 1 1 1 1 0 1 1 0 0 0 1 1 1 0 0 1 0 1 1 0 1 1 
0 1 1 1 0 0 0 1 1 1 0 0 0 1 0 1 0 0 1 0 1 1 0 0 1 0 1 1 1 0 
1 1 0 0 0 1 1 0 1 1 0 1 0 0 0 0 1 0 0 1 0 1 1 1 1 1 0 1 1 1 
1 1 1 0 0 0 0 1 0 0 0 0 1 1 1 0 0 1 1 0 1 1 0 1 0 1 1 0 0 1 
1 1 0 1 0 0 1 0 1 1 1 1 0 1 0 1 1 1 0 0 0 0 0 0 1 1 1 0 0 0 
1 1 0 0 1 0 0 1 0 0 1 1 1 1 1 0 1 1 1 0 1 0 1 0 1 0 1 1 0 0 

0 1 0 5 0 0 0 13 16 0 0 0 0 0 0 0 0 12 3 0 0 16 0 0 0 0 0 0 2 0 
1 0 8 0 2 0 3 0 0 0 0 0 0 0 0 0 0 0 0 0 0 0 0 3 0 14 0 0 0 0 
0 0 0 0 9 0 4 0 5 4 3 0 13 13 1 0 0 15 6 0 11 8 0 15 0 4 8 8 0 0 
0 0 0 0 0 0 14 0 0 9 16 0 0 4 0 1 0 1 0 0 0 0 0 15 0 0 4 7 0 6 
12 4 8 0 0 0 0 5 1 0 11 0 13 5 3 4 0 0 0 2 0 16 0 9 0 0 0 5 8 13 
0 0 0 14 6 0 1 0 11 0 2 0 0 2 5 10 5 5 0 5 10 13 6 0 0 4 0 0 5 8 
7 12 0 0 6 4 0 0 0 0 0 0 0 10 9 0 0 0 9 10 0 0 0 0 0 0 0 0 0 0 
10 0 12 0 0 15 0 0 0 12 0 0 0 4 0 0 4 13 0 0 0 0 15 1 10 6 14 0 0 0 
0 0 0 8 0 14 10 6 0 2 13 9 0 0 10 4 0 13 12 15 0 0 0 0 0 12 0 0 4 1 
8 0 0 0 0 0 10 0 0 0 15 16 0 0 14 1 0 0 10 9 0 15 7 0 14 1 0 0 0 0 
13 2 0 0 0 0 14 4 0 13 0 1 1 0 11 0 0 0 0 9 12 0 1 0 0 5 0 0 0 0 
0 0 6 0 0 0 0 0 0 0 8 0 0 0 0 0 0 0 0 0 0 0 0 0 0 3 0 0 12 15 
0 2 6 0 0 14 12 8 0 0 0 0 0 0 1 11 0 0 0 0 0 0 0 2 5 0 1 0 0 11 
11 0 0 0 0 0 0 0 0 0 5 0 0 0 15 11 0 0 0 0 0 0 0 0 2 0 0 10 0 0 
0 6 0 4 0 0 0 11 0 0 0 0 0 0 0 11 0 0 0 0 14 0 0 3 11 10 0 0 2 7 
0 13 8 0 0 4 4 0 0 0 1 0 2 0 0 0 0 0 0 6 12 0 1 0 14 0 2 16 0 4 
0 0 0 10 0 0 4 0 1 0 0 12 16 6 13 13 0 0 2 0 0 0 10 4 12 11 0 0 0 0 
0 1 0 0 0 13 9 0 0 13 2 4 0 15 0 0 0 0 0 9 0 0 0 4 0 0 0 6 14 6 
0 0 0 0 0 3 11 0 0 11 14 0 0 5 9 0 0 0 0 2 0 14 15 6 0 0 0 0 10 0 
0 0 0 0 10 0 0 0 0 6 0 0 0 10 0 0 3 2 0 0 1 9 10 0 0 11 0 6 2 0 
3 8 0 7 0 0 0 0 0 0 13 0 8 14 0 5 0 7 17 0 0 9 13 0 8 0 0 0 0 15 
3 0 0 0 14 5 6 0 0 0 0 5 8 0 1 0 2 0 0 0 0 0 0 6 14 0 0 2 8 0 
0 0 0 5 8 0 0 11 0 0 6 0 16 2 0 0 0 10 0 6 6 0 0 0 10 0 0 0 0 0 
0 2 0 0 7 1 0 2 0 5 0 11 6 0 14 0 0 0 0 11 0 15 0 0 0 11 0 9 0 6 
0 11 0 0 0 0 0 0 13 0 0 10 5 13 0 0 2 0 11 0 0 13 0 0 0 8 0 0 0 0 
0 0 5 2 0 11 0 0 0 0 0 0 0 3 0 0 3 0 0 8 0 15 0 6 4 0 0 1 0 15 
0 0 11 0 14 13 10 8 8 7 0 0 0 0 9 1 0 0 3 0 0 0 0 0 9 0 0 8 0 15 
0 0 0 0 0 3 0 0 0 0 12 0 0 0 2 0 6 0 0 0 0 0 1 0 0 0 0 0 0 0 
0 0 7 0 0 0 0 5 7 4 0 3 12 0 0 0 9 0 0 14 0 1 0 13 14 0 0 0 0 2 
0 0 0 0 0 0 6 0 0 4 0 10 0 0 0 13 3 0 0 0 11 5 0 9 0 0 5 0 0 0 
