30

0 0 0 0 0 0 0 0 0 0 0 0 0 1 0 0 0 0 0 0 0 0 0 0 0 1 0 0 1 0 
0 0 0 0 0 0 0 0 1 0 0 0 0 1 0 0 0 0 0 0 1 0 0 0 0 0 0 0 1 0 
0 0 0 0 0 0 1 0 0 0 0 0 0 1 1 0 0 0 0 0 0 1 0 0 1 1 0 0 0 0 
0 0 0 0 0 0 0 0 0 1 0 0 1 0 1 0 0 1 0 1 1 0 0 0 0 0 0 0 0 0 
0 0 0 0 0 0 0 0 0 0 0 0 0 0 0 1 0 0 0 0 1 0 0 0 0 0 0 0 0 0 
0 0 0 0 0 0 1 0 0 1 0 1 0 0 0 0 1 1 0 1 0 0 0 1 0 1 0 1 0 1 
0 0 1 0 0 1 0 1 0 0 0 0 0 0 0 0 0 0 0 0 1 1 1 1 0 1 1 0 1 0 
0 0 0 0 0 0 1 0 0 0 0 1 0 0 0 0 0 0 0 0 0 0 1 0 0 0 1 1 0 0 
0 1 0 0 0 0 0 0 0 0 0 0 0 0 0 0 0 1 0 0 0 0 0 0 0 0 0 0 0 0 
0 0 0 1 0 1 0 0 0 0 1 0 0 0 1 0 0 1 0 1 1 1 0 0 0 0 1 0 0 0 
0 0 0 0 0 0 0 0 0 1 0 1 0 0 0 0 0 0 0 0 0 0 0 0 0 1 0 0 1 0 
0 0 0 0 0 1 0 1 0 0 1 0 0 0 0 0 0 0 0 0 0 1 0 0 1 0 1 1 1 0 
0 0 0 1 0 0 0 0 0 0 0 0 0 0 0 0 0 0 1 1 0 0 0 0 0 0 0 0 1 0 
1 1 1 0 0 0 0 0 0 0 0 0 0 0 0 0 0 0 0 0 0 0 0 1 0 1 0 0 1 0 
0 0 1 1 0 0 0 0 0 1 0 0 0 0 0 0 0 0 0 0 0 0 0 0 1 1 0 0 0 0 
0 0 0 0 1 0 0 0 0 0 0 0 0 0 0 0 0 0 0 0 0 0 0 0 0 0 0 1 0 1 
0 0 0 0 0 1 0 0 0 0 0 0 0 0 0 0 0 1 0 0 0 1 0 0 0 0 0 0 0 0 
0 0 0 1 0 1 0 0 1 1 0 0 0 0 0 0 1 0 0 0 0 0 0 1 0 0 0 1 0 0 
0 0 0 0 0 0 0 0 0 0 0 0 1 0 0 0 0 0 0 0 0 0 0 0 0 0 0 0 0 1 
0 0 0 1 0 1 0 0 0 1 0 0 1 0 0 0 0 0 0 0 0 0 0 0 0 1 0 0 1 0 
0 1 0 1 1 0 1 0 0 1 0 0 0 0 0 0 0 0 0 0 0 0 0 0 0 1 0 0 0 1 
0 0 1 0 0 0 1 0 0 1 0 1 0 0 0 0 1 0 0 0 0 0 1 0 0 0 0 0 0 0 
0 0 0 0 0 0 1 1 0 0 0 0 0 0 0 0 0 0 0 0 0 1 0 0 1 1 0 0 0 0 
0 0 0 0 0 1 1 0 0 0 0 0 0 1 0 0 0 1 0 0 0 0 0 0 0 0 1 0 0 0 
0 0 1 0 0 0 0 0 0 0 0 1 0 0 1 0 0 0 0 0 0 0 1 0 0 0 0 0 0 0 
1 0 1 0 0 1 1 0 0 0 1 0 0 1 1 0 0 0 0 1 1 0 1 0 0 0 1 1 0 0 
0 0 0 0 0 0 1 1 0 1 0 1 0 0 0 0 0 0 0 0 0 0 0 1 0 1 0 1 0 0 
0 0 0 0 0 1 0 1 0 0 0 1 0 0 0 1 0 1 0 0 0 0 0 0 0 1 1 0 0 0 
1 1 0 0 0 0 1 0 0 0 1 1 1 1 0 0 0 0 0 1 0 0 0 0 0 0 0 0 0 0 
0 0 0 0 0 1 0 0 0 0 0 0 0 0 0 1 0 0 1 0 1 0 0 0 0 0 0 0 0 0 

0 0 0 0 0 0 0 0 23 0 0 0 0 8 0 0 21 16 0 0 0 0 0 0 0 0 0 18 0 0 
11 0 0 0 0 0 0 0 0 0 15 0 0 0 0 0 0 0 0 0 0 0 4 0 0 0 0 0 0 0 
0 0 0 0 0 0 0 0 0 9 0 0 0 0 0 0 25 20 15 0 0 0 2 0 0 8 0 0 0 0 
0 0 0 0 23 0 13 0 27 0 16 0 0 0 0 0 0 0 0 0 0 24 0 0 0 0 0 12 0 0 
24 29 0 0 0 11 6 20 0 0 0 0 0 0 19 0 16 4 0 0 0 0 0 0 0 0 0 0 0 0 
2 0 7 32 5 0 0 0 0 16 0 0 0 0 0 14 0 0 23 0 0 0 0 0 0 19 0 0 0 0 
0 0 0 14 0 22 0 0 0 15 30 0 0 0 0 28 0 0 0 0 0 0 0 0 0 0 0 19 0 0 
0 0 2 0 0 0 22 0 0 0 2 0 0 0 6 0 0 0 0 0 0 0 13 0 0 0 0 8 0 0 
0 0 0 0 0 9 0 5 0 0 0 0 0 23 0 0 0 23 24 0 0 0 0 18 27 0 0 0 0 2 
3 0 0 0 0 3 0 0 0 0 0 0 0 0 16 0 0 0 0 0 0 0 0 0 0 25 0 0 0 0 
18 0 0 0 0 0 0 0 1 6 0 0 11 0 30 0 0 0 0 0 3 25 0 0 0 0 0 0 0 0 
0 0 28 23 18 0 0 0 0 0 0 0 20 0 0 0 0 5 6 0 0 0 4 0 0 0 0 0 6 0 
0 0 0 0 0 0 0 0 0 0 0 0 0 0 0 14 0 0 0 0 0 19 0 0 2 0 4 0 0 0 
0 0 0 0 20 0 0 32 0 28 0 0 0 0 2 0 0 0 0 0 2 1 20 0 0 0 0 0 0 0 
0 0 0 0 0 4 0 0 0 0 19 0 0 0 0 0 0 0 0 20 0 0 0 25 0 0 0 0 0 0 
0 0 3 0 0 0 0 0 0 0 19 0 0 0 0 0 0 0 0 4 0 0 0 0 0 0 0 0 0 0 
0 0 0 3 0 0 0 0 0 0 4 0 0 0 0 0 0 0 20 0 0 0 0 0 17 15 32 0 0 1 
3 5 0 0 0 0 0 0 0 0 0 0 22 0 0 27 0 0 14 0 0 0 9 0 0 0 0 0 0 0 
0 15 0 15 0 0 1 0 0 0 0 0 0 24 0 0 0 0 0 0 0 0 17 0 0 0 0 0 0 0 
0 0 0 22 20 0 0 0 0 30 0 0 0 0 14 0 0 0 0 0 0 16 0 0 0 4 0 0 12 0 
0 0 0 0 14 0 0 16 0 0 1 0 24 5 0 0 0 13 0 0 0 0 26 0 0 0 0 0 0 20 
0 0 16 0 0 0 0 3 0 0 0 0 0 0 22 0 0 0 23 0 0 0 26 0 0 0 0 0 0 0 
0 0 11 0 0 0 0 0 0 0 0 0 0 0 14 33 2 0 0 0 0 0 0 0 0 0 0 0 0 27 
0 0 0 0 0 0 0 0 17 0 0 0 0 14 0 0 0 0 0 0 0 4 0 0 0 5 0 0 0 0 
30 0 12 0 0 15 0 0 0 0 0 0 0 27 2 0 0 0 0 9 5 0 0 33 0 0 0 0 18 0 
0 0 0 0 0 15 0 0 4 0 0 0 0 0 0 0 0 0 0 28 0 0 0 0 0 0 0 0 0 13 
25 0 0 0 0 0 0 0 0 0 0 0 0 5 0 8 0 0 0 0 0 0 0 0 0 14 0 29 0 27 
1 2 0 0 0 0 0 0 0 0 0 0 0 0 0 0 0 14 0 0 0 25 0 0 0 0 0 0 0 0 
17 10 0 0 0 0 0 0 0 0 0 0 0 0 0 0 0 0 0 0 0 0 0 0 0 0 29 0 0 0 
0 0 0 0 4 27 0 0 21 0 0 0 0 0 16 0 2 0 16 0 0 0 27 24 0 0 0 0 0 0 
