30

0 1 1 0 0 0 0 1 0 0 0 0 0 0 0 0 0 1 1 0 0 0 1 1 0 0 0 0 1 0 
1 0 1 0 0 0 0 0 0 0 0 0 0 1 1 1 0 1 0 0 0 0 0 0 0 0 0 1 0 0 
1 1 0 1 0 0 0 1 1 1 1 0 0 0 0 1 0 1 1 0 1 0 0 0 0 0 1 0 1 0 
0 0 1 0 0 0 1 0 0 1 0 1 0 1 0 0 1 0 1 0 0 1 1 1 0 0 0 0 0 1 
0 0 0 0 0 0 0 1 0 1 1 0 0 0 0 1 1 0 0 0 1 0 1 1 0 0 0 0 0 0 
0 0 0 0 0 0 0 0 1 0 0 1 1 0 0 1 1 0 0 0 1 0 1 1 1 0 0 1 1 1 
0 0 0 1 0 0 0 0 0 1 0 0 0 0 0 0 1 0 0 1 1 1 0 0 0 0 1 1 0 1 
1 0 1 0 1 0 0 0 1 1 0 0 0 1 0 0 0 0 1 0 0 1 0 0 0 0 0 0 0 1 
0 0 1 0 0 1 0 1 0 0 0 0 0 0 0 1 1 0 0 0 0 0 0 1 0 0 0 0 1 1 
0 0 1 1 1 0 1 1 0 0 0 0 1 0 1 0 1 1 0 0 0 0 0 0 0 0 0 1 1 0 
0 0 1 0 1 0 0 0 0 0 0 0 0 1 0 0 0 0 0 0 0 0 0 0 0 0 0 0 0 0 
0 0 0 1 0 1 0 0 0 0 0 0 0 0 1 0 1 0 0 0 0 0 0 0 0 1 0 1 0 0 
0 0 0 0 0 1 0 0 0 1 0 0 0 1 0 0 0 0 0 1 0 0 1 0 0 0 0 0 0 0 
0 1 0 1 0 0 0 1 0 0 1 0 1 0 0 1 0 0 0 0 0 0 0 0 1 0 0 1 0 0 
0 1 0 0 0 0 0 0 0 1 0 1 0 0 0 0 0 1 0 1 0 0 0 0 1 0 0 0 0 1 
0 1 1 0 1 1 0 0 1 0 0 0 0 1 0 0 0 0 1 0 0 0 1 0 0 1 1 1 0 0 
0 0 0 1 1 1 1 0 1 1 0 1 0 0 0 0 0 1 0 0 0 1 0 1 1 1 0 0 0 0 
1 1 1 0 0 0 0 0 0 1 0 0 0 0 1 0 1 0 0 0 0 0 0 0 0 0 0 0 0 0 
1 0 1 1 0 0 0 1 0 0 0 0 0 0 0 1 0 0 0 1 0 0 0 0 0 0 1 1 1 1 
0 0 0 0 0 0 1 0 0 0 0 0 1 0 1 0 0 0 1 0 0 0 1 0 0 0 1 1 0 0 
0 0 1 0 1 1 1 0 0 0 0 0 0 0 0 0 0 0 0 0 0 0 0 0 0 1 0 0 0 0 
0 0 0 1 0 0 1 1 0 0 0 0 0 0 0 0 1 0 0 0 0 0 0 1 1 0 0 1 0 0 
1 0 0 1 1 1 0 0 0 0 0 0 1 0 0 1 0 0 0 1 0 0 0 0 0 0 0 1 0 0 
1 0 0 1 1 1 0 0 1 0 0 0 0 0 0 0 1 0 0 0 0 1 0 0 1 0 0 1 0 0 
0 0 0 0 0 1 0 0 0 0 0 0 0 1 1 0 1 0 0 0 0 1 0 1 0 0 0 1 0 1 
0 0 0 0 0 0 0 0 0 0 0 1 0 0 0 1 1 0 0 0 1 0 0 0 0 0 0 1 0 0 
0 0 1 0 0 0 1 0 0 0 0 0 0 0 0 1 0 0 1 1 0 0 0 0 0 0 0 0 1 1 
0 1 0 0 0 1 1 0 0 1 0 1 0 1 0 1 0 0 1 1 0 1 1 1 1 1 0 0 0 1 
1 0 1 0 0 1 0 0 1 1 0 0 0 0 0 0 0 0 1 0 0 0 0 0 0 0 1 0 0 0 
0 0 0 1 0 1 1 1 1 0 0 0 0 0 1 0 0 0 1 0 0 0 0 0 1 0 1 1 0 0 

0 0 0 0 0 0 0 0 0 0 0 0 0 0 0 0 0 0 0 0 28 12 14 0 22 0 0 0 0 0 
0 0 0 0 15 0 0 0 0 11 0 0 0 0 0 0 0 0 20 0 0 0 0 6 0 13 1 0 0 0 
0 0 0 0 0 0 0 0 0 0 0 0 20 29 0 0 0 0 0 0 0 0 0 18 1 0 0 0 2 1 
0 0 30 0 3 0 9 0 0 0 0 0 0 0 0 0 0 0 0 22 23 0 0 0 0 0 0 0 11 0 
10 11 0 0 0 0 0 4 20 0 0 0 0 0 0 0 15 0 0 10 0 19 0 0 0 0 0 0 0 0 
0 0 19 0 0 0 0 18 0 0 0 0 0 0 0 20 0 0 0 0 0 3 0 0 25 0 0 0 0 0 
0 0 0 0 0 0 0 11 0 0 0 21 0 0 0 0 0 0 0 0 0 26 0 0 0 4 0 0 8 0 
0 0 0 0 0 0 0 0 0 0 0 0 0 0 14 0 0 0 0 0 0 0 0 0 0 0 0 0 0 14 
0 0 0 0 0 0 0 0 0 20 22 0 0 0 4 0 0 19 0 0 0 0 0 0 5 0 30 0 0 0 
0 0 0 0 0 0 27 0 29 0 0 3 0 0 0 0 0 30 0 0 0 0 0 0 24 17 0 0 0 11 
0 0 0 1 0 1 0 0 0 0 0 12 0 0 0 25 0 0 0 16 0 0 0 18 0 0 0 0 0 5 
0 20 0 0 0 0 0 0 0 5 29 0 0 0 0 11 0 0 0 0 0 0 0 14 0 0 27 0 0 0 
0 0 15 0 4 23 15 13 0 0 0 0 0 0 0 0 0 0 0 22 0 0 0 23 1 0 0 0 0 0 
0 9 0 0 9 0 0 10 0 0 0 0 0 0 0 0 0 0 0 0 25 0 24 0 0 0 0 0 0 0 
0 0 0 0 0 0 0 0 20 0 0 18 0 0 0 0 0 0 0 0 0 0 0 0 0 0 0 0 0 0 
0 0 0 0 0 0 0 23 0 0 0 0 0 25 0 0 0 0 0 0 0 0 0 0 0 0 16 0 0 30 
7 0 0 0 0 29 0 0 0 18 0 0 28 0 0 0 0 0 0 6 0 22 21 0 0 0 0 12 0 14 
0 0 0 0 0 23 0 0 0 12 0 0 0 0 0 0 0 0 0 0 0 0 8 0 0 0 0 0 0 0 
0 0 0 0 0 0 13 0 0 0 0 0 27 0 0 0 0 0 0 0 0 0 0 14 0 0 0 0 0 0 
0 0 0 0 0 0 0 0 0 0 0 0 0 0 0 9 0 2 0 0 10 0 3 0 0 0 0 0 0 15 
0 0 0 0 0 0 0 5 0 0 0 0 0 0 0 0 31 0 0 0 0 0 0 0 22 15 13 0 27 0 
0 0 0 14 0 0 12 0 0 0 0 0 2 0 0 0 0 0 0 22 19 0 0 0 0 0 17 1 0 0 
0 0 0 0 0 0 0 0 0 0 0 1 0 0 4 0 0 0 0 0 0 26 0 0 0 0 0 0 0 0 
0 0 0 0 0 0 3 0 0 0 26 25 28 24 0 4 0 0 15 0 0 0 0 0 26 0 0 21 0 0 
0 0 13 0 5 0 0 0 0 0 0 0 0 0 0 0 0 0 0 0 0 27 0 0 0 28 0 0 1 0 
0 7 0 0 0 0 12 0 0 0 0 0 23 10 0 0 0 0 0 0 0 0 0 0 21 0 0 0 0 0 
0 0 0 0 0 0 0 0 0 0 0 0 0 0 0 0 0 13 0 0 24 10 0 0 0 0 0 0 30 0 
0 0 0 20 0 0 0 0 14 3 25 0 0 0 0 0 18 0 0 0 0 18 4 23 0 0 0 0 0 23 
0 0 6 28 0 0 0 31 0 0 0 0 0 0 0 0 5 14 0 0 0 19 0 0 0 0 0 0 0 14 
0 13 0 0 0 0 0 18 5 0 0 14 0 0 0 12 11 0 0 0 0 0 0 0 2 17 0 0 0 0 
