30

0 1 1 0 0 0 0 1 0 0 1 1 0 1 1 0 0 1 0 0 1 1 1 0 0 0 1 1 1 1 
1 0 1 0 1 0 0 1 1 1 0 0 0 1 1 1 1 0 1 0 1 1 0 0 1 0 1 0 0 0 
1 1 0 1 0 0 1 1 0 1 1 1 1 1 0 1 1 0 1 1 0 1 1 1 1 1 1 0 0 0 
0 0 1 0 0 1 1 1 1 0 1 1 1 1 1 0 0 1 1 1 1 0 1 1 0 1 0 1 1 0 
0 1 0 0 0 1 0 1 1 1 0 0 1 1 1 0 1 1 1 1 1 1 0 1 1 1 0 0 1 0 
0 0 0 1 1 0 0 1 0 0 1 0 0 1 0 1 1 1 1 1 1 1 0 1 1 0 1 0 0 1 
0 0 1 1 0 0 0 0 1 0 1 0 0 1 0 1 1 1 0 1 1 1 1 0 1 1 1 0 1 0 
1 1 1 1 1 1 0 0 1 0 0 1 0 1 1 0 0 1 1 0 0 0 1 1 0 1 1 1 0 1 
0 1 0 1 1 0 1 1 0 1 1 0 1 1 0 1 1 1 1 0 1 0 1 1 1 0 1 0 1 1 
0 1 1 0 1 0 0 0 1 0 0 1 1 1 1 1 1 1 1 0 0 0 1 0 1 0 0 1 1 1 
1 0 1 1 0 1 1 0 1 0 0 0 1 1 0 1 1 1 0 1 0 0 1 1 0 1 1 0 0 0 
1 0 1 1 0 0 0 1 0 1 0 0 1 1 1 1 1 0 1 1 0 0 0 0 1 0 0 1 1 1 
0 0 1 1 1 0 0 0 1 1 1 1 0 0 1 1 1 1 0 1 0 0 1 1 1 0 1 1 1 1 
1 1 1 1 1 1 1 1 1 1 1 1 0 0 0 1 0 0 1 0 1 1 1 0 0 0 1 0 0 1 
1 1 0 1 1 0 0 1 0 1 0 1 1 0 0 1 1 1 0 0 0 0 1 0 1 1 1 1 0 1 
0 1 1 0 0 1 1 0 1 1 1 1 1 1 1 0 1 1 0 1 0 0 0 1 1 1 0 1 0 1 
0 1 1 0 1 1 1 0 1 1 1 1 1 0 1 1 0 1 1 1 1 1 1 1 1 0 0 1 0 0 
1 0 0 1 1 1 1 1 1 1 1 0 1 0 1 1 1 0 0 1 1 1 1 1 1 0 1 0 1 1 
0 1 1 1 1 1 0 1 1 1 0 1 0 1 0 0 1 0 0 0 0 0 0 0 1 0 1 1 0 1 
0 0 1 1 1 1 1 0 0 0 1 1 1 0 0 1 1 1 0 0 0 1 1 1 0 1 1 0 1 1 
1 1 0 1 1 1 1 0 1 0 0 0 0 1 0 0 1 1 0 0 0 0 0 1 1 1 1 1 1 0 
1 1 1 0 1 1 1 0 0 0 0 0 0 1 0 0 1 1 0 1 0 0 0 1 1 0 1 1 0 0 
1 0 1 1 0 0 1 1 1 1 1 0 1 1 1 0 1 1 0 1 0 0 0 1 1 1 1 1 1 1 
0 0 1 1 1 1 0 1 1 0 1 0 1 0 0 1 1 1 0 1 1 1 1 0 1 1 1 1 1 0 
0 1 1 0 1 1 1 0 1 1 0 1 1 0 1 1 1 1 1 0 1 1 1 1 0 0 1 1 1 1 
0 0 1 1 1 0 1 1 0 0 1 0 0 0 1 1 0 0 0 1 1 0 1 1 0 0 1 1 0 1 
1 1 1 0 0 1 1 1 1 0 1 0 1 1 1 0 0 1 1 1 1 1 1 1 1 1 0 0 0 1 
1 0 0 1 0 0 0 1 0 1 0 1 1 0 1 1 1 0 1 0 1 1 1 1 1 1 0 0 0 1 
1 0 0 1 1 0 1 0 1 1 0 1 1 0 0 0 0 1 0 1 1 0 1 1 1 0 0 0 0 0 
1 0 0 0 0 1 0 1 1 1 0 1 1 1 1 1 0 1 1 1 0 0 1 0 1 1 1 1 0 0 

0 0 0 0 0 0 0 23 0 9 0 0 0 0 0 0 0 0 0 0 12 0 0 0 0 0 6 0 0 15 
0 0 0 0 0 0 0 21 0 0 1 0 16 0 0 0 12 0 10 0 11 8 0 0 0 15 0 0 0 0 
0 0 0 2 0 0 0 0 0 0 0 0 17 0 24 5 10 25 0 3 0 0 0 0 0 0 0 0 0 0 
0 0 0 0 0 0 11 0 0 0 0 0 0 21 0 0 0 0 0 0 0 18 0 0 0 7 14 0 0 0 
6 7 0 0 0 13 0 8 24 0 26 23 17 0 16 0 26 0 0 0 0 0 25 0 0 0 0 0 0 0 
0 0 25 0 0 0 0 0 7 26 0 0 0 0 0 3 0 14 0 0 0 0 0 0 0 0 0 0 0 0 
0 0 6 0 0 0 0 0 0 0 18 0 18 0 0 0 20 27 0 0 12 0 22 0 0 0 0 0 0 0 
0 0 0 16 0 0 0 0 0 20 0 0 0 0 0 0 7 0 0 0 10 0 0 0 0 0 0 0 0 0 
0 8 0 0 0 4 0 0 0 3 0 19 0 0 0 0 3 0 0 0 0 6 0 7 0 20 0 25 0 0 
0 0 11 0 11 0 0 0 0 0 10 0 18 0 0 25 10 0 0 0 7 0 0 0 0 0 0 0 0 23 
0 21 0 0 0 22 0 4 0 0 0 0 13 0 0 0 8 0 0 22 0 0 0 0 2 0 0 0 0 0 
20 0 23 0 0 0 0 0 0 15 17 0 0 0 19 0 0 0 2 0 2 0 0 6 0 0 0 0 16 0 
0 0 0 0 0 0 0 19 0 0 9 0 0 0 19 26 0 16 22 0 0 0 0 0 0 26 0 5 0 0 
0 0 18 24 0 0 0 0 0 0 14 0 0 0 0 2 0 0 0 0 0 0 0 0 0 0 0 0 0 0 
0 0 0 0 0 0 0 0 16 0 0 0 0 0 0 0 0 0 0 0 26 0 0 21 21 0 0 26 0 0 
0 0 0 0 0 0 4 0 0 0 7 0 0 10 0 0 0 0 0 0 0 0 0 0 0 0 0 0 0 0 
0 25 0 11 0 0 0 0 0 0 0 0 0 8 2 0 0 10 0 23 0 0 0 0 0 0 0 9 0 0 
7 0 0 0 0 0 0 0 0 0 0 0 0 0 0 0 11 0 0 1 0 22 0 26 0 0 0 0 0 0 
0 0 19 0 0 0 0 0 2 0 0 0 0 0 0 3 0 16 0 0 4 0 0 0 0 0 0 22 0 11 
0 9 0 4 20 0 0 0 15 4 0 24 0 0 0 0 0 0 15 0 0 0 0 19 0 0 0 0 0 24 
2 0 0 0 0 0 25 7 7 0 0 0 0 0 0 0 16 0 4 20 0 0 0 14 0 0 2 10 0 0 
21 22 0 0 0 0 0 6 0 0 12 0 0 0 0 25 5 0 0 0 0 0 0 0 0 20 1 0 0 3 
0 0 0 23 0 0 0 0 0 0 0 17 0 0 0 0 0 0 0 24 0 0 0 19 0 0 0 0 0 0 
0 11 0 0 0 0 0 0 0 0 0 0 0 0 0 0 0 0 24 0 0 0 0 0 0 16 0 3 0 17 
0 0 0 0 0 0 0 0 2 0 0 0 0 0 0 0 7 24 13 29 0 0 0 0 0 0 0 0 0 1 
0 10 0 0 0 0 0 0 0 0 0 0 0 19 0 0 0 3 0 0 0 0 27 0 0 0 0 0 0 0 
0 0 0 0 0 0 0 0 0 0 0 0 0 0 0 0 0 10 25 0 0 0 0 0 0 0 0 0 0 0 
0 0 0 0 0 0 0 1 0 26 22 25 0 0 16 0 0 0 0 0 0 0 0 0 0 0 0 0 0 0 
0 0 0 0 0 0 0 0 0 0 0 0 0 0 2 1 0 1 0 0 0 0 0 0 0 0 0 0 0 17 
0 0 0 0 0 0 0 0 19 4 2 0 3 0 0 0 0 0 0 0 0 0 0 24 0 24 0 0 0 0 
