30

0 0 0 1 1 0 1 0 1 0 0 0 0 0 0 0 1 1 0 0 1 0 0 0 0 1 0 0 0 0 
0 0 1 0 1 1 0 0 0 0 0 1 0 0 0 0 1 0 1 1 1 0 1 0 1 1 0 0 0 0 
0 1 0 1 0 0 1 1 1 0 0 1 0 0 0 1 0 1 0 0 0 1 0 0 1 0 1 1 0 0 
1 0 1 0 1 0 0 0 0 0 0 0 1 0 0 0 0 0 0 0 1 0 0 1 0 1 0 0 0 0 
1 1 0 1 0 0 0 1 0 0 0 1 0 0 1 1 0 1 0 0 0 0 0 1 1 0 0 0 1 0 
0 1 0 0 0 0 0 1 0 0 0 0 1 0 0 0 0 0 0 1 0 1 0 1 0 1 0 0 0 0 
1 0 1 0 0 0 0 0 0 1 0 0 0 1 0 0 1 0 0 1 1 0 0 1 1 1 0 0 0 0 
0 0 1 0 1 1 0 0 0 0 0 0 0 1 0 0 0 1 1 0 0 0 0 0 0 1 0 0 0 1 
1 0 1 0 0 0 0 0 0 1 0 0 0 0 0 1 0 0 0 0 0 0 0 0 1 1 0 0 0 1 
0 0 0 0 0 0 1 0 1 0 0 0 0 0 0 0 0 0 0 1 1 1 0 1 0 0 0 1 0 0 
0 0 0 0 0 0 0 0 0 0 0 0 0 0 0 0 1 0 0 0 1 0 1 0 0 0 1 1 0 1 
0 1 1 0 1 0 0 0 0 0 0 0 0 0 0 1 1 0 1 1 0 0 1 0 0 0 0 1 0 0 
0 0 0 1 0 1 0 0 0 0 0 0 0 0 0 1 0 0 0 0 1 0 1 1 1 0 1 1 1 1 
0 0 0 0 0 0 1 1 0 0 0 0 0 0 1 0 0 0 1 0 1 0 0 0 1 0 1 0 0 0 
0 0 0 0 1 0 0 0 0 0 0 0 0 1 0 0 0 0 0 1 1 0 1 0 1 0 1 0 1 0 
0 0 1 0 1 0 0 0 1 0 0 1 1 0 0 0 0 0 1 0 0 0 0 1 0 0 1 0 0 0 
1 1 0 0 0 0 1 0 0 0 1 1 0 0 0 0 0 0 0 0 0 0 0 1 1 0 1 0 1 0 
1 0 1 0 1 0 0 1 0 0 0 0 0 0 0 0 0 0 1 0 0 1 0 0 1 0 0 0 0 0 
0 1 0 0 0 0 0 1 0 0 0 1 0 1 0 1 0 1 0 0 0 0 0 1 0 1 0 0 1 0 
0 1 0 0 0 1 1 0 0 1 0 1 0 0 1 0 0 0 0 0 0 1 0 1 0 1 0 0 0 0 
1 1 0 1 0 0 1 0 0 1 1 0 1 1 1 0 0 0 0 0 0 0 0 0 0 1 0 1 1 0 
0 0 1 0 0 1 0 0 0 1 0 0 0 0 0 0 0 1 0 1 0 0 0 0 1 0 0 0 0 0 
0 1 0 0 0 0 0 0 0 0 1 1 1 0 1 0 0 0 0 0 0 0 0 1 0 0 1 0 0 0 
0 0 0 1 1 1 1 0 0 1 0 0 1 0 0 1 1 0 1 1 0 0 1 0 1 0 1 0 1 1 
0 1 1 0 1 0 1 0 1 0 0 0 1 1 1 0 1 1 0 0 0 1 0 1 0 1 1 0 1 1 
1 1 0 1 0 1 1 1 1 0 0 0 0 0 0 0 0 0 1 1 1 0 0 0 1 0 0 1 1 0 
0 0 1 0 0 0 0 0 0 0 1 0 1 1 1 1 1 0 0 0 0 0 1 1 1 0 0 0 0 0 
0 0 1 0 0 0 0 0 0 1 1 1 1 0 0 0 0 0 0 0 1 0 0 0 0 1 0 0 0 0 
0 0 0 0 1 0 0 0 0 0 0 0 1 0 1 0 1 0 1 0 1 0 0 1 1 1 0 0 0 1 
0 0 0 0 0 0 0 1 1 0 1 0 1 0 0 0 0 0 0 0 0 0 0 1 1 0 0 0 1 0 

0 12 0 0 0 0 0 3 0 0 0 0 1 7 0 0 0 9 0 0 0 16 0 0 4 0 0 0 0 0 
0 0 0 10 0 7 0 0 0 0 0 0 0 16 0 0 0 0 0 0 0 18 9 9 0 0 0 0 0 17 
0 18 0 17 5 5 0 0 0 0 0 0 0 3 0 0 15 0 0 6 8 0 0 0 0 0 5 0 0 5 
0 0 0 0 15 0 0 7 0 12 0 0 0 0 1 0 0 0 0 6 0 0 0 0 0 0 0 0 0 0 
0 0 0 0 0 0 17 0 0 0 0 0 13 0 0 0 8 0 0 10 0 0 0 15 5 0 1 1 0 0 
0 0 0 0 0 0 10 0 0 0 0 0 0 0 2 0 0 0 0 0 0 18 0 11 0 0 15 0 0 2 
0 0 0 0 0 0 0 1 0 0 0 0 0 15 0 0 0 1 8 0 0 0 6 0 0 0 5 0 0 0 
0 0 0 0 0 0 0 0 0 0 0 0 0 0 0 0 0 0 0 1 0 3 0 0 0 0 0 5 0 0 
12 0 0 0 3 0 19 0 0 18 0 0 0 0 0 0 0 0 0 0 0 0 0 0 0 0 0 6 0 0 
0 0 0 0 0 0 2 0 0 0 0 0 0 0 0 0 0 14 2 0 0 0 0 0 0 5 0 0 0 9 
0 15 0 0 0 3 0 1 0 0 0 0 0 18 0 0 2 0 8 0 0 0 0 0 0 0 0 7 0 2 
0 8 0 0 0 0 0 0 0 0 0 0 0 0 0 9 0 0 0 7 0 9 8 0 0 0 0 0 0 0 
0 0 0 14 0 0 0 0 0 0 0 0 0 0 0 0 7 8 0 0 14 0 0 0 0 0 12 17 15 0 
9 0 0 0 8 6 0 1 0 0 0 0 0 0 0 1 0 0 0 0 0 0 0 0 0 12 0 0 0 0 
0 0 0 9 0 0 0 0 0 6 0 0 0 4 0 0 0 10 0 7 0 16 0 9 0 0 0 0 0 0 
0 0 0 7 18 0 4 0 0 0 0 0 6 0 0 0 0 0 0 0 1 0 0 0 0 15 12 10 0 0 
15 0 0 0 0 0 0 0 0 0 0 0 0 0 0 0 0 0 0 0 17 0 16 0 0 0 0 0 0 0 
0 0 17 15 0 6 0 2 0 0 0 0 0 17 0 9 14 0 0 0 0 0 15 0 0 0 0 0 0 6 
0 1 0 14 0 0 0 2 17 12 0 0 0 0 0 0 7 0 0 0 10 0 15 0 0 5 0 16 0 0 
17 0 0 0 0 0 0 0 0 0 0 0 0 0 0 11 0 0 0 0 0 2 0 0 0 0 0 10 0 0 
12 0 9 0 13 0 7 0 0 9 0 0 5 0 0 0 0 0 11 8 0 0 0 0 0 0 0 0 0 0 
0 4 0 0 0 12 0 0 0 16 0 0 0 0 0 0 0 0 0 0 16 0 0 0 0 0 0 15 10 0 
0 0 0 0 0 0 0 0 0 0 0 0 0 0 0 0 9 0 0 0 0 0 0 0 0 0 1 12 0 0 
0 0 13 0 0 0 0 10 0 0 0 0 0 0 0 0 8 14 0 3 13 0 0 0 0 0 0 15 0 0 
15 0 0 0 0 0 15 1 0 7 0 0 0 8 0 0 0 0 0 0 0 0 0 7 0 0 0 8 0 0 
0 1 0 0 0 14 0 0 0 0 0 19 0 0 0 0 5 0 0 0 0 0 0 0 0 0 0 0 0 0 
0 0 0 0 19 0 0 0 0 0 7 0 0 0 0 0 6 0 0 2 0 8 0 0 0 0 0 0 0 0 
0 0 0 0 0 0 0 0 10 0 8 15 0 0 0 0 12 0 16 4 0 0 0 0 0 18 5 0 0 13 
0 0 0 0 0 0 18 0 0 0 0 0 0 0 0 3 0 8 0 0 0 0 0 0 0 0 0 1 0 0 
0 2 0 0 0 2 0 0 0 0 0 0 0 0 0 0 0 0 0 0 14 0 17 0 15 0 0 0 0 0 
