30

0 1 0 1 1 1 1 1 1 1 0 0 1 1 1 1 1 1 1 1 1 0 0 1 1 1 1 1 1 1 
1 0 1 1 1 1 0 1 1 1 1 1 0 1 1 0 1 1 1 0 0 1 1 1 1 1 0 1 1 0 
0 1 0 1 1 0 1 1 0 1 1 1 0 0 1 1 0 1 0 0 0 1 1 0 0 0 1 1 0 1 
1 1 1 0 1 1 1 0 0 1 1 0 1 1 1 1 1 1 0 0 1 0 1 1 1 0 1 1 1 1 
1 1 1 1 0 1 0 1 1 0 0 0 1 0 0 1 1 0 1 1 0 1 1 0 1 1 0 0 1 1 
1 1 0 1 1 0 1 1 1 0 1 1 1 0 1 0 1 1 1 0 0 1 0 1 1 1 1 1 1 1 
1 0 1 1 0 1 0 1 1 1 1 1 1 0 1 0 1 0 1 1 1 1 1 1 1 0 1 0 1 1 
1 1 1 0 1 1 1 0 1 1 1 1 1 0 1 0 1 0 1 0 1 1 0 1 1 1 1 1 1 1 
1 1 0 0 1 1 1 1 0 0 1 0 0 1 1 0 1 1 0 1 1 0 0 1 1 0 1 1 1 0 
1 1 1 1 0 0 1 1 0 0 1 1 1 1 1 0 0 1 1 1 0 1 1 1 0 0 1 1 1 1 
0 1 1 1 0 1 1 1 1 1 0 0 0 0 0 1 1 1 1 1 1 1 1 1 0 1 1 1 1 0 
0 1 1 0 0 1 1 1 0 1 0 0 1 1 1 1 1 1 1 1 1 0 1 1 1 1 1 1 1 1 
1 0 0 1 1 1 1 1 0 1 0 1 0 0 0 1 0 1 1 1 0 1 1 1 0 1 0 1 0 1 
1 1 0 1 0 0 0 0 1 1 0 1 0 0 1 0 0 1 0 1 1 1 1 1 1 1 0 1 0 1 
1 1 1 1 0 1 1 1 1 1 0 1 0 1 0 1 1 0 0 1 1 1 1 1 0 1 0 1 1 1 
1 0 1 1 1 0 0 0 0 0 1 1 1 0 1 0 1 1 1 1 1 0 1 1 0 1 1 1 0 0 
1 1 0 1 1 1 1 1 1 0 1 1 0 0 1 1 0 1 1 1 1 1 1 1 1 1 1 0 0 0 
1 1 1 1 0 1 0 0 1 1 1 1 1 1 0 1 1 0 1 1 1 0 1 0 1 1 1 1 1 0 
1 1 0 0 1 1 1 1 0 1 1 1 1 0 0 1 1 1 0 1 1 1 1 0 1 1 1 1 1 1 
1 0 0 0 1 0 1 0 1 1 1 1 1 1 1 1 1 1 1 0 1 1 1 1 1 1 1 1 1 1 
1 0 0 1 0 0 1 1 1 0 1 1 0 1 1 1 1 1 1 1 0 0 0 1 1 1 1 0 1 0 
0 1 1 0 1 1 1 1 0 1 1 0 1 1 1 0 1 0 1 1 0 0 0 0 0 0 1 0 1 1 
0 1 1 1 1 0 1 0 0 1 1 1 1 1 1 1 1 1 1 1 0 0 0 0 1 1 1 1 1 0 
1 1 0 1 0 1 1 1 1 1 1 1 1 1 1 1 1 0 0 1 1 0 0 0 0 1 0 1 1 1 
1 1 0 1 1 1 1 1 1 0 0 1 0 1 0 0 1 1 1 1 1 0 1 0 0 1 1 0 1 1 
1 1 0 0 1 1 0 1 0 0 1 1 1 1 1 1 1 1 1 1 1 0 1 1 1 0 1 1 1 1 
1 0 1 1 0 1 1 1 1 1 1 1 0 0 0 1 1 1 1 1 1 1 1 0 1 1 0 0 0 1 
1 1 1 1 0 1 0 1 1 1 1 1 1 1 1 1 0 1 1 1 0 0 1 1 0 1 0 0 1 1 
1 1 0 1 1 1 1 1 1 1 1 1 0 0 1 0 0 1 1 1 1 1 1 1 1 1 0 1 0 1 
1 0 1 1 1 1 1 1 0 1 0 1 1 1 1 0 0 0 1 1 0 1 0 1 1 1 1 1 1 0 

0 0 0 0 0 0 0 0 12 0 0 0 0 0 0 0 1 0 14 6 20 0 0 0 0 0 0 9 0 0 
3 0 4 0 1 18 0 2 0 12 0 17 0 4 0 0 0 0 7 0 0 0 0 0 0 0 0 9 0 0 
0 0 0 0 16 0 0 0 10 0 0 9 19 0 8 20 0 0 0 6 0 0 0 0 0 0 0 0 13 0 
0 0 0 0 0 0 0 0 0 0 0 0 0 0 0 0 1 0 0 0 0 0 0 0 0 0 0 0 0 0 
0 1 0 5 0 0 0 0 0 3 5 12 0 3 0 0 0 0 0 0 0 8 0 0 0 0 0 0 0 0 
0 0 0 0 0 0 0 0 8 9 0 6 0 0 0 0 0 0 0 9 0 0 0 18 0 0 0 0 0 0 
0 0 4 0 0 0 0 0 14 0 0 6 13 20 0 0 2 0 0 0 0 0 0 0 0 0 0 10 0 0 
0 0 0 0 0 0 0 0 0 0 17 0 0 0 0 0 0 0 0 0 13 0 0 0 0 0 8 0 0 0 
0 3 2 0 0 0 0 0 0 0 0 19 0 0 0 0 0 0 0 18 0 0 0 9 0 19 0 5 12 0 
0 13 0 0 0 1 0 0 0 0 14 0 0 0 20 0 0 19 0 0 0 0 0 0 0 0 0 16 11 0 
0 0 0 0 0 0 0 10 0 0 0 0 0 0 0 0 0 0 0 0 0 0 9 0 10 0 0 0 0 0 
0 0 4 2 0 12 6 0 0 0 0 0 0 0 0 0 0 0 11 18 0 0 0 14 10 0 0 19 0 11 
0 0 0 0 2 0 9 17 0 0 0 0 0 0 0 0 18 0 0 0 0 16 4 0 0 0 0 16 0 0 
0 14 0 0 1 0 0 18 0 0 0 0 0 0 0 0 16 0 0 0 0 7 0 0 0 10 0 0 0 0 
0 0 3 0 0 5 0 17 3 0 0 0 19 0 0 0 0 0 0 3 0 14 0 0 0 0 0 0 0 0 
8 8 0 0 0 0 0 0 0 0 0 0 0 0 0 0 17 5 0 0 0 19 0 11 2 0 0 0 0 0 
0 0 0 0 0 0 0 0 0 0 0 0 0 0 0 9 0 0 0 0 0 10 0 0 0 0 0 0 0 0 
3 0 0 0 0 0 10 0 0 0 0 15 0 4 0 14 0 0 0 3 0 0 0 0 0 0 0 0 4 0 
2 0 5 0 0 8 0 0 0 15 0 0 15 0 0 0 0 0 0 0 0 5 0 4 0 0 0 3 0 0 
0 0 13 0 0 0 0 0 0 0 1 8 0 0 0 0 0 0 0 0 0 0 0 9 13 5 0 0 0 0 
0 0 0 5 0 0 0 0 0 0 0 16 0 0 17 0 0 0 0 9 0 0 0 18 0 0 0 0 5 0 
9 0 0 0 0 0 0 0 7 0 6 0 0 0 0 0 15 1 0 5 0 0 3 0 13 0 0 0 0 8 
14 0 0 10 0 0 0 0 6 0 2 0 8 0 0 0 0 19 0 0 0 0 0 0 0 0 4 0 0 0 
0 0 0 0 11 0 0 0 0 0 0 0 0 0 0 0 0 0 0 0 0 0 9 0 0 0 0 0 0 15 
16 0 0 0 0 0 0 8 0 0 5 0 0 0 0 0 0 0 0 19 0 5 3 0 0 8 0 0 0 0 
0 0 0 0 0 0 1 0 0 0 0 0 15 0 0 0 0 2 0 0 13 0 19 0 0 0 0 12 0 0 
17 0 0 0 0 0 0 6 0 2 0 0 0 0 0 13 0 0 0 0 0 0 0 0 0 0 0 0 0 0 
0 0 19 0 0 17 0 0 10 0 0 0 0 0 0 0 0 0 0 0 0 0 0 0 0 0 0 0 0 0 
11 0 0 0 3 0 0 0 0 0 0 0 0 0 3 0 0 0 0 0 0 0 0 0 16 0 0 0 0 0 
2 10 0 0 0 0 0 0 0 0 0 0 0 0 0 0 0 0 6 0 0 0 0 20 0 0 12 0 0 0 
