30

0 1 0 0 0 1 0 0 1 1 1 1 1 0 0 1 1 0 1 0 0 1 1 0 0 1 0 1 1 1 
1 0 1 1 1 1 1 1 0 1 0 1 1 1 1 0 0 1 0 1 0 0 0 1 1 0 1 0 1 0 
0 1 0 1 1 0 1 1 1 0 0 0 0 1 0 0 1 0 1 0 0 0 1 1 0 0 1 0 0 1 
0 1 1 0 0 1 1 1 0 1 1 0 1 1 0 0 1 0 1 1 0 1 1 0 0 0 1 1 1 1 
0 1 1 0 0 0 0 1 0 0 0 0 1 1 1 1 0 1 1 0 0 0 1 1 1 1 0 1 0 0 
1 1 0 1 0 0 0 1 0 0 1 0 1 0 0 1 0 1 0 0 1 0 1 1 1 0 0 1 1 1 
0 1 1 1 0 0 0 1 1 1 1 1 0 1 0 1 1 1 0 1 1 1 0 1 0 1 1 0 0 0 
0 1 1 1 1 1 1 0 1 0 1 1 1 1 0 1 1 1 0 1 1 1 0 0 0 1 1 1 1 1 
1 0 1 0 0 0 1 1 0 0 1 1 1 1 1 1 1 0 0 0 0 1 0 0 1 0 0 0 1 1 
1 1 0 1 0 0 1 0 0 0 0 0 1 0 1 0 0 0 1 1 1 1 0 1 1 0 0 1 1 1 
1 0 0 1 0 1 1 1 1 0 0 1 0 1 1 0 1 1 1 1 1 1 1 0 1 1 0 0 1 1 
1 1 0 0 0 0 1 1 1 0 1 0 1 1 1 0 1 1 1 1 1 1 1 0 0 1 0 1 1 1 
1 1 0 1 1 1 0 1 1 1 0 1 0 0 1 1 0 0 0 1 1 0 0 1 1 0 0 1 1 1 
0 1 1 1 1 0 1 1 1 0 1 1 0 0 1 1 1 0 1 1 0 0 1 0 1 0 1 0 0 0 
0 1 0 0 1 0 0 0 1 1 1 1 1 1 0 1 0 1 0 0 1 0 1 0 0 1 1 0 0 0 
1 0 0 0 1 1 1 1 1 0 0 0 1 1 1 0 0 1 1 1 0 1 1 1 1 1 0 1 1 1 
1 0 1 1 0 0 1 1 1 0 1 1 0 1 0 0 0 1 1 1 1 0 1 1 0 1 0 1 0 1 
0 1 0 0 1 1 1 1 0 0 1 1 0 0 1 1 1 0 0 0 0 1 1 0 1 0 1 1 1 0 
1 0 1 1 1 0 0 0 0 1 1 1 0 1 0 1 1 0 0 1 0 1 0 0 1 0 0 1 0 0 
0 1 0 1 0 0 1 1 0 1 1 1 1 1 0 1 1 0 1 0 1 0 1 0 0 1 1 1 0 0 
0 0 0 0 0 1 1 1 0 1 1 1 1 0 1 0 1 0 0 1 0 0 1 0 0 1 1 0 1 1 
1 0 0 1 0 0 1 1 1 1 1 1 0 0 0 1 0 1 1 0 0 0 1 0 1 0 1 1 1 0 
1 0 1 1 1 1 0 0 0 0 1 1 0 1 1 1 1 1 0 1 1 1 0 0 1 0 1 0 1 1 
0 1 1 0 1 1 1 0 0 1 0 0 1 0 0 1 1 0 0 0 0 0 0 0 1 1 1 0 1 1 
0 1 0 0 1 1 0 0 1 1 1 0 1 1 0 1 0 1 1 0 0 1 1 1 0 0 1 1 0 1 
1 0 0 0 1 0 1 1 0 0 1 1 0 0 1 1 1 0 0 1 1 0 0 1 0 0 1 1 1 1 
0 1 1 1 0 0 1 1 0 0 0 0 0 1 1 0 0 1 0 1 1 1 1 1 1 1 0 1 0 1 
1 0 0 1 1 1 0 1 0 1 0 1 1 0 0 1 1 1 1 1 0 1 0 0 1 1 1 0 1 1 
1 1 0 1 0 1 0 1 1 1 1 1 1 0 0 1 0 1 0 0 1 1 1 1 0 1 0 1 0 0 
1 0 1 1 0 1 0 1 1 1 1 1 1 0 0 1 1 0 0 0 1 0 1 1 1 1 1 1 0 0 

0 0 0 3 0 0 0 5 0 17 0 0 0 2 6 0 0 16 0 0 0 0 10 0 0 0 0 3 0 0 
14 0 0 0 0 13 0 2 0 6 0 0 0 0 0 19 0 0 0 0 0 0 0 0 0 3 0 0 0 0 
0 0 0 0 0 0 0 19 0 0 0 0 20 0 10 0 7 0 0 1 0 0 0 0 0 0 0 0 0 0 
0 0 0 0 2 0 0 0 10 9 0 1 0 0 0 0 0 4 18 0 0 8 0 0 0 13 10 0 0 0 
0 0 19 0 0 0 0 15 0 0 0 0 0 0 0 0 0 0 0 0 1 0 0 0 0 0 11 0 17 0 
0 0 0 0 0 0 12 0 0 6 0 0 1 0 0 0 0 0 0 0 0 0 9 13 1 0 0 0 0 0 
15 0 0 0 0 0 0 0 0 0 0 0 3 0 17 0 12 0 0 0 7 1 0 0 0 0 0 0 12 0 
0 0 0 0 0 0 0 0 0 0 0 0 0 0 0 0 17 0 0 0 0 2 16 0 0 0 1 0 0 0 
0 0 0 0 0 0 5 18 0 0 9 0 0 0 0 0 0 0 0 0 0 0 0 0 0 0 8 4 0 0 
0 0 0 0 0 17 0 0 0 0 10 0 0 0 0 0 0 0 0 0 0 1 0 0 0 0 0 0 20 0 
0 0 0 0 17 0 0 15 0 0 0 0 0 0 0 3 0 0 0 0 3 8 0 1 0 12 0 0 11 0 
0 0 15 0 0 18 0 0 8 0 0 0 0 0 0 0 0 0 0 0 4 0 0 7 0 0 0 0 21 0 
0 0 0 0 0 0 0 0 0 0 0 0 0 0 0 0 0 0 0 0 17 0 0 0 0 0 0 0 0 0 
0 4 0 0 0 0 0 0 0 0 0 18 0 0 15 0 3 0 0 0 1 13 0 0 0 0 0 0 0 10 
0 12 0 0 0 0 0 18 0 0 0 0 0 0 0 0 0 0 19 0 0 0 0 0 15 0 0 8 0 0 
0 0 0 0 0 0 0 0 20 0 0 13 0 0 0 0 0 0 0 0 0 0 0 9 0 0 0 0 0 0 
18 7 0 0 0 0 0 0 0 0 0 0 0 0 19 0 0 0 10 0 0 0 0 0 9 0 0 0 0 0 
0 0 0 0 0 18 0 0 0 0 0 16 0 0 0 4 15 0 0 0 0 0 11 0 2 0 0 0 0 1 
0 15 20 13 0 0 0 0 18 0 6 0 0 0 0 0 0 0 0 0 0 0 0 0 0 0 3 0 0 0 
0 0 0 0 0 0 11 13 0 0 0 0 0 0 0 0 0 0 0 0 0 0 16 0 0 0 17 0 7 0 
0 0 5 6 8 0 0 19 0 0 0 13 0 0 0 10 0 0 19 0 0 0 0 0 0 0 0 1 0 0 
9 8 0 0 0 0 20 0 0 1 0 0 0 0 0 16 0 0 0 0 12 0 0 0 0 0 3 0 0 13 
10 0 0 0 0 0 0 17 0 0 0 0 13 0 0 0 0 0 0 0 0 0 0 0 0 0 0 0 0 0 
0 0 0 0 0 0 0 0 0 0 0 0 0 0 0 0 0 0 0 7 0 0 0 0 0 0 0 2 19 0 
1 0 0 0 1 0 0 0 0 0 0 12 17 0 0 0 0 0 0 0 11 13 0 12 0 0 0 0 0 16 
1 0 0 0 0 0 0 0 14 0 0 0 17 16 0 0 0 0 0 7 0 0 0 0 0 0 0 0 0 19 
0 0 0 0 14 0 0 4 0 0 0 0 0 0 0 0 13 5 0 0 15 0 10 0 0 0 0 0 0 0 
0 16 0 0 0 0 0 13 10 0 0 0 18 0 0 0 0 0 0 0 0 0 0 0 0 0 0 0 0 0 
0 0 8 0 0 0 0 0 0 0 0 0 0 0 0 0 0 0 18 0 0 4 6 0 0 0 10 0 0 0 
0 0 0 0 0 0 14 0 0 16 0 0 0 0 0 0 0 0 0 0 0 0 0 0 0 0 0 0 0 0 
