30

0 0 1 1 0 1 1 0 1 0 1 0 1 0 1 0 0 0 0 0 1 1 0 0 0 0 0 1 0 1 
0 0 0 0 0 1 0 1 1 0 0 0 1 1 1 0 1 0 1 1 0 0 1 1 0 1 0 0 0 1 
1 0 0 1 0 1 1 0 0 0 1 0 0 0 0 0 0 0 1 0 0 0 0 0 0 1 1 1 1 1 
1 0 1 0 0 1 0 0 0 1 0 0 0 1 1 0 0 1 0 1 0 0 0 0 0 0 0 0 1 0 
0 0 0 0 0 0 0 0 0 0 0 0 0 1 0 0 1 0 0 1 0 0 1 0 0 0 0 1 0 0 
1 1 1 1 0 0 0 1 1 0 0 0 0 0 0 0 0 0 0 0 0 0 1 0 1 1 1 1 1 0 
1 0 1 0 0 0 0 0 0 0 1 0 0 0 0 0 0 0 0 0 1 1 0 0 0 0 0 0 0 0 
0 1 0 0 0 1 0 0 0 1 0 0 1 1 0 1 1 0 0 0 1 0 0 0 0 0 0 1 1 1 
1 1 0 0 0 1 0 0 0 0 1 1 1 0 1 0 1 0 0 0 1 0 1 1 0 0 0 0 0 1 
0 0 0 1 0 0 0 1 0 0 0 1 0 0 1 0 0 0 0 0 0 0 0 0 1 1 0 0 0 0 
1 0 1 0 0 0 1 0 1 0 0 0 1 0 0 1 0 1 0 1 0 0 1 0 1 0 1 0 0 0 
0 0 0 0 0 0 0 0 1 1 0 0 1 0 0 0 0 1 1 1 0 0 0 0 0 1 1 0 1 0 
1 1 0 0 0 0 0 1 1 0 1 1 0 0 0 0 1 0 1 0 0 0 0 0 0 1 0 0 0 0 
0 1 0 1 1 0 0 1 0 0 0 0 0 0 1 0 0 0 0 0 0 0 0 1 1 0 1 1 0 0 
1 1 0 1 0 0 0 0 1 1 0 0 0 1 0 0 0 0 1 0 0 0 0 0 0 0 0 0 0 0 
0 0 0 0 0 0 0 1 0 0 1 0 0 0 0 0 0 1 0 0 1 0 1 0 0 0 1 0 0 0 
0 1 0 0 1 0 0 1 1 0 0 0 1 0 0 0 0 0 0 0 0 0 1 0 0 0 0 0 0 0 
0 0 0 1 0 0 0 0 0 0 1 1 0 0 0 1 0 0 0 0 0 0 0 0 0 0 0 0 1 0 
0 1 1 0 0 0 0 0 0 0 0 1 1 0 1 0 0 0 0 1 0 0 0 0 0 0 0 0 0 1 
0 1 0 1 1 0 0 0 0 0 1 1 0 0 0 0 0 0 1 0 1 0 0 0 0 0 0 1 1 0 
1 0 0 0 0 0 1 1 1 0 0 0 0 0 0 1 0 0 0 1 0 0 1 0 0 0 1 0 0 1 
1 0 0 0 0 0 1 0 0 0 0 0 0 0 0 0 0 0 0 0 0 0 1 0 0 0 1 0 1 0 
0 1 0 0 1 1 0 0 1 0 1 0 0 0 0 1 1 0 0 0 1 1 0 0 0 1 0 0 0 0 
0 1 0 0 0 0 0 0 1 0 0 0 0 1 0 0 0 0 0 0 0 0 0 0 0 0 0 1 1 0 
0 0 0 0 0 1 0 0 0 1 1 0 0 1 0 0 0 0 0 0 0 0 0 0 0 0 1 0 0 0 
0 1 1 0 0 1 0 0 0 1 0 1 1 0 0 0 0 0 0 0 0 0 1 0 0 0 0 0 0 0 
0 0 1 0 0 1 0 0 0 0 1 1 0 1 0 1 0 0 0 0 1 1 0 0 1 0 0 0 0 1 
1 0 1 0 1 1 0 1 0 0 0 0 0 1 0 0 0 0 0 1 0 0 0 1 0 0 0 0 0 1 
0 0 1 1 0 1 0 1 0 0 0 1 0 0 0 0 0 1 0 1 0 1 0 1 0 0 0 0 0 1 
1 1 1 0 0 0 0 1 1 0 0 0 0 0 0 0 0 0 1 0 1 0 0 0 0 0 1 1 1 0 

0 0 0 0 6 5 0 0 5 0 7 0 0 14 0 0 9 0 0 0 10 8 0 0 0 10 0 0 1 0 
0 0 0 0 0 0 0 10 11 12 0 0 0 0 2 10 0 12 0 0 0 5 6 0 0 0 0 7 0 8 
0 1 0 11 0 0 7 6 15 0 0 11 1 0 0 0 14 10 6 5 0 7 0 0 7 0 8 0 1 7 
2 0 0 0 0 1 0 0 0 0 0 0 6 0 1 10 14 0 0 13 0 0 0 0 0 0 11 0 0 11 
0 4 0 0 0 0 0 14 0 6 0 0 0 3 0 12 0 10 0 0 4 14 5 0 13 0 6 0 6 0 
1 0 0 0 0 0 0 0 0 8 0 13 6 0 0 0 0 14 0 7 6 0 0 0 0 3 0 0 0 0 
0 4 3 12 0 0 0 0 13 15 6 0 13 0 13 1 12 9 0 0 7 4 14 0 3 0 0 0 11 0 
12 0 0 0 0 0 0 0 4 10 0 4 0 2 11 9 0 0 4 3 0 0 13 0 0 0 6 10 0 7 
0 0 0 0 0 5 11 15 0 0 0 0 5 10 0 1 0 14 1 0 2 0 10 2 6 1 4 6 3 0 
14 0 0 12 0 0 7 0 0 0 1 0 12 8 0 0 4 0 0 11 0 0 0 5 0 11 0 13 14 0 
6 12 0 13 0 7 10 7 4 8 0 0 7 0 2 0 7 0 1 0 7 1 14 10 0 0 0 11 8 0 
0 0 0 15 0 6 15 6 1 0 0 0 0 0 15 0 0 11 0 0 0 0 13 0 3 0 8 0 0 13 
0 2 0 3 11 3 14 0 0 0 12 0 0 0 0 0 0 0 0 0 8 0 0 13 9 0 0 0 0 0 
0 10 0 0 0 2 0 11 0 2 0 6 0 0 0 0 2 1 0 0 12 0 2 0 14 0 0 9 0 6 
0 0 5 14 6 0 0 2 0 10 0 9 12 4 0 0 1 10 14 0 0 0 0 6 9 6 6 4 6 0 
14 1 0 1 0 0 6 0 9 0 3 0 5 0 5 0 0 11 0 1 0 0 0 0 0 5 9 13 5 0 
0 1 0 0 0 7 14 0 0 0 0 0 6 0 0 0 0 0 9 5 0 0 0 10 6 0 0 0 5 0 
0 14 7 13 0 0 0 0 13 12 5 6 0 4 0 0 0 0 0 9 3 0 0 4 9 0 7 0 0 0 
3 0 11 0 8 0 0 0 0 0 3 0 12 7 12 6 0 0 0 14 0 6 0 0 0 5 7 5 0 0 
2 0 0 0 10 0 0 8 0 0 9 0 8 0 0 3 6 0 0 0 0 0 11 1 0 0 0 9 0 0 
7 2 0 0 0 1 0 0 0 0 0 0 15 10 1 0 0 1 0 0 0 0 5 0 0 0 11 1 0 14 
12 0 0 2 5 5 0 0 9 0 0 0 0 6 0 0 0 14 4 7 13 0 0 0 0 5 0 11 0 0 
0 0 0 0 0 7 7 0 0 3 6 0 0 0 5 0 0 0 0 1 0 4 0 1 0 5 0 12 14 0 
7 7 0 4 0 11 0 3 0 0 13 7 0 0 8 0 6 8 0 0 12 9 5 0 0 0 1 0 0 6 
0 0 10 0 0 7 0 0 5 16 16 0 2 7 0 0 11 0 0 0 0 7 13 2 0 2 0 0 0 6 
0 7 9 5 0 0 0 0 2 2 0 5 0 5 0 9 0 0 1 0 0 0 7 15 0 0 8 0 0 14 
0 0 14 0 0 1 0 14 0 1 2 8 0 0 0 6 0 0 0 4 0 0 0 0 0 15 0 0 0 0 
0 0 0 0 0 0 0 0 0 0 0 12 1 3 10 0 14 0 4 3 0 0 0 0 4 0 6 0 5 0 
0 2 0 0 3 0 0 14 0 0 2 0 0 0 0 0 0 0 0 1 0 0 0 0 0 0 0 0 0 13 
0 0 0 0 0 0 0 1 1 0 0 0 0 0 7 0 0 6 0 6 0 0 1 14 0 0 3 0 1 0 
