30

0 0 1 0 0 1 0 0 0 0 1 1 0 1 0 0 1 1 0 0 0 0 0 1 1 0 1 0 0 1 
0 0 0 0 0 1 1 1 0 1 1 0 0 0 0 0 0 0 0 0 0 1 1 1 0 0 0 0 0 1 
1 0 0 0 0 0 0 1 0 0 1 0 0 1 0 1 0 1 1 1 1 1 0 1 0 0 0 0 0 0 
0 0 0 0 0 0 0 0 1 0 0 0 0 1 1 1 1 0 1 1 0 0 0 0 0 0 1 1 0 1 
0 0 0 0 0 0 0 0 1 0 0 0 0 1 0 0 0 0 0 1 1 1 1 1 0 1 1 0 0 1 
1 1 0 0 0 0 0 0 0 0 0 0 0 0 0 1 0 0 0 1 0 1 0 0 1 0 0 0 0 0 
0 1 0 0 0 0 0 0 0 0 0 1 0 1 1 0 0 1 1 0 0 0 0 0 0 0 1 0 0 0 
0 1 1 0 0 0 0 0 1 1 0 0 0 0 0 1 0 0 1 0 0 0 0 0 0 0 0 0 0 1 
0 0 0 1 1 0 0 1 0 0 0 0 0 1 0 0 1 0 1 0 0 0 0 1 1 1 1 1 1 1 
0 1 0 0 0 0 0 1 0 0 1 0 1 0 0 1 0 1 1 0 1 0 0 1 1 0 0 0 1 0 
1 1 1 0 0 0 0 0 0 1 0 1 0 1 0 1 0 0 1 0 1 0 0 0 0 1 1 1 1 1 
1 0 0 0 0 0 1 0 0 0 1 0 1 0 1 0 0 0 1 1 0 1 1 1 0 0 0 0 0 0 
0 0 0 0 0 0 0 0 0 1 0 1 0 1 0 0 1 0 0 0 1 1 1 0 0 0 1 0 0 0 
1 0 1 1 1 0 1 0 1 0 1 0 1 0 1 1 0 0 1 0 0 1 1 1 1 1 0 1 1 0 
0 0 0 1 0 0 1 0 0 0 0 1 0 1 0 0 1 0 0 0 1 0 0 0 0 0 0 0 1 0 
0 0 1 1 0 1 0 1 0 1 1 0 0 1 0 0 0 0 0 0 0 0 0 0 1 0 1 1 1 1 
1 0 0 1 0 0 0 0 1 0 0 0 1 0 1 0 0 1 1 0 1 1 1 1 1 0 1 0 1 0 
1 0 1 0 0 0 1 0 0 1 0 0 0 0 0 0 1 0 1 1 0 0 1 0 0 1 0 0 0 0 
0 0 1 1 0 0 1 1 1 1 1 1 0 1 0 0 1 1 0 1 0 0 0 1 1 0 1 0 0 1 
0 0 1 1 1 1 0 0 0 0 0 1 0 0 0 0 0 1 1 0 1 0 1 1 0 1 1 0 0 0 
0 0 1 0 1 0 0 0 0 1 1 0 1 0 1 0 1 0 0 1 0 0 1 0 1 0 0 1 1 0 
0 1 1 0 1 1 0 0 0 0 0 1 1 1 0 0 1 0 0 0 0 0 1 0 0 0 1 0 0 0 
0 1 0 0 1 0 0 0 0 0 0 1 1 1 0 0 1 1 0 1 1 1 0 0 0 0 0 0 0 1 
1 1 1 0 1 0 0 0 1 1 0 1 0 1 0 0 1 0 1 1 0 0 0 0 1 0 1 0 1 1 
1 0 0 0 0 1 0 0 1 1 0 0 0 1 0 1 1 0 1 0 1 0 0 1 0 0 0 0 0 0 
0 0 0 0 1 0 0 0 1 0 1 0 0 1 0 0 0 1 0 1 0 0 0 0 0 0 0 1 1 0 
1 0 0 1 1 0 1 0 1 0 1 0 1 0 0 1 1 0 1 1 0 1 0 1 0 0 0 0 1 0 
0 0 0 1 0 0 0 0 1 0 1 0 0 1 0 1 0 0 0 0 1 0 0 0 0 1 0 0 1 0 
0 0 0 0 0 0 0 0 1 1 1 0 0 1 1 1 1 0 0 0 1 0 0 1 0 1 1 1 0 1 
1 1 0 1 1 0 0 1 1 0 1 0 0 0 0 1 0 0 1 0 0 0 1 1 0 0 0 0 1 0 

0 0 0 0 0 0 4 0 0 0 0 7 2 0 0 4 0 9 0 12 0 9 12 0 8 14 3 0 9 0 
13 0 0 4 0 8 0 0 8 0 9 6 14 2 0 0 0 0 0 0 0 8 0 15 1 0 0 0 0 0 
13 1 0 1 0 7 0 0 2 10 5 16 4 4 0 0 16 0 0 0 0 8 5 10 2 0 0 0 0 0 
11 0 13 0 10 2 0 1 0 0 0 0 0 0 13 0 0 9 0 0 11 0 1 1 14 8 0 0 0 0 
0 0 13 1 0 5 4 6 1 0 0 0 0 2 4 0 7 0 4 0 10 2 12 12 0 11 0 0 0 2 
6 11 0 0 0 0 0 0 0 2 6 0 0 10 8 0 0 9 0 0 0 14 0 12 0 0 1 4 9 9 
0 0 4 0 12 0 0 0 0 0 0 3 0 0 14 0 4 15 0 12 5 5 3 0 0 0 3 0 0 0 
0 0 0 0 0 3 11 0 0 0 0 9 6 0 0 7 0 8 0 0 5 0 8 0 14 0 4 12 5 0 
0 0 0 0 0 0 0 0 0 10 6 12 12 0 0 0 0 10 0 0 10 0 0 0 3 0 0 13 0 0 
8 0 0 0 0 0 0 0 0 0 0 0 11 11 3 0 3 0 0 0 0 1 1 9 2 0 2 0 0 0 
0 12 6 0 0 0 7 0 14 0 0 0 0 0 0 0 3 3 0 1 0 0 0 1 0 0 0 15 0 0 
12 7 3 0 10 0 0 0 8 10 5 0 4 0 14 7 0 1 7 0 0 11 0 5 0 0 5 0 9 0 
0 0 0 1 0 4 0 2 7 0 8 0 0 0 12 6 0 0 0 0 7 14 7 0 0 0 0 12 0 3 
0 4 0 1 0 0 0 0 0 0 0 1 1 0 0 9 0 0 4 5 0 0 5 0 0 0 4 0 1 3 
0 7 0 0 0 10 0 0 10 0 11 0 4 0 0 0 0 0 0 10 2 14 0 0 0 0 0 0 0 0 
0 14 1 3 0 0 0 0 0 9 0 0 0 7 4 0 0 0 0 0 0 0 0 0 12 0 12 12 7 0 
0 0 0 0 0 0 3 0 13 13 9 0 0 15 0 1 0 0 5 9 5 0 14 0 1 0 10 0 2 0 
0 10 0 0 0 0 0 0 5 0 3 0 0 0 2 0 0 0 0 0 0 13 0 0 14 1 0 12 0 6 
0 0 0 5 0 11 13 0 0 1 7 0 6 10 0 0 6 8 0 0 0 5 3 0 7 0 2 12 0 3 
6 3 0 11 7 11 0 14 0 14 0 14 0 0 0 10 12 2 11 0 7 0 2 10 0 0 0 0 6 13 
0 0 11 11 0 0 10 5 9 0 0 0 0 0 9 12 0 0 13 7 0 0 0 0 6 0 8 0 0 4 
0 0 0 0 6 0 0 9 8 0 0 7 1 0 3 3 0 5 12 0 1 0 13 0 5 3 0 0 6 0 
13 0 1 8 14 6 5 0 0 9 10 6 0 0 0 0 0 0 0 2 5 0 0 0 5 13 0 0 0 0 
0 13 0 0 0 0 12 5 3 0 0 0 11 0 7 0 11 0 0 0 0 0 0 0 13 0 0 11 8 0 
0 12 0 10 6 6 0 4 13 9 0 5 4 0 2 2 0 0 0 4 0 0 0 0 0 0 0 0 3 0 
3 15 0 0 0 0 5 2 0 0 10 0 11 0 12 8 0 0 0 0 0 0 0 0 6 0 0 2 0 0 
0 2 0 0 0 0 3 0 9 0 5 0 3 0 0 0 0 0 12 0 0 0 0 0 0 3 0 0 0 3 
1 12 0 0 8 0 0 0 0 0 0 0 0 4 0 4 0 0 0 0 12 0 0 6 0 9 14 0 0 0 
1 2 14 0 0 0 4 12 6 0 0 1 0 1 0 11 2 5 1 0 0 11 0 6 0 0 0 11 0 10 
0 0 0 13 0 2 14 1 5 0 0 2 0 2 10 0 0 2 13 0 12 5 0 11 12 0 0 14 9 0 
