30

0 1 1 1 1 0 1 1 1 1 1 1 1 0 1 1 1 1 1 1 0 1 1 0 0 0 1 1 1 0 
1 0 0 0 1 0 0 1 1 1 0 1 1 0 0 1 1 0 0 1 0 1 0 1 1 1 1 1 1 1 
1 0 0 0 1 1 1 0 1 1 0 1 1 1 1 1 1 1 0 0 0 0 1 1 1 1 1 1 0 0 
1 0 0 0 1 0 0 0 1 1 1 1 1 1 1 1 0 1 0 1 1 1 1 1 1 1 0 0 1 1 
1 1 1 1 0 1 0 0 0 1 1 0 0 1 1 0 0 0 1 0 1 0 1 1 0 0 1 1 1 1 
0 0 1 0 1 0 1 1 1 0 0 1 1 1 1 1 0 1 1 0 0 1 1 1 0 0 1 1 1 0 
1 0 1 0 0 1 0 1 0 1 1 0 1 1 1 1 1 0 0 0 1 1 0 0 1 1 1 1 0 1 
1 1 0 0 0 1 1 0 1 0 0 1 1 0 0 0 1 1 1 1 1 1 1 1 1 1 1 1 1 1 
1 1 1 1 0 1 0 1 0 0 0 0 1 1 1 1 0 1 1 0 1 1 1 0 1 0 1 0 1 1 
1 1 1 1 1 0 1 0 0 0 1 0 0 1 1 1 1 1 1 1 1 1 0 1 1 1 1 1 0 0 
1 0 0 1 1 0 1 0 0 1 0 0 0 0 0 0 1 1 1 1 0 1 1 1 1 1 1 1 1 1 
1 1 1 1 0 1 0 1 0 0 0 0 1 0 1 0 1 0 1 0 0 1 1 1 1 1 1 0 1 1 
1 1 1 1 0 1 1 1 1 0 0 1 0 1 0 0 1 0 1 0 1 0 0 1 1 1 1 1 1 1 
0 0 1 1 1 1 1 0 1 1 0 0 1 0 1 0 1 1 1 1 1 1 0 1 1 1 1 1 1 1 
1 0 1 1 1 1 1 0 1 1 0 1 0 1 0 1 1 0 0 1 0 1 1 1 1 1 1 0 1 1 
1 1 1 1 0 1 1 0 1 1 0 0 0 0 1 0 1 1 0 1 1 1 1 1 1 1 0 1 1 0 
1 1 1 0 0 0 1 1 0 1 1 1 1 1 1 1 0 1 1 1 1 1 0 1 1 1 1 1 0 1 
1 0 1 1 0 1 0 1 1 1 1 0 0 1 0 1 1 0 1 1 1 0 0 1 0 1 1 1 1 1 
1 0 0 0 1 1 0 1 1 1 1 1 1 1 0 0 1 1 0 0 1 0 0 1 1 1 0 0 1 1 
1 1 0 1 0 0 0 1 0 1 1 0 0 1 1 1 1 1 0 0 1 0 1 1 0 1 0 1 0 1 
0 0 0 1 1 0 1 1 1 1 0 0 1 1 0 1 1 1 1 1 0 0 1 1 1 0 1 0 0 1 
1 1 0 1 0 1 1 1 1 1 1 1 0 1 1 1 1 0 0 0 0 0 0 1 1 0 1 1 1 1 
1 0 1 1 1 1 0 1 1 0 1 1 0 0 1 1 0 0 0 1 1 0 0 0 1 1 0 1 1 1 
0 1 1 1 1 1 0 1 0 1 1 1 1 1 1 1 1 1 1 1 1 1 0 0 1 1 0 0 0 1 
0 1 1 1 0 0 1 1 1 1 1 1 1 1 1 1 1 0 1 0 1 1 1 1 0 0 1 1 1 1 
0 1 1 1 0 0 1 1 0 1 1 1 1 1 1 1 1 1 1 1 0 0 1 1 0 0 0 0 1 1 
1 1 1 0 1 1 1 1 1 1 1 1 1 1 1 0 1 1 0 0 1 1 0 0 1 0 0 1 1 0 
1 1 1 0 1 1 1 1 0 1 1 0 1 1 0 1 1 1 0 1 0 1 1 0 1 0 1 0 1 0 
1 1 0 1 1 1 0 1 1 0 1 1 1 1 1 1 0 1 1 0 0 1 1 0 1 1 1 1 0 1 
0 1 0 1 1 0 1 1 1 0 1 1 1 1 1 0 1 1 1 1 1 1 1 1 1 1 0 0 1 0 

0 0 11 0 18 0 0 8 0 0 5 0 0 0 0 0 0 0 17 0 0 0 0 0 0 0 23 14 0 8 
0 0 20 17 0 17 0 12 0 0 0 0 25 19 0 1 0 0 0 0 0 9 0 0 0 0 20 0 0 0 
0 0 0 0 12 0 10 12 23 0 0 23 0 0 0 5 0 0 0 0 0 0 0 23 7 0 16 0 0 0 
0 22 5 0 0 0 0 0 11 0 0 0 0 0 7 4 0 0 0 0 18 0 0 0 15 0 0 0 0 9 
19 0 0 0 0 20 16 0 0 18 3 0 0 0 0 0 0 0 16 0 2 0 0 0 0 0 0 0 0 0 
0 0 0 0 0 0 0 0 0 0 25 0 0 13 0 0 0 0 0 0 25 16 7 0 0 0 19 0 0 0 
0 0 0 0 0 0 0 5 0 0 0 0 0 0 24 0 0 0 0 0 0 0 0 19 0 0 0 18 18 19 
20 22 0 17 0 0 0 0 0 0 0 11 0 0 1 0 0 0 0 0 0 0 6 0 0 0 0 0 0 10 
0 0 20 0 24 15 0 21 0 0 16 0 0 13 0 0 0 0 0 0 0 16 20 0 14 15 13 8 0 0 
4 0 0 0 15 11 0 0 0 0 0 6 5 23 0 0 0 0 0 6 0 0 0 12 0 0 7 0 0 0 
23 1 0 0 0 20 0 0 0 13 0 0 0 0 0 0 0 5 0 0 0 0 0 0 0 0 0 0 0 0 
0 0 0 0 0 0 0 0 0 8 0 0 0 0 0 0 0 0 0 0 0 0 0 24 0 0 0 0 3 0 
17 0 0 0 18 0 0 0 0 0 0 0 0 0 0 0 0 0 0 0 0 0 0 0 0 0 0 22 0 0 
0 0 24 0 0 13 0 0 0 0 8 0 0 0 0 0 0 0 18 0 20 0 0 0 0 0 5 2 18 0 
0 0 0 0 0 0 5 0 0 0 0 0 0 0 0 0 0 0 0 17 4 0 0 0 20 0 0 0 0 0 
0 0 0 2 0 0 0 0 0 14 0 0 0 0 9 0 0 0 0 5 0 0 0 0 0 1 18 0 8 0 
0 0 11 0 0 0 0 0 24 26 0 0 0 1 0 0 0 0 0 0 15 0 21 5 0 0 0 10 0 0 
0 22 0 0 0 10 0 16 3 15 0 11 0 0 0 0 0 0 1 0 0 0 18 21 0 0 0 0 0 0 
0 0 0 0 0 0 0 18 0 0 24 0 8 0 0 0 14 1 0 0 0 9 11 16 0 0 0 10 5 14 
0 7 0 0 24 0 0 1 0 0 0 0 0 0 0 0 18 0 0 0 0 0 0 0 6 0 15 0 0 0 
0 0 0 0 0 7 10 6 0 0 21 0 0 0 0 0 4 0 0 0 0 0 0 0 2 0 0 3 0 0 
0 15 0 0 0 21 0 0 0 0 0 0 9 0 15 0 0 0 0 0 0 0 0 0 0 1 0 0 0 0 
0 0 0 0 16 3 0 0 1 0 6 0 8 25 0 0 0 0 0 0 0 0 0 0 0 0 0 0 1 0 
0 21 1 7 0 0 0 0 0 12 0 0 0 0 0 0 21 11 0 0 0 0 22 0 0 0 0 0 0 13 
0 0 0 0 0 0 0 0 0 0 0 23 0 0 0 0 21 0 15 0 0 0 0 0 0 0 0 0 19 0 
0 15 12 0 0 0 0 0 6 0 0 8 0 0 15 0 0 0 14 0 0 0 0 0 0 0 0 3 0 0 
0 0 0 0 19 0 0 4 0 0 19 23 0 0 0 0 0 12 1 0 0 0 0 4 0 0 0 0 4 0 
0 0 0 0 0 0 0 0 0 0 0 15 0 9 0 0 0 14 19 0 12 0 0 0 0 0 0 0 0 0 
0 19 0 0 0 6 0 0 24 0 0 0 0 0 0 19 0 0 0 7 0 0 0 0 0 0 0 0 0 0 
0 0 0 0 0 0 0 0 0 0 0 0 0 0 0 0 0 0 12 0 0 0 0 0 0 0 0 0 0 0 
