30

0 0 1 0 1 1 0 1 0 0 1 0 1 0 0 0 0 0 0 0 0 0 0 0 0 0 1 0 0 0 
0 0 0 0 0 0 1 1 0 0 0 0 0 0 0 0 0 0 0 0 0 0 0 1 0 1 0 0 0 0 
1 0 0 0 0 0 0 1 1 1 1 1 0 0 0 0 0 0 0 0 0 0 0 0 0 1 1 1 0 1 
0 0 0 0 0 0 0 0 0 0 0 0 0 1 0 1 0 0 0 0 0 0 0 0 0 0 1 0 0 1 
1 0 0 0 0 0 1 0 1 0 0 0 1 0 0 0 0 0 0 0 1 1 0 0 0 0 1 0 0 0 
1 0 0 0 0 0 0 1 0 1 0 0 0 0 0 1 0 1 1 1 0 0 1 0 0 0 0 1 0 0 
0 1 0 0 1 0 0 0 0 0 1 0 0 0 1 0 0 0 0 0 0 1 0 0 0 0 0 0 0 0 
1 1 1 0 0 1 0 0 1 1 0 0 1 0 1 0 0 1 0 0 0 0 0 0 1 0 0 0 0 1 
0 0 1 0 1 0 0 1 0 0 0 1 0 1 0 0 0 0 0 0 0 0 0 0 1 0 0 0 0 0 
0 0 1 0 0 1 0 1 0 0 0 0 0 0 0 0 1 0 1 0 0 0 1 1 1 0 0 0 1 1 
1 0 1 0 0 0 1 0 0 0 0 1 0 0 0 1 1 0 0 0 0 1 0 1 0 0 0 1 1 0 
0 0 1 0 0 0 0 0 1 0 1 0 0 0 0 1 0 0 0 1 1 0 0 1 0 0 0 0 1 1 
1 0 0 0 1 0 0 1 0 0 0 0 0 0 1 0 0 0 1 0 1 0 0 0 1 0 0 0 1 1 
0 0 0 1 0 0 0 0 1 0 0 0 0 0 1 1 0 0 0 0 1 0 1 0 0 1 1 1 0 0 
0 0 0 0 0 0 1 1 0 0 0 0 1 1 0 1 0 0 0 0 0 1 0 0 0 0 0 0 0 1 
0 0 0 1 0 1 0 0 0 0 1 1 0 1 1 0 0 0 0 0 0 0 0 1 0 0 0 0 0 0 
0 0 0 0 0 0 0 0 0 1 1 0 0 0 0 0 0 1 1 0 0 0 1 0 0 0 1 0 0 1 
0 0 0 0 0 1 0 1 0 0 0 0 0 0 0 0 1 0 1 0 0 0 0 0 0 0 1 0 0 0 
0 0 0 0 0 1 0 0 0 1 0 0 1 0 0 0 1 1 0 0 0 1 0 1 0 0 0 0 0 0 
0 0 0 0 0 1 0 0 0 0 0 1 0 0 0 0 0 0 0 0 1 0 0 0 1 1 1 0 1 1 
0 0 0 0 1 0 0 0 0 0 0 1 1 1 0 0 0 0 0 1 0 0 0 0 0 0 0 0 0 0 
0 0 0 0 1 0 1 0 0 0 1 0 0 0 1 0 0 0 1 0 0 0 0 0 0 0 0 0 1 1 
0 0 0 0 0 1 0 0 0 1 0 0 0 1 0 0 1 0 0 0 0 0 0 0 0 0 0 1 0 1 
0 1 0 0 0 0 0 0 0 1 1 1 0 0 0 1 0 0 1 0 0 0 0 0 1 0 0 0 1 1 
0 0 0 0 0 0 0 1 1 1 0 0 1 0 0 0 0 0 0 1 0 0 0 1 0 0 0 0 0 0 
0 1 1 0 0 0 0 0 0 0 0 0 0 1 0 0 0 0 0 1 0 0 0 0 0 0 0 0 0 1 
1 0 1 1 1 0 0 0 0 0 0 0 0 1 0 0 1 1 0 1 0 0 0 0 0 0 0 1 0 0 
0 0 1 0 0 1 0 0 0 0 1 0 0 1 0 0 0 0 0 0 0 0 1 0 0 0 1 0 0 0 
0 0 0 0 0 0 0 0 0 1 1 1 1 0 0 0 0 0 0 1 0 1 0 1 0 0 0 0 0 0 
0 0 1 1 0 0 0 1 0 1 0 1 1 0 1 0 1 0 0 1 0 1 1 1 0 1 0 0 0 0 

0 0 0 0 0 6 13 25 0 0 0 0 26 0 0 0 0 25 0 27 2 0 0 0 22 0 13 0 5 0 
0 0 2 0 0 4 8 0 0 0 0 0 0 0 0 24 0 0 0 0 24 0 0 0 0 0 0 0 0 0 
0 0 0 0 0 0 23 21 0 0 19 0 21 0 7 0 0 24 0 22 0 0 14 0 0 0 0 15 0 25 
20 0 0 0 0 0 0 0 0 0 4 0 27 16 0 2 0 23 0 9 0 0 0 12 13 0 16 0 8 0 
0 4 0 0 0 0 0 0 0 0 0 3 0 0 0 0 0 0 3 0 0 0 0 0 22 1 0 1 0 0 
22 23 0 0 0 0 0 0 0 0 18 0 0 0 0 0 3 9 2 0 13 0 0 10 0 0 0 23 0 0 
0 0 0 0 0 19 0 0 0 17 3 0 0 0 0 0 0 0 0 0 0 0 17 0 0 0 0 0 0 0 
0 0 0 0 0 7 0 0 27 0 0 0 17 0 0 13 0 0 0 22 0 0 0 0 0 0 19 0 12 0 
0 0 0 0 24 3 24 13 0 0 0 0 0 17 0 0 0 4 0 0 0 0 0 0 0 2 23 0 0 0 
0 0 0 0 0 0 0 0 0 0 0 0 0 8 7 13 0 0 0 0 6 0 0 0 0 0 0 0 0 0 
0 0 0 0 0 0 0 0 0 0 0 19 0 0 0 0 23 0 0 0 0 0 0 0 0 0 0 0 0 0 
0 8 0 0 0 0 0 19 0 0 0 0 0 0 0 25 0 0 0 0 0 0 0 3 0 0 0 0 0 0 
0 0 0 0 0 0 2 0 0 0 0 0 0 0 0 0 0 0 0 0 0 3 2 0 0 0 0 0 2 0 
2 0 0 0 0 6 10 0 0 0 0 0 23 0 0 0 0 0 0 0 17 0 4 0 0 0 0 7 5 0 
0 0 0 0 0 0 0 20 23 3 0 3 0 0 0 0 0 26 0 0 21 0 0 4 0 0 0 0 0 0 
0 0 0 0 0 0 0 4 0 0 0 0 0 0 0 0 0 0 0 0 0 0 5 0 0 0 0 26 0 0 
15 6 5 13 0 0 0 0 0 0 7 0 26 0 0 0 0 0 0 5 0 0 0 0 0 0 0 8 0 0 
0 2 0 0 0 23 0 0 0 0 0 0 0 0 0 19 0 0 0 0 0 0 0 24 0 0 0 6 0 0 
3 0 0 0 0 0 0 0 0 0 0 6 0 0 0 0 10 0 0 0 0 0 0 0 0 0 23 0 10 0 
0 0 0 0 0 0 0 0 0 0 13 0 0 0 3 5 0 0 0 0 19 7 0 0 0 0 0 0 0 0 
0 0 0 0 0 0 0 0 0 24 0 9 0 0 0 0 0 0 0 0 0 19 0 0 0 15 0 0 15 22 
23 0 1 3 0 0 0 0 0 0 0 0 21 0 0 0 0 0 3 0 0 0 6 0 0 0 0 2 0 12 
0 0 0 0 0 0 21 0 20 17 0 0 0 0 0 0 0 0 1 0 0 0 0 15 0 0 0 0 0 0 
0 0 0 0 12 6 0 0 0 16 0 0 0 0 0 10 0 0 0 0 0 0 0 0 11 0 0 0 0 2 
0 0 0 0 0 24 0 0 23 19 0 0 0 0 0 0 0 0 12 0 0 0 0 0 0 0 23 25 6 2 
0 0 0 11 5 7 0 19 0 6 0 0 0 0 0 0 0 0 0 0 0 0 0 0 0 0 0 0 0 0 
0 0 0 0 0 14 4 0 0 0 0 0 0 25 0 0 0 0 12 15 0 20 0 15 0 0 0 0 0 0 
0 0 0 0 0 0 8 25 0 0 0 0 11 22 0 0 2 19 0 24 0 22 0 0 3 0 0 0 0 20 
0 0 0 0 0 16 0 21 13 11 16 0 0 2 0 0 26 0 0 20 0 0 0 0 0 20 0 0 0 0 
25 0 0 0 0 9 0 0 0 0 0 8 1 0 15 0 0 0 17 15 0 0 0 2 0 1 9 0 0 0 
