30

0 0 0 0 0 0 0 0 0 1 1 0 0 1 0 0 0 0 0 0 1 0 1 1 0 1 1 0 1 0 
0 0 0 0 0 0 0 0 0 0 0 0 0 0 0 0 0 0 0 1 1 0 0 0 0 0 0 0 0 0 
0 0 0 0 1 0 0 0 1 1 0 0 0 0 0 0 0 0 0 0 0 1 0 0 0 0 0 0 0 0 
0 0 0 0 0 0 0 0 0 0 1 0 0 0 0 0 1 1 0 0 0 0 1 0 0 0 0 0 0 0 
0 0 1 0 0 0 0 1 1 0 0 0 0 0 0 0 0 0 1 1 0 0 0 0 0 0 0 1 0 0 
0 0 0 0 0 0 0 0 0 0 1 0 0 0 0 1 0 0 0 0 0 0 0 0 0 0 0 0 0 0 
0 0 0 0 0 0 0 0 1 0 0 0 1 0 0 0 0 0 1 0 0 0 0 0 0 0 0 0 0 0 
0 0 0 0 1 0 0 0 1 0 0 0 0 0 0 0 0 0 0 0 0 0 0 0 1 0 0 1 0 0 
0 0 1 0 1 0 1 1 0 0 0 0 0 0 0 0 0 0 0 0 0 0 1 0 0 1 1 1 0 0 
1 0 1 0 0 0 0 0 0 0 1 0 0 0 1 0 0 0 1 0 0 0 0 0 0 0 0 0 1 0 
1 0 0 1 0 1 0 0 0 1 0 0 0 0 0 0 0 0 0 0 0 0 0 1 0 1 0 0 0 0 
0 0 0 0 0 0 0 0 0 0 0 0 0 1 1 0 0 0 0 1 0 0 0 0 0 0 0 0 0 0 
0 0 0 0 0 0 1 0 0 0 0 0 0 1 0 0 1 0 0 1 1 1 0 0 0 0 0 0 0 0 
1 0 0 0 0 0 0 0 0 0 0 1 1 0 1 0 0 0 0 1 0 0 0 0 0 0 0 0 0 1 
0 0 0 0 0 0 0 0 0 1 0 1 0 1 0 0 0 0 0 1 0 0 0 0 0 0 0 0 1 1 
0 0 0 0 0 1 0 0 0 0 0 0 0 0 0 0 0 0 0 0 0 0 1 0 0 0 1 0 0 0 
0 0 0 1 0 0 0 0 0 0 0 0 1 0 0 0 0 0 0 0 0 0 0 1 0 0 1 0 0 0 
0 0 0 1 0 0 0 0 0 0 0 0 0 0 0 0 0 0 0 1 0 1 0 0 1 1 0 0 1 0 
0 0 0 0 1 0 1 0 0 1 0 0 0 0 0 0 0 0 0 0 0 0 0 0 0 1 0 0 1 1 
0 1 0 0 1 0 0 0 0 0 0 1 1 1 1 0 0 1 0 0 0 0 0 0 0 1 0 0 0 0 
1 1 0 0 0 0 0 0 0 0 0 0 1 0 0 0 0 0 0 0 0 0 0 0 0 1 0 0 0 0 
0 0 1 0 0 0 0 0 0 0 0 0 1 0 0 0 0 1 0 0 0 0 0 1 0 1 0 1 0 0 
1 0 0 1 0 0 0 0 1 0 0 0 0 0 0 1 0 0 0 0 0 0 0 0 1 0 0 0 0 1 
1 0 0 0 0 0 0 0 0 0 1 0 0 0 0 0 1 0 0 0 0 1 0 0 0 0 0 0 0 0 
0 0 0 0 0 0 0 1 0 0 0 0 0 0 0 0 0 1 0 0 0 0 1 0 0 0 0 0 0 0 
1 0 0 0 0 0 0 0 1 0 1 0 0 0 0 0 0 1 1 1 1 1 0 0 0 0 0 0 0 0 
1 0 0 0 0 0 0 0 1 0 0 0 0 0 0 1 1 0 0 0 0 0 0 0 0 0 0 0 0 0 
0 0 0 0 1 0 0 1 1 0 0 0 0 0 0 0 0 0 0 0 0 1 0 0 0 0 0 0 0 0 
1 0 0 0 0 0 0 0 0 1 0 0 0 0 1 0 0 1 1 0 0 0 0 0 0 0 0 0 0 0 
0 0 0 0 0 0 0 0 0 0 0 0 0 1 1 0 0 0 1 0 0 0 1 0 0 0 0 0 0 0 

0 0 11 0 0 0 11 0 0 0 0 0 0 0 0 0 0 6 0 0 0 0 12 0 0 0 0 0 1 3 
0 0 0 0 0 0 0 0 0 0 0 0 0 0 0 0 0 0 10 11 0 0 0 1 0 0 0 0 0 0 
0 0 0 0 0 0 0 0 0 0 0 9 0 0 0 6 0 0 0 0 0 0 0 0 1 0 0 0 0 0 
0 1 0 0 0 0 0 0 0 0 0 0 0 0 0 0 0 0 0 0 0 0 0 0 0 0 0 0 0 0 
0 0 0 0 0 0 0 0 0 0 0 0 0 0 0 0 0 0 0 5 0 0 0 0 0 0 2 0 0 0 
0 0 0 0 0 0 0 0 0 3 0 0 10 7 2 0 5 0 11 0 7 0 0 0 0 0 0 0 0 0 
3 0 0 0 0 0 0 0 0 0 0 0 9 0 0 0 0 0 0 0 10 0 9 0 0 0 0 0 0 0 
0 8 0 0 0 0 0 0 0 0 0 4 1 0 0 0 0 0 0 5 0 0 0 0 0 3 0 6 9 0 
0 0 0 0 0 0 0 0 0 0 0 0 0 0 0 0 0 4 0 0 7 0 0 0 0 0 10 0 7 0 
1 0 8 11 0 0 0 0 3 0 0 6 0 0 0 0 0 0 0 0 0 0 0 0 0 0 0 0 0 0 
0 6 0 0 0 0 0 0 6 0 0 1 0 0 9 0 0 0 0 0 0 11 2 0 0 0 0 0 6 0 
0 0 0 0 0 0 7 0 0 0 0 0 0 5 0 2 0 3 0 0 0 0 0 0 0 3 0 0 0 0 
0 0 0 0 0 1 9 2 0 0 0 0 0 0 0 0 0 0 0 0 0 0 0 11 0 11 0 0 0 0 
3 5 0 0 0 0 0 0 5 8 0 0 0 0 0 0 0 0 0 0 0 0 0 0 0 0 5 6 0 0 
0 4 0 1 8 0 0 0 0 0 0 3 0 0 0 0 0 4 0 0 0 0 0 0 4 0 0 0 0 1 
6 0 0 0 0 0 0 0 0 10 9 0 0 0 0 0 1 0 10 0 4 0 0 0 0 3 0 6 0 0 
6 0 0 0 0 0 2 0 0 0 0 3 0 0 0 0 0 0 0 0 0 0 0 3 0 2 0 0 0 0 
11 0 0 0 0 0 0 0 0 0 0 0 0 0 0 0 0 0 0 1 0 0 0 0 0 6 0 0 0 0 
0 0 0 0 0 0 0 0 0 0 0 0 0 0 0 0 0 0 0 0 0 0 0 0 0 0 0 0 0 0 
4 0 0 0 0 0 0 0 0 0 1 0 0 3 0 0 7 10 11 0 0 0 0 0 0 7 0 0 0 0 
0 0 0 0 0 0 0 0 0 0 0 0 0 0 0 0 0 5 0 11 0 0 0 0 0 0 0 4 0 0 
0 0 0 0 5 0 5 0 0 0 0 0 6 0 0 0 0 0 0 0 0 0 0 0 0 0 6 0 0 0 
0 0 5 0 0 0 8 4 4 0 4 0 0 0 0 0 0 2 0 0 0 0 0 0 5 0 0 0 0 0 
0 0 0 2 0 0 0 0 11 0 0 0 0 0 0 0 0 0 0 8 0 0 0 0 0 0 0 0 7 0 
2 0 0 0 0 0 0 0 1 0 0 0 11 0 0 3 0 0 0 10 0 0 0 0 0 1 0 10 0 0 
0 0 0 0 0 0 0 0 0 0 3 0 0 0 0 0 0 0 0 0 2 11 0 0 0 0 0 0 0 11 
0 0 0 0 10 0 0 5 0 0 0 0 0 0 0 0 0 0 0 0 0 0 0 2 0 0 0 0 0 0 
0 0 0 0 0 3 9 10 0 0 9 0 0 9 0 0 0 4 0 0 0 0 0 0 11 0 0 0 6 4 
5 0 0 0 0 0 0 0 0 0 5 8 0 0 0 0 7 12 0 0 0 0 0 0 7 0 0 0 0 0 
0 0 0 0 0 0 2 0 0 0 10 0 0 0 0 2 2 0 0 0 2 0 12 10 0 0 0 0 0 0 
