30

0 1 1 1 1 0 0 0 0 0 0 0 0 1 0 1 1 1 0 0 1 1 0 1 1 1 0 1 1 0 
1 0 1 0 1 1 1 1 1 0 0 0 0 0 1 1 0 1 0 0 1 0 0 1 1 0 0 0 1 1 
1 1 0 1 1 0 1 1 0 0 0 1 0 0 0 1 1 1 0 0 0 1 0 0 1 1 0 1 0 0 
1 0 1 0 1 1 0 1 1 0 0 1 1 0 1 0 0 1 1 0 1 0 0 1 1 0 0 0 0 0 
1 1 1 1 0 1 1 1 1 0 1 0 1 0 0 0 1 0 0 1 0 0 0 1 1 1 1 1 0 0 
0 1 0 1 1 0 1 1 1 0 0 0 1 1 1 1 0 1 1 0 1 1 0 1 0 0 0 0 0 0 
0 1 1 0 1 1 0 1 1 0 0 1 0 0 1 0 1 1 0 0 0 1 1 0 0 0 0 0 1 0 
0 1 1 1 1 1 1 0 1 1 0 0 0 0 0 1 0 0 1 0 0 1 0 0 1 1 0 0 1 0 
0 1 0 1 1 1 1 1 0 0 1 0 0 0 1 1 1 1 1 0 0 0 1 1 0 1 1 1 0 0 
0 0 0 0 0 0 0 1 0 0 0 1 0 0 0 0 0 1 1 0 1 0 1 1 0 1 0 0 0 1 
0 0 0 0 1 0 0 0 1 0 0 0 1 0 1 1 1 0 0 0 1 1 1 0 0 0 1 0 0 0 
0 0 1 1 0 0 1 0 0 1 0 0 0 0 0 1 1 1 0 1 0 1 0 0 1 0 1 0 0 0 
0 0 0 1 1 1 0 0 0 0 1 0 0 0 1 1 1 0 0 0 0 1 0 0 0 1 1 0 1 1 
1 0 0 0 0 1 0 0 0 0 0 0 0 0 0 1 0 0 0 1 0 0 0 1 0 0 1 1 0 1 
0 1 0 1 0 1 1 0 1 0 1 0 1 0 0 0 0 1 1 0 1 0 1 1 1 0 1 0 0 1 
1 1 1 0 0 1 0 1 1 0 1 1 1 1 0 0 1 1 1 0 1 0 0 1 1 0 1 0 0 1 
1 0 1 0 1 0 1 0 1 0 1 1 1 0 0 1 0 1 1 0 0 1 1 0 0 1 0 0 0 1 
1 1 1 1 0 1 1 0 1 1 0 1 0 0 1 1 1 0 0 0 1 0 0 1 0 0 1 1 1 1 
0 0 0 1 0 1 0 1 1 1 0 0 0 0 1 1 1 0 0 1 0 1 0 1 1 1 1 1 0 1 
0 0 0 0 1 0 0 0 0 0 0 1 0 1 0 0 0 0 1 0 1 1 0 0 0 0 0 0 0 0 
1 1 0 1 0 1 0 0 0 1 1 0 0 0 1 1 0 1 0 1 0 1 1 1 0 0 0 0 0 0 
1 0 1 0 0 1 1 1 0 0 1 1 1 0 0 0 1 0 1 1 1 0 1 0 1 1 0 1 0 1 
0 0 0 0 0 0 1 0 1 1 1 0 0 0 1 0 1 0 0 0 1 1 0 1 1 0 1 0 0 0 
1 1 0 1 1 1 0 0 1 1 0 0 0 1 1 1 0 1 1 0 1 0 1 0 0 1 1 1 0 0 
1 1 1 1 1 0 0 1 0 0 0 1 0 0 1 1 0 0 1 0 0 1 1 0 0 1 1 1 0 1 
1 0 1 0 1 0 0 1 1 1 0 0 1 0 0 0 1 0 1 0 0 1 0 1 1 0 0 1 0 0 
0 0 0 0 1 0 0 0 1 0 1 1 1 1 1 1 0 1 1 0 0 0 1 1 1 0 0 0 1 1 
1 0 1 0 1 0 0 0 1 0 0 0 0 1 0 0 0 1 1 0 0 1 0 1 1 1 0 0 0 1 
1 1 0 0 0 0 1 1 0 0 0 0 1 0 0 0 0 1 0 0 0 0 0 0 0 0 1 0 0 1 
0 1 0 0 0 0 0 0 0 1 0 0 1 1 1 1 1 1 1 0 0 1 0 0 1 0 1 1 1 0 

0 5 15 0 0 0 0 0 2 0 0 0 12 0 10 0 0 2 0 0 7 0 0 0 0 0 0 0 4 0 
0 0 0 8 0 5 0 13 0 0 0 3 2 9 0 14 0 0 0 0 0 1 0 0 4 4 0 0 0 0 
0 0 0 0 7 0 0 10 0 0 10 0 0 7 14 8 12 10 0 0 0 0 0 12 0 4 0 11 0 0 
0 0 13 0 0 0 0 6 0 0 0 4 0 0 14 10 0 12 0 9 0 0 0 0 0 0 3 0 0 6 
3 8 0 0 0 2 6 0 0 0 4 8 4 2 0 3 0 0 0 0 0 0 0 0 0 0 0 0 0 7 
0 6 0 11 2 0 5 0 14 0 0 6 13 0 0 0 0 0 1 13 0 0 9 6 8 8 10 0 0 6 
11 12 13 6 0 0 0 9 7 0 14 13 0 0 0 15 0 3 0 3 9 0 0 4 0 0 2 0 0 4 
12 0 0 0 13 0 0 0 0 0 0 5 0 0 8 0 11 0 0 1 0 4 0 13 7 0 0 0 0 0 
0 13 0 1 0 0 0 8 0 0 7 4 8 0 12 4 0 14 4 0 9 0 0 0 1 0 13 0 0 0 
0 13 0 0 4 3 0 0 1 0 0 0 0 8 0 11 0 0 1 6 5 0 0 0 0 1 0 0 0 6 
0 0 0 13 0 0 13 7 7 6 0 0 13 1 0 9 5 14 0 0 0 0 14 10 1 0 0 0 0 2 
3 0 0 13 0 0 8 0 0 11 0 0 0 6 0 0 0 9 0 0 0 0 0 0 0 1 0 15 0 0 
0 8 1 0 0 0 8 12 0 5 0 0 0 0 7 0 0 0 1 0 0 3 0 0 0 0 0 0 4 0 
12 1 0 1 0 0 0 13 10 0 10 0 0 0 0 0 0 0 11 0 0 4 1 3 4 3 14 0 0 3 
5 5 2 0 9 0 4 4 0 0 0 6 10 0 0 0 0 0 0 15 14 0 9 9 6 0 0 0 9 5 
4 0 9 0 1 7 0 0 0 8 0 5 0 0 0 0 2 2 0 0 0 0 0 0 0 0 0 0 1 14 
2 7 0 10 0 0 0 1 0 9 9 11 11 0 0 0 0 0 0 0 0 0 2 0 0 0 1 3 15 3 
0 8 2 0 1 3 0 10 0 0 0 5 0 0 0 4 0 0 6 10 0 13 0 11 15 0 4 0 0 12 
0 8 11 13 0 0 5 0 10 0 10 2 3 0 11 0 0 0 0 6 0 0 13 0 9 12 10 7 0 14 
0 0 0 5 0 0 0 0 14 0 0 8 8 1 0 5 11 0 13 0 1 0 4 0 0 0 0 0 12 0 
0 0 0 11 0 0 8 0 0 7 0 0 8 3 0 0 8 0 1 11 0 0 5 14 0 3 0 9 0 0 
0 1 0 0 4 0 0 0 0 0 0 0 12 10 0 0 0 0 10 7 7 0 0 0 0 6 3 0 0 15 
0 0 1 0 0 3 0 0 0 0 5 0 0 12 5 0 14 4 0 3 7 9 0 7 15 0 0 5 12 2 
5 0 15 6 0 4 0 15 0 5 0 3 0 14 0 0 1 6 14 0 13 4 0 0 11 4 0 0 0 2 
8 6 0 0 0 3 0 0 0 0 2 1 0 0 13 11 0 0 7 5 9 0 12 6 0 2 0 0 4 13 
2 2 0 0 6 0 8 0 6 8 5 0 0 0 0 15 4 13 0 0 0 12 12 0 14 0 7 8 0 0 
0 0 0 6 0 2 0 2 3 0 0 0 14 6 0 0 14 0 14 6 0 0 0 0 0 0 0 0 0 0 
5 0 0 12 10 0 1 0 0 0 0 0 13 2 0 0 0 0 0 0 0 0 0 0 13 1 1 0 0 0 
0 0 5 0 0 0 0 0 8 8 0 0 0 0 0 0 14 0 0 0 0 0 6 1 5 0 0 0 0 10 
0 0 9 11 0 8 8 8 0 0 11 14 0 4 1 0 0 4 0 0 0 0 0 12 0 1 0 2 0 0 
