30

0 1 1 1 0 1 1 1 1 1 0 0 0 1 0 0 0 0 1 1 0 1 0 1 1 0 1 1 0 1 
1 0 1 1 0 0 0 1 0 1 0 0 1 0 1 0 0 0 1 1 1 0 1 0 1 0 0 0 0 0 
1 1 0 1 0 0 0 1 0 1 1 0 1 1 1 1 0 0 1 1 1 1 1 1 1 0 1 0 0 0 
1 1 1 0 0 1 1 1 1 0 1 0 1 0 0 1 1 0 1 1 1 1 1 1 0 1 0 1 1 0 
0 0 0 0 0 0 0 0 1 0 1 0 1 0 0 0 1 0 1 1 1 1 0 0 0 0 0 0 1 0 
1 0 0 1 0 0 0 0 1 0 0 1 1 1 1 0 1 0 0 0 0 0 1 0 1 0 1 0 1 1 
1 0 0 1 0 0 0 0 0 0 0 1 1 0 0 1 0 0 0 1 1 1 1 0 0 0 1 1 0 0 
1 1 1 1 0 0 0 0 0 0 0 1 0 0 0 0 0 0 0 1 1 1 0 0 1 0 1 1 0 0 
1 0 0 1 1 1 0 0 0 0 0 0 0 0 0 0 1 1 1 1 0 1 0 0 1 1 0 1 0 1 
1 1 1 0 0 0 0 0 0 0 1 1 1 1 0 1 1 0 1 0 0 1 1 1 0 1 1 1 0 0 
0 0 1 1 1 0 0 0 0 1 0 0 0 0 1 0 0 1 1 1 0 1 0 0 0 0 1 1 0 1 
0 0 0 0 0 1 1 1 0 1 0 0 1 1 1 1 1 1 1 1 1 1 1 0 0 0 0 0 1 1 
0 1 1 1 1 1 1 0 0 1 0 1 0 0 1 0 0 0 1 0 1 1 1 1 0 0 1 1 1 0 
1 0 1 0 0 1 0 0 0 1 0 1 0 0 1 1 1 1 0 1 1 1 1 1 1 1 0 0 1 0 
0 1 1 0 0 1 0 0 0 0 1 1 1 1 0 1 0 1 1 0 1 1 0 0 1 0 1 0 1 1 
0 0 1 1 0 0 1 0 0 1 0 1 0 1 1 0 0 1 0 0 0 1 1 0 1 0 1 1 0 1 
0 0 0 1 1 1 0 0 1 1 0 1 0 1 0 0 0 0 0 0 1 1 1 0 0 1 1 0 0 0 
0 0 0 0 0 0 0 0 1 0 1 1 0 1 1 1 0 0 1 1 1 0 0 1 0 1 1 1 1 0 
1 1 1 1 1 0 0 0 1 1 1 1 1 0 1 0 0 1 0 0 1 1 0 1 0 0 1 1 0 0 
1 1 1 1 1 0 1 1 1 0 1 1 0 1 0 0 0 1 0 0 0 0 0 0 0 0 1 1 1 0 
0 1 1 1 1 0 1 1 0 0 0 1 1 1 1 0 1 1 1 0 0 0 0 1 0 0 1 0 1 0 
1 0 1 1 1 0 1 1 1 1 1 1 1 1 1 1 1 0 1 0 0 0 1 1 0 0 0 0 1 0 
0 1 1 1 0 1 1 0 0 1 0 1 1 1 0 1 1 0 0 0 0 1 0 0 1 0 1 0 1 1 
1 0 1 1 0 0 0 0 0 1 0 0 1 1 0 0 0 1 1 0 1 1 0 0 1 1 1 1 0 0 
1 1 1 0 0 1 0 1 1 0 0 0 0 1 1 1 0 0 0 0 0 0 1 1 0 0 1 0 1 0 
0 0 0 1 0 0 0 0 1 1 0 0 0 1 0 0 1 1 0 0 0 0 0 1 0 0 0 0 1 1 
1 0 1 0 0 1 1 1 0 1 1 0 1 0 1 1 1 1 1 1 1 0 1 1 1 0 0 1 0 0 
1 0 0 1 0 0 1 1 1 1 1 0 1 0 0 1 0 1 1 1 0 0 0 1 0 0 1 0 1 1 
0 0 0 1 1 1 0 0 0 0 0 1 1 1 1 0 0 1 0 1 1 1 1 0 1 1 0 1 0 1 
1 0 0 0 0 1 0 0 1 0 1 1 0 0 1 1 0 0 0 0 0 0 1 0 0 1 0 1 1 0 

0 0 0 0 0 15 0 0 0 0 0 18 0 0 0 0 0 0 0 0 0 0 0 0 0 0 0 0 0 16 
7 0 0 0 0 0 0 0 0 0 13 0 0 0 0 12 0 0 0 0 0 0 0 0 0 0 0 0 0 18 
0 0 0 0 0 0 13 0 0 0 0 0 0 0 0 0 0 0 0 0 0 0 0 17 0 0 0 0 1 7 
9 12 0 0 15 0 0 0 0 0 0 0 0 0 0 0 0 0 13 0 0 0 0 0 0 8 0 0 1 0 
13 13 10 0 0 0 0 0 0 18 0 0 13 0 0 0 0 0 0 0 0 0 0 15 7 0 0 0 17 0 
0 0 15 0 0 0 0 0 12 0 16 0 0 0 1 0 0 0 0 0 0 0 0 9 0 10 0 0 14 0 
0 0 0 0 0 0 0 0 0 0 0 0 0 0 0 15 0 0 4 0 0 0 0 0 16 0 0 12 0 0 
0 0 0 3 0 0 0 0 5 0 0 0 0 0 0 0 0 0 0 0 0 0 0 0 0 0 0 3 0 0 
15 4 0 0 0 4 10 0 0 0 12 0 0 0 1 0 0 4 10 11 0 1 2 0 0 0 0 0 8 0 
8 13 0 0 0 0 0 0 0 0 0 0 0 0 0 0 0 11 17 0 9 15 0 10 0 0 0 0 4 11 
9 0 10 13 13 0 0 0 0 0 0 0 0 0 0 0 6 0 0 0 2 0 0 0 0 0 0 12 0 0 
4 0 0 0 0 0 0 0 0 0 14 0 4 0 0 0 0 0 0 0 0 0 0 0 0 0 0 0 0 0 
0 2 0 0 0 0 0 0 17 0 13 0 0 0 0 3 0 0 0 14 0 0 1 10 11 7 0 0 0 0 
0 0 0 0 14 0 0 0 0 0 0 0 16 0 0 0 0 0 0 0 1 0 0 0 0 0 0 0 13 0 
0 11 0 0 15 0 0 17 0 0 0 0 0 0 0 0 0 10 12 0 0 16 0 0 0 1 0 0 0 0 
8 7 0 0 0 0 0 0 0 18 0 4 0 0 0 0 16 0 13 0 0 17 0 0 0 0 0 0 0 1 
0 13 17 0 17 12 0 0 0 0 0 0 0 0 17 11 0 0 0 0 0 0 17 0 0 0 0 0 0 0 
4 5 14 0 0 11 0 0 4 0 0 1 11 0 0 0 15 0 0 0 0 0 0 0 0 6 0 0 0 0 
0 18 0 0 0 0 0 0 0 0 0 0 0 0 0 0 0 0 0 0 0 8 0 0 0 0 2 0 0 0 
0 0 0 0 0 0 0 0 0 0 0 0 0 0 0 0 0 17 0 0 0 0 0 2 0 0 0 0 0 0 
0 0 0 0 12 0 6 12 0 0 0 0 0 0 14 0 0 0 0 0 0 0 0 0 0 4 0 0 0 0 
0 0 13 0 0 3 16 0 0 0 0 0 4 0 0 0 0 0 0 1 0 0 14 0 0 0 0 0 0 5 
0 0 0 0 16 0 0 0 14 13 0 0 0 0 0 0 0 0 10 0 0 0 0 0 0 0 0 9 0 0 
0 0 0 0 0 0 0 0 0 13 5 11 5 11 0 0 0 0 8 0 0 0 0 0 0 0 0 9 4 0 
17 0 0 0 0 0 0 0 0 0 0 18 0 18 0 0 0 0 0 9 0 9 0 0 0 0 0 1 0 0 
0 0 0 0 0 0 0 0 0 0 0 0 0 0 0 0 0 0 0 0 0 0 0 0 14 0 0 0 0 0 
0 0 9 0 0 0 0 0 0 1 0 0 0 0 0 18 0 0 0 0 0 0 0 0 3 17 0 0 0 0 
3 1 0 0 0 0 0 0 0 0 0 0 0 0 0 0 0 0 6 0 12 0 0 0 0 0 0 0 2 0 
0 8 13 0 0 12 0 0 0 0 4 7 0 0 19 18 0 0 0 0 0 11 0 0 0 0 0 0 0 0 
0 3 0 0 0 0 9 0 0 0 0 0 0 0 0 9 0 0 0 16 0 0 6 0 0 0 2 0 0 0 
