30

0 1 1 1 1 1 1 1 1 1 1 1 1 0 1 1 1 1 1 1 1 1 1 1 1 1 0 1 1 1 
1 0 1 1 1 0 1 1 0 1 1 0 1 1 1 1 1 1 0 1 1 1 1 1 1 0 1 1 1 1 
1 1 0 1 1 1 1 1 1 1 0 1 0 1 0 1 0 1 1 1 1 1 1 1 1 1 0 1 1 0 
1 1 1 0 1 1 1 1 1 1 1 1 1 1 1 1 1 0 0 1 1 1 1 1 1 1 1 1 1 1 
1 1 1 1 0 1 1 1 1 1 1 1 1 1 1 1 1 1 1 1 1 1 1 1 0 1 1 1 1 1 
1 0 1 1 1 0 1 1 1 1 1 1 1 0 1 1 1 1 1 1 1 1 1 0 1 0 1 1 1 1 
1 1 1 1 1 1 0 1 1 1 0 1 1 1 1 1 1 1 1 1 0 1 0 1 1 1 1 1 1 1 
1 1 1 1 1 1 1 0 1 1 1 1 1 1 1 1 1 1 1 1 1 0 1 1 1 1 1 0 1 1 
1 0 1 1 1 1 1 1 0 1 1 0 1 1 1 1 1 1 0 1 1 0 0 1 1 0 1 1 1 1 
1 1 1 1 1 1 1 1 1 0 1 1 1 1 1 1 1 1 1 1 1 1 1 1 1 1 1 1 1 1 
1 1 0 1 1 1 0 1 1 1 0 1 1 1 1 1 1 1 1 1 0 0 1 1 1 0 1 1 1 0 
1 0 1 1 1 1 1 1 0 1 1 0 1 0 1 1 1 1 1 1 1 1 1 1 1 1 1 1 1 1 
1 1 0 1 1 1 1 1 1 1 1 1 0 1 0 0 1 0 0 1 0 1 1 1 1 1 1 1 1 1 
0 1 1 1 1 0 1 1 1 1 1 0 1 0 1 1 0 1 1 1 1 1 1 0 0 1 1 0 1 1 
1 1 0 1 1 1 1 1 1 1 1 1 0 1 0 1 1 1 1 1 1 1 1 1 1 1 1 1 1 1 
1 1 1 1 1 1 1 1 1 1 1 1 0 1 1 0 0 1 1 1 1 1 1 1 1 1 1 1 1 1 
1 1 0 1 1 1 1 1 1 1 1 1 1 0 1 0 0 1 1 1 1 1 1 1 1 1 1 1 1 1 
1 1 1 0 1 1 1 1 1 1 1 1 0 1 1 1 1 0 1 1 1 1 1 1 1 1 0 1 1 1 
1 0 1 0 1 1 1 1 0 1 1 1 0 1 1 1 1 1 0 1 1 1 1 1 1 1 1 1 0 1 
1 1 1 1 1 1 1 1 1 1 1 1 1 1 1 1 1 1 1 0 1 1 1 1 1 1 1 1 1 1 
1 1 1 1 1 1 0 1 1 1 0 1 0 1 1 1 1 1 1 1 0 1 1 1 1 1 1 1 1 1 
1 1 1 1 1 1 1 0 0 1 0 1 1 1 1 1 1 1 1 1 1 0 1 0 1 1 1 1 1 0 
1 1 1 1 1 1 0 1 0 1 1 1 1 1 1 1 1 1 1 1 1 1 0 1 1 0 1 1 1 1 
1 1 1 1 1 0 1 1 1 1 1 1 1 0 1 1 1 1 1 1 1 0 1 0 1 1 1 0 1 1 
1 1 1 1 0 1 1 1 1 1 1 1 1 0 1 1 1 1 1 1 1 1 1 1 0 1 1 1 0 1 
1 0 1 1 1 0 1 1 0 1 0 1 1 1 1 1 1 1 1 1 1 1 0 1 1 0 1 1 1 1 
0 1 0 1 1 1 1 1 1 1 1 1 1 1 1 1 1 0 1 1 1 1 1 1 1 1 0 1 1 0 
1 1 1 1 1 1 1 0 1 1 1 1 1 0 1 1 1 1 1 1 1 1 1 0 1 1 1 0 1 1 
1 1 1 1 1 1 1 1 1 1 1 1 1 1 1 1 1 1 0 1 1 1 1 1 0 1 1 1 0 1 
1 1 0 1 1 1 1 1 1 1 0 1 1 1 1 1 1 1 1 1 1 0 1 1 1 1 0 1 1 0 

0 0 5 0 0 7 12 15 0 13 7 14 0 7 5 3 0 0 10 9 2 4 0 0 0 0 8 0 10 0 
6 0 13 0 0 3 0 0 14 5 0 0 12 2 0 0 0 0 2 14 4 0 1 0 0 1 2 0 0 15 
11 3 0 0 8 0 0 0 5 5 0 13 7 0 2 0 1 0 0 0 6 0 0 12 0 3 11 0 0 0 
12 0 0 0 9 10 0 13 6 2 1 0 0 6 0 0 0 9 9 0 8 0 0 1 0 0 0 5 7 0 
0 0 1 12 0 0 14 5 10 0 14 0 3 0 0 7 0 0 0 11 1 7 0 4 1 0 0 13 0 3 
0 4 0 5 2 0 2 0 6 0 0 10 0 0 0 12 1 0 0 0 14 0 0 5 4 5 1 0 0 1 
0 3 0 4 15 0 0 8 5 6 0 0 0 11 14 0 0 0 5 3 10 0 0 0 0 0 0 0 6 0 
0 0 1 10 0 11 2 0 0 0 0 7 12 0 0 7 0 0 0 0 11 10 0 0 0 0 0 13 0 7 
9 0 13 7 3 0 13 0 0 0 0 6 11 0 3 6 0 4 0 0 0 0 12 4 4 0 1 4 5 0 
0 0 0 11 5 9 0 6 2 0 13 0 0 7 0 0 0 15 0 6 3 1 0 0 4 0 5 0 7 0 
0 0 13 6 0 0 0 11 0 0 0 6 0 0 0 9 0 0 0 9 6 0 12 7 10 0 4 4 5 13 
11 0 6 2 9 0 6 0 12 0 1 0 10 0 11 0 0 3 12 9 8 13 13 11 13 13 0 7 0 0 
0 0 0 0 0 0 9 0 0 3 10 0 0 0 0 0 0 0 1 0 0 6 0 0 0 9 0 13 8 0 
1 0 3 0 0 0 4 9 9 0 0 2 0 0 0 0 5 0 1 0 13 0 5 15 14 0 0 15 0 3 
0 0 4 0 5 0 4 0 0 0 0 1 2 0 0 0 0 13 12 0 0 0 0 0 7 13 0 0 6 11 
0 0 0 12 0 0 0 3 0 10 1 12 0 14 0 0 2 0 8 0 0 4 10 0 0 0 12 0 0 9 
0 0 0 0 0 8 0 0 0 0 5 1 3 10 0 0 0 3 1 1 10 0 0 0 5 0 13 2 1 0 
7 0 0 0 0 9 0 7 0 0 12 0 0 0 0 14 9 0 4 6 0 3 9 0 0 0 0 13 13 15 
0 0 5 0 0 2 14 0 15 2 12 10 0 0 10 4 9 0 0 0 0 0 0 0 0 0 1 0 0 0 
0 0 0 0 0 13 0 0 0 9 3 0 0 1 0 0 0 7 0 0 0 0 5 0 0 0 0 0 0 0 
0 9 0 0 0 0 1 3 2 0 0 11 0 10 4 4 3 0 0 0 0 0 2 0 0 0 9 0 4 0 
2 12 0 0 0 0 0 0 1 1 0 5 2 0 13 6 0 3 0 10 5 0 7 0 0 0 0 0 0 0 
15 0 8 0 8 5 3 0 8 6 0 0 0 0 0 0 0 0 0 0 4 10 0 0 0 3 8 7 0 14 
0 0 6 3 0 0 0 0 11 0 0 0 0 6 12 0 0 0 0 0 10 0 0 0 0 0 8 8 1 2 
0 0 0 0 1 0 14 0 6 2 0 9 15 0 0 0 0 0 0 7 0 0 5 1 0 5 0 2 0 1 
0 0 4 10 0 0 10 9 9 0 0 0 0 0 4 11 0 0 5 4 0 5 0 0 0 0 0 0 0 5 
0 2 0 5 0 0 0 1 3 7 0 0 0 0 0 9 13 0 5 0 0 0 12 13 0 0 0 0 0 13 
0 0 0 0 3 0 0 0 0 3 0 9 0 2 0 12 0 0 0 0 0 3 0 0 0 0 0 0 13 0 
0 0 0 8 0 3 0 0 0 0 0 0 0 12 0 12 0 7 0 0 0 11 0 0 0 0 11 0 0 0 
5 1 6 0 0 0 0 1 0 0 8 9 0 1 7 10 0 0 4 0 0 7 0 7 0 0 0 8 13 0 
