30

0 0 0 1 0 1 0 1 0 1 1 1 1 1 1 0 1 1 1 1 0 1 1 0 0 0 0 1 1 1 
0 0 0 1 1 1 0 0 1 1 1 1 0 0 0 0 0 1 0 1 0 1 1 1 0 1 1 0 0 1 
0 0 0 1 0 1 1 1 0 0 0 0 1 0 0 1 1 1 0 1 1 0 0 1 0 1 1 0 0 1 
1 1 1 0 1 1 0 1 0 0 1 1 1 1 1 1 0 1 0 1 1 1 1 1 1 0 0 1 1 1 
0 1 0 1 0 1 0 1 1 1 0 0 1 1 1 0 1 0 1 0 1 0 1 1 0 1 0 1 1 0 
1 1 1 1 1 0 1 0 1 0 1 1 0 0 0 0 0 0 0 0 1 1 1 1 1 1 1 0 0 1 
0 0 1 0 0 1 0 1 1 1 0 1 0 1 0 0 0 1 0 0 1 1 0 1 0 1 1 0 1 1 
1 0 1 1 1 0 1 0 0 1 1 1 0 1 1 1 1 1 1 1 1 1 0 1 1 0 0 1 1 1 
0 1 0 0 1 1 1 0 0 0 1 1 1 1 0 0 1 0 1 0 1 1 0 1 1 0 1 1 0 0 
1 1 0 0 1 0 1 1 0 0 1 1 1 0 1 1 1 0 1 1 0 1 1 0 1 1 1 0 1 0 
1 1 0 1 0 1 0 1 1 1 0 1 1 1 1 0 0 1 0 1 1 0 1 1 1 1 0 1 1 1 
1 1 0 1 0 1 1 1 1 1 1 0 0 1 1 1 0 1 0 0 1 1 1 1 0 1 0 1 0 0 
1 0 1 1 1 0 0 0 1 1 1 0 0 1 1 1 0 0 0 1 0 0 0 0 1 1 1 0 1 1 
1 0 0 1 1 0 1 1 1 0 1 1 1 0 1 0 1 0 1 0 1 0 0 1 0 1 1 0 0 1 
1 0 0 1 1 0 0 1 0 1 1 1 1 1 0 1 1 0 0 1 0 0 1 1 1 0 1 0 1 1 
0 0 1 1 0 0 0 1 0 1 0 1 1 0 1 0 1 1 0 1 0 1 0 0 0 0 1 0 1 1 
1 0 1 0 1 0 0 1 1 1 0 0 0 1 1 1 0 0 1 1 0 1 1 0 1 1 1 1 1 0 
1 1 1 1 0 0 1 1 0 0 1 1 0 0 0 1 0 0 1 1 0 1 0 0 1 1 1 0 1 0 
1 0 0 0 1 0 0 1 1 1 0 0 0 1 0 0 1 1 0 1 0 1 1 1 0 1 1 1 0 0 
1 1 1 1 0 0 0 1 0 1 1 0 1 0 1 1 1 1 1 0 1 1 1 0 1 0 0 1 0 1 
0 0 1 1 1 1 1 1 1 0 1 1 0 1 0 0 0 0 0 1 0 1 0 0 1 1 0 0 1 1 
1 1 0 1 0 1 1 1 1 1 0 1 0 0 0 1 1 1 1 1 1 0 1 1 0 1 0 1 0 1 
1 1 0 1 1 1 0 0 0 1 1 1 0 0 1 0 1 0 1 1 0 1 0 0 1 0 0 1 0 1 
0 1 1 1 1 1 1 1 1 0 1 1 0 1 1 0 0 0 1 0 0 1 0 0 1 1 1 0 1 0 
0 0 0 1 0 1 0 1 1 1 1 0 1 0 1 0 1 1 0 1 1 0 1 1 0 1 0 0 1 1 
0 1 1 0 1 1 1 0 0 1 1 1 1 1 0 0 1 1 1 0 1 1 0 1 1 0 1 1 0 0 
0 1 1 0 0 1 1 0 1 1 0 0 1 1 1 1 1 1 1 0 0 0 0 1 0 1 0 1 0 0 
1 0 0 1 1 0 0 1 1 0 1 1 0 0 0 0 1 0 1 1 0 1 1 0 0 1 1 0 1 1 
1 0 0 1 1 0 1 1 0 1 1 0 1 0 1 1 1 1 0 0 1 0 0 1 1 0 0 1 0 0 
1 1 1 1 0 1 1 1 0 0 1 0 1 1 1 1 0 0 0 1 1 1 1 0 1 0 0 1 0 0 

0 0 0 0 0 7 14 0 0 0 0 0 7 12 0 5 6 13 0 0 6 0 0 0 0 6 0 0 6 10 
0 0 5 8 0 0 0 6 0 4 9 0 0 9 0 0 12 0 0 0 0 0 0 6 0 4 15 0 0 0 
1 0 0 0 1 11 2 0 0 0 1 0 4 0 0 10 12 0 11 0 14 0 0 6 5 0 0 9 2 0 
0 10 4 0 14 1 0 0 0 0 0 2 0 0 9 0 0 2 0 0 0 0 2 4 6 15 7 7 0 5 
11 0 0 0 0 6 0 0 0 3 0 11 0 0 0 5 0 0 0 0 0 0 0 0 0 0 0 5 0 12 
0 1 0 0 0 0 0 0 0 1 0 0 0 0 12 2 0 4 0 0 0 0 5 4 8 10 0 0 0 0 
2 0 14 0 0 0 0 0 0 0 4 0 0 0 10 12 0 2 0 0 0 0 12 0 9 0 0 0 0 0 
2 13 0 0 2 0 0 0 0 0 13 6 0 0 5 0 4 0 0 14 0 15 6 0 0 6 0 0 0 8 
0 8 0 13 7 0 0 0 0 0 0 5 0 4 0 0 0 12 0 0 0 0 0 3 11 0 0 0 0 3 
0 3 1 6 4 0 12 10 0 0 3 0 0 0 2 0 0 9 0 13 0 12 0 13 0 0 0 11 7 13 
11 0 0 1 13 0 4 0 7 6 0 3 15 5 0 0 0 0 0 6 0 4 0 0 9 0 0 10 0 0 
7 0 11 0 0 2 0 8 0 0 0 0 2 10 8 2 6 0 0 8 0 9 0 0 9 4 9 0 0 0 
5 6 14 3 6 8 0 1 0 0 0 0 0 5 0 0 7 0 0 13 0 0 0 4 1 3 6 0 0 1 
2 0 0 0 0 0 0 0 2 0 0 8 0 0 0 6 2 2 0 0 1 10 13 13 6 0 0 12 0 0 
9 0 11 3 0 0 6 0 0 2 6 14 0 14 0 0 5 0 13 0 0 0 0 0 0 8 0 0 7 0 
0 0 0 0 0 0 0 14 7 3 6 0 0 0 9 0 0 0 14 0 0 0 0 0 10 0 0 0 0 1 
0 0 0 4 0 0 10 0 1 7 0 8 8 0 0 0 0 0 6 0 0 0 0 0 13 12 9 2 0 0 
4 0 0 9 0 12 6 6 0 0 11 13 14 5 0 0 6 0 13 0 0 0 0 2 0 1 0 14 0 0 
12 3 0 14 0 0 0 0 11 0 14 10 0 0 3 1 0 13 0 3 0 0 0 3 0 2 0 0 0 13 
4 0 0 0 0 12 0 13 6 10 6 0 0 0 0 0 0 0 0 0 0 11 0 0 0 3 13 0 15 11 
5 3 0 0 0 0 12 0 0 0 0 0 10 14 0 0 0 0 9 0 0 7 10 8 0 0 0 1 11 13 
12 8 9 3 0 0 0 12 0 3 6 2 0 0 11 7 0 3 0 13 2 0 5 0 13 0 9 5 10 0 
14 0 8 0 1 0 0 0 0 3 0 0 2 8 0 0 14 2 4 0 6 0 0 0 0 3 10 0 1 0 
6 0 0 12 0 0 5 0 6 0 0 13 0 8 0 12 1 0 0 7 8 0 0 0 0 7 1 3 0 11 
16 0 0 0 0 0 13 0 13 0 12 13 0 5 0 0 11 0 0 2 0 0 0 0 0 0 8 3 10 6 
0 10 15 3 0 2 0 0 10 0 8 0 0 0 1 11 0 12 0 0 0 0 5 0 0 0 0 0 9 0 
0 0 0 0 0 3 4 0 2 6 0 13 4 0 0 2 0 0 0 0 0 0 0 6 4 0 0 9 0 0 
14 0 4 3 13 0 1 12 0 14 3 0 0 0 0 0 0 13 0 14 0 0 5 0 4 4 0 0 3 0 
6 0 0 0 0 0 13 0 6 0 0 4 0 0 10 10 0 1 0 10 4 12 0 0 0 0 0 9 0 0 
10 0 5 1 5 0 0 4 0 0 0 0 0 0 0 0 2 7 0 0 0 0 2 0 0 2 1 12 0 0 
