30

0 1 0 0 0 1 1 1 1 1 0 1 1 0 0 1 1 0 1 0 1 1 0 1 1 1 1 1 1 1 
1 0 1 0 1 1 1 1 1 0 1 1 1 1 0 0 1 1 1 0 1 1 1 1 1 0 1 1 0 1 
0 1 0 1 1 1 1 1 1 1 1 1 0 1 1 1 1 0 1 0 0 0 0 0 1 1 1 1 1 1 
0 0 1 0 1 1 1 1 1 1 0 0 0 1 0 1 1 1 1 1 1 1 1 1 0 0 0 0 1 0 
0 1 1 1 0 0 0 1 0 0 1 1 0 0 1 1 1 1 1 1 1 1 1 1 0 1 1 1 1 1 
1 1 1 1 0 0 0 0 1 1 1 1 1 0 1 1 1 1 1 1 1 0 1 0 0 0 1 1 1 1 
1 1 1 1 0 0 0 1 1 1 0 1 0 1 1 1 1 1 0 1 0 1 1 1 0 0 1 1 0 1 
1 1 1 1 1 0 1 0 0 0 1 1 1 1 1 1 1 0 1 1 1 0 1 1 1 1 1 1 1 1 
1 1 1 1 0 1 1 0 0 0 0 0 1 1 0 1 0 1 1 1 1 1 1 1 1 1 0 1 1 0 
1 0 1 1 0 1 1 0 0 0 0 1 1 1 0 1 1 1 1 1 0 0 1 0 1 1 1 0 0 1 
0 1 1 0 1 1 0 1 0 0 0 1 1 1 1 0 1 1 1 1 1 1 1 1 0 0 1 1 1 0 
1 1 1 0 1 1 1 1 0 1 1 0 1 0 1 1 1 1 1 0 1 1 1 1 1 1 1 1 1 0 
1 1 0 0 0 1 0 1 1 1 1 1 0 0 1 1 1 1 1 1 1 1 1 1 1 1 1 1 0 1 
0 1 1 1 0 0 1 1 1 1 1 0 0 0 1 0 1 1 1 1 1 1 1 1 1 1 0 1 1 1 
0 0 1 0 1 1 1 1 0 0 1 1 1 1 0 1 0 1 0 0 1 1 1 1 1 0 1 1 0 1 
1 0 1 1 1 1 1 1 1 1 0 1 1 0 1 0 0 1 1 1 0 0 1 1 0 1 1 1 1 0 
1 1 1 1 1 1 1 1 0 1 1 1 1 1 0 0 0 1 1 1 1 1 1 1 1 0 1 1 0 1 
0 1 0 1 1 1 1 0 1 1 1 1 1 1 1 1 1 0 1 1 0 1 1 0 1 1 1 1 1 1 
1 1 1 1 1 1 0 1 1 1 1 1 1 1 0 1 1 1 0 0 1 1 1 1 0 1 0 1 1 1 
0 0 0 1 1 1 1 1 1 1 1 0 1 1 0 1 1 1 0 0 0 0 0 1 0 0 0 1 0 0 
1 1 0 1 1 1 0 1 1 0 1 1 1 1 1 0 1 0 1 0 0 1 1 1 1 0 0 1 1 1 
1 1 0 1 1 0 1 0 1 0 1 1 1 1 1 0 1 1 1 0 1 0 1 0 1 1 1 1 1 1 
0 1 0 1 1 1 1 1 1 1 1 1 1 1 1 1 1 1 1 0 1 1 0 1 0 0 1 1 1 1 
1 1 0 1 1 0 1 1 1 0 1 1 1 1 1 1 1 0 1 1 1 0 1 0 1 0 1 1 0 0 
1 1 1 0 0 0 0 1 1 1 0 1 1 1 1 0 1 1 0 0 1 1 0 1 0 1 1 1 1 1 
1 0 1 0 1 0 0 1 1 1 0 1 1 1 0 1 0 1 1 0 0 1 0 0 1 0 0 0 1 1 
1 1 1 0 1 1 1 1 0 1 1 1 1 0 1 1 1 1 0 0 0 1 1 1 1 0 0 1 1 1 
1 1 1 0 1 1 1 1 1 0 1 1 1 1 1 1 1 1 1 1 1 1 1 1 1 0 1 0 0 1 
1 0 1 1 1 1 0 1 1 0 1 1 0 1 0 1 0 1 1 0 1 1 1 0 1 1 1 0 0 1 
1 1 1 0 1 1 1 1 0 1 0 0 1 1 1 0 1 1 1 0 1 1 1 0 1 1 1 1 1 0 

0 0 0 0 3 12 11 0 13 0 9 0 0 0 12 0 0 0 13 0 14 11 0 0 0 13 12 0 0 0 
0 0 14 0 2 11 0 0 0 5 0 0 0 10 0 5 0 0 0 0 0 9 0 0 13 0 0 8 5 0 
6 0 0 0 0 0 0 0 11 0 0 4 5 7 0 0 0 11 0 0 2 0 10 4 0 0 0 0 0 0 
0 0 6 0 12 2 0 0 0 0 0 11 0 2 0 0 1 7 0 10 14 0 0 0 0 4 0 8 3 0 
0 0 0 0 0 10 3 0 0 0 8 5 8 0 0 3 2 9 0 0 1 10 14 7 3 0 14 0 0 7 
0 4 13 0 0 0 8 0 12 4 0 0 2 6 13 0 0 0 11 13 0 0 0 0 0 0 9 0 5 8 
0 0 0 0 0 0 0 12 0 0 0 6 2 0 0 0 2 0 0 10 0 12 0 0 2 0 4 4 0 5 
0 9 0 0 1 0 10 0 0 2 1 0 0 0 0 0 9 0 0 12 0 0 0 0 15 0 0 0 0 0 
0 9 0 4 0 6 0 15 0 0 0 5 0 0 5 0 0 0 0 8 0 8 0 0 1 0 0 0 0 0 
0 0 5 0 0 0 0 0 8 0 0 12 0 5 0 0 2 0 0 14 8 5 0 0 0 6 0 0 6 1 
0 0 0 0 8 0 4 0 0 2 0 0 0 0 0 3 0 0 0 0 0 0 0 15 9 0 7 6 14 0 
6 5 5 9 0 7 6 4 13 0 12 0 0 0 0 2 0 3 8 11 0 0 0 0 14 3 0 0 0 7 
0 0 0 0 0 0 5 12 11 0 0 0 0 0 1 0 4 0 5 0 0 13 2 8 0 0 0 0 13 0 
0 0 0 0 0 8 0 8 3 0 0 7 0 0 0 12 0 2 0 10 0 0 8 8 3 10 9 0 0 0 
0 5 0 0 0 0 14 0 0 0 0 8 0 0 0 0 0 1 1 5 5 10 0 11 0 0 0 8 0 0 
0 0 0 0 6 0 15 0 5 10 0 5 0 0 5 0 0 0 14 0 0 0 0 9 0 0 0 10 12 0 
0 0 3 0 4 7 0 14 0 0 0 0 13 0 13 10 0 0 6 8 1 0 0 9 0 0 6 0 0 13 
1 2 0 0 0 0 0 13 10 0 0 3 0 15 3 0 11 0 0 0 0 8 14 7 0 2 13 12 0 0 
9 0 0 0 0 0 0 0 0 0 15 12 0 0 8 2 0 7 0 0 6 3 0 11 10 0 8 0 0 0 
1 1 0 8 0 13 12 0 0 0 0 0 6 6 0 0 0 0 0 0 12 0 15 0 9 0 0 0 0 2 
13 9 15 12 0 0 1 0 3 0 0 0 4 0 0 6 0 0 0 15 0 0 0 0 0 4 0 0 0 14 
3 0 5 0 0 0 12 8 0 0 0 13 8 7 10 13 6 0 15 0 0 0 14 0 0 0 4 0 3 0 
0 0 0 0 0 0 0 0 5 6 0 1 1 0 4 0 0 10 1 0 0 9 0 0 0 0 0 4 0 0 
0 5 0 0 2 0 0 0 8 0 9 0 12 0 15 0 2 0 3 0 13 0 13 0 10 0 9 3 9 0 
8 0 0 0 0 3 10 5 8 11 6 11 0 0 0 0 0 0 0 0 0 0 0 0 0 9 0 0 1 0 
0 0 0 15 0 0 0 0 0 0 0 0 2 14 0 7 10 0 9 0 0 2 7 0 0 0 3 14 0 0 
0 9 0 0 3 0 4 5 0 0 2 0 11 13 7 0 0 0 2 0 0 0 0 0 13 0 0 0 0 8 
0 0 0 0 0 9 6 0 1 0 0 11 13 2 0 0 0 1 14 7 10 0 12 12 1 6 12 0 9 0 
0 4 1 0 0 0 0 8 9 4 7 0 0 0 0 11 0 8 0 13 0 0 0 7 0 0 0 9 0 0 
9 6 0 0 6 10 0 11 1 0 0 4 0 0 0 10 0 7 4 7 3 5 0 0 0 0 0 0 8 0 
