30

0 0 0 0 1 0 0 0 0 0 1 0 1 1 0 0 0 1 0 0 0 0 1 1 0 1 1 1 1 0 
0 0 0 1 0 0 0 1 1 0 0 0 1 1 1 1 1 1 1 0 1 1 1 1 0 1 1 1 1 0 
0 0 0 0 1 1 1 1 0 0 1 1 0 0 1 1 1 0 0 1 1 0 1 1 0 0 0 0 0 0 
0 1 0 0 1 1 1 1 1 0 1 1 0 1 0 1 0 0 1 1 0 1 1 0 1 0 1 1 0 1 
1 0 1 1 0 0 0 1 0 1 0 1 1 1 0 1 0 1 1 1 1 1 1 0 1 0 1 1 1 0 
0 0 1 1 0 0 1 1 0 1 1 0 1 1 1 1 0 0 0 1 1 1 0 0 1 1 1 1 1 1 
0 0 1 1 0 1 0 0 1 1 1 1 1 0 0 1 1 0 0 0 1 1 1 1 1 1 1 0 1 1 
0 1 1 1 1 1 0 0 0 0 1 0 1 0 0 1 1 0 1 0 0 0 1 0 1 1 1 1 1 1 
0 1 0 1 0 0 1 0 0 0 0 1 1 1 1 0 0 1 1 1 1 1 0 1 0 1 1 1 0 1 
0 0 0 0 1 1 1 0 0 0 1 0 0 0 0 1 0 0 1 0 1 0 0 1 0 0 0 1 1 0 
1 0 1 1 0 1 1 1 0 1 0 1 0 1 1 0 1 1 0 0 1 1 0 0 0 1 1 0 1 0 
0 0 1 1 1 0 1 0 1 0 1 0 0 1 0 0 0 1 1 0 0 0 0 1 0 1 1 1 1 1 
1 1 0 0 1 1 1 1 1 0 0 0 0 1 1 0 1 1 1 1 1 1 1 0 1 1 0 1 1 1 
1 1 0 1 1 1 0 0 1 0 1 1 1 0 0 1 1 0 1 1 1 0 1 1 0 0 1 0 1 1 
0 1 1 0 0 1 0 0 1 0 1 0 1 0 0 1 1 1 0 1 0 1 0 0 1 0 1 1 0 1 
0 1 1 1 1 1 1 1 0 1 0 0 0 1 1 0 1 0 1 1 1 1 1 0 0 0 0 1 1 0 
0 1 1 0 0 0 1 1 0 0 1 0 1 1 1 1 0 0 1 1 1 1 1 1 0 1 0 1 1 1 
1 1 0 0 1 0 0 0 1 0 1 1 1 0 1 0 0 0 1 1 0 1 1 0 0 1 0 1 1 0 
0 1 0 1 1 0 0 1 1 1 0 1 1 1 0 1 1 1 0 1 1 1 0 0 1 0 1 0 1 1 
0 0 1 1 1 1 0 0 1 0 0 0 1 1 1 1 1 1 1 0 1 1 1 0 0 0 1 1 0 1 
0 1 1 0 1 1 1 0 1 1 1 0 1 1 0 1 1 0 1 1 0 0 1 1 0 0 1 0 1 1 
0 1 0 1 1 1 1 0 1 0 1 0 1 0 1 1 1 1 1 1 0 0 1 1 1 0 1 0 0 1 
1 1 1 1 1 0 1 1 0 0 0 0 1 1 0 1 1 1 0 1 1 1 0 0 1 1 0 0 1 1 
1 1 1 0 0 0 1 0 1 1 0 1 0 1 0 0 1 0 0 0 1 1 0 0 0 0 1 1 1 1 
0 0 0 1 1 1 1 1 0 0 0 0 1 0 1 0 0 0 1 0 0 1 1 0 0 1 1 1 0 1 
1 1 0 0 0 1 1 1 1 0 1 1 1 0 0 0 1 1 0 0 0 0 1 0 1 0 1 1 0 1 
1 1 0 1 1 1 1 1 1 0 1 1 0 1 1 0 0 0 1 1 1 1 0 1 1 1 0 0 1 0 
1 1 0 1 1 1 0 1 1 1 0 1 1 0 1 1 1 1 0 1 0 0 0 1 1 1 0 0 0 1 
1 1 0 0 1 1 1 1 0 1 1 1 1 1 0 1 1 1 1 0 1 0 1 1 0 0 1 0 0 1 
0 0 0 1 0 1 1 1 1 0 0 1 1 1 1 0 1 0 1 1 1 1 1 1 1 1 0 1 1 0 

0 0 0 0 0 0 0 0 0 0 28 0 0 0 0 0 15 0 0 24 0 19 0 0 0 11 0 21 0 0 
0 0 0 0 0 0 0 0 0 0 0 0 0 1 18 0 0 0 0 0 16 0 0 6 0 0 0 0 0 0 
0 13 0 0 0 0 29 0 0 0 0 0 0 26 8 0 6 0 0 1 0 0 0 0 0 5 0 21 23 0 
0 0 0 0 0 26 0 20 0 0 0 0 0 0 11 0 0 0 0 0 0 7 2 0 0 0 0 22 0 6 
0 0 0 0 0 9 4 0 0 0 0 0 9 29 18 0 29 0 0 22 0 0 5 0 0 0 0 21 0 0 
0 11 0 0 0 0 0 0 0 0 0 0 0 0 0 0 0 0 0 0 0 0 0 0 10 0 0 0 4 0 
0 0 0 0 0 0 0 0 0 0 0 0 0 0 0 0 0 0 0 0 0 0 19 0 0 0 0 0 0 0 
0 0 1 0 0 11 10 0 0 0 0 0 0 0 0 0 0 0 11 0 0 26 0 0 0 0 3 0 12 0 
0 12 0 19 18 0 2 24 0 0 0 0 0 0 0 0 0 0 7 25 1 0 0 0 0 0 0 0 5 0 
0 0 0 13 0 0 0 21 10 0 0 1 0 0 0 0 5 0 0 0 0 0 0 0 0 0 0 0 0 0 
0 0 0 28 0 0 0 21 0 0 0 0 0 0 0 0 0 0 9 0 0 0 0 0 0 0 0 0 10 0 
0 0 6 13 9 1 0 0 0 0 0 0 0 0 6 0 0 0 0 9 0 22 0 0 0 0 0 7 17 0 
0 0 21 0 12 0 18 2 0 0 0 0 0 0 0 0 0 0 0 15 2 0 0 0 19 0 0 18 0 0 
4 0 0 0 21 0 0 0 0 0 25 29 0 0 8 0 0 23 0 0 0 0 0 0 0 28 0 0 0 0 
20 28 0 0 0 0 0 0 0 0 0 0 0 0 0 0 5 0 14 0 0 27 0 0 0 0 2 0 0 0 
0 0 0 0 0 0 0 0 0 0 0 0 0 0 0 0 0 22 0 0 12 0 0 0 21 0 0 0 0 0 
0 0 0 0 0 0 19 0 0 0 0 0 0 0 0 0 0 0 0 0 0 0 28 0 0 0 0 28 0 0 
16 0 0 0 0 13 0 0 0 8 19 27 0 0 0 0 0 0 17 4 14 0 0 0 0 0 7 0 22 0 
0 0 0 0 5 0 0 16 0 16 0 0 6 0 0 0 0 0 0 14 27 9 0 0 0 0 0 0 0 0 
0 27 0 0 0 0 0 0 0 19 0 0 0 0 0 0 0 25 0 0 0 17 0 0 14 0 0 0 13 0 
11 0 0 0 0 0 0 0 0 0 0 0 10 0 16 0 0 0 0 1 0 0 0 0 0 0 0 0 0 13 
0 0 0 0 16 0 0 5 0 11 0 0 0 10 0 0 0 7 0 0 0 0 0 3 0 0 0 0 0 0 
0 0 0 0 0 0 0 18 0 0 0 0 0 0 0 0 0 0 28 14 5 0 0 0 0 0 29 0 0 0 
0 9 0 28 8 0 0 0 0 0 0 3 0 0 0 18 0 0 0 5 0 0 0 0 6 0 0 10 0 0 
0 0 4 0 27 0 0 0 0 8 0 14 0 0 10 0 0 0 0 0 0 0 0 0 0 0 0 28 7 0 
0 0 0 0 0 0 0 0 9 0 0 0 15 0 0 22 0 0 0 0 16 0 0 0 0 0 0 0 0 0 
0 0 0 29 22 0 0 0 24 0 0 0 0 0 9 0 0 0 5 0 20 9 0 0 0 0 0 0 0 25 
0 0 0 0 0 0 0 0 0 0 0 0 0 0 2 0 1 0 0 15 0 0 0 0 0 0 9 0 0 0 
24 0 0 5 0 0 1 0 0 0 0 0 0 29 23 0 0 14 0 0 0 0 0 24 0 0 0 28 0 0 
0 0 0 0 0 0 0 0 16 0 0 0 0 0 0 0 5 0 18 0 0 0 0 0 6 0 7 0 0 0 
