30

0 1 1 0 1 1 1 1 1 1 1 1 1 1 1 1 1 1 1 1 1 1 0 0 1 1 1 1 1 1 
1 0 1 1 1 1 1 1 1 0 1 1 1 1 1 1 1 1 1 1 0 1 1 1 1 1 1 1 0 1 
1 1 0 1 1 1 1 1 1 1 1 1 1 0 1 1 0 1 1 1 1 1 1 0 1 1 1 1 1 1 
0 1 1 0 1 1 1 1 1 1 1 1 0 0 1 1 1 1 1 1 1 1 1 1 1 1 1 1 1 1 
1 1 1 1 0 1 1 0 1 1 1 1 1 1 1 1 1 1 1 1 1 1 1 1 1 1 1 1 1 1 
1 1 1 1 1 0 1 1 1 1 1 1 1 1 1 1 1 1 1 1 1 1 1 1 1 1 1 1 1 1 
1 1 1 1 1 1 0 1 1 1 1 1 1 1 1 1 0 0 1 1 1 1 1 1 1 0 1 1 1 1 
1 1 1 1 0 1 1 0 1 1 1 1 1 1 1 1 1 1 1 1 1 1 1 0 1 1 1 1 1 1 
1 1 1 1 1 1 1 1 0 1 0 1 1 1 1 1 1 1 1 0 0 0 1 1 1 1 1 1 1 0 
1 0 1 1 1 1 1 1 1 0 1 1 1 1 1 1 1 1 1 1 1 1 1 1 1 1 1 1 1 1 
1 1 1 1 1 1 1 1 0 1 0 1 1 0 1 1 1 1 1 1 1 1 1 1 1 1 1 1 1 1 
1 1 1 1 1 1 1 1 1 1 1 0 1 1 1 1 1 1 1 1 0 1 1 1 1 1 1 1 1 1 
1 1 1 0 1 1 1 1 1 1 1 1 0 1 1 1 1 0 1 1 1 1 1 1 1 1 1 1 1 1 
1 1 0 0 1 1 1 1 1 1 0 1 1 0 0 1 1 1 0 1 1 1 1 1 1 1 1 1 1 1 
1 1 1 1 1 1 1 1 1 1 1 1 1 0 0 1 1 1 1 1 1 1 1 1 1 1 1 1 1 1 
1 1 1 1 1 1 1 1 1 1 1 1 1 1 1 0 1 1 1 1 1 1 1 0 0 1 1 1 0 1 
1 1 0 1 1 1 0 1 1 1 1 1 1 1 1 1 0 1 1 1 1 1 1 1 1 1 1 1 1 0 
1 1 1 1 1 1 0 1 1 1 1 1 0 1 1 1 1 0 1 1 1 1 1 1 1 1 0 1 1 1 
1 1 1 1 1 1 1 1 1 1 1 1 1 0 1 1 1 1 0 1 1 1 1 1 1 1 1 1 1 0 
1 1 1 1 1 1 1 1 0 1 1 1 1 1 1 1 1 1 1 0 1 1 1 1 0 1 1 1 1 0 
1 0 1 1 1 1 1 1 0 1 1 0 1 1 1 1 1 1 1 1 0 1 1 1 1 1 0 1 1 1 
1 1 1 1 1 1 1 1 0 1 1 1 1 1 1 1 1 1 1 1 1 0 1 0 1 1 1 1 1 1 
0 1 1 1 1 1 1 1 1 1 1 1 1 1 1 1 1 1 1 1 1 1 0 0 1 1 1 1 0 1 
0 1 0 1 1 1 1 0 1 1 1 1 1 1 1 0 1 1 1 1 1 0 0 0 1 1 1 1 0 1 
1 1 1 1 1 1 1 1 1 1 1 1 1 1 1 0 1 1 1 0 1 1 1 1 0 1 1 1 1 1 
1 1 1 1 1 1 0 1 1 1 1 1 1 1 1 1 1 1 1 1 1 1 1 1 1 0 1 1 1 1 
1 1 1 1 1 1 1 1 1 1 1 1 1 1 1 1 1 0 1 1 0 1 1 1 1 1 0 0 1 1 
1 1 1 1 1 1 1 1 1 1 1 1 1 1 1 1 1 1 1 1 1 1 1 1 1 1 0 0 1 1 
1 0 1 1 1 1 1 1 1 1 1 1 1 1 1 0 1 1 1 1 1 1 0 0 1 1 1 1 0 1 
1 1 1 1 1 1 1 1 0 1 1 1 1 1 1 1 0 1 0 0 1 1 1 1 1 1 1 1 1 0 

0 0 0 11 0 0 0 0 0 0 0 0 0 0 0 0 0 4 0 0 0 0 0 0 0 0 0 0 15 0 
0 0 0 0 0 0 23 0 0 0 0 0 0 0 23 0 0 0 0 3 0 0 2 0 0 0 0 6 0 0 
0 0 0 0 22 0 13 0 0 0 0 0 0 11 0 0 0 0 0 0 0 0 0 0 0 16 16 0 15 0 
0 0 0 0 0 4 0 0 0 0 0 0 0 0 0 0 0 16 11 0 0 0 0 0 0 0 0 1 0 16 
0 0 0 0 0 25 0 0 24 0 0 0 0 0 0 0 0 0 0 1 0 0 0 0 0 4 0 0 16 0 
0 0 0 0 0 0 0 0 0 0 0 0 21 0 0 0 0 0 0 0 0 14 0 0 0 0 0 0 0 0 
0 22 2 0 0 1 0 12 0 0 0 0 0 23 0 0 0 0 0 0 0 16 0 0 0 0 0 0 19 0 
0 0 25 10 2 0 0 0 0 0 0 0 0 0 0 0 21 20 0 0 0 0 1 14 0 0 0 0 0 0 
0 0 0 27 0 18 0 0 0 13 0 0 2 0 0 0 0 0 0 0 0 0 24 0 0 0 0 0 0 16 
0 0 0 0 0 0 7 0 0 0 0 0 25 0 0 0 8 7 0 0 20 0 0 26 0 0 0 0 0 0 
0 0 8 0 0 0 0 23 0 17 0 16 25 0 0 0 0 0 0 8 16 0 0 0 6 14 0 0 0 0 
0 0 0 15 0 0 3 0 0 15 0 0 9 0 0 0 0 0 0 0 0 0 0 0 0 14 0 0 0 0 
0 0 0 0 0 11 17 21 14 0 0 0 0 0 19 0 0 0 0 0 0 6 2 0 0 6 0 0 0 0 
0 0 4 19 0 0 0 12 0 0 0 0 17 0 0 0 16 0 16 0 15 16 0 3 0 0 0 0 0 0 
20 0 0 0 0 0 0 0 17 0 0 0 0 0 0 0 0 0 0 16 0 0 0 0 0 5 0 0 0 0 
0 17 0 9 18 0 0 0 0 0 0 0 17 0 0 0 0 19 0 0 0 0 0 0 0 25 0 0 0 19 
0 22 22 0 0 0 0 0 0 19 0 6 25 0 0 0 0 0 0 0 16 0 12 23 8 0 0 0 0 0 
0 0 0 0 0 0 0 18 0 0 0 0 0 19 0 0 1 0 0 0 0 0 0 8 12 17 0 11 0 0 
23 0 0 0 0 0 0 0 3 0 0 0 0 0 0 0 0 25 0 0 0 0 18 0 0 16 0 0 0 21 
0 2 0 0 0 0 0 0 0 0 0 5 8 14 0 0 0 0 0 0 1 0 19 0 0 22 0 13 0 21 
0 10 0 0 0 0 9 0 0 22 0 0 9 22 0 0 0 0 0 7 0 16 0 0 0 0 1 0 0 0 
21 0 0 0 0 0 0 0 0 0 0 0 0 0 13 0 0 0 0 0 0 0 0 0 0 1 0 0 0 23 
0 0 0 0 0 8 0 0 2 25 0 25 0 0 0 11 0 0 0 0 0 0 0 0 0 0 0 0 0 0 
20 0 0 0 0 0 12 21 0 0 4 0 0 0 0 0 0 20 0 0 0 0 0 0 0 1 0 10 0 0 
3 0 0 21 0 12 0 0 0 0 0 0 0 25 0 0 0 0 0 0 0 0 20 0 0 0 0 0 0 0 
0 0 11 0 0 0 8 1 0 0 14 22 9 0 0 2 0 24 0 0 0 0 6 0 0 0 0 0 0 0 
0 0 0 3 9 0 0 0 0 0 0 0 0 0 0 0 0 0 0 0 0 0 0 0 0 24 0 0 0 0 
0 0 0 0 0 20 13 25 0 0 0 0 0 0 0 22 0 0 13 0 20 0 0 0 0 0 22 0 0 0 
0 0 0 19 0 0 15 0 0 0 0 20 0 12 0 0 0 0 7 0 0 0 7 8 0 0 9 0 0 8 
0 3 0 0 0 0 21 0 0 0 0 0 14 0 23 0 12 0 0 0 13 8 0 0 0 0 0 0 0 0 
