30

0 0 0 0 1 1 0 0 1 0 0 0 1 0 0 0 1 0 0 0 0 0 0 0 1 0 1 0 1 1 
0 0 0 1 1 1 0 0 0 0 1 1 1 0 0 1 0 1 0 0 0 1 0 0 0 0 1 1 0 0 
0 0 0 1 0 0 0 1 0 0 1 1 1 1 0 0 0 0 0 0 0 1 0 0 1 0 0 0 0 1 
0 1 1 0 1 1 0 1 1 1 0 0 1 1 0 0 1 1 0 1 0 0 1 1 0 0 0 0 0 0 
1 1 0 1 0 0 1 1 0 0 0 0 0 1 1 0 0 0 0 1 0 1 1 1 1 0 1 1 0 1 
1 1 0 1 0 0 1 0 1 1 1 0 0 1 0 0 0 0 0 0 0 1 1 0 0 0 1 1 0 0 
0 0 0 0 1 1 0 0 0 0 0 1 0 0 0 1 1 0 0 1 1 1 1 1 0 0 1 0 1 0 
0 0 1 1 1 0 0 0 0 0 0 0 1 0 0 0 0 1 1 0 1 1 0 0 1 0 1 1 1 0 
1 0 0 1 0 1 0 0 0 1 0 1 0 1 1 1 0 0 1 0 0 0 0 0 1 1 0 1 0 0 
0 0 0 1 0 1 0 0 1 0 1 0 1 0 1 0 1 0 1 0 0 1 0 0 1 1 1 0 1 0 
0 1 1 0 0 1 0 0 0 1 0 0 0 1 0 1 0 1 1 1 1 1 0 1 0 0 1 1 1 1 
0 1 1 0 0 0 1 0 1 0 0 0 0 0 1 1 1 1 0 0 0 0 0 0 1 1 1 0 0 0 
1 1 1 1 0 0 0 1 0 1 0 0 0 0 0 0 0 1 0 1 1 0 0 0 0 0 0 0 1 0 
0 0 1 1 1 1 0 0 1 0 1 0 0 0 0 1 0 1 0 1 0 0 0 0 1 0 0 1 1 0 
0 0 0 0 1 0 0 0 1 1 0 1 0 0 0 0 1 1 0 1 0 0 0 0 0 0 0 0 0 0 
0 1 0 0 0 0 1 0 1 0 1 1 0 1 0 0 1 0 0 1 1 1 0 1 1 0 0 0 0 1 
1 0 0 1 0 0 1 0 0 1 0 1 0 0 1 1 0 1 0 1 0 0 1 0 1 0 1 1 1 0 
0 1 0 1 0 0 0 1 0 0 1 1 1 1 1 0 1 0 0 1 1 0 0 1 1 1 0 0 0 1 
0 0 0 0 0 0 0 1 1 1 1 0 0 0 0 0 0 0 0 1 0 1 0 0 0 0 0 1 0 1 
0 0 0 1 1 0 1 0 0 0 1 0 1 1 1 1 1 1 1 0 0 0 0 0 0 0 1 1 0 1 
0 0 0 0 0 0 1 1 0 0 1 0 1 0 0 1 0 1 0 0 0 1 0 0 0 0 0 0 0 0 
0 1 1 0 1 1 1 1 0 1 1 0 0 0 0 1 0 0 1 0 1 0 0 0 1 0 1 1 1 1 
0 0 0 1 1 1 1 0 0 0 0 0 0 0 0 0 1 0 0 0 0 0 0 0 0 0 1 1 1 0 
0 0 0 1 1 0 1 0 0 0 1 0 0 0 0 1 0 1 0 0 0 0 0 0 0 0 1 0 1 0 
1 0 1 0 1 0 0 1 1 1 0 1 0 1 0 1 1 1 0 0 0 1 0 0 0 0 0 0 1 0 
0 0 0 0 0 0 0 0 1 1 0 1 0 0 0 0 0 1 0 0 0 0 0 0 0 0 1 1 0 1 
1 1 0 0 1 1 1 1 0 1 1 1 0 0 0 0 1 0 0 1 0 1 1 1 0 1 0 1 0 0 
0 1 0 0 1 1 0 1 1 0 1 0 0 1 0 0 1 0 1 1 0 1 1 0 0 1 1 0 0 0 
1 0 0 0 0 0 1 1 0 1 1 0 1 1 0 0 1 0 0 0 0 1 1 1 1 0 0 0 0 1 
1 0 1 0 1 0 0 0 0 0 1 0 0 0 0 1 0 1 1 1 0 1 0 0 0 1 0 0 1 0 

0 0 0 0 0 0 0 0 0 0 0 6 0 0 0 3 5 12 0 0 0 0 9 0 14 8 0 0 0 4 
6 0 16 13 0 10 0 12 0 11 0 0 0 0 0 9 5 0 0 0 13 0 0 13 7 0 8 8 0 0 
14 0 0 0 0 0 0 17 0 0 0 3 0 0 9 0 0 0 0 0 5 0 8 14 0 0 0 14 5 0 
15 4 0 0 9 2 0 13 1 11 0 2 11 4 0 15 0 5 2 0 0 0 0 0 0 12 0 0 0 3 
0 0 0 0 0 13 15 1 0 0 0 8 0 0 0 6 0 9 5 0 12 0 0 0 0 0 0 0 10 0 
0 4 6 0 0 0 2 0 0 2 3 4 0 0 0 0 0 8 12 13 16 10 15 0 0 0 0 12 0 9 
0 3 1 0 13 0 0 0 0 8 0 0 0 1 0 12 0 0 0 0 0 12 0 0 0 5 0 5 12 0 
0 0 0 0 0 11 0 0 4 9 8 15 0 5 0 3 0 0 7 0 0 0 11 8 0 0 0 0 0 15 
0 15 9 10 0 0 0 0 0 0 0 0 1 2 0 0 9 6 0 2 3 0 5 0 11 0 0 0 2 0 
0 0 0 0 2 6 0 0 9 0 0 0 0 0 4 0 0 4 0 2 2 15 0 0 0 2 0 5 0 0 
0 0 9 0 0 0 12 0 0 0 0 0 0 0 0 0 0 11 0 0 0 0 0 0 2 15 0 1 8 0 
1 0 5 0 0 10 11 12 0 0 9 0 6 5 0 0 0 0 0 0 0 0 0 4 0 0 13 0 10 0 
0 7 3 6 9 0 1 0 4 16 4 9 0 0 0 0 0 16 13 10 0 0 0 0 0 0 6 0 14 1 
6 0 13 0 5 15 14 7 0 2 0 0 0 0 0 0 0 0 14 0 0 0 0 0 0 17 14 0 0 13 
0 0 10 14 0 3 0 0 0 0 0 0 13 0 0 0 0 0 0 10 0 0 0 3 6 0 0 14 14 0 
0 0 12 9 0 3 0 0 0 0 7 0 0 0 0 0 0 0 0 0 7 0 0 0 0 15 3 0 7 0 
2 0 0 0 15 0 10 0 0 0 0 0 0 0 0 0 0 8 12 13 0 6 6 0 0 12 0 0 0 6 
0 1 0 0 0 15 0 0 0 0 0 16 0 0 4 0 8 0 0 0 0 0 11 0 5 11 11 0 0 0 
3 0 0 4 0 0 8 0 0 2 1 0 0 0 3 12 0 13 0 12 8 0 0 8 10 0 0 0 0 10 
5 14 0 0 0 0 0 0 0 0 0 0 0 0 0 0 2 0 0 0 11 0 0 0 1 0 0 0 1 0 
12 4 0 4 1 0 0 7 1 0 0 15 10 2 0 3 3 0 0 0 0 0 0 0 0 2 11 0 0 0 
8 0 0 11 0 2 0 0 0 3 0 0 15 0 0 0 0 0 10 0 16 0 0 0 0 0 0 0 0 0 
13 4 0 0 0 0 0 10 0 0 3 0 0 0 2 0 6 9 9 0 0 0 0 0 5 12 9 4 0 11 
0 9 0 0 0 0 6 0 5 0 0 0 0 0 0 0 14 0 6 14 0 0 7 0 0 7 11 9 0 7 
0 0 15 0 0 0 0 10 1 0 0 0 7 0 0 3 11 12 10 0 5 0 13 10 0 0 0 1 16 2 
4 0 0 12 9 3 0 0 0 0 0 0 0 13 0 10 0 0 0 0 16 0 0 14 0 0 10 0 2 0 
3 0 15 0 0 0 0 4 1 0 0 1 9 14 0 2 0 10 0 0 0 0 0 0 0 0 0 0 0 0 
0 0 3 13 1 0 0 16 13 7 0 11 0 0 2 0 0 0 0 13 0 0 0 0 0 0 0 0 0 2 
11 0 0 16 1 0 4 0 0 0 15 0 0 0 0 16 0 9 13 11 0 0 2 0 11 0 0 14 0 0 
0 0 13 0 3 14 0 0 0 1 0 0 0 16 0 2 0 0 0 15 9 0 0 8 0 0 9 0 4 0 
