30

0 0 0 0 0 0 0 1 0 1 0 0 1 1 0 0 0 1 1 1 0 1 1 0 1 1 0 0 0 1 
0 0 1 0 1 0 1 0 0 0 0 1 0 1 0 0 1 0 0 0 0 0 0 0 0 0 0 0 0 1 
0 1 0 0 0 0 0 1 0 1 0 0 1 1 0 0 1 0 0 1 1 0 1 0 1 1 1 1 0 1 
0 0 0 0 1 1 1 1 0 1 0 0 0 1 1 1 1 0 0 0 0 0 0 0 0 1 0 1 0 1 
0 1 0 1 0 0 0 0 1 1 1 0 0 0 1 0 1 0 1 0 0 1 0 1 1 0 0 0 1 0 
0 0 0 1 0 0 1 1 0 0 0 1 1 0 0 0 0 0 0 1 0 0 0 0 0 0 1 1 0 1 
0 1 0 1 0 1 0 0 0 1 0 1 0 0 1 0 0 1 0 0 1 1 1 1 0 1 0 0 1 0 
1 0 1 1 0 1 0 0 0 1 1 1 1 0 0 0 1 0 0 1 1 1 1 0 1 1 0 0 0 0 
0 0 0 0 1 0 0 0 0 1 0 1 0 1 0 1 0 0 1 0 0 0 0 1 1 1 0 1 0 1 
1 0 1 1 1 0 1 1 1 0 1 0 0 1 0 1 1 0 0 1 1 1 1 0 1 0 0 1 1 1 
0 0 0 0 1 0 0 1 0 1 0 1 0 0 0 0 1 1 0 0 1 0 0 1 0 1 0 0 1 0 
0 1 0 0 0 1 1 1 1 0 1 0 0 0 1 1 1 0 0 0 0 0 0 0 1 1 1 0 1 0 
1 0 1 0 0 1 0 1 0 0 0 0 0 0 0 0 0 0 1 1 0 0 1 1 1 0 0 0 1 1 
1 1 1 1 0 0 0 0 1 1 0 0 0 0 1 0 0 1 0 1 1 0 1 1 0 0 1 0 1 0 
0 0 0 1 1 0 1 0 0 0 0 1 0 1 0 0 0 1 0 1 1 1 1 1 1 1 0 1 1 1 
0 0 0 1 0 0 0 0 1 1 0 1 0 0 0 0 1 0 0 1 1 0 1 0 0 1 0 1 0 0 
0 1 1 1 1 0 0 1 0 1 1 1 0 0 0 1 0 1 0 0 1 1 0 0 0 0 1 0 0 1 
1 0 0 0 0 0 1 0 0 0 1 0 0 1 1 0 1 0 1 1 0 0 1 0 0 1 1 1 0 0 
1 0 0 0 1 0 0 0 1 0 0 0 1 0 0 0 0 1 0 0 1 0 0 1 1 1 1 1 1 0 
1 0 1 0 0 1 0 1 0 1 0 0 1 1 1 1 0 1 0 0 0 1 0 1 1 1 0 0 1 0 
0 0 1 0 0 0 1 1 0 1 1 0 0 1 1 1 1 0 1 0 0 0 1 1 0 0 0 1 1 0 
1 0 0 0 1 0 1 1 0 1 0 0 0 0 1 0 1 0 0 1 0 0 0 0 1 1 1 0 1 1 
1 0 1 0 0 0 1 1 0 1 0 0 1 1 1 1 0 1 0 0 1 0 0 1 0 0 0 1 0 1 
0 0 0 0 1 0 1 0 1 0 1 0 1 1 1 0 0 0 1 1 1 0 1 0 0 1 0 1 0 0 
1 0 1 0 1 0 0 1 1 1 0 1 1 0 1 0 0 0 1 1 0 1 0 0 0 1 1 0 1 0 
1 0 1 1 0 0 1 1 1 0 1 1 0 0 1 1 0 1 1 1 0 1 0 1 1 0 0 0 1 1 
0 0 1 0 0 1 0 0 0 0 0 1 0 1 0 0 1 1 1 0 0 1 0 0 1 0 0 0 0 1 
0 0 1 1 0 1 0 0 1 1 0 0 0 0 1 1 0 1 1 0 1 0 1 1 0 0 0 0 0 0 
0 0 0 0 1 0 1 0 0 1 1 1 1 1 1 0 0 0 1 1 1 1 0 0 1 1 0 0 0 0 
1 1 1 1 0 1 0 0 1 1 0 0 1 0 1 0 1 0 0 0 0 1 1 0 0 1 1 0 0 0 

0 0 0 0 24 0 16 0 0 0 0 0 0 0 0 0 5 0 0 0 0 0 0 0 0 0 0 0 0 0 
0 0 0 0 0 2 0 0 0 29 0 0 6 0 26 0 10 0 0 0 14 22 0 0 0 0 0 0 11 0 
0 0 0 0 0 0 0 0 0 0 0 0 20 0 0 0 11 0 0 0 8 22 11 0 0 0 0 0 26 14 
0 0 0 0 0 0 0 0 0 3 0 3 0 0 28 0 0 0 0 0 0 0 23 0 9 0 0 0 0 7 
0 0 0 0 0 0 0 0 0 24 0 0 0 0 0 6 0 0 0 0 0 0 17 0 5 19 0 0 8 0 
0 0 0 6 2 0 1 0 24 0 0 0 3 23 0 25 0 0 0 0 8 27 0 17 0 0 3 29 19 24 
0 0 28 22 0 0 0 18 17 0 11 27 0 0 0 0 0 11 0 0 0 0 0 0 4 0 0 0 0 0 
0 0 0 20 0 0 0 0 0 0 0 0 5 0 0 0 0 0 28 0 0 0 0 0 0 0 0 0 0 0 
0 0 4 1 0 0 0 24 0 0 4 0 0 0 0 0 0 0 0 8 0 0 0 0 0 0 0 0 0 0 
0 22 0 0 20 0 0 0 0 0 0 0 0 0 0 0 14 0 0 0 0 0 0 0 10 2 0 0 7 13 
0 0 0 0 0 0 7 0 0 0 0 11 0 0 0 0 0 0 0 0 0 0 13 0 0 0 8 0 0 0 
0 18 0 0 0 9 27 19 0 0 0 0 16 0 0 0 0 0 26 0 0 0 0 0 0 0 23 0 0 0 
4 0 15 0 0 0 0 0 0 0 0 0 0 0 0 0 0 0 0 0 0 0 0 0 0 0 0 0 0 0 
0 0 4 0 8 0 0 0 20 0 0 0 0 0 0 0 0 0 0 14 9 0 0 0 0 0 1 0 0 0 
12 4 0 0 3 0 0 28 0 0 0 0 25 0 0 0 0 0 0 18 0 0 4 0 0 19 0 0 0 0 
0 9 0 0 0 0 0 0 0 0 0 0 0 0 3 0 0 0 0 15 0 0 0 0 0 0 0 0 0 0 
0 14 0 0 0 0 0 0 0 18 0 8 0 0 0 0 0 0 0 0 0 0 0 0 0 0 0 0 0 0 
0 0 0 0 0 0 0 0 25 0 0 0 0 0 12 0 0 0 25 23 0 29 0 0 0 0 0 11 0 0 
0 28 0 0 0 0 0 0 0 0 0 0 0 22 0 0 0 0 0 0 11 0 0 0 0 4 0 23 0 0 
0 0 20 0 0 0 0 0 0 0 0 0 10 0 0 5 0 24 0 0 0 0 0 0 0 0 0 0 0 0 
0 14 0 0 13 0 0 0 0 0 0 0 0 0 0 0 2 0 0 0 0 0 0 22 29 0 0 0 0 0 
0 0 24 0 0 0 14 0 0 0 0 16 0 0 0 0 3 22 28 28 0 0 0 2 0 0 0 0 0 0 
27 0 0 0 13 0 20 8 0 0 0 0 0 0 15 0 0 0 5 1 1 0 0 0 0 1 0 0 0 0 
0 0 0 13 3 0 0 0 0 0 0 2 3 0 0 0 0 0 0 0 0 0 0 0 0 0 0 19 29 0 
26 0 0 0 0 20 0 0 16 0 0 1 0 0 0 0 11 0 0 1 5 0 8 0 0 15 14 0 17 0 
0 0 14 0 0 0 0 0 0 0 1 0 0 19 0 0 0 0 0 0 15 0 2 0 0 0 0 0 0 11 
15 0 0 0 0 0 0 25 0 0 0 0 0 4 0 22 0 17 0 0 24 7 0 0 7 8 0 0 25 0 
0 0 0 0 0 5 24 0 0 0 0 0 5 0 14 0 0 1 0 0 12 0 0 0 0 0 0 0 0 0 
23 0 0 0 0 0 0 0 0 0 3 0 0 0 0 0 0 0 0 22 7 0 0 0 0 26 0 22 0 0 
0 0 0 0 0 0 0 0 0 0 0 0 0 9 0 0 0 0 0 0 0 0 0 0 0 0 27 19 0 0 
