30

0 1 0 1 1 1 1 1 1 1 1 1 1 1 1 1 1 1 1 1 1 1 1 1 1 1 0 0 0 1 
1 0 1 1 1 1 1 1 1 1 1 0 1 1 1 1 1 1 1 1 1 1 1 1 1 1 1 1 1 1 
0 1 0 1 1 1 1 1 1 1 1 1 1 1 1 1 0 1 1 1 1 1 1 1 1 1 1 1 1 1 
1 1 1 0 1 1 1 1 1 1 1 1 1 1 1 1 1 1 1 1 1 1 1 0 1 1 0 1 1 1 
1 1 1 1 0 1 1 0 1 1 1 0 1 0 1 1 0 1 1 1 1 1 1 1 1 1 1 1 1 1 
1 1 1 1 1 0 1 1 1 1 1 1 1 1 1 1 1 1 1 1 1 1 1 1 1 1 0 1 1 1 
1 1 1 1 1 1 0 1 1 1 1 0 1 0 1 1 1 0 1 1 1 1 1 1 1 0 1 1 1 1 
1 1 1 1 0 1 1 0 1 1 1 1 1 1 1 1 1 1 1 1 1 1 1 1 1 1 1 1 1 1 
1 1 1 1 1 1 1 1 0 1 1 1 1 0 1 1 1 1 1 1 0 1 1 0 1 1 1 1 1 1 
1 1 1 1 1 1 1 1 1 0 1 1 1 1 0 1 1 1 1 1 0 1 1 1 0 1 1 1 0 1 
1 1 1 1 1 1 1 1 1 1 0 1 1 1 1 1 1 1 0 1 1 1 1 1 1 1 1 1 1 1 
1 0 1 1 0 1 0 1 1 1 1 0 1 1 1 1 1 1 1 1 1 1 0 1 1 1 1 1 0 1 
1 1 1 1 1 1 1 1 1 1 1 1 0 1 1 1 1 0 1 1 1 1 1 1 1 1 1 1 1 0 
1 1 1 1 0 1 0 1 0 1 1 1 1 0 1 1 1 1 1 1 1 1 0 1 1 1 1 1 1 1 
1 1 1 1 1 1 1 1 1 0 1 1 1 1 0 1 1 1 1 1 1 1 1 1 1 1 1 1 1 0 
1 1 1 1 1 1 1 1 1 1 1 1 1 1 1 0 1 0 0 1 1 1 1 0 1 1 1 1 1 1 
1 1 0 1 0 1 1 1 1 1 1 1 1 1 1 1 0 1 1 1 1 1 1 1 1 1 1 1 1 1 
1 1 1 1 1 1 0 1 1 1 1 1 0 1 1 0 1 0 1 1 1 1 1 1 1 1 1 1 1 1 
1 1 1 1 1 1 1 1 1 1 0 1 1 1 1 0 1 1 0 1 1 1 1 1 1 1 1 1 1 1 
1 1 1 1 1 1 1 1 1 1 1 1 1 1 1 1 1 1 1 0 1 1 1 1 0 1 1 1 1 1 
1 1 1 1 1 1 1 1 0 0 1 1 1 1 1 1 1 1 1 1 0 1 1 0 1 1 1 1 1 1 
1 1 1 1 1 1 1 1 1 1 1 1 1 1 1 1 1 1 1 1 1 0 1 1 1 1 1 0 1 1 
1 1 1 1 1 1 1 1 1 1 1 0 1 0 1 1 1 1 1 1 1 1 0 1 1 1 1 1 1 0 
1 1 1 0 1 1 1 1 0 1 1 1 1 1 1 0 1 1 1 1 0 1 1 0 1 1 1 1 1 1 
1 1 1 1 1 1 1 1 1 0 1 1 1 1 1 1 1 1 1 0 1 1 1 1 0 1 1 1 1 1 
1 1 1 1 1 1 0 1 1 1 1 1 1 1 1 1 1 1 1 1 1 1 1 1 1 0 0 1 0 1 
0 1 1 0 1 0 1 1 1 1 1 1 1 1 1 1 1 1 1 1 1 1 1 1 1 0 0 1 0 1 
0 1 1 1 1 1 1 1 1 1 1 1 1 1 1 1 1 1 1 1 1 0 1 1 1 1 1 0 0 1 
0 1 1 1 1 1 1 1 1 0 1 0 1 1 1 1 1 1 1 1 1 1 1 1 1 0 0 0 0 1 
1 1 1 1 1 1 1 1 1 1 1 1 0 1 0 1 1 1 1 1 1 1 0 1 1 1 1 1 1 0 

0 0 24 27 0 0 0 0 0 0 0 0 0 0 0 0 0 0 0 0 29 0 0 0 0 0 0 0 0 0 
0 0 14 0 12 0 0 0 0 0 0 9 16 28 17 0 0 0 12 14 0 0 0 0 13 0 0 0 0 0 
0 0 0 0 0 0 28 0 0 0 25 0 0 0 0 0 0 24 0 0 14 11 0 0 0 0 0 9 0 24 
0 0 0 0 0 0 0 0 0 0 2 0 0 0 0 0 0 0 0 0 0 0 25 0 3 17 0 0 14 0 
0 0 0 0 0 0 0 0 0 0 21 0 0 0 0 0 0 0 0 0 19 0 14 18 0 0 3 0 0 0 
0 0 0 0 0 0 0 0 0 23 5 0 0 0 0 0 0 0 10 0 4 0 0 0 9 10 0 0 0 0 
0 0 0 0 0 0 0 0 0 0 0 0 7 0 0 20 21 0 0 0 0 0 0 16 0 0 0 12 17 0 
0 27 0 0 0 0 0 0 26 0 0 0 0 0 0 0 0 3 3 0 0 0 0 0 0 0 14 2 0 11 
0 0 0 1 11 0 0 0 0 29 5 17 0 0 0 20 19 0 0 23 0 0 0 0 4 0 0 8 0 0 
0 0 0 0 0 2 0 19 0 0 0 0 0 0 20 0 0 0 0 0 0 0 13 0 0 0 0 22 0 11 
1 0 0 0 0 0 0 0 0 0 0 0 7 0 0 0 0 3 5 0 23 0 0 0 1 0 0 0 0 0 
0 0 0 12 0 3 0 0 0 27 0 0 0 9 0 0 0 0 19 24 0 1 0 0 0 0 0 0 0 0 
0 0 0 0 0 0 0 7 2 0 0 10 0 0 0 0 15 0 1 0 10 0 18 0 0 0 0 23 0 0 
0 0 0 0 17 0 0 0 14 0 0 0 0 0 0 0 0 10 24 0 0 0 0 0 0 4 0 25 0 0 
0 0 0 0 0 0 0 0 0 0 0 0 0 13 0 0 28 14 0 0 0 0 0 0 0 0 0 0 0 0 
0 0 0 0 0 0 0 0 0 0 0 0 25 0 0 0 0 0 0 0 0 12 0 0 0 0 0 0 0 0 
0 0 0 0 0 0 1 0 0 0 0 6 0 0 0 27 0 0 0 1 28 0 0 0 15 0 0 8 18 18 
0 0 15 0 0 0 0 0 30 0 0 0 0 26 0 0 23 0 14 8 0 0 3 0 0 0 0 0 0 0 
1 0 0 7 0 0 0 0 0 0 0 0 0 0 0 0 0 0 0 0 20 0 0 0 13 0 0 0 0 0 
0 2 0 0 0 0 0 19 0 0 0 0 0 0 0 0 0 0 0 0 4 0 0 0 0 16 0 0 0 0 
17 0 0 25 0 0 0 16 0 0 0 1 0 0 0 0 7 25 0 0 0 0 0 0 0 0 29 0 0 0 
3 0 0 0 0 0 24 0 0 0 0 0 0 0 16 12 0 0 0 8 0 0 0 0 0 17 0 0 1 19 
0 28 0 0 20 0 2 0 0 0 0 18 23 0 4 26 0 0 2 0 0 0 0 0 0 0 0 0 21 0 
0 14 0 0 0 0 14 0 0 0 0 0 0 0 5 0 12 0 24 0 0 12 0 0 0 0 23 0 0 19 
0 0 0 0 0 0 0 0 0 28 0 0 0 0 0 0 0 17 0 0 0 0 0 0 0 0 0 0 0 0 
0 0 0 0 0 0 0 0 19 0 0 0 0 0 0 0 0 0 12 0 0 0 0 0 0 0 0 0 0 12 
0 0 0 0 0 0 0 0 14 0 0 0 0 0 0 19 0 0 0 11 0 0 0 0 0 0 0 0 0 29 
0 6 0 0 0 15 0 0 0 0 0 23 0 0 14 0 0 0 24 2 0 0 0 6 22 0 0 0 0 0 
16 4 3 3 0 0 0 0 17 0 0 27 0 0 1 0 0 0 0 0 0 0 14 0 0 0 0 0 0 0 
0 4 0 29 0 0 0 0 0 15 0 0 10 0 0 0 1 0 0 20 0 0 0 0 6 0 0 0 0 0 
