30

0 0 1 1 1 1 1 1 1 1 1 0 1 1 1 1 1 1 1 1 1 1 0 1 1 1 1 1 1 1 
0 0 1 1 1 1 1 1 0 1 1 1 1 1 1 1 0 1 1 0 1 1 0 1 0 1 1 1 1 1 
1 1 0 1 1 1 1 1 1 1 1 1 1 1 1 1 1 1 1 1 1 0 0 1 1 1 1 1 1 0 
1 1 1 0 0 1 1 1 1 1 1 0 1 1 1 1 1 1 1 1 0 0 1 1 1 0 1 1 1 1 
1 1 1 0 0 1 0 0 1 1 0 1 1 1 1 0 1 1 1 1 1 1 1 1 0 0 1 0 1 1 
1 1 1 1 1 0 0 1 1 0 1 0 1 0 1 1 1 1 1 0 1 1 1 1 1 1 1 1 1 1 
1 1 1 1 0 0 0 1 1 1 1 1 1 1 1 0 1 0 0 1 1 0 1 1 1 1 1 1 1 1 
1 1 1 1 0 1 1 0 1 1 1 1 1 1 1 1 1 0 0 1 1 0 1 1 1 1 1 1 1 1 
1 0 1 1 1 1 1 1 0 1 1 1 1 1 1 1 0 0 1 1 0 1 1 1 1 1 1 1 1 1 
1 1 1 1 1 0 1 1 1 0 1 1 1 1 0 1 1 1 1 1 1 1 1 1 1 1 0 1 1 1 
1 1 1 1 0 1 1 1 1 1 0 1 1 1 1 1 1 1 1 1 1 1 1 1 1 1 0 1 1 1 
0 1 1 0 1 0 1 1 1 1 1 0 1 1 1 0 1 1 0 1 0 1 1 1 1 1 1 0 0 0 
1 1 1 1 1 1 1 1 1 1 1 1 0 1 1 0 0 1 1 1 1 1 1 1 0 1 1 1 0 1 
1 1 1 1 1 0 1 1 1 1 1 1 1 0 1 1 0 1 1 1 1 0 1 1 0 1 0 1 0 1 
1 1 1 1 1 1 1 1 1 0 1 1 1 1 0 0 1 0 1 1 0 1 0 1 1 0 0 1 1 1 
1 1 1 1 0 1 0 1 1 1 1 0 0 1 0 0 1 0 1 1 0 1 0 1 1 0 1 1 1 1 
1 0 1 1 1 1 1 1 0 1 1 1 0 0 1 1 0 1 0 1 0 1 1 1 1 1 1 0 1 1 
1 1 1 1 1 1 0 0 0 1 1 1 1 1 0 0 1 0 1 1 1 1 1 1 0 1 0 1 1 0 
1 1 1 1 1 1 0 0 1 1 1 0 1 1 1 1 0 1 0 1 1 0 1 1 0 1 1 1 1 1 
1 0 1 1 1 0 1 1 1 1 1 1 1 1 1 1 1 1 1 0 1 1 1 1 1 1 1 1 1 0 
1 1 1 0 1 1 1 1 0 1 1 0 1 1 0 0 0 1 1 1 0 1 1 1 0 0 1 1 1 1 
1 1 0 0 1 1 0 0 1 1 1 1 1 0 1 1 1 1 0 1 1 0 1 0 1 0 1 1 1 1 
0 0 0 1 1 1 1 1 1 1 1 1 1 1 0 0 1 1 1 1 1 1 0 1 1 1 1 0 1 1 
1 1 1 1 1 1 1 1 1 1 1 1 1 1 1 1 1 1 1 1 1 0 1 0 1 1 1 1 0 1 
1 0 1 1 0 1 1 1 1 1 1 1 0 0 1 1 1 0 0 1 0 1 1 1 0 1 1 1 1 1 
1 1 1 0 0 1 1 1 1 1 1 1 1 1 0 0 1 1 1 1 0 0 1 1 1 0 1 0 0 1 
1 1 1 1 1 1 1 1 1 0 0 1 1 0 0 1 1 0 1 1 1 1 1 1 1 1 0 0 0 1 
1 1 1 1 0 1 1 1 1 1 1 0 1 1 1 1 0 1 1 1 1 1 0 1 1 0 0 0 1 1 
1 1 1 1 1 1 1 1 1 1 1 0 0 0 1 1 1 1 1 1 1 1 1 0 1 0 0 1 0 1 
1 1 0 1 1 1 1 1 1 1 1 0 1 1 1 1 1 0 1 0 1 1 1 1 1 1 1 1 1 0 

0 1 1 13 2 0 0 5 0 13 0 0 0 12 0 0 0 0 0 0 0 1 7 0 11 0 0 0 5 10 
1 0 0 0 11 0 0 0 0 0 2 6 0 0 0 0 8 13 0 1 13 8 0 0 0 2 14 0 0 0 
0 12 0 0 0 0 0 6 7 5 5 0 11 8 0 4 0 0 0 0 5 0 4 0 2 3 0 7 11 8 
9 5 0 0 3 0 0 0 8 1 0 5 0 11 0 0 14 5 3 7 0 0 0 2 6 5 0 8 7 7 
0 15 0 0 0 12 11 2 0 0 0 0 0 0 6 0 6 0 3 0 0 0 1 0 0 0 0 2 0 3 
13 0 0 3 0 0 0 1 0 0 0 2 0 0 0 0 6 0 0 0 0 11 11 0 0 0 5 1 13 11 
13 11 0 0 0 0 0 5 0 0 0 0 0 0 12 1 8 0 0 8 12 4 0 5 2 0 15 0 0 12 
13 0 0 0 0 12 0 0 0 1 1 0 0 9 6 0 0 0 2 0 5 0 0 0 0 0 0 11 0 11 
0 0 12 10 0 0 0 2 0 4 8 6 0 0 7 0 0 0 0 2 14 13 0 0 2 0 13 0 9 0 
8 13 0 0 8 12 0 2 0 0 0 0 0 0 0 0 12 11 0 0 0 0 10 11 0 0 7 13 0 0 
2 0 7 0 9 2 1 0 0 2 0 6 3 0 0 14 0 0 9 8 0 0 0 6 0 10 2 0 8 0 
10 4 5 0 11 0 0 0 2 0 10 0 4 0 9 10 0 3 0 11 0 0 12 0 0 13 13 0 13 0 
0 0 12 0 0 9 0 0 0 9 8 9 0 0 11 7 0 0 0 1 0 0 0 0 6 0 0 3 0 0 
1 0 0 0 5 0 0 0 9 0 0 0 13 0 5 0 0 0 0 0 11 0 0 5 5 0 0 3 0 0 
12 0 0 0 0 11 14 10 12 0 9 13 0 0 0 7 1 0 1 12 0 0 3 0 0 0 10 6 0 9 
0 1 4 0 1 0 11 0 0 0 11 4 0 0 0 0 0 0 0 10 0 0 10 0 2 2 7 0 6 0 
2 0 12 0 0 11 1 0 8 5 0 0 4 8 0 0 0 0 0 0 0 0 11 0 5 0 0 5 0 0 
2 0 0 0 0 7 0 11 8 1 0 0 0 0 0 3 12 0 6 0 0 0 0 0 0 0 0 0 7 0 
0 15 0 15 10 0 0 0 0 13 15 11 0 0 0 0 8 8 0 0 2 7 13 14 0 0 3 0 14 0 
0 0 0 0 1 0 0 0 9 0 0 0 12 0 0 0 0 0 8 0 0 12 0 0 0 0 9 11 10 13 
0 0 10 0 8 0 0 0 0 9 0 0 0 0 0 0 0 0 9 1 0 0 0 10 0 2 0 0 0 9 
0 0 0 1 0 12 0 11 0 0 0 13 9 4 2 0 1 0 3 0 0 0 1 2 12 6 4 0 6 12 
0 0 0 11 0 0 0 0 4 5 4 0 0 10 0 2 8 0 0 2 0 0 0 0 9 0 0 0 13 2 
9 0 0 0 10 0 0 0 7 11 11 5 4 0 0 2 0 0 10 0 4 0 0 0 0 0 0 0 2 3 
0 0 0 7 4 0 2 0 12 0 6 0 4 7 0 4 0 4 0 0 11 0 0 13 0 0 0 0 0 8 
0 9 7 0 3 13 15 0 0 0 0 0 0 0 4 0 0 7 4 2 1 1 14 0 0 0 0 12 10 0 
8 0 0 0 0 13 6 0 0 0 4 0 11 0 0 0 0 1 0 2 0 5 0 10 12 0 0 12 0 0 
4 0 0 0 0 0 0 0 0 0 0 0 12 0 0 0 4 0 12 13 15 0 9 0 2 0 1 0 0 0 
4 1 6 1 0 13 2 0 2 0 9 0 12 0 0 14 0 8 0 0 1 7 0 5 0 12 5 2 0 0 
7 2 0 5 0 0 0 0 0 0 0 11 0 13 6 0 0 0 1 0 8 0 0 0 0 0 0 0 6 0 
