30

0 0 1 0 1 1 1 0 1 1 0 0 1 0 0 0 0 1 1 0 1 1 0 0 1 1 0 1 1 0 
0 0 1 0 0 1 1 1 1 0 1 1 1 1 1 0 0 0 1 1 1 0 0 0 1 1 0 0 1 0 
1 1 0 1 0 0 1 1 1 0 0 1 1 0 0 1 0 1 1 0 0 1 0 1 0 0 0 0 0 1 
0 0 1 0 0 0 1 0 1 1 0 1 0 1 0 0 1 0 0 1 1 1 0 0 0 0 1 1 0 1 
1 0 0 0 0 0 0 1 1 1 1 1 1 0 1 0 1 1 1 0 0 1 1 0 0 0 1 0 1 1 
1 1 0 0 0 0 0 1 1 1 0 0 0 0 1 0 0 0 1 1 0 1 0 0 1 1 0 1 1 0 
1 1 1 1 0 0 0 0 1 1 0 1 1 0 1 0 0 1 0 0 1 0 1 1 1 0 1 1 0 0 
0 1 1 0 1 1 0 0 1 1 0 0 1 1 0 1 1 1 1 0 0 1 1 0 1 0 1 1 1 0 
1 1 1 1 1 1 1 1 0 0 1 1 0 0 0 1 1 0 0 1 0 0 0 0 0 1 1 0 0 0 
1 0 0 1 1 1 1 1 0 0 1 0 0 1 1 1 1 0 1 1 0 1 1 0 0 1 0 0 1 0 
0 1 0 0 1 0 0 0 1 1 0 1 0 1 0 1 0 1 1 1 0 0 1 1 0 0 1 1 1 1 
0 1 1 1 1 0 1 0 1 0 1 0 1 1 1 0 0 0 1 0 1 1 1 1 0 1 1 0 1 0 
1 1 1 0 1 0 1 1 0 0 0 1 0 1 1 1 1 0 1 0 1 0 1 1 0 1 0 0 1 0 
0 1 0 1 0 0 0 1 0 1 1 1 1 0 1 0 1 1 0 0 1 1 0 1 1 0 0 1 0 1 
0 1 0 0 1 1 1 0 0 1 0 1 1 1 0 1 0 0 0 1 1 0 0 1 1 1 1 1 1 1 
0 0 1 0 0 0 0 1 1 1 1 0 1 0 1 0 0 0 0 1 0 1 1 0 0 0 0 1 0 0 
0 0 0 1 1 0 0 1 1 1 0 0 1 1 0 0 0 1 1 1 0 1 0 1 1 1 0 1 0 1 
1 0 1 0 1 0 1 1 0 0 1 0 0 1 0 0 1 0 0 1 1 1 1 1 0 0 0 0 0 0 
1 1 1 0 1 1 0 1 0 1 1 1 1 0 0 0 1 0 0 1 1 1 1 0 1 1 1 1 0 1 
0 1 0 1 0 1 0 0 1 1 1 0 0 0 1 1 1 1 1 0 1 0 1 1 0 1 1 1 0 0 
1 1 0 1 0 0 1 0 0 0 0 1 1 1 1 0 0 1 1 1 0 0 1 1 1 1 0 0 0 1 
1 0 1 1 1 1 0 1 0 1 0 1 0 1 0 1 1 1 1 0 0 0 0 0 0 0 1 1 1 0 
0 0 0 0 1 0 1 1 0 1 1 1 1 0 0 1 0 1 1 1 1 0 0 1 1 0 0 0 0 0 
0 0 1 0 0 0 1 0 0 0 1 1 1 1 1 0 1 1 0 1 1 0 1 0 1 0 0 1 0 1 
1 1 0 0 0 1 1 1 0 0 0 0 0 1 1 0 1 0 1 0 1 0 1 1 0 0 0 1 0 1 
1 1 0 0 0 1 0 0 1 1 0 1 1 0 1 0 1 0 1 1 1 0 0 0 0 0 0 1 0 1 
0 0 0 1 1 0 1 1 1 0 1 1 0 0 1 0 0 0 1 1 0 1 0 0 0 0 0 0 1 0 
1 0 0 1 0 1 1 1 0 0 1 0 0 1 1 1 1 0 1 1 0 1 0 1 1 1 0 0 1 1 
1 1 0 0 1 1 0 1 0 1 1 1 1 0 1 0 0 0 0 0 0 1 0 0 0 0 1 1 0 0 
0 0 1 1 1 0 0 0 0 0 1 0 0 1 1 0 1 0 1 0 1 0 0 1 1 1 0 1 0 0 

0 0 0 0 0 0 8 7 0 0 0 0 0 0 0 0 0 0 0 0 0 2 0 0 0 3 0 0 2 0 
0 0 0 0 2 10 0 3 0 0 0 7 0 0 0 0 0 8 0 4 0 0 9 0 0 0 0 0 0 0 
0 7 0 12 0 0 0 0 0 0 0 0 0 0 0 0 0 9 12 4 0 0 0 0 0 0 8 0 0 0 
0 0 0 0 0 0 0 0 0 0 0 0 0 0 0 0 0 11 0 0 0 0 0 0 0 0 0 0 0 0 
7 0 0 0 0 0 0 7 0 0 0 11 0 0 0 0 0 0 0 7 0 0 0 0 0 0 0 0 0 0 
0 0 7 2 4 0 6 0 0 0 6 0 0 0 4 0 0 0 10 0 0 0 0 0 2 0 0 0 0 0 
0 0 0 0 0 0 0 0 0 0 0 0 0 2 0 0 0 3 0 0 0 0 11 0 0 0 0 0 0 0 
0 8 0 0 0 0 0 0 0 8 0 0 0 0 12 0 0 0 0 12 4 0 0 0 0 0 0 0 0 0 
0 0 0 0 0 0 0 0 0 12 0 0 11 1 0 0 1 0 0 0 0 0 1 0 10 0 0 0 0 0 
0 0 0 0 5 0 0 6 0 0 0 0 0 0 2 0 0 0 0 0 0 0 0 0 11 0 0 0 0 0 
0 0 5 0 0 0 0 0 0 0 0 0 0 9 0 1 1 0 0 0 10 0 0 0 8 0 0 0 0 0 
2 0 0 0 3 0 0 0 0 0 0 0 0 0 0 0 10 0 0 0 0 0 0 0 0 0 0 0 0 2 
0 0 0 0 0 0 0 1 0 0 0 0 0 0 0 0 0 5 0 0 0 0 0 0 0 0 0 6 3 0 
0 1 0 3 0 0 0 3 0 0 0 6 0 0 0 0 0 0 0 0 0 0 4 12 0 0 0 0 0 0 
0 11 0 0 0 9 0 0 0 0 4 0 0 0 0 0 0 0 0 9 0 0 0 0 1 0 0 0 0 0 
9 0 11 0 0 1 0 2 1 0 0 0 1 0 0 0 0 0 0 0 0 0 0 11 7 0 0 0 0 0 
0 0 0 2 0 0 0 0 0 0 0 0 0 0 1 2 0 0 0 0 0 0 7 0 0 0 0 0 0 0 
0 0 12 0 0 2 0 0 0 0 0 0 6 5 0 0 7 0 0 0 3 0 0 0 0 9 0 0 0 0 
0 0 0 0 0 0 0 0 3 0 8 0 5 6 0 0 0 12 0 0 0 0 6 0 0 0 0 2 0 0 
0 0 0 0 0 0 0 0 0 0 2 0 0 0 0 0 0 0 0 0 0 0 0 0 0 0 0 0 6 0 
0 0 0 0 9 0 0 0 0 0 0 0 0 3 0 0 0 0 0 0 0 0 0 0 0 0 0 0 0 0 
8 0 0 0 0 0 2 0 0 0 2 0 5 0 0 0 2 0 8 0 10 0 0 0 9 0 3 10 0 0 
0 0 0 0 0 0 0 0 0 0 0 0 0 0 0 0 0 7 0 0 0 5 0 0 0 0 0 2 0 0 
0 9 0 0 0 0 0 0 0 0 0 0 0 0 0 0 0 0 4 0 0 0 0 0 0 4 0 12 0 0 
0 0 0 3 0 0 0 0 0 0 0 0 0 2 0 0 0 0 9 0 0 0 0 9 0 4 0 4 9 0 
0 12 0 0 0 0 0 0 0 0 0 0 2 3 0 12 2 0 0 0 0 0 0 0 0 0 0 0 0 0 
7 0 0 0 0 0 0 0 0 2 0 0 0 0 0 0 0 0 5 0 0 0 0 0 0 0 0 0 0 0 
8 0 0 0 0 0 0 0 0 4 0 0 0 0 0 0 0 0 0 0 0 0 9 0 0 0 0 0 0 0 
0 0 9 0 0 0 7 0 12 0 0 0 0 0 0 0 0 0 0 0 0 0 0 0 0 0 0 0 0 0 
0 9 0 0 2 0 0 0 0 2 0 0 0 0 0 0 0 0 0 0 0 0 10 0 0 0 0 0 0 0 
