30

0 1 1 0 1 1 1 1 1 1 1 1 1 1 1 1 1 1 1 1 1 1 1 1 1 1 1 1 1 1 
1 0 1 1 1 1 1 0 1 1 1 1 1 1 0 1 1 1 1 1 1 1 1 1 1 1 1 1 1 1 
1 1 0 1 0 1 1 1 1 0 1 1 1 1 0 1 1 1 1 1 1 1 1 1 1 1 1 1 0 1 
0 1 1 0 1 1 1 0 1 1 1 1 1 1 1 1 1 1 1 0 1 0 1 1 1 1 1 1 1 0 
1 1 0 1 0 1 1 1 1 1 1 1 0 0 1 1 1 1 1 1 1 1 1 1 0 0 1 1 1 1 
1 1 1 1 1 0 1 1 1 1 1 1 1 1 0 1 1 1 1 1 1 1 1 1 1 1 1 1 1 1 
1 1 1 1 1 1 0 1 1 1 1 1 1 1 1 1 1 1 1 1 1 1 1 1 1 1 1 1 0 1 
1 0 1 0 1 1 1 0 1 1 1 1 1 0 1 1 1 1 1 1 0 1 0 1 0 1 1 1 1 1 
1 1 1 1 1 1 1 1 0 1 1 1 1 1 1 1 1 1 1 0 0 1 0 1 1 1 1 1 1 1 
1 1 0 1 1 1 1 1 1 0 1 1 1 1 1 1 1 1 1 1 0 1 1 1 1 1 1 1 1 1 
1 1 1 1 1 1 1 1 1 1 0 1 1 1 1 1 1 1 1 1 1 1 1 1 1 1 1 1 1 0 
1 1 1 1 1 1 1 1 1 1 1 0 1 0 1 1 1 1 1 1 1 1 1 1 1 1 1 1 1 1 
1 1 1 1 0 1 1 1 1 1 1 1 0 1 0 1 0 1 1 1 1 1 1 1 1 1 1 0 1 1 
1 1 1 1 0 1 1 0 1 1 1 0 1 0 1 1 1 1 1 1 1 1 1 1 1 1 1 1 1 1 
1 0 0 1 1 0 1 1 1 1 1 1 0 1 0 1 1 1 1 1 1 1 1 1 1 1 1 1 1 0 
1 1 1 1 1 1 1 1 1 1 1 1 1 1 1 0 1 1 1 1 1 0 1 1 1 1 1 1 1 1 
1 1 1 1 1 1 1 1 1 1 1 1 0 1 1 1 0 1 1 1 0 1 1 1 1 1 1 1 1 1 
1 1 1 1 1 1 1 1 1 1 1 1 1 1 1 1 1 0 1 1 1 1 1 1 1 1 1 1 1 1 
1 1 1 1 1 1 1 1 1 1 1 1 1 1 1 1 1 1 0 1 1 1 1 1 1 1 1 1 1 0 
1 1 1 0 1 1 1 1 0 1 1 1 1 1 1 1 1 1 1 0 1 1 1 1 1 1 1 1 1 1 
1 1 1 1 1 1 1 0 0 0 1 1 1 1 1 1 0 1 1 1 0 1 1 1 1 1 1 1 1 1 
1 1 1 0 1 1 1 1 1 1 1 1 1 1 1 0 1 1 1 1 1 0 1 1 1 1 1 1 1 1 
1 1 1 1 1 1 1 0 0 1 1 1 1 1 1 1 1 1 1 1 1 1 0 1 0 1 1 0 1 1 
1 1 1 1 1 1 1 1 1 1 1 1 1 1 1 1 1 1 1 1 1 1 1 0 1 1 1 0 1 1 
1 1 1 1 0 1 1 0 1 1 1 1 1 1 1 1 1 1 1 1 1 1 0 1 0 1 1 1 1 1 
1 1 1 1 0 1 1 1 1 1 1 1 1 1 1 1 1 1 1 1 1 1 1 1 1 0 1 1 0 1 
1 1 1 1 1 1 1 1 1 1 1 1 1 1 1 1 1 1 1 1 1 1 1 1 1 1 0 1 0 1 
1 1 1 1 1 1 1 1 1 1 1 1 0 1 1 1 1 1 1 1 1 1 0 0 1 1 1 0 1 0 
1 1 0 1 1 1 0 1 1 1 1 1 1 1 1 1 1 1 1 1 1 1 1 1 1 0 0 1 0 1 
1 1 1 0 1 1 1 1 1 1 0 1 1 1 0 1 1 1 0 1 1 1 1 1 1 1 1 0 1 0 

0 0 0 0 0 0 0 0 0 0 0 0 0 0 0 0 0 0 3 0 7 0 0 0 0 0 0 19 0 0 
0 0 0 0 12 5 0 0 0 0 0 15 0 0 0 0 0 0 0 0 0 0 0 0 0 19 0 3 8 1 
13 0 0 18 0 18 1 0 0 0 0 0 0 4 0 14 0 0 0 0 16 0 0 0 0 0 0 0 16 0 
0 0 0 0 0 0 16 8 0 0 0 0 3 0 0 0 0 0 10 0 0 8 0 0 0 2 0 0 0 18 
7 9 17 14 0 0 0 0 0 0 6 0 0 0 0 0 0 0 0 0 0 0 0 0 16 0 0 0 0 5 
0 0 13 0 0 0 7 0 0 0 0 0 0 0 0 0 0 5 15 0 0 16 0 1 0 0 0 0 0 0 
16 12 0 13 0 0 0 0 16 0 0 10 0 0 0 0 0 0 0 0 0 0 12 0 11 0 0 0 0 0 
6 4 0 0 2 0 0 0 16 8 0 4 0 0 12 0 8 11 0 0 0 0 15 0 0 0 16 0 0 0 
0 6 0 3 17 2 0 0 0 0 8 0 0 0 0 0 0 7 0 0 0 0 12 0 0 0 8 0 0 0 
0 0 0 0 0 9 0 1 0 0 0 0 0 0 0 0 0 11 0 0 0 0 0 12 0 13 0 0 0 0 
0 0 0 0 0 0 0 0 0 4 0 0 0 0 0 0 0 17 0 0 4 0 0 0 0 0 0 0 0 0 
0 16 4 0 0 0 6 11 0 0 0 0 3 4 0 0 0 0 0 0 0 0 0 0 0 0 0 0 0 0 
0 0 0 0 0 0 0 0 0 17 0 0 0 0 0 0 1 0 0 0 0 11 0 0 0 0 0 0 0 0 
0 10 0 0 6 3 0 0 0 0 0 0 0 0 0 0 0 0 12 0 6 0 0 9 0 0 0 0 16 1 
0 0 0 0 0 0 0 0 0 0 0 15 0 0 0 0 0 0 0 0 0 0 0 8 0 0 0 0 0 0 
0 0 0 0 0 0 0 0 10 0 0 0 0 0 0 0 0 0 17 0 12 0 0 13 0 0 0 5 16 18 
0 0 14 0 6 0 0 0 0 17 0 0 0 0 0 0 0 0 0 0 0 0 0 0 0 0 0 12 0 0 
0 0 0 0 0 0 0 0 0 0 0 0 0 0 0 0 0 0 0 0 0 0 0 0 0 0 0 17 4 0 
0 13 0 0 5 0 7 0 1 0 0 0 4 0 0 3 0 0 0 0 0 0 11 0 0 4 11 0 9 0 
0 14 0 0 0 0 0 0 9 0 0 0 4 0 0 0 17 10 15 0 0 0 0 0 0 0 0 3 0 8 
0 0 0 2 0 0 0 17 3 0 0 0 0 0 0 0 0 0 12 0 0 0 0 0 0 2 0 0 0 0 
0 0 0 0 0 0 1 0 0 0 12 0 0 0 0 0 0 0 0 0 0 0 0 0 0 3 0 0 6 0 
15 0 8 0 0 0 0 10 0 3 0 15 0 0 0 0 0 0 0 0 17 0 0 0 0 0 0 0 0 0 
20 0 0 1 0 0 0 0 0 0 0 0 0 0 0 4 10 0 0 12 0 10 0 0 0 0 0 0 0 13 
0 0 0 1 0 17 0 0 0 0 0 0 0 0 0 0 0 0 0 0 0 15 9 0 0 0 0 17 0 0 
0 17 0 0 0 0 0 0 0 9 14 0 0 0 0 0 0 0 0 11 0 0 0 0 0 0 0 0 0 0 
0 13 0 0 0 0 0 0 0 0 0 0 0 0 14 0 0 8 0 0 0 0 0 0 17 0 0 0 2 0 
0 0 0 0 0 0 0 0 16 9 0 0 0 0 0 0 0 0 14 0 0 0 0 0 0 0 0 0 0 4 
0 0 0 12 0 0 0 4 0 0 5 0 0 0 0 0 0 0 15 0 0 0 0 2 0 0 18 0 0 12 
0 0 0 17 18 0 17 0 0 3 0 0 0 0 0 0 0 0 0 16 4 12 0 0 0 0 0 0 0 0 
