30

0 1 1 1 1 1 1 1 1 1 1 1 1 1 1 1 1 1 1 1 1 1 1 1 1 1 0 0 1 1 
1 0 1 1 0 1 1 1 1 1 1 0 1 1 1 0 1 1 1 1 1 1 1 1 1 0 1 1 0 1 
1 1 0 0 1 1 0 1 1 1 1 1 0 1 1 1 1 1 0 1 0 1 1 1 1 1 1 0 0 0 
1 1 0 0 1 1 1 1 1 1 0 1 1 0 0 1 1 1 1 1 1 1 1 1 1 1 1 0 1 1 
1 0 1 1 0 1 0 0 1 1 1 0 1 1 1 1 1 1 0 1 0 1 0 1 0 1 1 1 1 1 
1 1 1 1 1 0 0 1 1 1 1 1 1 1 1 1 1 1 1 0 0 1 0 1 1 1 1 1 1 0 
1 1 0 1 0 0 0 1 0 1 1 1 1 1 1 0 0 0 0 1 0 1 1 1 0 1 1 1 1 1 
1 1 1 1 0 1 1 0 1 1 1 0 1 1 1 1 0 1 0 0 1 0 1 1 1 1 1 0 1 1 
1 1 1 1 1 1 0 1 0 1 0 0 1 1 0 1 1 1 0 0 1 1 1 1 1 1 1 1 0 1 
1 1 1 1 1 1 1 1 1 0 1 1 0 1 1 1 1 1 1 1 1 1 1 1 1 1 1 1 0 1 
1 1 1 0 1 1 1 1 0 1 0 1 1 1 1 0 1 0 1 1 0 1 1 1 1 1 1 1 0 1 
1 0 1 1 0 1 1 0 0 1 1 0 1 1 1 1 1 1 1 0 1 1 1 1 1 1 1 1 1 0 
1 1 0 1 1 1 1 1 1 0 1 1 0 1 1 1 1 0 1 1 1 1 1 1 1 1 1 1 0 1 
1 1 1 0 1 1 1 1 1 1 1 1 1 0 1 1 1 0 1 0 1 1 0 0 1 1 1 0 1 1 
1 1 1 0 1 1 1 1 0 1 1 1 1 1 0 1 1 0 0 1 1 1 1 1 0 1 0 1 1 1 
1 0 1 1 1 1 0 1 1 1 0 1 1 1 1 0 1 0 0 1 1 1 0 1 0 0 1 1 1 1 
1 1 1 1 1 1 0 0 1 1 1 1 1 1 1 1 0 1 1 0 0 1 1 1 1 1 1 0 1 1 
1 1 1 1 1 1 0 1 1 1 0 1 0 0 0 0 1 0 1 0 1 1 1 0 1 1 0 1 1 1 
1 1 0 1 0 1 0 0 0 1 1 1 1 1 0 0 1 1 0 1 1 1 1 1 1 0 1 1 0 1 
1 1 1 1 1 0 1 0 0 1 1 0 1 0 1 1 0 0 1 0 0 1 1 1 1 1 1 0 1 1 
1 1 0 1 0 0 0 1 1 1 0 1 1 1 1 1 0 1 1 0 0 1 1 1 1 1 1 1 1 1 
1 1 1 1 1 1 1 0 1 1 1 1 1 1 1 1 1 1 1 1 1 0 1 1 1 1 0 1 1 1 
1 1 1 1 0 0 1 1 1 1 1 1 1 0 1 0 1 1 1 1 1 1 0 0 1 1 1 1 0 1 
1 1 1 1 1 1 1 1 1 1 1 1 1 0 1 1 1 0 1 1 1 1 0 0 1 1 1 1 1 1 
1 1 1 1 0 1 0 1 1 1 1 1 1 1 0 0 1 1 1 1 1 1 1 1 0 0 1 1 1 1 
1 0 1 1 1 1 1 1 1 1 1 1 1 1 1 0 1 1 0 1 1 1 1 1 0 0 1 1 1 0 
0 1 1 1 1 1 1 1 1 1 1 1 1 1 0 1 1 0 1 1 1 0 1 1 1 1 0 1 1 0 
0 1 0 0 1 1 1 0 1 1 1 1 1 0 1 1 0 1 1 0 1 1 1 1 1 1 1 0 1 1 
1 0 0 1 1 1 1 1 0 0 0 1 0 1 1 1 1 1 0 1 1 1 0 1 1 1 1 1 0 1 
1 1 0 1 1 0 1 1 1 1 1 0 1 1 1 1 1 1 1 1 1 1 1 1 1 0 0 1 1 0 

0 0 0 0 0 0 11 2 0 0 0 0 0 0 0 0 0 0 0 0 0 0 0 0 0 0 3 0 0 12 
0 0 0 0 0 0 0 18 0 0 0 0 0 0 0 12 0 0 0 0 0 0 0 0 0 13 0 4 3 0 
0 0 0 0 16 0 10 0 0 0 3 0 11 4 0 0 6 0 0 8 0 0 0 0 0 6 17 0 9 0 
13 0 8 0 3 18 13 18 10 5 0 0 0 0 0 0 0 0 0 0 0 19 0 0 0 0 17 0 0 0 
0 0 6 0 0 6 0 0 0 0 0 0 7 0 0 0 17 3 0 0 8 0 0 0 0 0 0 0 0 0 
0 2 0 0 0 0 0 0 0 0 0 3 0 0 18 0 0 0 0 0 0 0 0 2 0 0 0 0 0 0 
0 0 0 0 0 0 0 0 8 0 0 0 0 15 0 0 7 0 0 0 0 0 0 0 0 0 0 8 0 0 
0 0 0 0 0 0 12 0 0 0 0 0 0 0 0 0 12 0 0 0 0 0 0 0 0 0 0 0 6 0 
1 5 8 1 0 0 0 0 0 0 0 0 0 18 0 0 0 0 0 0 0 0 0 0 0 0 0 0 0 0 
0 0 0 12 0 0 0 0 0 0 15 0 0 0 0 0 0 0 3 19 0 3 0 0 0 0 0 0 0 0 
5 0 0 0 0 0 0 0 0 0 0 0 0 0 0 0 0 16 0 0 19 0 0 0 0 0 7 2 0 0 
0 1 0 0 15 18 0 0 0 0 0 0 0 1 0 9 0 0 0 2 0 0 0 0 0 0 0 3 0 0 
1 0 0 8 16 0 0 0 17 0 0 0 0 0 6 0 17 0 1 0 0 20 0 17 0 0 18 0 6 0 
0 0 0 0 0 10 6 0 0 2 0 0 0 0 0 0 0 0 10 0 0 0 0 0 0 18 0 0 0 0 
0 0 0 0 0 0 0 0 0 1 0 9 0 0 0 0 0 0 1 0 0 0 0 0 0 0 0 0 0 0 
0 0 0 0 7 0 0 0 18 0 0 0 7 14 0 0 3 0 0 0 0 0 0 0 0 0 0 0 0 0 
0 0 6 0 0 0 9 0 0 0 0 0 0 0 0 0 0 20 0 0 0 0 0 0 0 16 0 0 0 2 
0 5 0 0 14 0 0 0 0 16 15 2 0 0 0 0 0 0 0 0 0 0 0 0 0 0 19 0 0 0 
0 0 0 0 0 0 5 16 0 0 0 0 0 0 0 0 0 0 0 0 0 0 5 0 0 0 5 15 0 0 
9 0 0 0 0 0 0 0 0 0 0 0 0 6 0 1 1 5 0 0 0 0 20 6 0 3 0 0 0 0 
7 0 11 8 0 3 0 0 0 0 20 1 0 0 0 11 9 19 0 0 0 0 0 0 0 0 0 0 0 0 
0 3 0 0 0 0 0 0 9 0 0 0 0 20 17 0 0 0 2 0 12 0 7 0 0 0 0 0 0 0 
0 0 0 0 0 3 0 0 18 0 11 0 19 0 0 0 0 0 0 0 0 0 0 0 3 0 8 0 0 0 
0 0 0 0 0 0 9 0 9 3 0 0 0 0 13 0 0 0 11 0 0 0 0 0 0 0 0 13 0 0 
0 5 0 0 0 0 0 0 0 0 0 0 0 0 0 0 5 0 0 2 13 19 0 14 0 0 0 0 0 18 
14 0 0 0 0 0 0 0 4 0 0 0 1 0 9 0 0 0 0 0 8 0 0 0 14 0 0 0 0 0 
0 0 0 0 0 0 0 0 0 0 20 0 0 0 13 3 0 0 0 0 0 0 0 0 0 0 0 11 0 0 
0 0 19 0 0 2 12 0 0 0 0 0 0 0 0 0 0 16 0 0 0 12 0 0 9 0 19 0 0 0 
0 0 0 0 7 0 0 0 0 0 0 0 0 10 10 0 0 0 0 0 0 0 0 0 0 0 8 0 0 15 
0 0 0 0 0 0 0 0 0 0 20 11 0 0 0 0 0 0 19 0 0 12 18 0 0 0 0 0 0 0 
