30

0 1 0 1 1 1 0 0 0 1 0 0 0 0 0 0 0 0 0 0 0 0 0 0 0 0 0 0 0 0 
1 0 1 1 0 0 0 1 0 1 0 1 0 0 0 0 0 0 0 0 1 0 1 0 0 0 1 0 0 0 
0 1 0 0 0 0 0 0 1 0 0 0 0 1 0 0 0 0 0 0 0 0 0 1 0 0 0 0 0 0 
1 1 0 0 0 0 0 1 0 0 1 1 1 0 0 0 0 0 0 0 0 0 0 0 0 0 0 0 0 1 
1 0 0 0 0 0 0 0 1 0 1 0 1 0 0 1 0 0 0 1 1 0 0 1 0 0 0 0 0 0 
1 0 0 0 0 0 0 0 0 0 0 0 0 0 0 0 0 1 0 0 0 0 0 0 0 0 0 0 1 0 
0 0 0 0 0 0 0 0 1 0 0 1 0 0 0 0 0 1 0 0 0 0 0 0 0 0 1 0 1 0 
0 1 0 1 0 0 0 0 1 1 0 0 0 0 0 0 0 1 0 1 0 0 0 0 0 0 1 0 0 0 
0 0 1 0 1 0 1 1 0 0 0 0 0 0 0 0 0 0 0 1 0 0 1 0 0 0 0 0 0 0 
1 1 0 0 0 0 0 1 0 0 0 0 0 0 0 0 0 1 1 0 0 1 0 0 0 0 0 0 0 0 
0 0 0 1 1 0 0 0 0 0 0 0 1 0 0 0 0 0 0 1 0 1 1 0 0 0 0 0 1 0 
0 1 0 1 0 0 1 0 0 0 0 0 0 0 0 0 0 0 0 0 0 0 0 0 1 1 1 0 1 1 
0 0 0 1 1 0 0 0 0 0 1 0 0 1 1 0 0 0 1 0 0 1 0 1 0 0 1 0 0 0 
0 0 1 0 0 0 0 0 0 0 0 0 1 0 0 1 1 1 0 0 1 0 0 0 1 0 0 0 0 1 
0 0 0 0 0 0 0 0 0 0 0 0 1 0 0 0 1 0 0 1 0 0 1 0 0 0 0 0 0 1 
0 0 0 0 1 0 0 0 0 0 0 0 0 1 0 0 0 0 0 1 1 1 0 0 0 0 0 1 0 0 
0 0 0 0 0 0 0 0 0 0 0 0 0 1 1 0 0 0 0 0 0 0 1 1 0 0 1 0 1 0 
0 0 0 0 0 1 1 1 0 1 0 0 0 1 0 0 0 0 0 0 0 1 0 0 0 0 1 0 0 1 
0 0 0 0 0 0 0 0 0 1 0 0 1 0 0 0 0 0 0 0 0 0 0 0 0 0 0 0 0 0 
0 0 0 0 1 0 0 1 1 0 1 0 0 0 1 1 0 0 0 0 0 0 0 0 0 0 0 1 0 0 
0 1 0 0 1 0 0 0 0 0 0 0 0 1 0 1 0 0 0 0 0 0 0 0 1 0 0 0 0 1 
0 0 0 0 0 0 0 0 0 1 1 0 1 0 0 1 0 1 0 0 0 0 0 1 1 0 1 0 1 0 
0 1 0 0 0 0 0 0 1 0 1 0 0 0 1 0 1 0 0 0 0 0 0 0 0 1 0 0 1 0 
0 0 1 0 1 0 0 0 0 0 0 0 1 0 0 0 1 0 0 0 0 1 0 0 0 0 0 0 0 1 
0 0 0 0 0 0 0 0 0 0 0 1 0 1 0 0 0 0 0 0 1 1 0 0 0 0 1 0 0 1 
0 0 0 0 0 0 0 0 0 0 0 1 0 0 0 0 0 0 0 0 0 0 1 0 0 0 0 0 0 1 
0 1 0 0 0 0 1 1 0 0 0 1 1 0 0 0 1 1 0 0 0 1 0 0 1 0 0 1 0 0 
0 0 0 0 0 0 0 0 0 0 0 0 0 0 0 1 0 0 0 1 0 0 0 0 0 0 1 0 0 1 
0 0 0 0 0 1 1 0 0 0 1 1 0 0 0 0 1 0 0 0 0 1 1 0 0 0 0 0 0 0 
0 0 0 1 0 0 0 0 0 0 0 1 0 1 1 0 0 1 0 0 1 0 0 1 1 1 0 1 0 0 

0 0 0 0 0 8 1 3 2 10 2 13 12 0 5 3 0 8 0 0 8 0 0 13 0 0 8 0 0 0 
0 0 14 0 0 10 14 0 0 0 0 0 0 10 0 2 0 1 7 0 5 8 0 0 0 10 0 0 12 0 
0 10 0 12 9 0 11 0 0 0 11 0 9 10 6 1 2 0 14 0 12 8 13 8 8 0 0 7 9 0 
10 0 1 0 0 0 0 9 0 1 0 2 15 0 0 10 7 16 0 0 10 0 12 8 0 0 0 0 7 11 
0 0 10 0 0 0 0 8 14 0 3 0 0 0 15 0 10 0 0 0 0 9 7 0 0 0 0 0 0 13 
12 0 5 1 0 0 0 0 5 0 0 0 0 8 0 11 0 0 0 0 5 14 0 0 0 9 0 15 0 0 
0 0 0 0 5 0 0 0 0 0 6 8 0 1 1 0 11 0 3 13 0 5 3 0 0 0 0 0 3 14 
0 8 1 0 0 3 0 0 0 8 9 0 0 0 0 10 0 0 0 0 0 14 0 9 0 11 0 0 6 0 
0 0 0 11 0 0 0 0 0 0 0 3 0 11 0 3 12 0 4 2 4 5 0 0 0 8 0 2 0 0 
9 9 10 0 0 4 0 0 0 0 3 0 0 3 13 0 11 0 0 12 0 0 0 2 2 0 0 0 0 0 
2 6 0 0 0 0 11 0 0 0 0 0 0 0 0 0 0 0 0 14 0 0 0 1 0 0 0 0 14 0 
0 0 8 0 14 0 0 0 2 0 0 0 0 0 3 0 0 9 0 0 0 0 11 1 9 0 0 0 5 0 
8 0 13 7 4 13 0 0 0 5 0 0 0 12 5 0 0 3 9 4 0 0 1 0 14 6 5 7 0 0 
0 8 0 0 0 2 12 0 0 7 0 0 0 0 0 3 0 9 0 0 0 0 0 0 1 0 4 9 0 4 
11 0 2 2 5 1 0 0 0 9 0 12 0 11 0 0 0 0 0 9 14 8 0 5 2 0 0 4 10 0 
3 12 1 0 0 0 12 0 0 7 5 8 0 0 15 0 0 0 0 8 0 7 0 0 0 5 0 0 0 0 
4 0 9 0 0 15 0 0 0 0 0 0 7 1 12 0 0 0 0 4 0 13 0 0 0 0 9 0 0 13 
14 3 13 13 12 0 1 0 0 0 2 5 0 0 0 13 0 0 0 13 0 0 0 2 0 6 13 0 0 0 
0 0 0 0 10 4 12 0 0 0 13 0 0 0 7 0 0 0 0 0 0 14 0 0 0 0 0 0 0 7 
8 7 0 3 10 7 0 0 0 11 2 0 0 0 0 0 9 11 0 0 0 0 13 12 0 7 0 0 0 0 
0 0 4 13 4 0 0 0 12 0 11 0 0 0 8 13 4 0 9 11 0 0 0 7 0 1 6 13 0 4 
0 9 0 0 0 0 5 12 0 0 0 6 13 12 8 6 0 4 0 1 6 0 0 13 0 0 0 0 11 12 
8 3 0 0 0 0 10 0 0 2 2 0 7 0 8 0 0 0 1 0 6 0 0 0 3 0 0 0 0 0 
0 0 0 0 0 0 0 4 0 0 7 11 0 14 2 0 6 0 0 0 0 0 0 0 2 5 0 3 0 0 
0 0 10 1 3 0 12 0 12 10 0 7 10 3 0 0 0 0 11 0 14 13 0 6 0 2 0 2 0 0 
0 9 0 0 2 0 0 0 7 0 0 0 0 0 0 0 14 0 8 2 4 0 4 2 0 0 11 0 10 0 
9 0 0 0 6 0 0 0 0 0 15 7 16 0 0 3 2 0 7 9 0 11 0 0 15 3 0 3 0 1 
0 0 0 0 0 0 8 12 0 5 0 0 0 6 0 0 0 0 0 12 12 0 0 0 7 0 0 0 0 0 
13 0 0 2 0 0 5 0 0 0 6 0 0 0 8 6 2 9 0 0 0 0 0 0 0 0 0 0 0 0 
0 10 0 7 6 0 0 0 0 0 0 0 0 8 0 0 0 0 0 0 3 12 0 14 0 13 9 3 0 0 
