30

0 1 1 0 0 1 0 1 0 0 0 0 0 1 1 1 0 1 0 1 0 0 0 1 1 0 1 1 0 1 
1 0 0 0 0 1 1 1 1 0 0 0 1 0 0 1 0 1 1 1 0 1 1 0 0 1 1 0 1 0 
1 0 0 0 1 0 1 0 1 0 0 1 0 0 0 0 1 1 0 1 0 0 0 1 1 1 0 0 1 0 
0 0 0 0 1 1 0 1 1 1 0 1 0 1 0 1 0 0 1 0 1 0 1 0 1 1 1 0 0 1 
0 0 1 1 0 1 1 1 0 1 0 1 1 0 1 1 0 1 0 1 0 1 1 1 1 0 1 0 1 0 
1 1 0 1 1 0 1 1 0 0 1 0 1 0 0 1 1 1 1 1 0 0 1 0 1 1 0 0 0 0 
0 1 1 0 1 1 0 0 0 0 1 0 1 1 0 0 0 0 0 1 0 1 0 0 0 0 0 0 1 0 
1 1 0 1 1 1 0 0 0 1 0 1 1 0 1 1 0 1 0 0 1 1 1 1 0 0 1 0 1 1 
0 1 1 1 0 0 0 0 0 0 0 0 1 1 0 1 0 0 1 1 1 0 1 1 0 1 0 1 0 0 
0 0 0 1 1 0 0 1 0 0 1 1 0 1 1 1 1 0 0 1 0 0 1 0 0 1 1 0 1 0 
0 0 0 0 0 1 1 0 0 1 0 1 1 0 1 0 0 0 1 1 0 1 0 0 0 0 1 1 1 1 
0 0 1 1 1 0 0 1 0 1 1 0 0 1 0 1 1 1 1 1 1 0 0 1 0 1 1 0 1 0 
0 1 0 0 1 1 1 1 1 0 1 0 0 0 0 1 0 1 1 0 1 0 0 1 0 0 1 1 1 0 
1 0 0 1 0 0 1 0 1 1 0 1 0 0 0 0 1 1 1 0 1 1 1 1 1 0 1 1 1 1 
1 0 0 0 1 0 0 1 0 1 1 0 0 0 0 1 0 1 1 0 0 0 1 1 0 0 1 1 1 1 
1 1 0 1 1 1 0 1 1 1 0 1 1 0 1 0 1 1 1 0 1 1 1 0 0 0 0 0 1 1 
0 0 1 0 0 1 0 0 0 1 0 1 0 1 0 1 0 1 0 1 1 1 0 1 1 1 1 0 1 0 
1 1 1 0 1 1 0 1 0 0 0 1 1 1 1 1 1 0 0 1 0 0 0 0 0 1 0 0 1 0 
0 1 0 1 0 1 0 0 1 0 1 1 1 1 1 1 0 0 0 1 1 1 1 0 1 1 1 1 0 1 
1 1 1 0 1 1 1 0 1 1 1 1 0 0 0 0 1 1 1 0 0 1 0 0 1 1 0 0 1 1 
0 0 0 1 0 0 0 1 1 0 0 1 1 1 0 1 1 0 1 0 0 0 0 1 1 1 1 0 0 1 
0 1 0 0 1 0 1 1 0 0 1 0 0 1 0 1 1 0 1 1 0 0 0 1 1 0 0 1 1 0 
0 1 0 1 1 1 0 1 1 1 0 0 0 1 1 1 0 0 1 0 0 0 0 1 1 0 0 1 1 0 
1 0 1 0 1 0 0 1 1 0 0 1 1 1 1 0 1 0 0 0 1 1 1 0 0 1 1 0 0 0 
1 0 1 1 1 1 0 0 0 0 0 0 0 1 0 0 1 0 1 1 1 1 1 0 0 1 0 0 1 0 
0 1 1 1 0 1 0 0 1 1 0 1 0 0 0 0 1 1 1 1 1 0 0 1 1 0 1 1 1 1 
1 1 0 1 1 0 0 1 0 1 1 1 1 1 1 0 1 0 1 0 1 0 0 1 0 1 0 1 1 1 
1 0 0 0 0 0 0 0 1 0 1 0 1 1 1 0 0 0 1 0 0 1 1 0 0 1 1 0 1 1 
0 1 1 0 1 0 1 1 0 1 1 1 1 1 1 1 1 1 0 1 0 1 1 0 1 1 1 1 0 0 
1 0 0 1 0 0 0 1 0 0 1 0 0 1 1 1 0 0 1 1 1 0 0 0 0 1 1 1 0 0 

0 0 0 1 0 0 0 0 21 0 0 0 0 0 15 0 0 0 23 17 0 0 0 0 0 0 0 0 19 0 
18 0 0 0 10 0 0 0 0 0 0 8 0 0 0 0 2 29 23 0 0 24 0 7 0 0 0 6 0 0 
0 0 0 0 0 6 0 0 0 0 0 0 0 0 0 1 4 0 0 0 0 0 23 0 0 0 0 0 28 22 
0 4 0 0 0 0 0 0 0 4 0 0 0 0 0 0 0 0 7 0 0 8 6 0 0 0 0 12 16 0 
11 0 20 0 0 0 0 0 0 0 28 5 18 0 2 0 0 4 0 0 5 0 0 0 13 0 24 10 0 0 
27 0 0 0 0 0 0 0 0 0 0 9 0 0 0 0 22 0 9 0 0 0 0 0 0 0 0 0 0 0 
18 0 0 0 0 0 0 0 0 24 30 0 2 0 0 0 0 0 0 22 0 0 0 0 17 0 0 0 0 15 
0 0 4 0 0 0 0 0 0 7 0 0 0 0 22 0 0 0 24 0 0 0 0 0 0 1 0 0 0 16 
0 0 20 0 0 0 0 0 0 0 0 30 0 0 0 18 0 0 0 11 0 0 0 0 0 10 0 16 0 0 
3 0 0 0 0 0 0 0 0 0 0 0 0 0 0 0 1 0 0 0 30 0 0 0 0 25 0 0 0 0 
0 0 0 0 10 0 23 0 0 0 0 0 7 0 29 0 0 0 4 0 0 0 0 0 0 11 0 0 21 0 
17 0 0 0 0 0 22 25 1 0 0 0 22 8 0 10 18 27 0 0 0 0 0 0 0 1 0 0 0 0 
0 0 0 0 0 0 0 0 0 0 0 0 0 0 0 0 0 0 0 0 0 0 0 0 0 0 0 0 0 0 
9 8 30 0 0 0 0 0 0 0 0 0 0 0 0 7 0 14 0 0 0 0 0 0 0 0 0 0 0 0 
0 0 0 20 0 0 0 0 30 0 0 0 0 0 0 22 0 0 0 16 0 0 0 0 0 0 0 0 0 0 
4 20 0 0 0 0 0 0 0 0 0 0 0 0 28 0 0 0 0 0 0 0 0 0 0 0 0 10 0 0 
8 22 0 9 0 0 0 0 8 0 0 5 0 0 0 0 0 0 9 0 16 16 7 0 0 0 0 0 0 20 
25 0 0 10 13 0 5 0 25 30 0 8 4 0 0 8 0 0 28 8 0 0 0 0 4 0 0 29 0 0 
0 0 0 0 0 0 5 0 0 7 0 11 0 0 25 0 0 0 0 0 0 0 0 0 0 0 0 0 0 0 
0 0 21 0 0 0 0 0 0 0 3 0 0 0 0 0 0 0 0 0 15 0 0 6 0 0 0 0 0 0 
0 0 0 0 0 1 0 0 0 3 0 26 0 0 0 17 0 0 1 0 0 0 0 0 2 0 0 0 0 14 
0 0 26 0 0 0 0 0 13 22 0 0 0 0 0 0 0 0 0 0 0 0 0 17 0 0 18 0 0 0 
0 0 0 0 0 0 0 0 0 0 0 0 0 0 0 0 0 0 28 0 0 0 0 0 0 0 0 0 0 0 
0 0 0 0 0 0 0 0 0 0 0 0 22 0 0 0 0 0 0 0 0 0 0 0 9 0 0 0 0 0 
16 0 0 0 0 0 0 0 0 0 0 29 0 0 0 18 0 0 0 21 0 0 0 0 0 0 0 0 0 0 
0 0 0 0 0 0 12 0 0 0 0 0 0 0 0 0 0 0 0 0 0 0 0 0 1 0 0 0 0 23 
0 5 0 0 5 0 7 0 1 28 22 25 0 0 0 0 0 15 0 1 24 0 0 0 0 0 0 0 0 0 
0 0 0 8 28 0 0 0 1 0 0 0 0 0 0 0 0 0 0 0 0 0 16 14 0 0 0 0 0 0 
0 20 27 0 0 0 0 0 30 0 0 0 16 0 0 0 0 14 0 0 0 0 0 0 0 0 0 0 0 4 
0 20 0 0 0 0 0 13 0 28 0 25 0 0 0 13 0 5 0 0 0 0 16 0 0 19 0 0 0 0 
