30

0 1 1 1 1 1 1 0 0 0 0 0 1 1 1 1 1 1 1 1 1 1 1 1 1 1 1 1 1 1 
1 0 1 0 1 1 0 1 0 1 1 0 1 1 1 1 1 1 0 0 1 0 1 1 1 0 1 0 1 1 
1 1 0 1 1 1 1 1 1 1 1 0 1 0 1 1 1 1 0 1 1 0 1 1 1 1 1 1 1 1 
1 0 1 0 0 1 1 1 1 1 1 0 1 1 1 1 1 0 1 1 1 1 1 1 1 0 0 0 1 1 
1 1 1 0 0 1 1 1 1 1 0 1 0 1 1 1 1 1 1 1 1 1 1 1 1 1 1 1 0 1 
1 1 1 1 1 0 1 1 1 0 1 1 1 1 1 1 1 1 0 1 1 0 1 1 1 1 1 0 0 1 
1 0 1 1 1 1 0 1 1 1 1 1 1 1 1 1 1 1 0 1 0 1 0 0 1 0 1 1 1 1 
0 1 1 1 1 1 1 0 0 0 1 1 1 0 1 1 1 1 1 0 0 1 1 1 1 0 1 1 1 1 
0 0 1 1 1 1 1 0 0 1 1 1 1 1 1 0 1 1 1 1 1 1 0 0 1 0 1 1 1 1 
0 1 1 1 1 0 1 0 1 0 1 0 1 0 1 1 0 0 1 1 0 1 1 1 1 1 1 1 1 1 
0 1 1 1 0 1 1 1 1 1 0 1 1 1 1 1 1 0 1 0 1 1 0 1 1 1 0 0 0 1 
0 0 0 0 1 1 1 1 1 0 1 0 1 1 1 1 1 1 1 1 1 0 1 1 0 1 1 0 0 1 
1 1 1 1 0 1 1 1 1 1 1 1 0 1 1 1 1 1 1 1 0 1 0 0 0 1 1 1 1 1 
1 1 0 1 1 1 1 0 1 0 1 1 1 0 0 0 1 1 1 0 1 1 0 1 1 1 0 1 1 0 
1 1 1 1 1 1 1 1 1 1 1 1 1 0 0 1 0 1 0 1 1 0 1 1 1 1 1 0 1 1 
1 1 1 1 1 1 1 1 0 1 1 1 1 0 1 0 0 1 1 0 1 1 1 1 1 1 1 1 1 1 
1 1 1 1 1 1 1 1 1 0 1 1 1 1 0 0 0 1 1 1 1 1 1 1 1 1 1 0 1 1 
1 1 1 0 1 1 1 1 1 0 0 1 1 1 1 1 1 0 1 1 1 1 1 1 1 1 1 0 1 1 
1 0 0 1 1 0 0 1 1 1 1 1 1 1 0 1 1 1 0 1 1 1 0 1 1 1 1 1 1 0 
1 0 1 1 1 1 1 0 1 1 0 1 1 0 1 0 1 1 1 0 1 1 0 1 1 1 1 1 0 1 
1 1 1 1 1 1 0 0 1 0 1 1 0 1 1 1 1 1 1 1 0 1 1 0 1 1 0 1 1 0 
1 0 0 1 1 0 1 1 1 1 1 0 1 1 0 1 1 1 1 1 1 0 1 0 1 1 1 1 1 1 
1 1 1 1 1 1 0 1 0 1 0 1 0 0 1 1 1 1 0 0 1 1 0 1 1 1 1 1 1 1 
1 1 1 1 1 1 0 1 0 1 1 1 0 1 1 1 1 1 1 1 0 0 1 0 1 1 1 1 1 1 
1 1 1 1 1 1 1 1 1 1 1 0 0 1 1 1 1 1 1 1 1 1 1 1 0 0 0 0 1 0 
1 0 1 0 1 1 0 0 0 1 1 1 1 1 1 1 1 1 1 1 1 1 1 1 0 0 1 0 0 1 
1 1 1 0 1 1 1 1 1 1 0 1 1 0 1 1 1 1 1 1 0 1 1 1 0 1 0 1 1 1 
1 0 1 0 1 0 1 1 1 1 0 0 1 1 0 1 0 0 1 1 1 1 1 1 0 0 1 0 1 1 
1 1 1 1 0 0 1 1 1 1 0 0 1 1 1 1 1 1 1 0 1 1 1 1 1 0 1 1 0 0 
1 1 1 1 1 1 1 1 1 1 1 1 1 0 1 1 1 1 0 1 0 1 1 1 0 1 1 1 0 0 

0 33 33 0 0 13 0 0 0 34 0 25 0 28 0 0 1 0 0 0 0 0 0 0 0 0 2 0 0 0 
16 0 0 0 0 0 0 23 32 0 0 0 0 18 0 30 0 0 0 0 22 0 0 0 0 0 6 0 0 0 
0 0 0 0 30 0 27 0 0 0 0 0 0 11 0 0 0 0 0 0 0 0 21 0 0 0 22 0 0 0 
0 0 11 0 0 0 0 0 0 0 0 0 23 0 0 0 0 20 0 0 18 0 0 0 0 0 0 16 0 0 
0 0 0 0 0 0 0 0 0 0 0 0 23 0 0 0 0 0 0 0 0 0 0 0 0 0 0 0 0 0 
0 0 9 0 0 0 0 0 0 0 0 28 0 0 0 0 0 0 0 0 0 0 0 0 0 0 0 0 0 0 
16 0 0 0 0 0 0 0 0 0 0 0 0 0 10 0 0 0 0 0 0 0 0 0 33 16 0 0 10 15 
0 0 0 0 0 0 0 0 0 0 0 27 5 0 0 0 11 28 0 21 0 0 0 31 0 0 0 31 0 0 
0 11 0 0 0 0 0 0 0 27 0 0 0 29 0 0 8 0 0 0 25 10 0 36 5 0 0 0 0 0 
0 31 2 2 0 0 0 0 0 0 0 0 0 0 0 14 0 0 0 0 0 5 0 0 0 0 0 0 0 0 
6 0 0 0 0 25 0 0 0 24 0 21 25 0 0 0 0 0 0 0 0 0 12 0 0 0 0 0 0 0 
0 0 0 0 0 0 7 28 0 0 27 0 0 0 0 0 0 30 0 0 0 24 0 0 10 0 0 0 0 0 
33 0 0 0 0 0 0 0 0 0 0 0 0 0 0 3 0 0 0 32 0 0 0 0 0 0 0 0 0 0 
0 0 18 0 0 0 0 0 0 26 0 0 0 0 0 0 0 0 9 0 0 0 0 0 0 0 5 0 24 0 
0 0 0 0 0 0 0 0 0 0 0 0 0 0 0 0 0 0 5 0 0 7 0 0 0 29 0 1 0 0 
0 0 10 0 0 0 0 0 0 0 23 0 0 0 0 0 0 0 24 0 20 0 0 0 0 0 0 18 0 0 
0 0 0 0 0 0 11 0 14 0 0 0 0 0 0 0 0 0 0 0 0 0 0 0 0 0 33 20 13 0 
0 0 0 0 5 0 0 0 0 0 0 31 6 0 0 19 14 0 0 0 0 28 0 0 0 22 28 0 0 0 
0 0 0 0 0 0 0 12 9 0 27 0 0 0 0 0 0 0 0 0 0 0 0 0 0 0 0 0 0 14 
0 17 0 0 0 0 0 0 0 0 0 0 0 0 0 0 0 3 15 0 0 1 0 0 6 0 1 0 26 0 
0 0 0 30 0 0 13 5 14 0 0 0 0 0 0 0 0 14 20 0 0 0 0 0 0 0 0 0 7 0 
0 1 0 0 0 0 0 18 0 15 20 0 0 0 0 16 0 0 0 0 0 0 0 0 18 0 0 0 0 0 
0 0 0 0 32 0 22 0 0 0 0 0 0 0 0 0 0 0 0 0 16 0 0 0 0 0 0 0 0 0 
0 0 0 0 0 0 0 0 0 0 17 0 0 0 0 23 0 0 0 0 0 0 0 0 0 0 0 0 0 0 
0 0 4 24 0 11 0 0 0 0 0 0 0 0 28 0 0 0 0 0 0 0 0 0 0 0 0 0 0 0 
33 0 3 0 27 0 0 0 0 0 0 0 0 0 0 0 0 0 0 0 0 0 7 0 4 0 0 0 0 0 
0 22 0 0 0 0 0 0 0 0 0 0 0 0 0 0 0 0 0 0 0 0 0 0 0 0 0 0 0 0 
0 0 25 0 0 0 0 0 0 0 0 31 0 0 0 0 0 7 3 0 0 0 0 0 0 0 0 0 0 0 
0 32 0 0 0 0 0 0 0 0 0 0 0 0 30 0 0 0 0 0 3 0 17 0 3 0 0 12 0 0 
0 0 0 0 0 0 0 0 17 0 0 0 23 0 0 0 0 0 8 0 0 0 0 0 0 0 0 0 0 0 
