30

0 1 0 1 1 0 1 0 0 1 1 0 1 0 0 1 1 1 1 1 0 1 1 1 1 1 0 1 1 0 
1 0 1 1 1 1 1 0 1 0 0 1 1 1 0 1 1 1 0 0 1 1 1 1 1 0 1 1 0 1 
0 1 0 1 1 1 1 0 1 0 1 1 1 0 1 1 1 1 1 0 0 0 1 1 1 1 1 0 1 0 
1 1 1 0 1 1 1 1 1 1 1 0 0 0 1 0 0 1 1 0 1 1 0 1 1 1 1 1 1 1 
1 1 1 1 0 1 0 1 1 1 1 1 1 1 1 0 1 0 0 1 1 1 1 1 0 1 1 1 1 1 
0 1 1 1 1 0 0 1 0 1 1 1 1 1 1 1 1 1 1 1 0 0 1 1 1 1 1 0 1 1 
1 1 1 1 0 0 0 1 0 1 1 0 1 1 1 0 1 1 1 1 0 0 0 0 1 1 0 0 0 1 
0 0 0 1 1 1 1 0 1 0 1 1 1 0 0 0 1 1 1 1 0 1 1 1 1 1 1 1 1 0 
0 1 1 1 1 0 0 1 0 0 1 1 1 0 0 0 1 1 0 1 0 1 0 0 1 0 1 1 1 1 
1 0 0 1 1 1 1 0 0 0 1 1 1 1 1 1 0 0 0 1 0 1 0 1 1 0 1 1 0 1 
1 0 1 1 1 1 1 1 1 1 0 1 1 0 1 1 0 1 1 1 1 1 1 0 1 0 1 0 1 1 
0 1 1 0 1 1 0 1 1 1 1 0 1 1 1 1 1 0 1 0 1 1 0 1 0 0 1 1 1 1 
1 1 1 0 1 1 1 1 1 1 1 1 0 0 1 1 0 0 1 1 1 1 0 1 1 1 1 0 1 1 
0 1 0 0 1 1 1 0 0 1 0 1 0 0 0 1 0 1 0 1 1 1 0 1 1 1 1 1 1 1 
0 0 1 1 1 1 1 0 0 1 1 1 1 0 0 1 0 1 0 1 0 1 1 1 0 0 0 0 0 1 
1 1 1 0 0 1 0 0 0 1 1 1 1 1 1 0 0 1 0 1 1 1 1 1 0 1 1 1 1 1 
1 1 1 0 1 1 1 1 1 0 0 1 0 0 0 0 0 0 0 1 1 0 0 1 0 1 1 0 1 1 
1 1 1 1 0 1 1 1 1 0 1 0 0 1 1 1 0 0 0 0 1 1 0 1 1 0 1 1 0 0 
1 0 1 1 0 1 1 1 0 0 1 1 1 0 0 0 0 0 0 0 0 1 1 1 0 0 1 1 1 1 
1 0 0 0 1 1 1 1 1 1 1 0 1 1 1 1 1 0 0 0 1 0 1 0 1 1 1 1 1 1 
0 1 0 1 1 0 0 0 0 0 1 1 1 1 0 1 1 1 0 1 0 0 0 1 1 0 1 0 0 1 
1 1 0 1 1 0 0 1 1 1 1 1 1 1 1 1 0 1 1 0 0 0 1 0 1 0 1 0 1 1 
1 1 1 0 1 1 0 1 0 0 1 0 0 0 1 1 0 0 1 1 0 1 0 0 1 0 1 0 1 0 
1 1 1 1 1 1 0 1 0 1 0 1 1 1 1 1 1 1 1 0 1 0 0 0 1 0 0 1 1 0 
1 1 1 1 0 1 1 1 1 1 1 0 1 1 0 0 0 1 0 1 1 1 1 1 0 1 1 1 1 0 
1 0 1 1 1 1 1 1 0 0 0 0 1 1 0 1 1 0 0 1 0 0 0 0 1 0 0 1 0 0 
0 1 1 1 1 1 0 1 1 1 1 1 1 1 0 1 1 1 1 1 1 1 1 0 1 0 0 0 1 0 
1 1 0 1 1 0 0 1 1 1 0 1 0 1 0 1 0 1 1 1 0 0 0 1 1 1 0 0 1 1 
1 0 1 1 1 1 0 1 1 0 1 1 1 1 0 1 1 0 1 1 0 1 1 1 1 0 1 1 0 1 
0 1 0 1 1 1 1 0 1 1 1 1 1 1 1 1 1 0 1 1 1 1 0 0 0 0 0 1 1 0 

0 0 0 0 0 0 6 0 0 0 0 0 0 0 6 6 0 0 0 5 0 0 0 0 0 6 0 0 0 0 
0 0 6 6 0 0 0 0 0 0 0 0 0 6 0 0 0 0 0 0 0 0 6 4 6 0 0 0 6 0 
0 0 0 0 0 0 0 5 0 6 0 0 0 0 6 0 0 0 0 0 0 6 0 4 0 0 0 0 0 0 
0 0 0 0 0 0 0 0 6 6 6 0 0 0 0 0 0 0 0 5 0 0 6 0 4 0 0 6 0 0 
0 0 0 0 0 0 0 0 0 6 0 0 0 0 0 3 0 0 0 0 0 6 0 6 0 6 0 0 0 0 
0 0 0 6 0 0 6 0 0 0 0 0 6 0 0 0 0 0 6 0 6 0 0 6 0 0 0 0 3 0 
0 0 0 0 6 0 0 0 0 0 0 0 0 0 0 0 6 0 6 0 0 6 0 0 0 6 0 0 0 6 
0 0 0 0 0 0 6 0 0 0 6 0 0 6 0 0 0 0 0 0 0 3 0 6 6 0 0 0 0 0 
0 0 0 0 0 0 0 0 0 0 0 0 0 0 0 0 6 0 0 0 0 0 0 0 0 0 4 5 0 0 
6 0 0 5 0 0 0 0 5 0 0 0 0 0 0 0 6 0 6 0 0 0 0 5 6 0 0 0 0 0 
0 0 0 0 0 0 6 0 0 0 0 0 0 0 0 6 0 0 0 5 5 0 0 0 0 6 0 5 0 0 
0 0 0 0 0 5 0 0 5 0 0 0 0 0 0 0 0 0 0 0 0 0 0 0 0 0 0 0 5 0 
0 0 0 0 0 0 6 0 0 0 0 0 0 0 0 0 0 0 0 6 0 6 0 0 6 0 0 0 0 0 
4 0 0 0 0 6 0 0 5 0 0 0 0 0 6 0 4 5 2 0 0 0 0 5 0 4 0 0 0 0 
6 0 6 0 0 0 0 0 0 0 0 0 0 0 0 0 0 0 0 6 0 6 0 2 0 0 0 0 0 0 
0 0 0 0 0 0 0 0 0 0 0 0 4 0 0 0 0 0 0 0 0 6 0 0 0 0 0 0 5 0 
0 0 0 0 0 0 0 0 0 0 0 0 0 0 6 6 0 0 0 5 0 0 6 0 0 6 0 0 0 0 
0 0 0 6 0 0 0 0 0 0 0 0 0 0 0 0 6 0 0 5 0 0 0 0 0 0 0 0 6 0 
0 0 6 0 0 0 0 0 4 0 0 0 0 0 0 0 0 0 0 0 0 0 0 6 0 0 0 0 6 0 
0 0 0 0 0 0 0 0 0 0 6 0 0 6 0 0 0 0 6 0 0 0 0 4 0 0 2 0 0 0 
0 0 0 6 0 0 2 6 0 0 0 0 0 0 0 0 0 6 0 6 0 0 0 0 0 0 0 0 0 0 
0 0 6 0 0 6 0 0 0 6 0 0 5 2 0 0 0 0 0 0 0 0 0 0 0 0 0 0 0 0 
0 0 3 6 0 0 0 0 0 0 0 6 0 3 4 6 0 0 0 6 0 0 0 0 0 0 0 0 0 6 
0 2 0 0 0 0 0 0 0 0 0 0 5 0 0 0 0 6 0 0 0 0 0 0 6 6 0 6 0 6 
0 0 0 0 0 0 0 0 0 0 0 0 0 0 4 0 0 0 0 0 0 4 0 0 0 0 0 0 5 0 
0 6 0 0 0 6 0 0 0 0 0 0 3 0 0 0 0 0 0 0 6 0 4 2 6 0 0 0 0 0 
0 0 0 0 6 0 0 0 3 0 6 0 0 0 0 0 0 0 0 6 0 0 0 0 0 3 0 0 0 6 
0 0 0 6 0 0 0 0 6 0 0 0 0 0 0 0 0 0 0 0 6 0 0 0 0 0 0 0 0 0 
0 6 0 0 0 0 0 6 6 0 0 0 4 0 0 0 0 0 0 0 0 0 0 0 0 4 0 3 0 0 
6 0 6 0 0 0 0 0 6 0 0 5 6 6 0 0 0 0 0 6 0 0 0 0 0 0 0 0 2 0 
