30

0 0 0 1 0 0 1 0 0 0 1 0 1 1 0 1 0 0 0 0 0 0 0 0 0 1 0 0 0 0 
0 0 0 0 0 0 1 0 1 0 0 1 1 0 0 0 1 0 1 0 0 0 1 0 0 0 0 1 0 0 
0 0 0 1 0 0 1 0 1 0 0 1 1 1 0 0 0 0 0 0 0 0 1 0 0 0 1 0 0 0 
1 0 1 0 0 1 0 0 0 0 0 0 0 0 1 1 0 0 0 1 0 0 0 1 1 1 0 0 0 0 
0 0 0 0 0 0 1 0 0 0 0 0 0 0 0 0 0 0 0 0 0 0 0 1 0 0 0 1 0 0 
0 0 0 1 0 0 0 0 1 0 0 0 0 1 0 0 0 0 1 0 0 0 0 0 0 0 0 0 0 0 
1 1 1 0 1 0 0 0 1 0 0 0 0 1 0 1 1 1 0 0 0 0 0 1 1 0 0 0 0 1 
0 0 0 0 0 0 0 0 0 0 0 0 1 0 0 1 1 1 0 0 1 0 0 0 0 0 0 0 0 0 
0 1 1 0 0 1 1 0 0 1 0 0 0 1 0 0 1 0 1 0 1 1 0 0 0 1 1 0 0 1 
0 0 0 0 0 0 0 0 1 0 0 0 0 1 1 0 1 0 0 0 0 1 1 0 1 0 0 0 0 1 
1 0 0 0 0 0 0 0 0 0 0 0 0 1 0 0 1 0 0 0 0 0 0 0 1 1 1 1 1 0 
0 1 1 0 0 0 0 0 0 0 0 0 0 0 0 1 1 1 0 0 0 0 0 0 0 1 1 0 1 0 
1 1 1 0 0 0 0 1 0 0 0 0 0 1 1 0 0 0 0 0 0 0 0 0 0 0 0 0 0 1 
1 0 1 0 0 1 1 0 1 1 1 0 1 0 0 0 0 0 1 1 0 0 0 1 0 1 0 1 1 1 
0 0 0 1 0 0 0 0 0 1 0 0 1 0 0 1 0 0 0 1 0 1 1 0 0 0 0 1 0 0 
1 0 0 1 0 0 1 1 0 0 0 1 0 0 1 0 0 1 0 0 1 0 0 1 0 0 0 0 0 1 
0 1 0 0 0 0 1 1 1 1 1 1 0 0 0 0 0 0 0 1 0 1 0 0 0 0 0 0 0 0 
0 0 0 0 0 0 1 1 0 0 0 1 0 0 0 1 0 0 1 1 1 1 0 1 0 1 0 0 0 0 
0 1 0 0 0 1 0 0 1 0 0 0 0 1 0 0 0 1 0 0 1 0 0 0 0 0 0 0 0 1 
0 0 0 1 0 0 0 0 0 0 0 0 0 1 1 0 1 1 0 0 0 1 1 0 0 1 1 1 1 1 
0 0 0 0 0 0 0 1 1 0 0 0 0 0 0 1 0 1 1 0 0 0 0 0 0 1 0 0 0 0 
0 0 0 0 0 0 0 0 1 1 0 0 0 0 1 0 1 1 0 1 0 0 0 0 0 1 0 0 0 1 
0 1 1 0 0 0 0 0 0 1 0 0 0 0 1 0 0 0 0 1 0 0 0 1 0 0 0 1 0 0 
0 0 0 1 1 0 1 0 0 0 0 0 0 1 0 1 0 1 0 0 0 0 1 0 1 0 1 0 0 1 
0 0 0 1 0 0 1 0 0 1 1 0 0 0 0 0 0 0 0 0 0 0 0 1 0 1 1 0 1 0 
1 0 0 1 0 0 0 0 1 0 1 1 0 1 0 0 0 1 0 1 1 1 0 0 1 0 0 0 1 0 
0 0 1 0 0 0 0 0 1 0 1 1 0 0 0 0 0 0 0 1 0 0 0 1 1 0 0 0 0 1 
0 1 0 0 1 0 0 0 0 0 1 0 0 1 1 0 0 0 0 1 0 0 1 0 0 0 0 0 0 1 
0 0 0 0 0 0 0 0 0 0 1 1 0 1 0 0 0 0 0 1 0 0 0 0 1 1 0 0 0 1 
0 0 0 0 0 0 1 0 1 1 0 0 1 1 0 1 0 0 1 1 0 1 0 1 0 0 1 1 1 0 

0 5 0 0 0 8 0 0 8 0 0 0 0 8 0 0 0 0 0 0 0 0 0 0 4 0 0 3 0 0 
0 0 0 0 0 0 3 0 0 0 0 7 0 0 2 0 2 8 0 0 0 0 0 0 0 0 0 0 0 0 
7 0 0 1 0 0 0 0 5 0 7 0 0 0 0 0 0 0 0 0 0 0 0 9 0 0 6 0 0 0 
0 0 0 0 1 0 0 0 9 0 6 0 0 0 0 8 0 0 9 0 0 0 0 0 0 0 0 0 0 7 
0 0 0 0 0 4 2 2 0 0 0 0 6 0 0 0 0 0 0 0 0 0 0 0 1 0 3 0 0 0 
0 0 0 0 0 0 0 7 0 0 0 0 2 0 0 2 0 0 0 0 0 7 0 0 0 3 0 0 0 0 
0 0 0 0 0 0 0 0 0 0 7 0 0 0 7 9 0 6 0 0 0 0 0 0 9 6 0 4 0 0 
0 0 6 4 0 6 0 0 2 0 5 0 0 0 5 3 0 0 0 2 6 0 0 0 0 0 0 0 0 4 
8 5 0 0 0 0 0 0 0 0 0 0 0 8 0 3 0 0 0 0 0 0 0 0 0 0 0 0 0 0 
0 0 3 0 0 0 0 0 3 0 0 0 2 0 5 4 0 0 4 4 0 2 0 0 3 0 0 0 9 0 
0 0 1 0 0 1 0 8 0 0 0 2 2 0 0 0 1 5 0 0 4 0 0 0 0 0 0 0 0 0 
0 7 0 0 0 0 0 0 0 9 0 0 0 7 6 0 0 0 0 4 0 0 0 0 4 0 0 0 0 1 
0 2 0 0 0 0 0 0 0 0 0 0 0 0 9 0 9 8 0 0 0 0 0 0 0 0 0 0 6 0 
0 7 1 0 0 0 0 1 0 0 0 2 0 0 0 0 5 0 0 0 0 0 0 0 2 0 0 2 8 0 
0 3 0 0 0 0 0 0 0 0 0 0 0 0 0 0 3 0 0 0 0 0 0 8 0 0 0 0 0 0 
0 0 0 0 0 0 2 0 0 0 0 0 10 0 8 0 7 0 7 0 0 4 5 2 0 0 0 0 8 0 
0 0 0 0 0 0 0 0 2 0 6 0 0 0 0 1 0 0 0 0 4 0 0 0 0 0 0 0 0 0 
0 0 7 0 7 0 0 0 0 0 4 0 0 0 0 2 0 0 5 0 0 0 0 1 5 0 0 0 0 4 
4 0 0 2 0 0 0 0 0 0 0 0 0 5 0 6 0 0 0 3 0 0 0 0 0 1 0 0 0 0 
0 0 0 0 7 0 0 0 2 0 0 0 3 0 1 0 0 3 0 0 0 0 0 0 0 0 2 0 0 0 
2 0 5 0 0 0 0 0 0 0 8 0 5 0 0 5 1 0 0 0 0 0 8 0 0 0 5 0 0 0 
2 0 0 0 0 0 0 0 3 0 0 0 0 0 0 0 0 6 0 1 0 0 2 0 0 0 0 0 1 0 
0 0 5 0 4 6 0 3 0 0 2 0 0 0 0 0 0 0 0 0 0 0 0 0 4 0 0 7 0 0 
0 0 0 0 0 5 0 0 0 0 0 0 0 0 0 0 0 0 0 0 0 8 0 0 0 0 0 0 0 0 
0 3 0 0 1 0 0 8 0 10 0 0 0 0 0 0 0 0 4 0 0 4 0 0 0 0 0 0 5 0 
0 0 0 0 0 7 0 0 0 0 0 0 4 5 0 0 0 0 0 0 8 0 0 0 10 0 0 0 0 0 
3 0 0 2 0 0 0 0 0 0 0 0 0 0 7 0 0 0 0 0 0 0 0 6 0 0 0 0 0 1 
0 0 1 0 6 0 0 0 0 0 0 0 0 0 0 0 0 2 8 0 8 0 0 0 5 0 0 0 0 0 
0 0 0 0 0 8 0 0 2 0 2 0 0 0 1 0 0 9 0 0 0 0 5 0 0 0 0 0 0 0 
0 3 0 7 0 0 0 0 0 0 1 0 3 0 0 0 2 0 0 0 0 0 0 0 0 5 0 2 0 0 
