30

0 1 1 1 1 1 1 1 1 1 1 1 1 1 1 1 0 0 1 1 1 1 1 1 1 1 1 1 0 1 
1 0 1 1 1 1 1 1 1 1 1 1 1 1 1 1 1 1 1 1 1 1 1 1 1 1 1 1 1 0 
1 1 0 1 1 1 1 1 1 1 1 1 1 1 1 1 1 1 1 0 1 1 1 1 1 1 1 1 1 1 
1 1 1 0 1 1 1 1 1 1 1 1 1 1 1 1 1 1 1 0 1 1 1 1 1 1 1 0 0 1 
1 1 1 1 0 1 1 1 1 1 1 1 1 1 1 1 1 1 1 1 1 1 1 1 1 1 1 1 1 1 
1 1 1 1 1 0 1 1 1 1 1 1 1 0 1 1 1 1 1 1 0 1 1 1 1 1 1 1 0 1 
1 1 1 1 1 1 0 1 1 1 1 0 1 1 1 1 1 1 1 1 1 0 1 0 1 1 1 1 1 1 
1 1 1 1 1 1 1 0 1 1 0 1 1 1 1 1 0 1 1 1 0 1 1 1 1 1 1 1 1 1 
1 1 1 1 1 1 1 1 0 1 1 0 1 1 1 1 1 1 1 1 1 1 1 1 1 1 1 0 1 1 
1 1 1 1 1 1 1 1 1 0 1 1 1 0 1 1 1 1 0 1 1 1 1 1 0 1 1 1 1 1 
1 1 1 1 1 1 1 0 1 1 0 1 1 0 1 1 1 1 1 1 1 1 1 1 1 1 1 1 1 1 
1 1 1 1 1 1 0 1 0 1 1 0 1 1 1 1 1 1 1 1 1 1 1 1 0 1 1 1 1 1 
1 1 1 1 1 1 1 1 1 1 1 1 0 1 1 1 1 1 1 1 0 1 1 0 1 1 1 1 1 1 
1 1 1 1 1 0 1 1 1 0 0 1 1 0 1 1 1 1 1 1 1 1 1 1 1 1 1 1 1 1 
1 1 1 1 1 1 1 1 1 1 1 1 1 1 0 0 1 1 1 1 1 1 1 1 1 1 1 1 1 1 
1 1 1 1 1 1 1 1 1 1 1 1 1 1 0 0 1 1 1 1 1 1 1 1 1 1 1 1 1 1 
0 1 1 1 1 1 1 0 1 1 1 1 1 1 1 1 0 1 1 1 1 1 1 0 1 0 0 1 1 1 
0 1 1 1 1 1 1 1 1 1 1 1 1 1 1 1 1 0 1 1 1 1 1 1 1 1 1 0 1 1 
1 1 1 1 1 1 1 1 1 0 1 1 1 1 1 1 1 1 0 1 1 1 1 1 1 1 1 1 1 1 
1 1 0 0 1 1 1 1 1 1 1 1 1 1 1 1 1 1 1 0 1 1 1 1 1 1 1 1 1 1 
1 1 1 1 1 0 1 0 1 1 1 1 0 1 1 1 1 1 1 1 0 1 1 1 1 1 1 1 1 1 
1 1 1 1 1 1 0 1 1 1 1 1 1 1 1 1 1 1 1 1 1 0 1 1 0 1 1 1 0 1 
1 1 1 1 1 1 1 1 1 1 1 1 1 1 1 1 1 1 1 1 1 1 0 0 1 1 1 0 1 1 
1 1 1 1 1 1 0 1 1 1 1 1 0 1 1 1 0 1 1 1 1 1 0 0 1 1 1 1 1 1 
1 1 1 1 1 1 1 1 1 0 1 0 1 1 1 1 1 1 1 1 1 0 1 1 0 1 0 1 0 1 
1 1 1 1 1 1 1 1 1 1 1 1 1 1 1 1 0 1 1 1 1 1 1 1 1 0 0 1 1 1 
1 1 1 1 1 1 1 1 1 1 1 1 1 1 1 1 0 1 1 1 1 1 1 1 0 0 0 1 1 1 
1 1 1 0 1 1 1 1 0 1 1 1 1 1 1 1 1 0 1 1 1 1 0 1 1 1 1 0 1 0 
0 1 1 0 1 0 1 1 1 1 1 1 1 1 1 1 1 1 1 1 1 0 1 1 0 1 1 1 0 1 
1 0 1 1 1 1 1 1 1 1 1 1 1 1 1 1 1 1 1 1 1 1 1 1 1 1 1 0 1 0 

0 12 0 0 0 12 0 13 11 2 13 0 0 2 0 0 0 0 11 0 0 1 0 0 0 0 3 12 15 4 
1 0 0 8 3 11 16 0 0 9 0 0 0 0 5 0 0 14 6 15 0 1 0 0 0 1 0 0 16 0 
0 5 0 0 0 0 0 0 4 0 0 0 5 11 0 14 16 0 0 0 0 0 0 0 4 0 0 10 0 0 
6 0 0 0 7 11 0 0 13 0 0 10 0 15 15 0 9 0 0 0 0 0 0 0 0 0 0 5 0 11 
0 0 0 0 0 0 0 6 7 3 4 0 0 0 0 0 10 0 0 0 0 6 0 6 11 8 0 0 8 0 
0 0 0 0 0 0 2 0 0 0 11 0 13 0 0 0 0 0 0 0 13 0 15 3 0 11 0 6 0 10 
0 0 4 0 0 0 0 2 13 0 0 0 0 0 10 0 0 12 12 0 7 0 0 7 0 1 11 0 0 0 
15 2 0 0 16 0 0 0 13 0 0 0 4 8 1 0 0 6 2 4 11 0 0 0 0 14 4 0 5 10 
0 0 12 0 0 0 0 0 0 5 0 4 0 0 0 0 0 0 8 0 4 0 15 1 9 0 10 0 4 0 
13 0 0 13 0 0 0 0 0 0 10 0 9 12 9 5 0 0 0 0 0 0 0 0 0 17 0 0 0 0 
0 12 0 0 0 0 0 0 4 15 0 1 14 0 1 3 11 0 0 0 13 0 1 7 0 0 0 0 10 1 
0 0 15 0 5 8 7 0 0 14 0 0 11 0 0 11 0 0 0 6 15 0 0 0 14 0 6 6 11 10 
0 0 0 0 0 0 0 0 0 0 6 0 0 10 3 4 0 0 0 0 0 0 0 0 0 0 8 0 0 0 
0 0 4 0 0 0 1 1 0 0 0 14 0 0 15 0 0 0 0 8 12 14 0 0 9 0 0 5 15 0 
0 0 1 0 10 0 0 0 9 13 0 1 2 0 0 0 9 0 0 0 0 9 0 0 3 0 0 1 0 0 
11 0 8 0 0 0 12 0 0 0 0 7 0 0 0 0 0 14 12 0 0 0 0 0 0 6 1 0 4 0 
0 2 12 12 2 0 0 1 0 0 0 2 0 4 4 0 0 0 0 0 0 0 10 5 0 6 0 14 16 3 
0 0 0 13 0 0 2 0 0 8 7 0 0 16 0 0 0 0 3 2 6 0 0 0 0 6 0 10 0 0 
11 0 0 11 0 8 0 0 0 5 0 18 0 0 0 11 0 1 0 0 0 0 11 2 8 0 6 0 0 0 
0 4 0 0 4 0 12 0 0 14 0 0 0 0 0 0 9 0 0 0 0 0 3 0 0 0 0 9 0 3 
2 0 11 0 0 0 1 7 0 13 0 0 4 1 11 13 0 0 0 5 0 0 13 12 16 5 0 0 0 10 
0 0 0 7 0 0 0 0 0 0 0 0 10 0 0 0 3 0 15 10 0 0 1 0 10 4 6 0 0 12 
7 0 10 0 15 0 0 7 5 0 0 8 0 0 0 0 0 0 0 0 0 0 0 0 0 0 0 13 11 0 
0 15 14 0 0 0 12 0 0 0 12 11 0 1 0 0 0 0 0 3 0 0 0 0 0 0 0 0 0 0 
4 0 17 0 10 0 9 0 0 0 0 0 15 2 0 0 8 0 7 6 10 0 0 0 0 0 0 0 5 0 
0 0 14 0 0 1 5 0 13 0 9 11 0 8 0 12 9 0 4 6 0 3 11 0 6 0 7 0 0 2 
0 0 7 16 0 7 10 0 0 0 0 0 0 0 11 2 0 0 7 0 4 0 0 10 1 1 0 0 3 9 
6 0 15 0 2 0 0 0 0 0 0 8 3 0 7 7 13 11 0 0 0 0 0 0 0 0 1 0 0 0 
8 0 5 0 0 15 4 15 14 0 7 0 0 0 0 0 0 0 0 0 0 0 12 2 5 0 12 12 0 14 
0 0 0 1 4 0 0 15 0 9 0 0 4 0 1 3 1 0 7 0 0 14 0 0 0 0 0 0 0 0 
