30

0 1 1 1 1 1 1 1 1 1 0 0 1 1 1 0 0 1 1 1 1 0 1 1 1 1 1 0 1 1 
1 0 0 1 1 1 0 1 0 1 1 1 1 1 1 1 1 1 1 1 1 1 1 1 1 1 1 1 0 1 
1 0 0 1 1 0 1 1 1 0 1 1 1 1 1 1 1 1 1 1 1 1 1 1 1 1 1 1 1 1 
1 1 1 0 0 1 1 1 1 0 1 1 0 1 1 1 0 1 1 1 1 1 1 0 1 1 1 0 1 1 
1 1 1 0 0 1 1 1 1 0 1 1 1 0 1 1 1 0 1 1 1 1 1 0 1 1 1 1 1 0 
1 1 0 1 1 0 1 1 1 1 1 1 1 1 1 1 1 1 1 1 1 1 0 1 1 1 1 1 0 1 
1 0 1 1 1 1 0 0 1 1 1 1 1 1 1 0 1 0 1 1 1 1 1 1 1 1 1 1 0 0 
1 1 1 1 1 1 0 0 1 0 1 0 1 1 1 1 1 0 1 1 1 1 1 1 1 1 0 1 1 0 
1 0 1 1 1 1 1 1 0 0 1 1 1 0 1 1 1 1 1 1 1 1 1 0 1 0 1 1 1 1 
1 1 0 0 0 1 1 0 0 0 1 1 1 1 1 1 1 1 0 1 1 0 1 0 1 1 1 1 1 1 
0 1 1 1 1 1 1 1 1 1 0 1 0 0 1 1 1 1 0 0 1 1 1 0 1 1 1 1 1 0 
0 1 1 1 1 1 1 0 1 1 1 0 1 1 1 1 1 1 0 1 1 1 1 1 1 1 1 1 1 1 
1 1 1 0 1 1 1 1 1 1 0 1 0 1 1 1 0 1 1 1 1 1 1 1 1 1 0 0 1 1 
1 1 1 1 0 1 1 1 0 1 0 1 1 0 1 1 0 0 1 1 1 1 1 1 1 1 1 1 1 0 
1 1 1 1 1 1 1 1 1 1 1 1 1 1 0 1 1 1 1 1 1 0 1 0 1 0 1 0 1 0 
0 1 1 1 1 1 0 1 1 1 1 1 1 1 1 0 1 0 0 0 0 1 1 1 1 0 1 1 1 1 
0 1 1 0 1 1 1 1 1 1 1 1 0 0 1 1 0 1 1 1 1 1 1 0 1 1 1 1 1 1 
1 1 1 1 0 1 0 0 1 1 1 1 1 0 1 0 1 0 0 1 1 1 1 1 1 0 0 0 1 1 
1 1 1 1 1 1 1 1 1 0 0 0 1 1 1 0 1 0 0 1 1 1 1 1 0 1 1 1 1 1 
1 1 1 1 1 1 1 1 1 1 0 1 1 1 1 0 1 1 1 0 0 1 0 1 1 1 1 1 1 1 
1 1 1 1 1 1 1 1 1 1 1 1 1 1 1 0 1 1 1 0 0 1 1 1 1 1 1 1 1 0 
0 1 1 1 1 1 1 1 1 0 1 1 1 1 0 1 1 1 1 1 1 0 1 1 1 0 1 0 1 0 
1 1 1 1 1 0 1 1 1 1 1 1 1 1 1 1 1 1 1 0 1 1 0 0 1 0 1 1 0 1 
1 1 1 0 0 1 1 1 0 0 0 1 1 1 0 1 0 1 1 1 1 1 0 0 1 0 1 1 1 1 
1 1 1 1 1 1 1 1 1 1 1 1 1 1 1 1 1 1 0 1 1 1 1 1 0 1 0 1 1 1 
1 1 1 1 1 1 1 1 0 1 1 1 1 1 0 0 1 0 1 1 1 0 0 0 1 0 1 0 1 1 
1 1 1 1 1 1 1 0 1 1 1 1 0 1 1 1 1 0 1 1 1 1 1 1 0 1 0 1 1 1 
0 1 1 0 1 1 1 1 1 1 1 1 0 1 0 1 1 0 1 1 1 0 1 1 1 0 1 0 1 1 
1 0 1 1 1 0 0 1 1 1 1 1 1 1 1 1 1 1 1 1 1 1 0 1 1 1 1 1 0 1 
1 1 1 1 0 1 0 0 1 1 0 1 1 0 0 1 1 1 1 1 0 0 1 1 1 1 1 1 1 0 

0 0 0 0 0 0 4 0 0 0 10 3 0 0 0 0 0 0 1 0 0 16 7 0 0 11 0 0 3 9 
0 0 0 0 0 0 0 0 0 8 0 0 1 1 4 16 0 13 0 0 0 3 0 0 0 0 6 14 0 0 
0 11 0 3 0 0 0 0 9 10 10 0 3 15 1 2 9 7 0 0 0 0 1 4 0 0 15 0 10 9 
15 0 4 0 0 13 2 15 0 0 0 0 0 0 0 2 10 0 0 0 3 0 0 14 0 0 0 0 3 0 
0 3 10 6 0 0 0 4 1 0 0 0 16 0 0 11 0 0 17 0 6 0 0 0 2 0 8 3 15 0 
0 0 0 0 0 0 0 7 0 0 0 0 0 0 2 0 0 0 15 0 4 0 0 0 1 15 3 4 12 17 
0 12 0 2 0 0 0 10 0 0 14 8 0 0 11 0 0 12 0 11 0 0 0 14 13 11 0 0 0 2 
0 3 14 0 0 0 0 0 0 0 14 0 5 0 0 0 2 0 1 0 0 0 12 4 3 0 16 0 4 0 
0 0 13 0 0 0 0 0 0 8 12 0 5 3 0 0 3 0 0 0 0 0 16 0 0 0 4 7 6 5 
11 0 2 0 0 1 0 0 9 0 11 14 0 8 0 2 0 0 0 0 0 0 0 0 0 2 0 0 0 0 
0 0 0 15 13 0 0 0 0 4 0 4 0 0 0 0 11 0 5 16 0 0 0 0 15 7 0 0 0 0 
0 10 12 0 0 0 13 0 0 0 2 0 0 13 0 0 0 0 8 0 0 0 0 0 0 4 0 7 0 0 
0 0 0 0 10 0 0 0 0 0 1 0 0 4 0 4 0 0 6 0 0 5 0 0 1 0 6 0 11 12 
0 0 0 0 0 0 0 0 6 0 0 0 0 0 1 0 9 7 0 0 0 0 0 0 0 0 0 8 0 0 
0 11 3 0 0 8 12 16 10 0 0 0 0 0 0 0 0 1 0 0 13 0 0 3 0 0 0 2 1 0 
0 0 0 9 1 0 0 10 0 0 0 0 0 12 10 0 1 11 5 0 0 6 6 0 6 0 0 0 0 13 
0 3 3 0 0 0 0 7 0 0 13 0 0 0 0 0 0 0 1 15 0 0 13 0 11 0 1 0 4 0 
14 0 0 0 0 0 4 13 9 0 0 3 0 10 0 0 0 0 0 0 1 1 6 0 0 0 0 0 2 14 
8 1 0 5 0 0 14 0 0 0 0 4 0 15 0 0 3 0 0 9 0 0 12 0 0 7 0 0 12 3 
0 0 8 5 10 0 0 0 0 10 13 0 5 0 4 7 3 11 7 0 0 0 0 0 0 0 13 0 0 0 
5 0 0 9 0 1 0 0 0 0 0 11 12 0 0 3 0 6 1 0 0 0 12 0 12 11 0 5 11 1 
10 0 0 0 0 0 0 0 0 0 0 0 7 0 0 10 0 12 14 0 0 0 15 0 0 0 13 0 8 0 
13 10 9 0 7 10 0 0 7 7 0 0 0 0 14 9 8 0 0 13 0 7 0 8 0 14 0 0 0 0 
0 9 0 0 3 0 9 6 7 0 15 0 0 13 0 0 2 0 0 1 14 16 3 0 0 0 0 0 14 6 
0 5 14 0 6 6 0 0 0 8 7 12 1 2 0 0 0 0 0 0 0 0 11 0 0 12 0 5 3 1 
12 0 7 0 0 8 0 0 0 0 4 5 11 0 3 0 0 0 0 0 0 9 0 14 0 0 0 4 0 2 
0 0 0 0 0 5 1 0 10 2 0 3 15 3 13 0 0 0 0 0 0 14 11 4 0 0 0 14 15 0 
0 0 0 8 0 0 2 15 12 0 7 0 0 0 0 0 4 4 3 0 0 13 0 0 0 0 14 0 14 12 
3 12 0 5 14 0 0 0 0 0 0 11 3 3 0 0 0 12 0 0 0 15 8 0 15 7 3 0 0 9 
0 3 0 0 0 0 0 0 0 2 2 0 0 0 10 0 0 0 0 0 12 0 0 0 0 9 10 0 0 0 
