30

0 1 1 1 1 1 1 1 1 1 1 1 1 1 1 1 1 1 1 1 0 1 0 1 1 1 1 1 1 1 
1 0 1 1 1 1 1 1 1 1 1 1 0 1 1 1 1 1 1 1 1 1 1 1 1 1 1 1 1 1 
1 1 0 1 1 1 1 1 1 1 1 0 1 1 1 1 1 1 0 1 1 1 1 0 1 1 1 1 1 1 
1 1 1 0 1 1 0 1 1 0 1 1 1 1 1 0 1 1 1 1 1 1 1 1 1 1 1 1 1 0 
1 1 1 1 0 1 1 1 1 1 0 1 1 1 1 1 0 1 1 1 1 1 1 0 1 1 1 1 1 1 
1 1 1 1 1 0 1 1 1 1 1 1 1 0 1 1 1 1 1 1 1 1 1 1 1 1 1 1 1 1 
1 1 1 0 1 1 0 1 1 1 1 1 1 1 1 1 1 1 1 1 1 1 1 1 1 1 1 1 1 1 
1 1 1 1 1 1 1 0 1 1 1 1 1 1 1 1 0 1 1 1 1 1 1 1 1 1 1 0 0 1 
1 1 1 1 1 1 1 1 0 1 1 1 1 1 1 1 1 1 1 1 1 1 1 1 1 1 1 1 0 1 
1 1 1 0 1 1 1 1 1 0 1 1 1 1 1 1 1 1 1 1 1 1 1 1 1 1 1 1 1 1 
1 1 1 1 0 1 1 1 1 1 0 1 1 1 1 1 1 1 1 1 1 0 1 1 0 0 1 1 1 1 
1 1 0 1 1 1 1 1 1 1 1 0 1 1 1 0 1 1 1 1 1 1 1 1 1 0 0 1 1 1 
1 0 1 1 1 1 1 1 1 1 1 1 0 1 1 0 1 1 1 1 1 1 1 1 1 1 1 1 0 1 
1 1 1 1 1 0 1 1 1 1 1 1 1 0 1 1 1 1 0 1 1 0 1 1 1 1 1 1 0 1 
1 1 1 1 1 1 1 1 1 1 1 1 1 1 0 1 1 1 1 1 1 1 1 1 1 1 1 1 1 1 
1 1 1 0 1 1 1 1 1 1 1 0 0 1 1 0 1 1 1 1 1 1 1 1 1 1 1 1 1 1 
1 1 1 1 0 1 1 0 1 1 1 1 1 1 1 1 0 1 1 1 1 1 1 1 1 1 1 1 1 1 
1 1 1 1 1 1 1 1 1 1 1 1 1 1 1 1 1 0 1 1 1 1 1 1 1 1 1 1 0 1 
1 1 0 1 1 1 1 1 1 1 1 1 1 0 1 1 1 1 0 1 1 1 0 1 1 1 1 1 1 0 
1 1 1 1 1 1 1 1 1 1 1 1 1 1 1 1 1 1 1 0 1 1 1 1 1 1 1 1 1 1 
0 1 1 1 1 1 1 1 1 1 1 1 1 1 1 1 1 1 1 1 0 1 0 0 1 1 1 1 1 1 
1 1 1 1 1 1 1 1 1 1 0 1 1 0 1 1 1 1 1 1 1 0 1 1 1 1 1 1 1 0 
0 1 1 1 1 1 1 1 1 1 1 1 1 1 1 1 1 1 0 1 0 1 0 1 1 1 1 1 0 1 
1 1 0 1 0 1 1 1 1 1 1 1 1 1 1 1 1 1 1 1 0 1 1 0 1 1 1 1 1 1 
1 1 1 1 1 1 1 1 1 1 0 1 1 1 1 1 1 1 1 1 1 1 1 1 0 1 1 1 1 1 
1 1 1 1 1 1 1 1 1 1 0 0 1 1 1 1 1 1 1 1 1 1 1 1 1 0 1 1 0 1 
1 1 1 1 1 1 1 1 1 1 1 0 1 1 1 1 1 1 1 1 1 1 1 1 1 1 0 1 1 1 
1 1 1 1 1 1 1 0 1 1 1 1 1 1 1 1 1 1 1 1 1 1 1 1 1 1 1 0 1 1 
1 1 1 1 1 1 1 0 0 1 1 1 0 0 1 1 1 0 1 1 1 1 0 1 1 0 1 1 0 1 
1 1 1 0 1 1 1 1 1 1 1 1 1 1 1 1 1 1 0 1 1 0 1 1 1 1 1 1 1 0 

0 0 0 0 0 0 0 10 0 0 0 0 0 0 0 8 0 16 0 0 0 0 8 0 12 0 0 0 0 6 
0 0 0 2 15 0 0 1 0 0 0 0 0 15 0 0 13 0 0 0 0 0 4 0 0 0 2 0 0 5 
6 10 0 0 0 7 0 0 0 0 0 0 0 0 0 0 5 0 0 0 0 9 0 0 14 0 0 4 0 0 
15 14 0 0 2 5 0 0 0 0 15 0 0 0 0 0 0 0 11 0 5 0 0 0 0 0 0 0 0 0 
0 7 0 0 0 0 0 6 0 2 0 0 0 0 0 0 18 0 0 0 1 0 0 10 0 0 0 19 0 0 
0 0 0 0 0 0 0 0 0 0 6 10 0 0 0 0 0 17 0 0 17 0 0 8 0 0 0 0 4 0 
0 0 0 0 0 0 0 0 0 11 0 0 0 0 0 0 0 0 0 0 18 19 0 0 0 0 0 0 0 0 
13 0 0 9 0 0 0 0 14 0 9 0 0 4 0 0 0 0 0 0 17 1 0 0 0 0 0 0 0 0 
4 0 13 0 0 5 0 0 0 0 0 0 0 17 0 0 0 0 0 0 0 0 0 0 0 0 0 0 0 19 
7 0 0 0 0 0 0 0 0 0 0 0 0 0 0 11 0 0 0 20 0 0 0 0 0 0 0 0 0 0 
9 0 0 0 0 0 0 0 0 0 0 0 0 13 0 0 0 0 0 0 0 17 0 0 8 14 0 0 0 0 
0 15 0 0 0 0 0 0 0 4 0 0 0 0 5 9 0 0 0 1 0 1 0 0 0 0 0 0 0 0 
7 0 2 0 2 0 0 0 0 0 10 0 0 5 4 0 0 0 0 7 6 0 0 0 0 0 17 0 0 0 
0 18 0 17 0 0 19 0 0 0 0 0 0 0 0 0 0 0 7 0 0 0 17 0 0 20 0 0 0 15 
7 0 0 0 0 0 2 0 0 0 0 0 0 0 0 0 0 0 0 18 0 0 0 0 0 0 0 7 0 10 
0 0 11 0 0 0 0 0 0 0 0 0 16 0 0 0 0 0 0 0 0 2 0 0 0 0 0 2 0 0 
0 0 0 0 0 0 2 0 10 0 0 0 9 0 0 0 0 3 0 12 0 0 6 19 0 0 0 0 0 0 
12 11 0 0 0 0 0 0 0 0 4 0 0 0 0 17 0 0 0 0 0 0 0 0 0 0 0 9 0 6 
0 0 0 0 0 2 1 0 0 0 0 7 0 0 0 0 0 0 0 0 0 0 0 0 0 0 0 0 0 0 
0 0 0 0 0 19 0 0 0 0 0 0 2 0 0 13 10 0 0 0 0 0 0 0 4 0 19 0 0 0 
18 0 0 0 0 4 1 0 0 19 0 13 0 0 0 0 0 0 0 0 0 0 1 0 0 0 0 0 0 0 
19 0 0 18 0 0 0 5 0 0 2 0 0 0 0 0 0 0 1 0 0 0 0 11 10 0 0 0 0 0 
0 0 0 0 9 12 11 0 11 1 0 0 0 0 0 0 3 0 0 4 0 0 0 8 0 0 0 0 0 0 
0 0 0 0 0 0 0 0 0 0 0 0 0 0 0 0 0 14 0 0 0 0 0 0 17 0 0 0 0 0 
0 14 0 0 9 0 0 0 0 15 15 0 0 7 0 0 0 0 0 0 0 0 0 0 0 5 0 20 0 0 
0 0 10 0 9 18 0 0 0 0 18 13 0 0 1 0 0 0 0 9 0 0 0 13 1 0 0 17 16 3 
0 0 0 5 0 0 0 7 0 0 0 6 1 0 0 0 8 11 0 0 15 4 0 9 0 0 0 0 7 5 
0 0 0 0 0 19 0 0 13 0 0 0 0 0 0 0 0 0 0 2 0 0 0 0 0 0 0 0 0 0 
3 0 0 13 0 0 0 0 0 0 0 0 0 0 0 0 0 7 0 0 0 0 0 0 0 0 0 0 0 12 
0 0 0 0 0 15 0 0 0 0 0 0 0 0 0 0 0 0 8 0 8 0 12 9 0 0 0 0 0 0 
