30

0 1 0 1 0 1 1 0 1 1 0 0 1 1 1 1 1 0 1 1 0 1 1 1 1 1 1 0 1 1 
1 0 1 1 1 1 0 1 0 1 1 1 0 1 1 1 1 1 0 1 1 0 0 0 1 1 1 1 1 0 
0 1 0 0 1 1 1 1 1 1 0 0 0 1 1 0 1 0 1 0 1 0 0 0 1 1 1 1 1 1 
1 1 0 0 1 0 1 1 0 1 1 0 1 1 1 0 1 1 1 1 0 0 1 1 1 0 1 1 1 1 
0 1 1 1 0 1 1 1 1 1 0 1 1 1 1 1 1 0 0 1 1 0 1 0 1 1 1 1 0 1 
1 1 1 0 1 0 1 1 1 0 1 0 1 1 0 0 1 0 1 0 0 0 1 1 1 1 1 1 0 1 
1 0 1 1 1 1 0 1 1 0 1 1 1 1 1 1 1 0 1 1 1 0 0 1 1 1 1 1 1 0 
0 1 1 1 1 1 1 0 1 1 1 1 1 1 0 1 1 1 1 1 1 1 0 1 1 0 0 1 1 1 
1 0 1 0 1 1 1 1 0 1 0 1 1 0 1 1 0 0 1 1 1 0 0 0 1 1 1 1 1 1 
1 1 1 1 1 0 0 1 1 0 1 0 1 1 1 1 1 0 1 1 1 1 1 1 1 1 1 1 1 1 
0 1 0 1 0 1 1 1 0 1 0 1 1 1 1 1 1 1 1 1 1 0 0 0 1 1 0 1 0 1 
0 1 0 0 1 0 1 1 1 0 1 0 1 1 1 0 0 1 1 0 1 1 1 1 0 0 1 0 1 1 
1 0 0 1 1 1 1 1 1 1 1 1 0 1 1 0 1 1 1 1 1 1 1 1 1 0 0 0 0 1 
1 1 1 1 1 1 1 1 0 1 1 1 1 0 1 0 1 1 0 1 0 1 1 1 0 0 1 1 1 1 
1 1 1 1 1 0 1 0 1 1 1 1 1 1 0 1 1 0 1 1 1 1 1 1 0 1 1 0 1 0 
1 1 0 0 1 0 1 1 1 1 1 0 0 0 1 0 0 1 1 1 1 1 0 1 1 1 1 1 1 0 
1 1 1 1 1 1 1 1 0 1 1 0 1 1 1 0 0 0 1 1 0 0 1 1 1 1 1 1 1 1 
0 1 0 1 0 0 0 1 0 0 1 1 1 1 0 1 0 0 1 1 1 1 1 1 1 1 1 1 1 1 
1 0 1 1 0 1 1 1 1 1 1 1 1 0 1 1 1 1 0 1 1 1 1 1 0 1 1 0 0 1 
1 1 0 1 1 0 1 1 1 1 1 0 1 1 1 1 1 1 1 0 1 1 1 0 1 0 1 0 1 0 
0 1 1 0 1 0 1 1 1 1 1 1 1 0 1 1 0 1 1 1 0 1 1 1 1 1 0 1 0 1 
1 0 0 0 0 0 0 1 0 1 0 1 1 1 1 1 0 1 1 1 1 0 1 1 0 1 1 0 1 0 
1 0 0 1 1 1 0 0 0 1 0 1 1 1 1 0 1 1 1 1 1 1 0 0 0 1 1 0 1 1 
1 0 0 1 0 1 1 1 0 1 0 1 1 1 1 1 1 1 1 0 1 1 0 0 0 0 0 1 1 1 
1 1 1 1 1 1 1 1 1 1 1 0 1 0 0 1 1 1 0 1 1 0 0 0 0 0 1 1 1 1 
1 1 1 0 1 1 1 0 1 1 1 0 0 0 1 1 1 1 1 0 1 1 1 0 0 0 0 1 1 1 
1 1 1 1 1 1 1 0 1 1 0 1 0 1 1 1 1 1 1 1 0 1 1 0 1 0 0 1 1 0 
0 1 1 1 1 1 1 1 1 1 1 0 0 1 0 1 1 1 0 0 1 0 0 1 1 1 1 0 1 1 
1 1 1 1 0 0 1 1 1 1 0 1 0 1 1 1 1 1 0 1 0 1 1 1 1 1 1 1 0 0 
1 0 1 1 1 1 0 1 1 1 1 1 1 1 0 0 1 1 1 0 1 0 1 1 1 1 0 1 0 0 

0 8 0 0 1 7 8 11 0 7 2 0 0 0 6 0 0 0 0 15 14 0 13 0 9 0 3 1 0 3 
0 0 0 0 12 5 0 0 0 0 0 8 0 2 0 13 5 0 3 0 0 0 2 8 4 11 0 0 0 0 
0 13 0 0 2 10 0 7 0 0 13 7 6 0 0 0 0 4 10 0 0 0 1 0 3 0 0 7 5 1 
0 15 0 0 0 0 0 12 0 0 0 7 0 0 3 8 3 1 1 2 0 0 0 0 0 0 0 0 0 0 
0 3 13 0 0 6 0 10 5 0 9 0 0 0 0 2 10 7 0 0 12 0 7 9 9 0 0 0 0 4 
0 0 7 0 6 0 0 0 0 4 0 12 7 9 0 0 0 0 6 0 2 13 0 0 0 11 4 0 0 0 
3 0 0 7 0 0 0 6 0 0 13 12 0 0 0 0 0 14 0 0 1 0 0 0 0 15 2 8 10 0 
7 0 14 0 0 6 0 0 9 2 0 0 1 7 0 0 0 4 14 10 0 7 5 0 0 4 0 0 0 13 
7 0 5 0 13 0 0 0 0 0 0 0 5 0 0 0 10 0 0 12 14 0 0 0 0 1 14 2 0 0 
8 0 0 1 0 0 0 0 0 0 0 13 8 14 0 8 0 2 1 0 0 8 0 0 5 0 10 7 3 0 
0 0 0 0 0 15 12 0 3 14 0 2 0 7 0 0 0 3 13 8 0 2 12 0 0 0 0 0 2 0 
0 3 10 3 0 1 0 0 8 3 0 0 0 10 0 0 11 0 0 0 0 5 0 1 5 2 0 7 0 0 
13 0 5 0 0 0 11 0 2 0 0 0 0 6 0 15 0 0 0 0 0 11 11 0 9 0 0 14 3 5 
0 0 0 0 15 0 0 2 3 9 7 0 6 0 0 0 4 0 0 0 11 0 13 0 0 0 0 0 2 1 
0 0 0 0 5 0 0 5 0 0 13 0 0 4 0 6 5 0 2 7 0 0 12 11 0 3 2 0 0 0 
0 10 0 12 0 5 0 0 0 10 0 0 0 0 9 0 6 0 0 0 0 0 0 0 0 0 14 0 0 3 
3 0 0 4 0 0 8 0 0 0 0 7 0 2 0 11 0 0 14 1 0 0 8 0 0 0 0 0 2 0 
0 0 10 15 0 2 0 10 0 0 0 0 0 0 0 0 0 0 0 0 0 0 0 0 1 0 0 0 0 0 
0 11 0 7 0 15 0 6 14 0 14 0 0 0 2 3 0 10 0 0 0 0 0 0 11 0 0 7 0 2 
7 1 0 0 0 0 0 12 12 1 0 9 4 0 9 9 10 0 14 0 0 12 0 0 0 0 0 10 0 0 
0 7 9 0 0 0 0 0 0 0 0 0 0 0 0 0 0 0 0 0 0 0 0 0 0 12 13 0 0 0 
0 0 0 0 9 0 12 1 9 12 5 0 0 2 8 0 3 0 14 5 5 0 0 7 8 0 13 9 8 12 
0 0 0 0 0 0 0 5 8 0 0 6 2 0 14 0 0 7 4 12 0 1 0 15 10 0 0 2 0 0 
0 14 0 0 2 0 1 0 4 13 13 2 0 0 12 8 0 0 10 0 0 0 5 0 5 3 0 0 4 0 
6 14 0 1 0 0 0 0 12 0 3 13 0 0 1 0 0 0 0 0 10 0 0 0 0 1 4 0 8 0 
0 0 12 14 14 5 0 0 3 2 0 0 0 0 5 5 12 3 0 0 0 10 9 0 1 0 10 0 0 14 
5 5 0 14 14 0 0 0 0 3 0 0 0 3 10 8 0 0 7 0 1 2 0 10 3 11 0 0 0 13 
0 2 0 0 0 5 0 4 0 2 7 0 8 5 6 0 14 9 0 9 8 8 6 14 0 0 10 0 0 0 
0 0 6 0 4 0 0 0 0 0 2 7 0 14 11 0 0 13 4 6 0 0 0 14 0 0 0 11 0 9 
0 0 0 7 0 0 3 5 0 0 5 2 11 2 0 0 0 9 6 0 0 5 0 0 0 0 3 0 0 0 
