40

0 1 1 1 1 1 0 0 1 0 1 1 1 1 1 1 1 1 1 1 1 1 1 1 1 1 1 1 1 1 0 1 1 1 0 1 1 1 0 1 
1 0 1 1 1 1 1 1 1 1 1 1 1 0 1 1 1 1 1 1 1 1 1 1 1 1 1 1 1 1 1 1 1 1 1 1 0 1 1 0 
1 1 0 1 1 1 1 1 1 1 1 1 1 1 1 0 1 1 1 1 1 1 1 1 1 1 1 1 0 1 1 1 1 1 1 1 1 1 1 1 
1 1 1 0 1 1 1 1 1 1 1 1 1 1 1 1 1 1 1 1 1 1 1 1 1 0 1 1 1 1 1 1 1 1 1 1 1 1 1 1 
1 1 1 1 0 1 1 1 1 0 1 1 1 1 1 1 1 1 1 1 1 1 1 1 1 1 1 1 1 1 1 1 1 1 1 1 1 1 1 1 
1 1 1 1 1 0 1 1 1 1 1 1 0 1 0 1 0 1 1 1 1 1 1 1 1 1 1 1 1 1 1 1 1 1 0 1 1 1 1 1 
0 1 1 1 1 1 0 1 1 0 1 0 1 1 1 1 1 1 1 1 1 1 1 1 1 1 1 0 1 1 1 1 1 1 1 1 1 1 1 0 
0 1 1 1 1 1 1 0 1 1 1 1 1 1 1 1 1 1 1 1 1 1 1 1 0 1 1 1 1 1 1 1 1 0 1 1 1 1 1 1 
1 1 1 1 1 1 1 1 0 1 1 1 1 1 0 1 1 1 1 1 1 1 1 1 1 1 1 1 1 1 1 1 1 1 1 1 1 1 1 1 
0 1 1 1 0 1 0 1 1 0 1 1 1 1 1 0 1 1 1 1 1 1 1 1 1 1 1 1 0 1 1 1 1 1 1 0 1 1 1 1 
1 1 1 1 1 1 1 1 1 1 0 1 1 1 1 1 1 1 1 1 1 1 0 1 1 1 1 1 1 1 1 1 1 1 0 1 1 1 1 1 
1 1 1 1 1 1 0 1 1 1 1 0 1 0 1 1 1 1 0 1 1 1 1 1 1 1 1 1 0 1 1 1 1 0 1 1 1 1 1 1 
1 1 1 1 1 0 1 1 1 1 1 1 0 1 0 1 1 1 0 1 1 1 1 1 1 1 1 1 1 1 1 1 1 1 1 1 1 0 1 1 
1 0 1 1 1 1 1 1 1 1 1 0 1 0 1 1 1 1 1 1 1 0 1 1 1 1 1 1 1 1 1 1 1 0 1 1 1 1 1 1 
1 1 1 1 1 0 1 1 0 1 1 1 0 1 0 1 1 1 1 1 1 1 0 1 1 1 1 1 1 1 1 1 1 1 1 1 0 1 1 1 
1 1 0 1 1 1 1 1 1 0 1 1 1 1 1 0 1 1 1 1 1 0 1 1 0 1 1 1 1 1 1 1 1 1 1 1 1 1 0 1 
1 1 1 1 1 0 1 1 1 1 1 1 1 1 1 1 0 1 1 1 1 1 1 1 1 0 1 1 1 1 1 1 1 1 1 1 1 0 1 1 
1 1 1 1 1 1 1 1 1 1 1 1 1 1 1 1 1 0 1 1 1 1 1 1 1 1 1 1 1 1 1 1 1 1 1 1 1 1 1 1 
1 1 1 1 1 1 1 1 1 1 1 0 0 1 1 1 1 1 0 1 1 1 1 1 1 1 1 1 1 1 1 1 1 1 0 1 1 1 1 1 
1 1 1 1 1 1 1 1 1 1 1 1 1 1 1 1 1 1 1 0 1 1 1 1 1 1 1 1 1 1 1 1 1 1 1 0 1 1 1 0 
1 1 1 1 1 1 1 1 1 1 1 1 1 1 1 1 1 1 1 1 0 1 1 1 1 1 1 1 1 1 1 1 1 1 1 1 1 1 1 1 
1 1 1 1 1 1 1 1 1 1 1 1 1 0 1 0 1 1 1 1 1 0 1 1 1 1 1 0 1 1 1 1 1 1 1 1 1 1 1 1 
1 1 1 1 1 1 1 1 1 1 0 1 1 1 0 1 1 1 1 1 1 1 0 1 1 1 1 1 1 1 1 1 1 1 1 1 1 1 1 1 
1 1 1 1 1 1 1 1 1 1 1 1 1 1 1 1 1 1 1 1 1 1 1 0 1 1 1 1 1 1 1 1 1 1 0 1 1 1 1 1 
1 1 1 1 1 1 1 0 1 1 1 1 1 1 1 0 1 1 1 1 1 1 1 1 0 1 1 1 1 1 1 1 1 1 1 1 1 1 1 1 
1 1 1 0 1 1 1 1 1 1 1 1 1 1 1 1 0 1 1 1 1 1 1 1 1 0 1 1 1 1 1 1 1 1 1 1 0 1 1 1 
1 1 1 1 1 1 1 1 1 1 1 1 1 1 1 1 1 1 1 1 1 1 1 1 1 1 0 1 1 0 1 1 1 1 1 1 1 1 1 0 
1 1 1 1 1 1 0 1 1 1 1 1 1 1 1 1 1 1 1 1 1 0 1 1 1 1 1 0 0 1 1 1 1 1 1 1 1 1 1 1 
1 1 0 1 1 1 1 1 1 0 1 0 1 1 1 1 1 1 1 1 1 1 1 1 1 1 1 0 0 1 1 1 1 0 1 1 1 1 1 1 
1 1 1 1 1 1 1 1 1 1 1 1 1 1 1 1 1 1 1 1 1 1 1 1 1 1 0 1 1 0 1 1 1 1 1 1 1 1 1 1 
0 1 1 1 1 1 1 1 1 1 1 1 1 1 1 1 1 1 1 1 1 1 1 1 1 1 1 1 1 1 0 1 1 1 0 0 1 1 1 1 
1 1 1 1 1 1 1 1 1 1 1 1 1 1 1 1 1 1 1 1 1 1 1 1 1 1 1 1 1 1 1 0 1 1 1 1 1 1 1 1 
1 1 1 1 1 1 1 1 1 1 1 1 1 1 1 1 1 1 1 1 1 1 1 1 1 1 1 1 1 1 1 1 0 1 1 1 1 1 1 1 
1 1 1 1 1 1 1 0 1 1 1 0 1 0 1 1 1 1 1 1 1 1 1 1 1 1 1 1 0 1 1 1 1 0 1 1 1 1 1 1 
0 1 1 1 1 0 1 1 1 1 0 1 1 1 1 1 1 1 0 1 1 1 1 0 1 1 1 1 1 1 0 1 1 1 0 1 1 1 1 1 
1 1 1 1 1 1 1 1 1 0 1 1 1 1 1 1 1 1 1 0 1 1 1 1 1 1 1 1 1 1 0 1 1 1 1 0 1 1 1 1 
1 0 1 1 1 1 1 1 1 1 1 1 1 1 0 1 1 1 1 1 1 1 1 1 1 0 1 1 1 1 1 1 1 1 1 1 0 1 1 1 
1 1 1 1 1 1 1 1 1 1 1 1 0 1 1 1 0 1 1 1 1 1 1 1 1 1 1 1 1 1 1 1 1 1 1 1 1 0 1 1 
0 1 1 1 1 1 1 1 1 1 1 1 1 1 1 0 1 1 1 1 1 1 1 1 1 1 1 1 1 1 1 1 1 1 1 1 1 1 0 1 
1 0 1 1 1 1 0 1 1 1 1 1 1 1 1 1 1 1 1 0 1 1 1 1 1 1 0 1 1 1 1 1 1 1 1 1 1 1 1 0 

0 0 19 16 0 0 0 0 10 0 0 9 0 0 0 0 0 9 5 0 0 0 0 0 6 0 0 0 2 0 0 0 0 0 0 0 0 8 0 0 
0 0 0 19 0 0 0 0 0 0 0 0 13 3 16 0 0 0 0 0 0 0 0 0 0 0 0 0 19 0 0 0 0 0 0 0 0 0 13 0 
4 0 0 0 2 0 0 0 0 0 0 0 0 0 0 0 0 0 0 0 4 3 15 0 0 18 17 0 0 20 0 11 0 0 7 0 0 0 0 0 
0 0 0 0 0 0 10 0 0 20 0 0 16 0 0 0 0 0 0 0 0 0 1 11 0 0 0 0 0 0 15 0 0 0 0 0 0 0 0 0 
0 0 0 0 0 4 12 0 5 0 0 14 0 0 6 18 0 0 0 0 0 0 0 0 0 5 0 0 0 0 0 0 0 0 0 0 0 0 0 10 
0 0 19 0 0 0 0 0 0 0 0 0 0 0 0 0 0 0 0 0 0 0 0 0 0 0 10 0 0 0 0 0 0 0 0 0 7 0 16 0 
10 0 0 0 0 14 0 0 0 0 9 15 0 19 0 0 0 0 0 0 0 0 0 0 4 0 0 0 2 0 4 0 0 0 0 0 19 0 0 0 
0 0 11 0 16 0 0 0 0 0 7 0 0 0 0 0 0 0 0 0 0 0 0 0 0 0 0 19 7 0 0 1 0 0 0 0 0 0 0 0 
0 0 0 0 0 0 0 0 0 0 0 0 3 0 0 0 6 18 0 0 0 13 0 0 0 0 0 0 0 0 2 0 13 0 0 0 0 0 0 0 
0 0 0 0 0 0 0 0 0 0 0 18 0 0 0 0 8 0 4 0 0 0 0 0 0 0 0 4 0 0 0 0 0 0 0 0 12 6 0 0 
0 0 1 19 0 0 0 0 0 0 0 0 0 0 0 0 18 0 17 0 17 0 0 0 0 0 0 0 0 0 10 0 0 0 15 0 0 17 0 0 
0 15 0 0 0 0 21 0 0 0 0 0 0 0 0 0 12 15 17 0 3 0 0 0 0 0 0 0 3 1 18 0 19 1 0 0 0 0 0 18 
0 0 0 0 0 0 0 13 0 0 0 15 0 0 2 0 0 0 0 0 17 4 0 2 0 13 0 0 0 0 17 0 12 0 0 0 0 0 0 0 
0 0 2 0 1 0 0 16 0 0 0 20 0 0 0 0 0 0 7 0 0 0 0 0 6 2 0 5 0 0 0 0 0 0 0 0 0 0 16 0 
0 0 0 0 5 0 11 2 0 0 0 11 0 18 0 0 11 0 0 0 0 0 0 0 0 0 0 6 0 0 0 0 0 0 0 0 0 7 6 9 
0 0 0 0 0 0 0 0 0 12 0 0 0 0 0 0 0 0 0 4 0 18 0 2 0 0 17 0 0 0 17 5 0 0 14 0 0 0 0 0 
0 0 0 0 0 0 0 0 18 14 0 0 0 11 0 12 0 0 0 0 0 20 0 0 0 9 0 0 0 21 0 0 0 0 0 0 0 0 0 0 
0 0 15 0 0 0 0 0 0 2 0 0 0 0 0 0 0 0 0 18 0 0 0 0 0 0 0 0 0 0 0 0 0 0 0 0 0 0 0 0 
0 0 0 0 0 0 0 0 3 0 0 0 7 0 0 0 0 0 0 0 0 0 0 0 0 0 0 0 0 8 0 0 0 0 0 0 0 0 0 0 
0 7 0 0 3 0 0 9 0 0 0 0 0 2 0 0 0 0 1 0 0 0 7 0 0 0 0 0 0 0 0 0 0 0 0 0 0 0 0 0 
0 0 0 0 0 0 0 0 0 0 0 0 0 0 0 10 0 14 12 0 0 0 0 0 0 0 0 0 0 0 0 0 0 0 0 0 0 0 0 1 
0 0 0 0 0 0 0 0 0 0 0 5 0 0 0 0 0 5 0 0 4 0 17 0 0 0 0 0 0 0 0 0 0 0 0 18 3 15 4 0 
0 0 0 0 0 8 0 0 0 0 19 0 0 6 0 18 0 0 0 0 19 0 0 0 15 0 0 16 0 0 0 0 0 0 0 0 0 0 0 0 
18 0 0 0 0 0 16 0 0 0 0 0 0 12 0 5 0 0 0 0 0 0 13 0 0 1 0 0 13 5 0 0 0 0 0 0 4 0 19 16 
0 3 0 0 0 0 0 0 0 0 0 0 0 0 0 0 0 0 0 0 0 0 0 0 0 0 0 0 1 0 0 0 7 0 0 0 0 0 0 0 
0 0 0 12 0 0 0 0 0 0 0 0 10 12 0 0 0 0 0 0 0 0 13 18 0 0 0 0 0 8 14 0 0 5 0 6 0 0 0 0 
17 0 0 0 0 0 0 0 0 0 20 0 0 0 0 0 9 0 0 0 0 0 0 0 0 0 0 0 0 6 0 0 0 0 0 0 0 0 0 0 
0 0 0 0 0 0 0 0 18 0 0 0 0 2 0 0 0 0 0 0 0 9 0 0 0 4 0 0 0 1 0 0 0 0 0 6 0 0 0 0 
0 17 0 0 19 0 3 0 0 0 0 0 0 0 0 0 1 0 0 0 6 8 0 13 0 0 0 0 0 8 6 0 0 0 0 0 0 0 0 0 
0 0 5 0 0 3 0 0 0 0 0 0 0 0 0 0 12 6 0 0 0 0 16 0 0 0 20 14 0 0 0 0 8 0 16 11 11 0 0 15 
15 0 13 17 0 0 0 0 0 12 0 0 0 7 0 1 0 9 0 0 0 0 0 0 2 0 0 0 0 0 0 0 0 0 0 7 0 0 0 15 
0 0 0 0 16 0 0 17 0 0 0 0 0 0 0 0 0 0 12 0 0 6 10 0 0 0 0 19 0 0 0 0 0 0 0 0 15 11 15 0 
0 0 0 10 0 0 0 16 0 0 0 0 0 0 0 0 0 0 0 0 0 6 0 0 0 1 0 0 0 0 0 0 0 12 0 0 0 0 0 0 
0 0 0 13 5 19 2 0 0 0 0 0 0 0 0 9 0 18 16 0 0 12 10 0 0 0 0 0 0 0 0 0 0 0 0 0 0 0 0 0 
0 0 0 10 15 0 0 0 0 0 0 0 0 11 0 0 0 0 0 0 0 12 0 0 0 0 0 0 0 0 0 0 0 0 0 0 0 0 0 0 
0 0 0 0 0 0 0 0 0 0 0 0 0 0 9 0 0 0 14 0 0 0 7 0 0 0 0 0 0 0 0 0 0 0 19 0 0 0 0 11 
0 14 3 0 0 0 0 0 0 0 14 0 0 0 0 0 0 0 9 0 0 0 0 0 0 0 0 0 7 6 2 0 0 0 0 0 0 16 0 0 
0 0 0 21 0 3 0 0 0 0 0 0 0 14 0 0 0 0 12 0 0 0 9 11 0 0 0 0 1 10 0 16 0 0 0 0 12 0 0 0 
0 10 0 0 14 15 0 0 0 15 4 0 12 0 0 0 0 0 18 0 0 0 0 0 0 0 0 0 0 0 0 0 0 0 0 6 10 3 0 0 
0 0 0 0 0 9 0 4 0 17 13 0 0 0 0 0 1 0 0 0 0 0 1 0 0 8 0 7 0 8 0 0 10 4 0 5 0 0 0 0 
