40

0 0 0 1 0 0 1 1 0 1 0 1 1 1 1 1 1 1 0 1 0 1 1 0 1 1 1 0 0 1 1 1 0 1 1 0 1 1 0 1 
0 0 0 1 1 0 0 0 1 0 0 1 0 1 1 0 1 1 1 1 1 0 0 1 1 1 1 1 0 1 0 1 1 1 1 0 1 1 1 1 
0 0 0 1 0 1 0 1 0 0 1 1 1 1 1 1 1 1 0 1 1 1 0 1 0 1 1 0 0 1 1 1 0 1 1 1 0 1 0 1 
1 1 1 0 1 0 1 1 1 0 1 0 1 1 1 1 1 1 1 1 0 1 1 0 1 1 1 0 1 1 1 1 0 1 1 1 1 1 1 0 
0 1 0 1 0 0 1 1 1 1 1 1 1 1 1 1 1 1 1 1 0 1 0 1 0 0 1 1 1 1 1 0 1 1 0 0 0 1 0 0 
0 0 1 0 0 0 0 0 1 1 1 1 1 1 0 1 1 1 1 1 1 1 1 0 1 1 1 1 0 0 1 0 1 0 0 1 1 1 0 1 
1 0 0 1 1 0 0 1 1 1 1 1 0 1 1 1 0 1 1 1 1 1 1 1 1 0 1 0 1 0 1 0 0 1 1 1 0 0 0 1 
1 0 1 1 1 0 1 0 1 1 0 1 1 0 1 1 1 0 1 0 1 1 0 1 1 0 1 1 1 1 1 0 1 0 1 1 1 0 1 0 
0 1 0 1 1 1 1 1 0 1 0 1 1 0 0 1 0 0 0 1 1 1 0 1 1 1 1 0 1 1 1 0 0 1 0 1 1 1 1 0 
1 0 0 0 1 1 1 1 1 0 0 0 1 0 1 0 1 1 1 1 0 1 1 0 1 1 1 0 1 1 1 1 1 0 1 0 1 1 1 1 
0 0 1 1 1 1 1 0 0 0 0 0 1 1 0 0 1 1 1 1 1 0 0 1 1 1 1 0 1 1 1 1 1 1 1 0 1 1 1 1 
1 1 1 0 1 1 1 1 1 0 0 0 1 0 1 1 0 0 0 0 1 1 1 1 1 1 0 0 1 1 1 1 1 1 1 1 0 1 1 1 
1 0 1 1 1 1 0 1 1 1 1 1 0 1 1 1 1 1 0 1 1 1 1 1 1 1 1 0 1 1 0 0 1 1 1 1 1 0 1 1 
1 1 1 1 1 1 1 0 0 0 1 0 1 0 1 1 1 0 0 1 1 1 1 1 1 0 1 0 0 1 0 1 1 1 1 1 0 0 1 0 
1 1 1 1 1 0 1 1 0 1 0 1 1 1 0 1 1 1 0 1 1 1 1 0 0 1 1 1 1 0 1 0 1 1 1 1 1 0 0 1 
1 0 1 1 1 1 1 1 1 0 0 1 1 1 1 0 1 1 1 0 1 1 1 0 0 1 0 0 1 1 1 0 1 1 1 1 1 0 1 1 
1 1 1 1 1 1 0 1 0 1 1 0 1 1 1 1 0 0 0 1 0 1 1 1 1 1 1 0 0 0 0 0 1 1 1 1 1 0 1 1 
1 1 1 1 1 1 1 0 0 1 1 0 1 0 1 1 0 0 1 0 0 1 1 1 1 0 0 1 0 1 1 1 0 1 1 1 0 1 0 1 
0 1 0 1 1 1 1 1 0 1 1 0 0 0 0 1 0 1 0 1 0 1 0 1 0 0 1 0 1 1 0 0 1 0 0 1 1 0 1 1 
1 1 1 1 1 1 1 0 1 1 1 0 1 1 1 0 1 0 1 0 1 1 0 0 0 1 1 1 1 0 1 1 1 0 0 1 1 1 1 1 
0 1 1 0 0 1 1 1 1 0 1 1 1 1 1 1 0 0 0 1 0 1 0 1 1 1 0 1 1 1 1 1 1 1 1 0 1 1 0 1 
1 0 1 1 1 1 1 1 1 1 0 1 1 1 1 1 1 1 1 1 1 0 0 0 1 1 1 1 0 1 1 1 1 0 1 0 1 0 0 0 
1 0 0 1 0 1 1 0 0 1 0 1 1 1 1 1 1 1 0 0 0 0 0 0 1 1 1 1 0 1 1 0 1 1 0 0 1 1 1 1 
0 1 1 0 1 0 1 1 1 0 1 1 1 1 0 0 1 1 1 0 1 0 0 0 1 1 1 1 1 1 0 1 1 1 1 0 0 0 1 0 
1 1 0 1 0 1 1 1 1 1 1 1 1 1 0 0 1 1 0 0 1 1 1 1 0 1 1 1 1 1 1 1 0 0 1 0 0 0 0 1 
1 1 1 1 0 1 0 0 1 1 1 1 1 0 1 1 1 0 0 1 1 1 1 1 1 0 1 1 0 1 1 1 1 0 0 1 1 0 1 1 
1 1 1 1 1 1 1 1 1 1 1 0 1 1 1 0 1 0 1 1 0 1 1 1 1 1 0 1 0 0 1 1 0 1 1 0 0 1 1 1 
0 1 0 0 1 1 0 1 0 0 0 0 0 0 1 0 0 1 0 1 1 1 1 1 1 1 1 0 1 1 1 0 0 1 0 1 0 1 0 1 
0 0 0 1 1 0 1 1 1 1 1 1 1 0 1 1 0 0 1 1 1 0 0 1 1 0 0 1 0 1 1 0 1 1 1 0 1 1 1 1 
1 1 1 1 1 0 0 1 1 1 1 1 1 1 0 1 0 1 1 0 1 1 1 1 1 1 0 1 1 0 1 1 1 1 1 1 1 0 1 1 
1 0 1 1 1 1 1 1 1 1 1 1 0 0 1 1 0 1 0 1 1 1 1 0 1 1 1 1 1 1 0 1 0 1 1 1 0 1 0 1 
1 1 1 1 0 0 0 0 0 1 1 1 0 1 0 0 0 1 0 1 1 1 0 1 1 1 1 0 0 1 1 0 1 0 0 0 1 0 1 1 
0 1 0 0 1 1 0 1 0 1 1 1 1 1 1 1 1 0 1 1 1 1 1 1 0 1 0 0 1 1 0 1 0 1 1 1 1 1 1 1 
1 1 1 1 1 0 1 0 1 0 1 1 1 1 1 1 1 1 0 0 1 0 1 1 0 0 1 1 1 1 1 0 1 0 1 1 1 1 1 1 
1 1 1 1 0 0 1 1 0 1 1 1 1 1 1 1 1 1 0 0 1 1 0 1 1 0 1 0 1 1 1 0 1 1 0 1 1 1 1 1 
0 0 1 1 0 1 1 1 1 0 0 1 1 1 1 1 1 1 1 1 0 0 0 0 0 1 0 1 0 1 1 0 1 1 1 0 1 1 1 1 
1 1 0 1 0 1 0 1 1 1 1 0 1 0 1 1 1 0 1 1 1 1 1 0 0 1 0 0 1 1 0 1 1 1 1 1 0 1 1 1 
1 1 1 1 1 1 0 0 1 1 1 1 0 0 0 0 0 1 0 1 1 0 1 0 0 0 1 1 1 0 1 0 1 1 1 1 1 0 1 1 
0 1 0 1 0 0 0 1 1 1 1 1 1 1 0 1 1 0 1 1 0 0 1 1 0 1 1 0 1 1 0 1 1 1 1 1 1 1 0 1 
1 1 1 0 0 1 1 0 0 1 1 1 1 0 1 1 1 1 1 1 1 0 1 0 1 1 1 1 1 1 1 1 1 1 1 1 1 1 1 0 

0 0 0 0 0 0 0 0 0 5 0 4 0 0 0 0 0 0 0 0 0 27 0 0 0 0 3 0 0 0 0 0 22 0 0 0 0 0 2 8 
0 0 0 0 13 0 0 16 0 16 0 18 0 0 0 12 0 14 0 0 0 0 0 0 5 0 0 0 0 0 23 28 0 19 16 0 6 0 0 0 
0 0 0 9 0 0 0 27 0 0 0 0 0 0 0 0 0 0 0 0 0 0 1 0 4 0 0 0 0 0 0 0 0 0 3 0 0 0 0 0 
0 0 0 0 16 0 0 0 0 0 0 0 0 0 0 18 20 0 16 3 0 0 0 0 0 0 0 0 21 0 14 0 24 0 0 0 0 20 0 0 
0 11 0 0 0 16 0 0 0 0 0 20 0 0 9 0 0 0 0 0 25 0 0 0 24 0 5 0 0 0 0 0 0 0 0 0 0 0 0 14 
0 0 0 9 16 0 0 0 0 0 0 0 0 0 0 0 27 0 0 0 0 11 0 0 0 0 0 0 0 0 20 0 0 14 0 0 0 0 27 0 
0 15 0 0 0 1 0 0 7 0 0 0 0 6 0 28 0 18 0 0 0 15 0 0 0 9 0 0 0 25 0 0 0 0 0 0 0 5 0 23 
0 0 0 0 0 0 0 0 10 12 16 0 0 0 0 0 0 0 0 0 0 5 0 13 0 0 0 0 0 0 0 0 24 0 0 0 0 0 0 0 
27 7 8 0 0 0 16 6 0 0 0 1 0 0 0 0 0 0 0 4 0 0 0 29 20 19 0 0 0 0 0 0 1 0 0 0 0 0 28 0 
0 0 0 0 0 0 0 0 0 0 0 0 0 0 20 0 27 0 0 7 0 0 0 0 2 2 0 18 17 0 26 0 0 0 26 15 3 1 0 0 
0 0 0 0 0 0 0 0 0 0 0 26 0 0 28 0 0 22 0 0 0 0 0 0 0 12 0 0 0 0 0 0 0 0 0 0 0 0 0 18 
0 0 0 0 0 0 0 4 0 0 0 0 0 0 0 0 18 0 0 0 0 0 0 0 0 0 0 0 0 0 0 0 0 0 0 0 0 0 0 0 
16 28 14 16 0 0 3 0 0 0 0 0 0 0 0 12 0 0 0 0 0 0 28 0 0 0 0 0 0 0 11 0 10 0 0 0 8 0 3 0 
0 0 0 0 0 0 0 0 0 0 0 27 0 0 0 21 0 21 8 0 0 0 1 15 0 0 0 0 0 17 0 0 0 0 0 0 0 0 0 32 
0 0 0 0 9 0 0 15 0 0 24 0 0 0 0 0 0 0 0 13 0 0 0 0 0 0 5 0 0 0 0 0 24 0 0 0 0 0 0 0 
27 0 25 0 0 0 6 0 0 0 0 3 0 0 0 0 13 27 0 0 0 0 0 0 0 0 0 0 2 0 17 0 0 0 0 0 0 0 25 0 
0 9 0 0 1 0 7 0 3 0 0 0 0 0 4 3 0 0 0 9 0 0 0 0 0 12 0 0 0 0 0 0 0 0 0 0 0 0 0 0 
24 0 0 18 9 0 6 0 0 0 0 0 2 0 0 0 0 0 0 0 12 11 9 0 0 20 0 0 0 17 0 0 29 0 0 0 0 28 29 0 
0 0 0 0 0 0 20 0 0 0 0 0 0 7 23 0 23 0 0 0 0 0 0 3 0 0 0 0 0 0 0 0 0 0 0 4 0 0 0 0 
0 0 0 0 0 0 0 0 0 0 0 1 0 0 0 0 0 0 20 0 12 0 0 0 6 0 0 0 0 18 0 0 14 24 18 0 0 0 0 0 
9 0 0 0 0 26 0 9 25 0 16 0 0 0 0 0 10 0 0 0 0 0 0 0 0 0 0 0 22 0 0 25 19 0 0 0 0 0 0 6 
0 22 0 0 0 29 0 0 0 0 0 0 0 0 0 0 0 0 0 0 0 0 0 0 0 0 0 0 0 26 0 0 0 0 0 31 0 0 0 11 
0 0 0 0 0 0 10 0 20 0 0 0 0 0 0 12 0 0 0 0 0 0 0 0 0 0 0 4 7 0 0 30 0 2 0 0 0 0 0 0 
25 0 0 0 0 0 25 0 0 0 17 0 29 0 0 27 0 0 0 5 0 0 0 0 0 19 0 6 24 0 0 24 0 0 0 0 0 0 0 0 
0 0 0 0 0 0 0 0 0 0 0 0 2 0 13 0 22 0 0 0 0 0 25 0 0 28 0 0 0 0 0 0 0 6 0 0 0 8 0 3 
0 0 0 21 0 0 0 0 0 0 0 0 0 5 0 0 0 0 29 0 0 0 13 0 0 0 0 0 0 0 0 0 0 0 0 2 0 0 16 0 
26 0 21 25 0 0 0 0 0 0 0 0 0 0 10 0 0 4 0 0 0 19 0 0 0 11 0 0 21 0 23 0 9 2 0 0 0 0 0 0 
0 0 0 0 17 0 12 11 0 0 0 14 0 0 0 0 0 0 0 0 12 0 0 0 0 0 0 0 0 23 0 0 0 0 0 0 0 0 0 0 
27 0 0 16 4 0 0 0 0 0 0 0 0 0 0 0 31 0 0 0 0 0 0 0 0 6 20 0 0 0 0 0 0 0 0 0 7 0 0 0 
0 0 0 0 0 5 0 0 6 0 13 25 0 0 25 0 17 0 0 24 0 0 0 0 0 23 0 0 0 0 23 0 0 0 0 0 0 0 0 0 
0 0 0 0 0 0 0 1 0 0 0 0 0 15 0 0 0 0 0 0 0 0 21 0 0 0 0 0 0 0 0 0 0 22 0 0 0 0 24 0 
12 5 0 0 2 0 6 0 0 0 0 0 0 0 0 0 2 6 0 0 0 0 0 0 0 0 0 0 6 0 0 0 0 8 17 0 26 13 0 0 
0 0 8 0 29 0 0 0 11 21 0 0 26 0 0 0 12 0 0 0 22 16 0 10 0 0 0 0 0 0 0 0 0 0 0 0 0 0 0 0 
0 0 0 25 0 4 0 0 0 0 0 0 0 1 0 0 0 0 0 0 0 18 12 0 0 0 0 0 0 0 0 0 0 0 13 25 0 0 0 7 
0 0 0 0 0 0 0 0 0 0 4 0 0 10 26 0 0 0 21 0 0 0 0 0 0 28 0 0 0 0 0 6 0 0 0 0 22 0 0 0 
0 0 0 0 0 0 0 0 0 14 0 0 0 0 0 0 25 13 15 0 0 0 0 0 0 0 0 0 0 0 0 0 12 0 0 0 0 0 0 0 
7 0 0 13 0 0 6 0 0 0 0 0 0 0 0 0 0 0 0 0 0 4 0 12 0 0 0 19 10 0 3 0 0 0 0 0 0 0 0 0 
0 0 0 0 0 0 0 0 0 0 0 0 0 26 0 0 0 0 0 8 0 14 0 0 0 0 0 0 0 15 0 16 0 0 0 0 0 0 26 27 
0 0 14 0 13 0 0 0 0 0 0 0 0 0 0 2 0 0 0 0 0 0 0 0 0 0 0 0 0 0 0 0 10 0 0 0 26 0 0 0 
0 7 0 0 0 0 0 0 0 0 0 0 15 0 0 0 0 8 0 0 0 0 0 0 0 29 0 0 0 16 0 0 0 0 0 0 23 0 0 0 
