40

0 0 0 1 1 0 1 0 0 1 1 1 0 1 0 0 1 0 0 1 0 0 0 0 0 0 0 0 0 1 1 0 1 0 0 0 1 0 0 0 
0 0 1 1 0 1 1 0 1 1 0 1 0 0 1 1 1 1 1 0 0 1 1 1 1 1 0 1 0 0 0 0 1 1 1 1 1 0 1 0 
0 1 0 1 0 0 1 1 0 1 1 0 1 1 1 0 0 1 1 0 1 1 1 1 0 1 0 0 1 1 0 1 1 0 0 0 0 0 0 0 
1 1 1 0 1 1 0 1 0 1 0 1 0 0 0 0 0 1 1 1 1 1 1 1 1 0 1 0 1 1 1 0 1 0 0 1 1 1 1 1 
1 0 0 1 0 0 0 1 1 0 1 1 1 1 1 0 1 0 1 0 0 0 1 0 1 0 0 1 1 0 1 0 0 1 0 1 1 0 0 0 
0 1 0 1 0 0 0 0 0 0 1 1 1 0 0 1 1 1 0 1 0 0 1 0 1 0 0 0 1 1 1 1 0 1 0 0 1 0 1 0 
1 1 1 0 0 0 0 1 0 0 1 0 1 1 1 1 1 0 1 1 0 1 1 0 0 0 0 0 1 1 0 0 0 0 1 0 0 1 0 0 
0 0 1 1 1 0 1 0 1 1 0 0 0 1 0 0 0 0 0 1 0 1 1 0 1 1 1 0 1 0 1 0 0 0 1 0 0 0 0 1 
0 1 0 0 1 0 0 1 0 0 0 0 0 0 1 1 1 0 0 1 1 1 0 0 1 1 0 1 0 1 0 1 1 1 0 1 0 1 1 1 
1 1 1 1 0 0 0 1 0 0 1 0 1 1 0 0 0 1 1 1 1 0 1 0 1 0 1 0 0 0 0 1 0 0 0 1 1 1 1 1 
1 0 1 0 1 1 1 0 0 1 0 1 1 0 0 1 1 1 1 0 0 1 1 1 0 0 0 1 0 0 1 1 0 1 0 0 0 1 0 1 
1 1 0 1 1 1 0 0 0 0 1 0 1 0 0 0 0 1 1 1 1 0 0 0 1 1 0 0 1 0 0 1 1 0 1 0 0 0 1 1 
0 0 1 0 1 1 1 0 0 1 1 1 0 0 0 1 0 0 0 1 0 1 1 0 0 0 1 0 1 0 0 1 0 0 0 0 1 1 0 1 
1 0 1 0 1 0 1 1 0 1 0 0 0 0 0 1 1 1 0 0 0 1 1 0 0 1 0 0 1 0 1 1 1 0 1 0 0 1 1 0 
0 1 1 0 1 0 1 0 1 0 0 0 0 0 0 0 1 0 0 0 0 0 0 1 1 1 1 0 0 1 1 0 1 0 1 1 1 0 0 1 
0 1 0 0 0 1 1 0 1 0 1 0 1 1 0 0 0 0 1 1 0 0 1 1 0 1 1 1 1 1 1 1 0 1 0 0 0 1 0 0 
1 1 0 0 1 1 1 0 1 0 1 0 0 1 1 0 0 1 0 0 0 1 0 0 1 1 1 1 0 1 0 1 1 0 1 1 0 0 1 0 
0 1 1 1 0 1 0 0 0 1 1 1 0 1 0 0 1 0 0 0 0 0 1 1 0 0 0 0 1 1 0 1 0 0 0 1 0 0 0 1 
0 1 1 1 1 0 1 0 0 1 1 1 0 0 0 1 0 0 0 0 0 0 0 0 1 0 1 0 0 1 0 0 1 1 1 1 0 0 1 0 
1 0 0 1 0 1 1 1 1 1 0 1 1 0 0 1 0 0 0 0 0 0 1 1 1 0 1 1 1 0 1 1 1 1 1 1 1 1 0 0 
0 0 1 1 0 0 0 0 1 1 0 1 0 0 0 0 0 0 0 0 0 0 0 1 1 1 1 1 0 0 0 1 1 0 1 1 0 1 0 0 
0 1 1 1 0 0 1 1 1 0 1 0 1 1 0 0 1 0 0 0 0 0 1 0 0 1 0 0 1 1 0 1 0 0 0 1 1 1 1 0 
0 1 1 1 1 1 1 1 0 1 1 0 1 1 0 1 0 1 0 1 0 1 0 0 1 0 0 0 1 1 0 0 1 1 0 0 0 0 1 0 
0 1 1 1 0 0 0 0 0 0 1 0 0 0 1 1 0 1 0 1 1 0 0 0 0 1 0 0 1 0 0 0 0 1 0 0 1 0 0 1 
0 1 0 1 1 1 0 1 1 1 0 1 0 0 1 0 1 0 1 1 1 0 1 0 0 1 0 0 0 1 1 0 1 0 1 1 1 0 0 0 
0 1 1 0 0 0 0 1 1 0 0 1 0 1 1 1 1 0 0 0 1 1 0 1 1 0 1 1 0 0 1 1 1 0 0 1 1 1 0 0 
0 0 0 1 0 0 0 1 0 1 0 0 1 0 1 1 1 0 1 1 1 0 0 0 0 1 0 1 0 1 1 1 0 1 0 0 0 1 0 0 
0 1 0 0 1 0 0 0 1 0 1 0 0 0 0 1 1 0 0 1 1 0 0 0 0 1 1 0 0 0 1 0 1 0 0 1 0 1 0 1 
0 0 1 1 1 1 1 1 0 0 0 1 1 1 0 1 0 1 0 1 0 1 1 1 0 0 0 0 0 0 0 1 0 1 1 0 1 1 1 1 
1 0 1 1 0 1 1 0 1 0 0 0 0 0 1 1 1 1 1 0 0 1 1 0 1 0 1 0 0 0 0 0 1 0 1 1 1 1 1 1 
1 0 0 1 1 1 0 1 0 0 1 0 0 1 1 1 0 0 0 1 0 0 0 0 1 1 1 1 0 0 0 0 0 0 1 1 0 0 1 0 
0 0 1 0 0 1 0 0 1 1 1 1 1 1 0 1 1 1 0 1 1 1 0 0 0 1 1 0 1 0 0 0 0 1 1 0 0 0 1 0 
1 1 1 1 0 0 0 0 1 0 0 1 0 1 1 0 1 0 1 1 1 0 1 0 1 1 0 1 0 1 0 0 0 1 1 0 0 1 1 1 
0 1 0 0 1 1 0 0 1 0 1 0 0 0 0 1 0 0 1 1 0 0 1 1 0 0 1 0 1 0 0 1 1 0 1 1 1 0 0 0 
0 1 0 0 0 0 1 1 0 0 0 1 0 1 1 0 1 0 1 1 1 0 0 0 1 0 0 0 1 1 1 1 1 1 0 0 0 0 1 0 
0 1 0 1 1 0 0 0 1 1 0 0 0 0 1 0 1 1 1 1 1 1 0 0 1 1 0 1 0 1 1 0 0 1 0 0 1 1 0 1 
1 1 0 1 1 1 0 0 0 1 0 0 1 0 1 0 0 0 0 1 0 1 0 1 1 1 0 0 1 1 0 0 0 1 0 1 0 0 0 0 
0 0 0 1 0 0 1 0 1 1 1 0 1 1 0 1 0 0 0 1 1 1 0 0 0 1 1 1 1 1 0 0 1 0 0 1 0 0 1 1 
0 1 0 1 0 1 0 0 1 1 0 1 0 1 0 0 1 0 1 0 0 1 1 0 0 0 0 0 1 1 1 1 1 0 1 0 0 1 0 0 
0 0 0 1 0 0 0 1 1 1 1 1 1 0 1 0 0 1 0 0 0 0 0 1 0 0 0 1 1 1 0 0 1 0 0 1 0 1 0 0 

0 0 18 0 20 26 0 0 0 0 0 0 14 0 0 26 0 0 0 0 0 0 17 0 0 0 0 6 0 0 0 0 0 0 0 15 6 0 0 0 
19 0 0 0 0 0 2 0 0 0 0 21 0 0 0 0 0 0 0 25 0 21 0 0 0 23 0 25 0 0 4 0 0 0 0 0 0 0 0 0 
1 17 0 0 6 0 0 0 28 0 26 0 0 1 18 0 0 3 0 0 0 0 0 0 16 0 18 0 0 0 0 0 0 0 0 0 25 0 0 0 
0 0 20 0 0 0 0 0 0 0 0 0 0 0 0 0 0 0 22 0 0 0 0 5 0 0 0 13 0 0 0 0 0 0 0 0 20 0 0 0 
18 0 0 0 0 0 0 0 0 0 0 2 0 0 0 0 0 0 12 0 21 10 5 0 8 14 0 0 0 0 7 0 0 0 0 0 23 0 0 0 
0 7 0 23 0 0 0 0 14 0 0 0 0 0 0 0 0 12 0 0 0 0 0 9 0 0 0 0 0 0 0 0 0 0 2 0 0 0 0 0 
0 9 0 0 0 0 0 0 0 0 0 0 0 0 17 0 0 0 0 0 0 0 0 0 8 16 0 0 0 0 0 12 10 0 0 20 0 0 0 9 
15 0 21 0 0 4 0 0 0 0 0 0 0 0 0 0 0 0 0 0 0 25 0 0 0 18 0 0 7 0 0 17 0 0 0 0 0 0 0 0 
0 0 0 0 0 0 0 0 0 0 26 0 0 0 0 0 0 0 0 1 0 0 0 0 0 0 0 0 0 0 17 0 0 0 26 0 0 15 0 13 
6 0 15 0 0 0 0 0 3 0 25 0 0 0 0 0 12 26 0 10 0 0 0 0 0 0 22 0 0 26 0 0 0 5 0 0 0 5 0 27 
18 0 0 7 0 0 0 0 20 0 0 20 18 0 0 0 14 0 0 0 0 19 0 0 0 0 2 0 0 2 0 23 0 0 11 16 0 14 0 24 
0 0 0 0 20 9 27 0 0 0 0 0 0 23 11 0 15 0 0 2 0 0 0 8 0 0 0 0 0 9 0 0 0 27 0 0 0 0 0 0 
0 0 0 12 0 0 0 0 20 0 21 0 0 0 0 0 0 20 0 0 0 0 0 0 0 0 4 0 0 0 0 0 0 0 0 0 0 0 0 14 
0 0 0 22 21 11 0 0 0 0 7 0 0 0 0 0 0 0 0 19 0 0 0 0 0 0 0 0 0 0 0 0 18 0 0 0 0 0 0 0 
11 23 0 3 0 0 0 0 26 0 0 0 0 0 0 0 0 0 0 0 0 0 14 0 1 0 0 0 0 0 0 0 12 0 0 0 0 0 26 9 
0 0 0 0 0 6 19 0 0 20 0 0 0 14 0 0 0 0 0 0 26 16 0 0 0 0 0 0 0 0 0 0 0 0 1 0 0 15 18 0 
0 12 0 0 13 0 0 0 0 19 0 0 0 0 11 0 0 0 11 27 0 0 0 0 0 0 0 0 0 0 0 0 7 0 27 0 0 0 14 0 
0 0 0 0 0 0 15 0 9 0 0 0 2 0 0 0 0 0 0 0 0 25 0 0 0 18 18 0 0 22 0 0 0 26 0 0 0 0 0 0 
0 0 0 24 27 0 0 0 0 18 0 0 23 0 1 0 0 0 0 0 0 23 0 0 0 8 0 2 0 0 0 11 0 0 0 0 0 0 0 0 
0 0 0 26 0 0 0 0 0 0 2 0 0 0 0 0 0 0 0 0 21 0 0 0 0 19 0 0 15 0 0 0 0 29 0 0 12 0 0 0 
0 0 0 16 3 10 0 0 0 15 0 0 0 14 0 0 0 0 0 0 0 17 0 0 0 22 10 0 0 0 7 0 0 0 0 0 0 22 0 0 
0 0 0 0 0 0 0 0 2 0 0 0 0 0 0 2 18 0 0 0 0 0 2 0 1 0 0 0 0 0 0 0 0 0 0 0 0 0 0 0 
0 0 0 0 0 0 0 0 0 0 0 0 0 0 0 0 0 0 0 0 0 0 0 0 0 0 5 0 0 0 0 0 3 0 15 0 0 0 0 0 
0 0 0 13 0 0 0 0 0 0 20 15 0 0 0 0 0 0 0 22 0 0 0 0 0 15 0 24 15 0 7 0 0 0 0 0 0 1 25 0 
0 26 0 0 0 0 0 0 0 14 0 0 0 16 0 19 0 0 0 0 5 9 25 23 0 0 0 0 0 0 0 0 0 1 0 0 15 0 0 0 
0 19 0 0 12 0 0 0 5 15 0 0 0 3 0 0 0 0 0 0 0 0 0 0 0 0 0 0 0 0 0 0 0 0 0 0 0 0 0 0 
2 0 0 0 15 0 0 15 0 0 17 0 0 4 0 0 4 0 0 0 0 0 11 0 0 15 0 0 15 0 0 0 0 0 13 24 0 0 0 0 
0 6 0 0 0 0 9 0 0 0 0 0 0 0 0 0 0 0 21 0 0 0 0 0 0 0 20 0 0 0 12 21 0 0 21 0 0 0 0 26 
0 0 0 0 26 0 0 0 0 0 5 0 0 0 0 0 0 0 24 0 0 0 0 0 0 0 0 0 0 0 0 0 0 0 0 0 1 0 0 0 
26 0 0 6 0 20 0 0 0 0 0 0 0 0 25 25 14 0 26 0 0 0 0 14 0 2 0 0 0 0 0 0 4 1 0 0 0 0 0 22 
0 0 0 0 0 1 0 0 0 21 0 0 0 0 0 0 0 0 21 0 0 0 0 0 0 8 0 1 0 0 0 0 0 0 0 0 23 10 16 0 
0 0 0 0 0 0 0 0 0 0 17 0 0 0 0 0 0 0 0 0 0 0 0 26 0 0 27 0 0 0 0 0 0 0 0 0 0 0 0 0 
22 0 2 8 12 0 18 0 0 0 13 0 3 0 0 0 5 0 0 18 0 0 0 0 0 7 0 0 13 0 0 4 0 0 0 0 0 0 0 0 
0 0 10 0 20 0 0 0 23 5 0 0 5 0 0 0 0 0 0 6 0 0 0 0 6 0 0 13 0 0 0 0 0 0 0 14 0 0 0 0 
0 7 0 0 0 0 0 2 0 0 0 10 0 0 0 0 0 9 0 0 0 0 13 2 0 10 0 0 0 20 0 0 0 0 0 0 0 20 0 0 
0 1 0 0 0 0 0 0 0 0 0 0 13 4 0 0 0 0 11 14 0 0 0 0 0 0 0 0 16 0 0 0 0 0 0 0 0 0 0 2 
0 0 0 0 0 20 0 0 0 5 0 10 0 0 0 0 0 0 0 4 0 2 0 20 0 0 7 0 0 0 9 0 0 0 24 0 0 0 0 0 
0 0 0 0 26 0 0 10 0 0 0 0 0 0 0 16 0 4 9 0 17 4 0 28 0 14 0 0 15 7 0 0 0 0 0 25 8 0 0 0 
0 0 0 0 0 0 0 0 0 0 0 21 0 0 0 0 0 0 0 0 0 0 0 6 4 0 13 0 0 0 0 0 0 0 0 0 0 0 0 2 
0 0 16 0 0 26 14 0 0 0 0 0 0 27 0 2 0 7 0 16 0 24 16 0 0 0 0 0 0 19 0 0 0 0 24 0 0 0 0 0 
