40

0 0 0 1 1 0 1 1 1 0 1 1 1 1 1 1 1 0 1 1 0 0 1 1 1 1 0 1 1 0 0 1 1 1 1 0 0 0 0 1 
0 0 1 1 1 0 1 1 1 0 0 1 1 0 0 1 1 0 1 1 1 0 1 1 0 0 0 0 1 0 0 1 0 1 1 0 1 1 0 0 
0 1 0 1 1 1 1 1 0 1 0 0 1 1 1 1 1 1 1 1 0 0 0 1 1 1 1 1 1 1 1 1 1 1 0 0 1 0 1 0 
1 1 1 0 1 1 1 0 1 0 0 0 0 1 1 1 0 1 1 1 1 1 1 1 1 1 0 1 1 1 1 1 0 1 1 0 1 0 0 1 
1 1 1 1 0 1 1 1 0 0 1 1 1 1 0 1 1 1 1 1 1 1 1 0 1 0 1 0 0 0 1 1 1 1 1 1 1 1 1 1 
0 0 1 1 1 0 0 1 0 0 0 0 1 0 1 1 0 0 1 0 1 1 0 1 0 1 1 1 1 1 0 1 1 0 0 1 0 1 1 1 
1 1 1 1 1 0 0 1 1 1 1 1 1 1 1 0 1 0 0 1 1 1 1 1 1 1 1 1 1 1 1 1 1 1 1 1 1 1 0 0 
1 1 1 0 1 1 1 0 1 0 1 1 1 1 0 0 1 0 0 0 1 1 0 1 1 1 1 0 1 1 0 0 0 1 1 0 0 1 0 0 
1 1 0 1 0 0 1 1 0 1 0 1 1 1 1 0 1 1 1 1 1 1 1 0 1 1 1 1 1 0 1 1 1 1 0 0 1 1 1 1 
0 0 1 0 0 0 1 0 1 0 1 1 0 0 1 1 1 0 0 1 1 1 0 1 0 1 0 1 1 0 1 1 1 1 1 1 1 1 1 0 
1 0 0 0 1 0 1 1 0 1 0 1 1 1 1 1 0 1 1 1 1 1 0 1 1 1 1 1 1 0 0 1 1 0 0 1 1 1 1 1 
1 1 0 0 1 0 1 1 1 1 1 0 0 0 1 0 1 0 1 1 1 0 1 1 1 1 1 0 0 0 0 1 0 1 1 0 1 1 0 0 
1 1 1 0 1 1 1 1 1 0 1 0 0 1 1 1 1 1 0 1 1 1 1 1 1 1 1 1 0 1 1 1 0 1 1 1 1 1 1 1 
1 0 1 1 1 0 1 1 1 0 1 0 1 0 1 0 1 0 1 1 0 0 1 1 1 1 0 1 0 1 1 0 1 1 0 0 0 1 1 1 
1 0 1 1 0 1 1 0 1 1 1 1 1 1 0 0 0 1 1 1 1 1 1 1 1 1 0 1 1 1 0 1 1 1 1 1 0 1 1 1 
1 1 1 1 1 1 0 0 0 1 1 0 1 0 0 0 1 1 0 1 1 1 1 0 0 1 1 1 1 0 0 1 0 1 0 0 1 1 1 1 
1 1 1 0 1 0 1 1 1 1 0 1 1 1 0 1 0 1 1 1 0 0 0 1 1 1 1 0 1 1 1 1 0 0 0 1 1 1 1 0 
0 0 1 1 1 0 0 0 1 0 1 0 1 0 1 1 1 0 0 1 1 0 0 1 1 1 1 0 1 1 1 1 1 0 0 1 1 1 1 1 
1 1 1 1 1 1 0 0 1 0 1 1 0 1 1 0 1 0 0 1 1 1 1 1 1 0 0 1 1 0 1 1 0 1 0 1 0 0 1 0 
1 1 1 1 1 0 1 0 1 1 1 1 1 1 1 1 1 1 1 0 0 1 1 1 0 1 0 1 0 1 1 1 1 0 1 1 1 1 1 1 
0 1 0 1 1 1 1 1 1 1 1 1 1 0 1 1 0 1 1 0 0 1 1 1 1 1 1 1 1 1 1 0 1 1 0 1 1 1 1 1 
0 0 0 1 1 1 1 1 1 1 1 0 1 0 1 1 0 0 1 1 1 0 1 1 1 1 0 1 1 0 0 1 1 1 0 0 0 1 1 0 
1 1 0 1 1 0 1 0 1 0 0 1 1 1 1 1 0 0 1 1 1 1 0 1 0 0 1 0 1 1 0 0 1 0 1 1 1 1 1 1 
1 1 1 1 0 1 1 1 0 1 1 1 1 1 1 0 1 1 1 1 1 1 1 0 0 0 0 1 1 1 1 0 0 1 1 1 1 1 1 1 
1 0 1 1 1 0 1 1 1 0 1 1 1 1 1 0 1 1 1 0 1 1 0 0 0 1 0 0 1 1 1 1 1 0 1 0 1 1 1 0 
1 0 1 1 0 1 1 1 1 1 1 1 1 1 1 1 1 1 0 1 1 1 0 0 1 0 0 1 1 1 1 1 1 1 1 1 0 1 1 0 
0 0 1 0 1 1 1 1 1 0 1 1 1 0 0 1 1 1 0 0 1 0 1 0 0 0 0 0 0 1 0 1 1 0 1 1 0 1 1 0 
1 0 1 1 0 1 1 0 1 1 1 0 1 1 1 1 0 0 1 1 1 1 0 1 0 1 0 0 1 1 1 1 1 0 1 1 1 1 0 1 
1 1 1 1 0 1 1 1 1 1 1 0 0 0 1 1 1 1 1 0 1 1 1 1 1 1 0 1 0 1 0 1 1 1 1 1 1 1 1 1 
0 0 1 1 0 1 1 1 0 0 0 0 1 1 1 0 1 1 0 1 1 0 1 1 1 1 1 1 1 0 0 0 1 1 0 0 1 0 1 0 
0 0 1 1 1 0 1 0 1 1 0 0 1 1 0 0 1 1 1 1 1 0 0 1 1 1 0 1 0 0 0 1 1 0 0 1 1 0 1 1 
1 1 1 1 1 1 1 0 1 1 1 1 1 0 1 1 1 1 1 1 0 1 0 0 1 1 1 1 1 0 1 0 0 0 1 1 0 0 1 0 
1 0 1 0 1 1 1 0 1 1 1 0 0 1 1 0 0 1 0 1 1 1 1 0 1 1 1 1 1 1 1 0 0 1 1 1 0 0 0 1 
1 1 1 1 1 0 1 1 1 1 0 1 1 1 1 1 0 0 1 0 1 1 0 1 0 1 0 0 1 1 0 0 1 0 1 0 0 1 0 0 
1 1 0 1 1 0 1 1 0 1 0 1 1 0 1 0 0 0 0 1 0 0 1 1 1 1 1 1 1 0 0 1 1 1 0 0 0 1 1 1 
0 0 0 0 1 1 1 0 0 1 1 0 1 0 1 0 1 1 1 1 1 0 1 1 0 1 1 1 1 0 1 1 1 0 0 0 1 1 1 0 
0 1 1 1 1 0 1 0 1 1 1 1 1 0 0 1 1 1 0 1 1 0 1 1 1 0 0 1 1 1 1 0 0 0 0 1 0 1 1 1 
0 1 0 0 1 1 1 1 1 1 1 1 1 1 1 1 1 1 0 1 1 1 1 1 1 1 1 1 1 0 0 0 0 1 1 1 1 0 1 1 
0 0 1 0 1 1 0 0 1 1 1 0 1 1 1 1 1 1 1 1 1 1 1 1 1 1 1 0 1 1 1 1 0 0 1 1 1 1 0 1 
1 0 0 1 1 1 0 0 1 0 1 0 1 1 1 1 0 1 0 1 1 0 1 1 0 0 0 1 1 0 1 0 1 0 1 0 1 1 1 0 

0 7 0 0 18 9 0 0 0 25 0 0 0 0 27 0 18 0 0 0 0 11 0 0 0 0 0 5 0 0 0 0 0 0 0 0 0 0 0 0 
17 0 0 0 16 0 22 0 0 24 0 0 0 7 25 0 0 0 0 0 0 0 22 0 4 0 0 4 0 0 0 0 0 0 0 27 0 0 0 0 
0 0 0 0 0 0 0 0 0 0 0 5 0 0 0 0 0 0 0 0 0 2 0 0 0 23 0 0 0 0 13 23 9 0 0 0 0 0 0 1 
20 0 0 0 0 0 6 0 0 0 0 0 0 0 0 0 0 0 1 5 20 4 0 0 16 0 0 0 15 0 18 3 0 12 0 13 0 0 5 0 
0 0 0 0 0 0 0 23 0 0 10 0 0 0 0 0 0 0 0 0 0 0 0 0 6 0 2 0 0 0 0 0 0 0 0 0 23 0 0 0 
0 0 0 0 0 0 25 0 0 0 0 0 0 0 0 0 0 0 0 0 21 0 0 0 20 0 1 0 0 0 0 0 0 0 0 0 0 0 0 0 
0 0 0 0 0 0 0 10 0 9 0 0 0 0 0 9 0 0 0 26 0 0 0 0 0 0 0 0 0 12 0 0 18 0 0 23 28 0 0 0 
0 0 0 0 0 0 10 0 0 0 0 17 21 0 9 7 16 0 0 0 0 0 0 0 0 0 0 0 0 0 0 0 0 0 0 24 0 0 0 0 
0 0 0 0 0 0 2 0 0 20 0 0 0 0 0 0 0 2 0 8 0 0 0 0 0 9 8 0 0 0 0 0 0 9 0 0 0 0 22 0 
0 0 0 0 10 0 0 0 0 0 0 0 0 0 9 0 0 0 0 0 0 0 0 7 0 0 0 0 0 9 18 0 0 0 0 0 8 0 0 13 
0 0 0 0 0 0 0 0 0 0 0 0 26 0 0 13 0 0 0 0 0 0 0 0 0 0 0 0 0 0 5 0 0 0 0 0 26 0 0 0 
0 0 0 0 11 0 0 0 0 0 24 0 2 0 0 0 0 0 24 0 0 0 0 0 0 0 0 0 0 0 0 0 0 9 4 0 15 26 21 0 
0 0 0 0 0 0 0 0 0 0 0 23 0 24 3 0 0 20 24 0 0 13 0 0 0 0 0 0 0 0 9 0 0 0 11 0 0 0 0 0 
0 0 0 0 9 16 24 0 0 0 11 0 0 0 10 0 0 0 0 0 0 0 9 0 0 15 0 0 17 18 0 22 0 0 0 17 0 0 0 0 
0 0 0 0 8 0 0 0 19 0 0 0 0 0 0 0 0 0 0 0 0 0 0 6 0 0 13 2 0 0 0 0 0 0 0 0 0 7 0 0 
0 0 0 0 18 0 7 0 0 0 24 7 0 0 0 0 0 0 25 0 0 24 0 0 0 14 0 0 0 9 0 0 0 0 0 0 0 0 0 20 
19 20 13 13 14 0 0 0 28 0 0 0 0 0 0 0 0 0 0 10 0 0 26 11 0 0 0 0 0 10 2 25 0 0 0 6 7 14 0 21 
0 0 0 1 0 0 0 0 0 0 0 0 0 0 11 0 0 0 15 0 0 0 0 0 0 0 0 2 0 0 0 0 0 0 0 0 0 0 0 0 
0 0 0 0 0 0 9 0 9 0 0 0 0 29 0 0 2 0 0 23 0 0 8 0 0 0 0 0 0 0 0 0 16 0 0 0 1 0 0 0 
20 0 0 0 26 0 0 20 0 15 0 0 0 15 0 1 0 0 0 0 0 0 0 0 0 24 0 0 0 0 11 27 0 0 9 0 27 0 0 0 
0 25 15 0 8 12 0 0 0 0 15 0 0 0 0 0 25 0 0 12 0 0 0 0 0 0 5 0 4 0 0 0 16 0 0 0 0 0 0 0 
0 0 0 0 17 0 0 0 0 0 0 0 14 25 0 0 0 0 11 17 0 0 0 0 14 0 27 0 0 0 21 4 0 17 0 0 0 0 0 0 
0 0 0 9 0 0 0 23 0 0 0 0 0 0 18 0 0 27 0 0 0 0 0 0 0 0 0 0 0 0 0 11 0 0 0 25 0 20 0 0 
20 0 0 0 0 27 0 0 0 0 0 0 0 0 0 0 0 13 13 0 9 0 0 0 0 0 0 0 0 7 0 0 0 8 0 10 0 16 0 0 
0 7 0 0 0 0 1 0 12 0 27 0 0 0 0 0 20 0 0 0 0 0 0 0 0 12 0 0 2 0 0 0 0 0 0 0 18 0 0 24 
0 0 0 8 0 18 0 6 0 2 8 0 0 0 0 0 0 0 0 0 0 0 0 0 0 0 16 0 0 0 0 0 0 0 0 22 0 0 3 0 
0 0 0 0 6 27 0 0 0 0 0 0 0 0 16 0 0 0 0 0 0 0 0 0 0 0 0 0 0 0 0 0 0 0 0 0 0 0 0 0 
0 0 0 0 0 0 0 0 22 0 0 0 0 6 0 0 0 0 0 2 0 0 12 0 0 0 0 0 0 23 0 0 0 24 0 0 0 0 0 0 
0 0 0 22 0 0 0 19 5 0 0 11 0 0 0 0 0 0 0 2 0 10 9 0 0 4 0 0 0 0 0 0 0 0 0 0 0 0 0 6 
16 0 4 0 0 0 0 11 0 0 0 0 0 0 7 2 22 0 0 0 0 0 0 0 0 0 19 0 0 0 0 22 7 0 0 0 0 16 1 0 
0 0 0 0 0 0 0 3 0 0 0 0 0 0 0 0 0 0 0 0 0 15 0 21 0 0 0 0 20 0 0 0 0 0 0 0 26 16 0 13 
26 0 0 7 13 0 0 28 24 0 0 0 0 11 9 0 0 0 0 0 0 0 4 0 0 0 0 0 0 0 0 0 6 0 17 28 0 0 0 0 
0 0 0 0 0 0 0 0 19 2 0 0 0 0 0 0 0 0 0 12 18 0 0 6 0 13 0 0 0 0 0 1 0 18 0 0 15 0 12 0 
19 0 1 24 0 0 0 22 0 0 0 0 0 0 9 0 0 0 0 0 0 13 29 0 0 0 0 0 0 0 0 0 0 0 0 0 0 0 11 0 
27 26 0 5 0 0 0 0 28 0 0 0 0 0 14 25 0 0 0 0 17 0 0 0 0 15 0 0 0 0 0 22 0 0 0 0 0 0 18 0 
0 0 0 11 0 0 0 0 0 0 17 3 0 0 0 0 0 0 0 0 0 0 0 2 0 0 0 0 0 19 0 0 0 0 0 0 0 0 0 10 
0 0 0 0 0 9 0 0 0 10 0 0 18 0 0 0 0 26 0 0 0 0 0 26 0 0 17 9 0 0 0 7 0 0 0 0 0 0 28 0 
19 0 0 0 0 0 22 0 0 0 0 0 0 0 0 0 0 0 0 0 0 0 0 0 2 0 0 0 0 0 18 25 0 6 0 0 0 0 0 0 
0 0 0 0 0 19 3 0 0 0 0 0 0 0 0 11 20 0 0 0 0 0 0 0 24 0 0 0 21 0 0 0 0 0 0 0 0 0 0 0 
0 0 0 0 0 0 0 0 0 0 0 0 14 7 0 15 0 0 0 0 0 0 18 18 28 4 0 0 0 0 3 15 0 2 0 0 0 0 17 0 
