40

0 1 0 1 1 1 0 1 1 0 1 0 0 0 1 1 0 1 0 1 1 1 1 0 0 0 1 1 0 1 0 1 0 0 1 0 0 0 1 1 
1 0 1 0 1 0 1 1 1 1 0 0 0 1 0 1 1 0 1 0 1 0 0 1 0 1 1 1 1 1 1 1 0 1 1 0 1 1 1 1 
0 1 0 1 1 1 1 0 1 1 1 1 1 0 1 0 0 1 1 1 0 0 1 0 0 1 1 1 1 0 0 1 0 1 0 0 1 0 0 0 
1 0 1 0 1 1 1 1 0 1 1 0 1 0 1 0 1 1 1 0 1 1 1 1 0 0 1 0 1 0 0 1 0 1 1 0 1 1 1 0 
1 1 1 1 0 0 0 1 0 1 1 1 1 1 1 1 0 1 1 1 0 0 0 1 0 1 1 1 0 0 0 0 1 1 1 1 1 1 0 0 
1 0 1 1 0 0 1 1 1 1 1 0 1 0 1 1 0 0 0 1 1 0 1 1 1 1 1 0 1 0 1 1 0 1 1 1 1 0 1 1 
0 1 1 1 0 1 0 1 1 1 0 0 1 1 0 1 0 0 1 1 1 1 0 0 0 0 1 0 1 0 0 0 1 0 1 1 1 1 1 1 
1 1 0 1 1 1 1 0 1 1 1 1 1 1 0 1 1 1 0 1 0 1 1 0 0 1 0 0 1 0 1 1 0 1 0 1 1 1 0 1 
1 1 1 0 0 1 1 1 0 0 1 0 0 1 1 1 0 0 1 1 1 0 1 0 0 1 1 1 1 1 1 1 0 0 1 1 1 0 1 0 
0 1 1 1 1 1 1 1 0 0 1 0 0 0 0 0 0 0 1 1 1 0 1 0 0 1 0 1 1 1 0 0 1 1 1 1 0 1 0 1 
1 0 1 1 1 1 0 1 1 1 0 1 1 1 0 1 0 0 1 1 1 0 1 1 0 1 1 1 0 0 0 1 1 0 1 1 1 0 1 0 
0 0 1 0 1 0 0 1 0 0 1 0 0 1 1 1 1 0 1 1 1 1 0 0 0 0 1 1 1 0 0 0 1 1 1 0 1 1 0 0 
0 0 1 1 1 1 1 1 0 0 1 0 0 0 1 1 0 1 1 1 1 1 0 0 1 1 1 1 0 1 0 1 1 0 1 1 1 1 0 0 
0 1 0 0 1 0 1 1 1 0 1 1 0 0 1 1 1 0 1 0 0 0 0 1 1 0 0 0 0 0 0 0 1 1 0 1 1 1 1 0 
1 0 1 1 1 1 0 0 1 0 0 1 1 1 0 1 1 0 1 0 0 1 1 1 1 1 1 1 1 0 1 1 1 1 0 1 1 0 1 1 
1 1 0 0 1 1 1 1 1 0 1 1 1 1 1 0 1 1 1 1 0 0 1 1 0 0 1 1 1 1 1 1 1 1 1 1 0 0 1 0 
0 1 0 1 0 0 0 1 0 0 0 1 0 1 1 1 0 0 0 1 0 1 1 1 0 1 0 1 0 1 0 1 1 0 0 1 1 1 1 0 
1 0 1 1 1 0 0 1 0 0 0 0 1 0 0 1 0 0 0 1 0 1 1 0 0 0 1 0 1 1 1 0 1 1 1 1 1 1 1 0 
0 1 1 1 1 0 1 0 1 1 1 1 1 1 1 1 0 0 0 0 1 1 1 1 1 1 0 1 1 1 1 0 1 0 1 1 0 0 0 1 
1 0 1 0 1 1 1 1 1 1 1 1 1 0 0 1 1 1 0 0 1 0 1 0 1 1 1 0 0 1 0 1 1 1 0 0 1 1 0 1 
1 1 0 1 0 1 1 0 1 1 1 1 1 0 0 0 0 0 1 1 0 1 1 0 1 1 1 1 1 1 0 1 0 0 1 0 0 1 1 1 
1 0 0 1 0 0 1 1 0 0 0 1 1 0 1 0 1 1 1 0 1 0 1 1 1 1 1 1 0 0 1 0 0 1 1 1 1 1 0 1 
1 0 1 1 0 1 0 1 1 1 1 0 0 0 1 1 1 1 1 1 1 1 0 0 1 0 0 1 1 0 0 0 1 1 1 0 1 0 1 1 
0 1 0 1 1 1 0 0 0 0 1 0 0 1 1 1 1 0 1 0 0 1 0 0 0 1 1 0 1 1 0 1 0 1 0 0 0 1 0 1 
0 0 0 0 0 1 0 0 0 0 0 0 1 1 1 0 0 0 1 1 1 1 1 0 0 1 0 1 1 0 1 1 1 0 0 0 0 0 1 1 
0 1 1 0 1 1 0 1 1 1 1 0 1 0 1 0 1 0 1 1 1 1 0 1 1 0 1 1 1 0 0 0 0 1 1 1 1 0 0 1 
1 1 1 1 1 1 1 0 1 0 1 1 1 0 1 1 0 1 0 1 1 1 0 1 0 1 0 1 1 1 1 1 1 1 0 1 1 0 1 1 
1 1 1 0 1 0 0 0 1 1 1 1 1 0 1 1 1 0 1 0 1 1 1 0 1 1 1 0 1 1 0 0 1 1 1 0 0 0 0 0 
0 1 1 1 0 1 1 1 1 1 0 1 0 0 1 1 0 1 1 0 1 0 1 1 1 1 1 1 0 1 0 1 1 1 0 1 1 1 0 1 
1 1 0 0 0 0 0 0 1 1 0 0 1 0 0 1 1 1 1 1 1 0 0 1 0 0 1 1 1 0 0 1 1 0 1 1 1 0 0 0 
0 1 0 0 0 1 0 1 1 0 0 0 0 0 1 1 0 1 1 0 0 1 0 0 1 0 1 0 0 0 0 1 1 1 1 1 1 1 1 0 
1 1 1 1 0 1 0 1 1 0 1 0 1 0 1 1 1 0 0 1 1 0 0 1 1 0 1 0 1 1 1 0 1 1 0 1 1 1 0 1 
0 0 0 0 1 0 1 0 0 1 1 1 1 1 1 1 1 1 1 1 0 0 1 0 1 0 1 1 1 1 1 1 0 1 1 0 0 1 1 0 
0 1 1 1 1 1 0 1 0 1 0 1 0 1 1 1 0 1 0 1 0 1 1 1 0 1 1 1 1 0 1 1 1 0 1 1 1 1 0 0 
1 1 0 1 1 1 1 0 1 1 1 1 1 0 0 1 0 1 1 0 1 1 1 0 0 1 0 1 0 1 1 0 1 1 0 1 1 1 1 1 
0 0 0 0 1 1 1 1 1 1 1 0 1 1 1 1 1 1 1 0 0 1 0 0 0 1 1 0 1 1 1 1 0 1 1 0 1 0 1 1 
0 1 1 1 1 1 1 1 1 0 1 1 1 1 1 0 1 1 0 1 0 1 1 0 0 1 1 0 1 1 1 1 0 1 1 1 0 1 1 1 
0 1 0 1 1 0 1 1 0 1 0 1 1 1 0 0 1 1 0 1 1 1 0 1 0 0 0 0 1 0 1 1 1 1 1 0 1 0 1 0 
1 1 0 1 0 1 1 0 1 0 1 0 0 1 1 1 1 1 0 0 1 0 1 0 1 0 1 0 0 0 1 0 1 0 1 1 1 1 0 0 
1 1 0 0 0 1 1 1 0 1 0 0 0 0 1 0 0 0 1 1 1 1 1 1 1 1 1 0 1 0 0 1 0 0 1 1 1 0 0 0 

0 0 0 0 23 0 0 0 0 0 0 0 15 0 0 24 0 0 0 17 17 0 0 0 0 3 0 0 15 0 9 0 0 27 0 0 0 24 0 0 
0 0 27 0 0 0 0 18 4 0 0 0 12 12 0 0 0 0 0 14 0 0 0 16 0 0 0 15 0 0 0 0 0 0 0 20 0 0 0 0 
0 2 0 0 0 0 0 11 22 17 0 0 0 10 0 0 2 0 0 0 0 0 0 0 0 0 0 0 0 0 16 0 0 0 0 0 0 0 5 0 
14 0 0 0 4 4 22 0 15 0 0 0 0 23 0 0 8 26 0 0 0 3 0 0 27 0 0 0 0 0 22 0 0 0 0 22 0 11 0 12 
0 0 0 0 0 0 0 0 0 0 0 0 0 1 0 0 0 0 0 0 5 0 29 0 0 0 0 0 0 0 0 0 0 28 0 19 28 15 0 0 
0 0 0 0 0 0 19 0 0 0 0 0 0 0 0 24 0 0 0 0 0 0 11 0 0 0 0 15 0 0 0 13 25 7 1 0 0 0 0 0 
0 0 29 0 0 0 0 0 0 0 0 0 0 0 0 0 0 0 0 0 0 0 0 0 0 0 0 18 0 0 0 0 0 0 8 0 0 0 0 14 
0 0 0 0 0 15 0 0 0 0 0 0 0 13 0 0 0 0 0 0 0 0 0 0 0 0 0 0 0 0 0 0 0 0 0 0 0 0 15 0 
22 0 0 0 0 0 0 0 0 0 13 25 0 0 0 0 0 0 0 3 22 0 0 0 0 29 0 0 0 0 0 0 0 0 0 0 29 0 0 28 
0 0 0 0 0 5 0 0 0 0 0 0 0 29 0 0 0 0 0 0 0 0 10 0 0 0 0 0 21 0 0 0 0 0 0 0 0 27 26 0 
0 0 16 0 22 4 0 0 0 0 0 0 12 1 0 15 0 0 0 1 0 25 19 0 0 0 13 0 0 0 0 0 0 0 14 0 0 0 1 0 
0 22 0 22 0 28 0 0 0 3 0 0 0 0 0 0 20 0 17 0 0 0 0 0 0 0 5 0 0 0 0 0 15 0 0 0 0 0 25 0 
0 0 0 27 0 0 20 0 17 0 26 0 0 0 16 0 0 5 0 15 0 14 0 0 0 0 0 0 0 1 0 0 0 0 0 0 0 7 2 0 
0 0 0 29 5 0 0 0 0 0 0 0 0 0 27 0 0 0 0 0 0 0 1 0 0 19 0 0 0 0 0 0 0 0 0 6 0 0 0 10 
16 0 0 0 0 0 0 0 0 0 0 21 0 0 0 0 0 26 0 5 0 14 0 0 0 0 9 0 0 0 10 0 0 0 18 12 25 0 0 26 
1 0 6 0 0 0 0 0 0 0 15 0 0 29 0 0 0 2 1 0 0 0 14 1 0 6 0 0 0 0 24 0 10 0 0 0 18 0 0 0 
0 0 3 0 0 19 0 24 0 24 0 0 0 17 0 0 0 0 0 12 0 0 0 0 2 0 24 4 0 0 0 0 0 0 0 0 0 0 0 0 
14 0 0 16 0 0 23 0 0 8 3 0 0 0 0 0 0 0 0 13 9 0 0 0 0 0 3 0 0 0 0 0 0 0 0 26 0 0 14 8 
0 0 0 0 0 0 0 0 25 0 0 11 15 10 0 0 0 0 0 0 19 0 0 0 2 0 0 6 0 0 0 0 0 0 0 22 0 27 0 0 
0 0 13 0 0 0 0 18 10 26 15 0 0 0 0 28 0 0 0 0 0 0 0 0 0 8 0 0 0 0 27 0 0 0 1 0 0 0 0 22 
0 0 0 14 0 0 0 0 0 0 0 0 0 0 0 0 0 0 0 0 0 30 0 0 0 0 0 28 0 0 0 0 0 0 12 20 0 0 5 0 
0 10 0 2 0 0 0 0 27 0 0 0 0 0 6 0 0 0 0 16 0 0 0 0 0 0 0 10 0 0 8 0 0 0 0 0 0 0 0 0 
0 7 0 0 0 0 0 0 0 0 0 0 0 25 0 0 0 0 0 3 0 26 0 0 0 0 25 0 11 28 0 22 0 19 0 0 0 0 0 0 
0 0 18 0 0 0 0 0 0 0 0 0 0 0 0 0 0 0 0 0 0 0 0 0 0 0 0 26 0 0 0 0 0 6 0 0 27 0 0 25 
0 0 0 0 0 6 0 0 0 1 0 0 22 0 0 0 0 27 0 0 29 0 0 8 0 0 0 0 0 1 0 7 0 0 0 0 4 0 0 0 
0 0 0 0 0 0 0 0 0 0 0 0 0 16 0 4 0 0 0 27 0 0 0 0 0 0 19 0 0 24 19 0 23 28 0 0 30 0 0 0 
0 0 0 0 0 0 0 2 0 0 0 0 26 0 18 0 0 0 0 0 0 0 0 0 0 0 0 0 0 0 0 0 0 0 0 12 0 0 0 0 
18 0 0 0 0 0 0 0 0 0 0 0 0 0 0 0 16 2 0 0 0 0 0 0 0 0 0 0 0 4 0 0 0 0 0 0 0 2 23 0 
0 0 24 0 0 0 0 5 0 16 0 0 0 0 0 0 0 0 0 0 0 0 0 22 0 0 0 12 0 0 0 0 0 0 0 0 0 0 0 0 
0 23 3 0 17 13 0 0 0 28 0 0 10 0 0 0 0 0 0 0 0 0 0 0 0 0 0 0 0 0 1 0 0 0 0 0 0 0 11 0 
0 0 0 0 8 0 5 0 0 0 0 17 0 0 0 0 0 0 0 0 0 0 1 0 0 0 12 26 0 0 0 0 0 0 0 0 7 0 0 0 
0 0 12 0 0 0 0 0 0 0 0 0 0 0 0 0 0 0 0 0 0 0 0 0 0 0 0 0 0 15 0 0 0 0 0 0 12 29 0 4 
8 0 0 0 4 0 0 0 0 0 9 0 4 1 0 0 0 0 0 0 0 0 0 15 0 0 0 0 0 0 16 0 0 0 0 16 0 11 0 0 
0 0 3 0 0 0 0 24 10 0 0 0 0 0 0 0 0 0 0 0 0 0 0 24 0 0 0 0 0 0 0 0 0 0 0 0 0 1 0 0 
0 3 0 19 0 27 0 0 0 0 0 0 0 2 0 0 1 0 0 0 0 19 0 11 0 0 0 0 26 0 15 0 0 0 0 0 10 0 0 0 
0 0 0 0 0 0 0 0 0 24 8 0 16 0 0 0 0 0 0 3 0 0 21 0 0 0 0 0 0 0 0 0 0 0 0 0 0 0 0 0 
0 5 23 0 0 0 0 0 0 0 0 0 10 0 0 0 10 0 0 29 0 0 0 0 24 0 0 0 0 0 0 0 0 0 25 0 0 4 0 0 
13 0 0 0 0 0 0 0 0 0 16 0 0 18 0 0 0 0 0 0 0 0 0 4 0 0 0 0 0 7 0 0 0 0 0 0 0 0 0 0 
0 0 0 0 0 5 0 0 0 13 4 20 0 0 0 0 0 9 0 18 0 0 0 4 0 0 0 0 0 0 5 0 24 0 28 10 0 0 0 0 
0 22 0 0 0 0 0 4 0 25 0 24 0 0 0 0 0 0 0 0 4 0 18 0 0 4 0 0 0 0 0 0 0 0 13 0 1 1 0 0 
