40

0 0 0 0 0 1 1 0 0 0 1 1 0 0 1 1 0 0 0 1 0 0 0 0 0 0 0 0 0 0 0 1 0 1 0 0 0 0 0 0 
0 0 0 1 0 0 1 0 0 1 0 1 0 1 0 0 1 0 0 0 0 0 0 0 1 0 1 0 1 0 0 0 0 0 0 1 0 0 0 0 
0 0 0 0 0 0 1 0 0 0 0 1 0 0 0 0 1 0 1 1 0 0 0 0 0 0 1 0 1 1 1 1 1 0 1 1 0 0 0 1 
0 1 0 0 0 0 1 1 0 0 0 0 0 0 0 0 1 1 0 0 1 0 0 1 0 1 0 0 0 1 1 1 1 1 0 0 0 1 0 0 
0 0 0 0 0 1 0 1 0 0 1 0 0 1 0 1 0 1 1 0 0 0 0 1 1 0 0 0 1 0 1 1 0 1 1 0 1 0 0 0 
1 0 0 0 1 0 0 0 0 1 0 0 0 1 1 0 0 0 0 0 0 1 0 0 0 1 1 1 0 1 0 0 0 1 0 0 0 1 0 0 
1 1 1 1 0 0 0 1 0 0 0 1 0 0 0 0 1 0 1 0 1 0 0 0 0 0 0 0 1 0 0 0 0 1 0 1 1 0 0 0 
0 0 0 1 1 0 1 0 0 1 0 0 0 1 0 0 0 1 0 0 1 0 0 0 1 1 1 0 0 1 0 1 0 1 0 0 0 0 0 0 
0 0 0 0 0 0 0 0 0 0 0 1 0 0 0 0 1 1 0 0 0 0 1 0 0 1 0 0 0 0 1 0 1 1 0 1 0 1 0 0 
0 1 0 0 0 1 0 1 0 0 0 1 0 0 0 1 1 1 0 0 1 0 1 0 1 0 0 1 0 0 0 0 0 0 0 0 0 0 1 0 
1 0 0 0 1 0 0 0 0 0 0 0 1 1 0 1 0 0 0 0 0 0 1 0 0 1 1 1 1 1 0 0 0 0 0 0 1 0 1 0 
1 1 1 0 0 0 1 0 1 1 0 0 0 0 0 0 1 1 0 0 0 1 0 0 0 0 1 0 0 0 0 0 0 1 0 0 1 0 0 0 
0 0 0 0 0 0 0 0 0 0 1 0 0 0 1 1 0 0 0 0 0 0 0 0 0 1 1 0 0 0 0 0 0 1 0 0 0 0 0 0 
0 1 0 0 1 1 0 1 0 0 1 0 0 0 0 0 1 0 1 0 1 0 1 0 0 1 1 0 0 0 1 0 0 0 0 0 1 1 0 0 
1 0 0 0 0 1 0 0 0 0 0 0 1 0 0 1 0 0 0 0 0 0 1 0 1 0 1 0 0 0 0 1 1 0 0 0 1 1 1 1 
1 0 0 0 1 0 0 0 0 1 1 0 1 0 1 0 0 0 1 0 0 1 0 0 0 1 1 1 1 0 1 1 1 1 0 0 0 0 1 0 
0 1 1 1 0 0 1 0 1 1 0 1 0 1 0 0 0 1 0 0 0 0 1 0 0 0 0 0 0 0 0 1 0 0 0 0 1 0 0 0 
0 0 0 1 1 0 0 1 1 1 0 1 0 0 0 0 1 0 0 0 0 1 1 1 0 0 0 1 0 0 1 1 0 0 0 1 0 0 1 0 
0 0 1 0 1 0 1 0 0 0 0 0 0 1 0 1 0 0 0 1 0 0 0 0 0 1 0 1 0 0 0 0 0 1 0 1 0 0 0 0 
1 0 1 0 0 0 0 0 0 0 0 0 0 0 0 0 0 0 1 0 1 1 0 0 0 0 0 0 0 0 0 0 1 0 0 0 0 0 0 0 
0 0 0 1 0 0 1 1 0 1 0 0 0 1 0 0 0 0 0 1 0 1 0 0 0 0 0 1 1 1 0 0 1 0 0 0 0 0 0 1 
0 0 0 0 0 1 0 0 0 0 0 1 0 0 0 1 0 1 0 1 1 0 0 0 1 0 1 0 0 0 0 1 0 1 0 1 1 0 0 0 
0 0 0 0 0 0 0 0 1 1 1 0 0 1 1 0 1 1 0 0 0 0 0 0 0 1 0 0 0 1 0 0 0 0 0 1 1 0 1 1 
0 0 0 1 1 0 0 0 0 0 0 0 0 0 0 0 0 1 0 0 0 0 0 0 0 0 0 1 0 0 1 0 1 1 0 1 0 1 1 0 
0 1 0 0 1 0 0 1 0 1 0 0 0 0 1 0 0 0 0 0 0 1 0 0 0 0 0 0 1 0 0 0 0 0 0 1 1 1 0 1 
0 0 0 1 0 1 0 1 1 0 1 0 1 1 0 1 0 0 1 0 0 0 1 0 0 0 1 0 0 1 0 0 0 0 0 1 0 1 0 1 
0 1 1 0 0 1 0 1 0 0 1 1 1 1 1 1 0 0 0 0 0 1 0 0 0 1 0 0 0 0 1 0 0 0 0 0 0 0 1 0 
0 0 0 0 0 1 0 0 0 1 1 0 0 0 0 1 0 1 1 0 1 0 0 1 0 0 0 0 0 0 1 0 0 1 0 1 0 0 0 0 
0 1 1 0 1 0 1 0 0 0 1 0 0 0 0 1 0 0 0 0 1 0 0 0 1 0 0 0 0 0 0 0 1 0 1 0 0 0 0 0 
0 0 1 1 0 1 0 1 0 0 1 0 0 0 0 0 0 0 0 0 1 0 1 0 0 1 0 0 0 0 1 0 0 0 1 1 0 0 0 0 
0 0 1 1 1 0 0 0 1 0 0 0 0 1 0 1 0 1 0 0 0 0 0 1 0 0 1 1 0 1 0 0 1 0 1 0 0 0 1 0 
1 0 1 1 1 0 0 1 0 0 0 0 0 0 1 1 1 1 0 0 0 1 0 0 0 0 0 0 0 0 0 0 1 0 0 0 0 0 0 0 
0 0 1 1 0 0 0 0 1 0 0 0 0 0 1 1 0 0 0 1 1 0 0 1 0 0 0 0 1 0 1 1 0 1 0 1 0 0 1 1 
1 0 0 1 1 1 1 1 1 0 0 1 1 0 0 1 0 0 1 0 0 1 0 1 0 0 0 1 0 0 0 0 1 0 1 0 0 1 0 0 
0 0 1 0 1 0 0 0 0 0 0 0 0 0 0 0 0 0 0 0 0 0 0 0 0 0 0 0 1 1 1 0 0 1 0 0 0 1 0 0 
0 1 1 0 0 0 1 0 1 0 0 0 0 0 0 0 0 1 1 0 0 1 1 1 1 1 0 1 0 1 0 0 1 0 0 0 1 0 0 0 
0 0 0 0 1 0 1 0 0 0 1 1 0 1 1 0 1 0 0 0 0 1 1 0 1 0 0 0 0 0 0 0 0 0 0 1 0 1 0 0 
0 0 0 1 0 1 0 0 1 0 0 0 0 1 1 0 0 0 0 0 0 0 0 1 1 1 0 0 0 0 0 0 0 1 1 0 1 0 0 1 
0 0 0 0 0 0 0 0 0 1 1 0 0 0 1 1 0 1 0 0 0 0 1 1 0 0 1 0 0 0 1 0 1 0 0 0 0 0 0 1 
0 0 1 0 0 0 0 0 0 0 0 0 0 0 1 0 0 0 0 0 1 0 1 0 1 1 0 0 0 0 0 0 1 0 0 0 0 1 1 0 

0 0 0 0 0 0 0 0 0 0 18 0 0 0 0 12 0 0 0 0 0 0 0 0 0 0 0 0 0 0 0 0 12 0 0 0 0 0 0 2 
0 0 0 15 0 6 0 0 0 0 0 0 0 0 0 0 0 0 0 0 0 0 0 0 0 0 20 7 0 0 0 0 0 0 0 0 0 0 0 0 
0 0 0 0 0 11 0 0 0 0 0 0 0 0 0 5 0 0 0 2 0 0 0 0 0 0 0 0 0 0 16 0 0 0 0 11 0 0 0 0 
0 0 0 0 0 0 0 0 0 8 0 0 0 0 0 0 0 0 0 4 0 0 19 2 0 6 19 2 0 0 0 0 0 0 0 0 0 0 5 5 
0 0 0 0 0 0 0 0 4 2 0 0 0 21 0 0 0 2 1 1 0 5 20 0 0 0 0 2 0 1 14 0 0 0 5 9 22 0 0 0 
0 0 0 0 0 0 0 7 19 0 15 17 0 0 0 20 0 12 0 0 0 0 0 0 10 0 0 0 1 0 2 0 0 0 0 0 0 0 0 0 
0 6 0 0 0 14 0 0 0 17 0 0 11 0 0 0 0 0 21 0 0 21 0 0 0 0 0 0 0 20 0 0 0 0 0 0 2 0 4 0 
0 2 0 0 0 0 14 0 0 9 0 21 0 0 0 18 0 0 11 1 0 17 0 18 0 0 0 0 0 0 0 0 0 0 14 20 0 0 0 17 
0 0 0 0 0 0 0 0 0 0 0 0 0 0 0 19 0 0 10 9 0 6 20 0 0 0 0 5 0 0 0 0 16 7 0 0 0 0 0 20 
0 0 0 0 5 7 13 0 0 0 0 0 0 11 2 0 0 0 0 0 0 0 0 0 0 0 0 0 0 0 7 0 0 0 0 0 0 0 0 0 
0 15 0 0 3 8 0 9 13 0 0 8 0 0 19 0 0 1 0 0 0 16 0 18 0 0 0 0 0 0 0 0 0 0 6 11 1 0 11 0 
0 0 1 10 0 0 18 0 0 10 0 0 0 0 0 0 0 0 0 0 0 10 0 0 0 3 0 0 0 0 0 0 19 2 16 0 0 8 0 0 
0 0 11 0 0 0 19 5 3 0 0 0 0 16 0 0 0 0 0 0 0 0 0 0 0 0 0 0 0 0 0 0 0 0 0 0 7 0 0 5 
0 0 0 0 0 15 0 0 0 0 0 0 0 0 0 13 0 0 0 9 0 0 0 0 0 0 0 0 0 9 0 0 0 2 7 0 0 0 0 0 
0 13 6 0 0 0 16 2 0 0 0 0 0 1 0 4 20 0 14 0 0 0 0 0 10 0 0 0 0 0 0 0 0 0 0 0 0 0 0 0 
0 0 0 13 0 0 12 0 0 0 1 0 15 0 9 0 0 0 0 0 0 17 10 0 0 0 0 0 0 0 0 0 16 0 0 0 3 0 0 0 
0 0 0 0 0 0 0 0 0 0 0 0 5 0 0 20 0 0 0 0 0 7 0 0 0 0 0 0 0 0 18 0 0 0 0 0 0 9 0 3 
0 7 0 0 0 0 0 0 0 0 0 0 0 0 0 0 0 0 0 0 0 0 0 0 10 0 0 0 0 10 15 18 0 1 10 0 0 0 0 0 
6 0 0 0 0 0 0 0 0 0 0 13 17 0 0 7 17 0 0 0 0 6 0 0 0 0 10 0 0 1 0 0 0 0 0 0 0 12 0 10 
0 0 0 0 0 0 0 0 0 0 0 0 0 0 0 0 0 0 12 0 0 9 0 0 0 0 16 0 0 9 0 0 0 0 0 0 0 0 0 0 
0 0 0 5 0 0 0 0 0 0 0 0 9 0 16 0 21 0 18 0 0 0 0 0 8 0 0 16 0 0 0 0 0 0 16 0 16 0 0 17 
0 0 0 0 0 0 0 0 0 0 0 0 0 0 0 0 0 0 0 0 18 0 0 0 0 0 0 0 0 0 19 0 0 0 0 0 0 3 0 0 
0 0 0 0 0 0 0 0 13 0 0 0 8 0 12 0 0 0 0 0 0 0 0 16 0 0 0 0 0 0 0 0 0 18 0 0 0 0 0 0 
0 0 0 0 0 0 0 13 0 0 0 0 0 0 0 0 0 0 19 0 0 0 0 0 0 0 0 0 0 0 0 0 17 0 0 0 0 9 0 0 
0 0 0 0 0 5 6 0 0 0 10 0 22 0 14 0 0 0 0 0 0 0 0 0 0 0 0 8 0 0 19 0 2 0 0 0 0 0 0 0 
0 0 0 0 0 0 0 0 0 0 16 0 6 0 0 0 0 0 0 0 11 1 0 0 8 0 14 0 21 0 1 0 0 1 18 0 0 0 0 8 
0 0 0 0 0 0 0 0 0 0 0 11 0 0 2 0 0 11 0 0 0 0 0 0 0 0 0 0 2 0 0 0 0 0 15 0 0 19 0 0 
0 0 0 0 0 0 0 0 0 0 0 0 0 10 18 0 0 6 0 4 0 0 0 0 0 0 0 0 0 0 0 0 7 0 0 0 0 0 5 0 
3 0 0 17 0 0 0 0 0 0 0 0 9 13 0 0 0 14 0 10 0 0 0 0 0 9 0 0 0 0 0 15 0 0 0 0 0 0 0 0 
0 0 0 0 0 0 0 0 0 0 0 0 0 15 0 0 18 0 0 0 0 0 7 3 4 0 0 0 0 0 0 0 0 0 0 0 0 0 0 0 
0 16 0 0 16 0 0 17 9 0 0 0 0 0 1 0 0 0 0 3 0 0 12 0 0 0 0 0 0 0 0 5 0 0 0 0 0 0 0 0 
0 13 0 0 0 0 0 16 7 6 0 0 0 0 0 0 0 0 0 0 0 0 0 0 0 0 0 0 0 1 0 0 0 0 0 0 0 0 0 0 
5 0 0 0 0 16 0 3 0 0 0 0 0 0 0 0 0 0 0 2 11 15 0 0 0 0 0 0 0 17 0 0 0 0 0 0 0 0 0 0 
0 0 10 0 0 0 0 3 2 0 0 0 0 0 0 0 0 0 0 0 0 0 0 0 0 7 0 7 0 0 2 4 0 0 2 0 0 0 0 0 
17 18 0 0 1 0 3 0 0 0 0 0 0 0 0 0 13 0 0 18 0 0 0 21 0 0 14 0 0 0 0 3 0 0 0 0 0 0 0 0 
0 0 0 0 0 0 20 0 5 0 0 0 0 17 0 0 0 4 0 0 0 0 0 0 0 0 0 16 0 0 0 11 0 0 0 0 0 0 0 0 
0 0 0 0 0 0 0 0 0 0 22 0 13 0 0 13 0 0 0 0 20 0 0 0 0 0 0 1 6 0 0 10 0 0 0 1 0 0 0 0 
0 19 0 0 0 0 0 0 0 0 0 19 0 0 0 0 10 0 0 0 0 0 0 1 8 2 0 0 0 0 0 0 0 0 0 0 0 0 0 0 
0 0 0 15 0 0 0 0 0 0 0 0 15 0 13 0 0 0 0 13 0 0 0 0 0 0 0 0 0 0 0 0 0 0 0 0 1 0 0 0 
0 0 0 0 0 0 0 0 12 0 7 0 0 0 0 0 0 1 0 0 0 0 0 8 0 10 0 21 11 0 21 0 0 0 0 0 0 2 0 0 
