40

0 0 1 1 0 0 1 0 0 1 0 0 0 1 0 1 1 0 0 1 0 1 1 0 0 1 0 0 0 0 0 1 1 0 0 1 0 1 0 0 
0 0 0 1 0 1 1 1 0 0 0 0 0 1 0 1 0 1 1 0 0 0 0 1 0 0 1 0 1 0 0 1 0 1 0 0 0 0 0 0 
1 0 0 0 1 1 1 0 1 1 1 1 0 1 0 1 0 0 0 0 0 1 1 0 0 1 0 1 0 0 0 1 0 0 1 0 1 0 0 0 
1 1 0 0 1 0 0 0 0 0 0 0 1 0 1 0 0 1 0 1 0 0 1 0 0 1 0 1 0 0 1 0 0 1 1 0 0 1 0 1 
0 0 1 1 0 1 1 0 0 1 0 0 0 1 0 1 1 1 1 0 1 1 0 0 0 0 1 0 0 0 0 0 1 0 0 1 1 1 0 0 
0 1 1 0 1 0 0 0 1 0 1 1 1 0 0 0 1 1 1 1 0 1 1 0 1 0 0 0 0 1 0 0 0 0 0 0 0 0 0 1 
1 1 1 0 1 0 0 0 0 1 1 0 0 1 1 1 1 0 1 0 1 0 0 0 0 0 1 0 0 0 0 0 1 0 0 1 0 0 0 0 
0 1 0 0 0 0 0 0 0 0 0 1 0 0 0 0 0 0 0 1 1 1 1 1 1 1 0 0 1 0 0 0 1 0 1 0 0 1 1 1 
0 0 1 0 0 1 0 0 0 0 0 1 0 0 1 1 1 1 0 1 1 0 0 0 0 1 0 1 1 0 1 1 1 0 0 1 1 1 1 0 
1 0 1 0 1 0 1 0 0 0 0 0 0 0 0 1 1 0 1 0 0 0 1 0 0 1 0 1 1 0 1 0 0 1 0 1 1 1 1 0 
0 0 1 0 0 1 1 0 0 0 0 0 1 1 0 1 0 1 0 1 0 1 0 0 0 1 1 1 1 1 1 1 0 0 0 1 1 1 0 0 
0 0 1 0 0 1 0 1 1 0 0 0 1 1 1 1 1 0 0 1 1 1 0 1 1 0 0 0 0 0 0 0 0 1 1 1 0 0 0 0 
0 0 0 1 0 1 0 0 0 0 1 1 0 1 0 1 0 1 0 0 1 1 0 1 1 1 0 1 1 0 0 1 1 1 0 0 0 0 0 0 
1 1 1 0 1 0 1 0 0 0 1 1 1 0 0 1 1 0 0 0 0 1 1 1 0 0 0 0 1 1 0 0 1 0 0 1 1 0 0 1 
0 0 0 1 0 0 1 0 1 0 0 1 0 0 0 1 0 1 0 0 0 1 1 0 1 0 1 1 0 0 0 1 0 0 0 1 0 0 1 0 
1 1 1 0 1 0 1 0 1 1 1 1 1 1 1 0 0 0 0 0 0 0 0 0 1 0 1 1 1 1 1 0 1 0 0 0 1 0 1 1 
1 0 0 0 1 1 1 0 1 1 0 1 0 1 0 0 0 0 0 0 0 0 0 1 0 0 1 1 0 1 0 0 0 0 1 0 1 0 0 0 
0 1 0 1 1 1 0 0 1 0 1 0 1 0 1 0 0 0 0 0 1 0 0 1 0 0 1 1 1 0 1 0 0 0 1 0 1 0 0 0 
0 1 0 0 1 1 1 0 0 1 0 0 0 0 0 0 0 0 0 0 1 0 0 1 0 1 0 0 0 1 0 1 0 0 1 1 0 0 0 0 
1 0 0 1 0 1 0 1 1 0 1 1 0 0 0 0 0 0 0 0 0 0 1 1 1 1 1 1 1 0 1 1 0 0 0 1 0 1 0 0 
0 0 0 0 1 0 1 1 1 0 0 1 1 0 0 0 0 1 1 0 0 1 0 1 1 0 1 1 1 1 0 0 0 1 1 0 1 1 0 0 
1 0 1 0 1 1 0 1 0 0 1 1 1 1 1 0 0 0 0 0 1 0 1 1 0 1 1 0 1 1 0 1 1 0 1 1 1 0 0 1 
1 0 1 1 0 1 0 1 0 1 0 0 0 1 1 0 0 0 0 1 0 1 0 0 0 1 0 0 0 1 0 0 0 1 1 0 0 0 0 0 
0 1 0 0 0 0 0 1 0 0 0 1 1 1 0 0 1 1 1 1 1 1 0 0 0 0 1 0 0 1 1 1 1 0 1 1 1 0 0 0 
0 0 0 0 0 1 0 1 0 0 0 1 1 0 1 1 0 0 0 1 1 0 0 0 0 0 0 0 1 0 1 0 1 1 0 0 1 1 0 1 
1 0 1 1 0 0 0 1 1 1 1 0 1 0 0 0 0 0 1 1 0 1 1 0 0 0 0 0 1 1 1 0 0 0 0 1 0 0 1 1 
0 1 0 0 1 0 1 0 0 0 1 0 0 0 1 1 1 1 0 1 1 1 0 1 0 0 0 0 0 1 1 1 1 1 0 0 0 1 0 1 
0 0 1 1 0 0 0 0 1 1 1 0 1 0 1 1 1 1 0 1 1 0 0 0 0 0 0 0 0 1 0 0 1 0 0 0 0 1 0 0 
0 1 0 0 0 0 0 1 1 1 1 0 1 1 0 1 0 1 0 1 1 1 0 0 1 1 0 0 0 0 1 0 1 0 1 1 0 1 0 0 
0 0 0 0 0 1 0 0 0 0 1 0 0 1 0 1 1 0 1 0 1 1 1 1 0 1 1 1 0 0 0 0 0 1 0 1 0 0 1 0 
0 0 0 1 0 0 0 0 1 1 1 0 0 0 0 1 0 1 0 1 0 0 0 1 1 1 1 0 1 0 0 1 1 0 1 1 0 0 0 1 
1 1 1 0 0 0 0 0 1 0 1 0 1 0 1 0 0 0 1 1 0 1 0 1 0 0 1 0 0 0 1 0 1 0 1 0 1 0 0 0 
1 0 0 0 1 0 1 1 1 0 0 0 1 1 0 1 0 0 0 0 0 1 0 1 1 0 1 1 1 0 1 1 0 0 1 1 0 0 1 1 
0 1 0 1 0 0 0 0 0 1 0 1 1 0 0 0 0 0 0 0 1 0 1 0 1 0 1 0 0 1 0 0 0 0 1 1 0 1 0 1 
0 0 1 1 0 0 0 1 0 0 0 1 0 0 0 0 1 1 1 0 1 1 1 1 0 0 0 0 1 0 1 1 1 1 0 1 1 1 0 0 
1 0 0 0 1 0 1 0 1 1 1 1 0 1 1 0 0 0 1 1 0 1 0 1 0 1 0 0 1 1 1 0 1 1 1 0 1 0 0 1 
0 0 1 0 1 0 0 0 1 1 1 0 0 1 0 1 1 1 0 0 1 1 0 1 1 0 0 0 0 0 0 1 0 0 1 1 0 1 0 1 
1 0 0 1 1 0 0 1 1 1 1 0 0 0 0 0 0 0 0 1 1 0 0 0 1 0 1 1 1 0 0 0 0 1 1 0 1 0 0 1 
0 0 0 0 0 0 0 1 1 1 0 0 0 0 1 1 0 0 0 0 0 0 0 0 0 1 0 0 0 1 0 0 1 0 0 0 0 0 0 1 
0 0 0 1 0 1 0 1 0 0 0 0 0 1 0 1 0 0 0 0 0 1 0 0 1 1 1 0 0 0 1 0 1 1 0 1 1 1 1 0 

0 0 0 6 0 0 5 0 10 0 1 0 10 0 0 0 0 2 0 8 8 9 0 0 0 0 0 0 0 0 0 8 13 10 0 15 0 0 4 4 
0 0 2 0 0 0 10 0 5 5 0 0 0 0 0 3 0 8 0 0 0 6 0 5 0 10 0 0 0 9 6 0 1 0 0 2 0 3 0 13 
1 5 0 0 0 0 11 12 0 0 4 0 0 0 8 13 16 0 0 0 8 2 0 15 2 3 0 0 0 0 7 0 0 3 12 4 0 0 8 4 
0 2 0 0 0 2 11 0 0 0 7 0 0 0 0 0 12 0 0 9 0 14 12 4 0 1 2 2 0 13 5 7 12 7 0 2 0 0 0 4 
2 0 0 0 0 0 0 1 13 3 0 0 2 0 0 0 10 0 0 5 1 0 9 9 14 12 0 0 14 0 2 0 0 0 0 0 0 0 12 0 
7 10 8 0 0 0 12 0 0 2 14 6 2 0 13 0 0 1 3 0 9 0 0 0 6 8 0 0 0 12 9 0 12 0 2 6 0 0 11 9 
13 9 1 0 0 3 0 0 11 0 0 0 0 4 7 0 0 0 0 5 14 0 0 13 14 0 0 13 7 0 11 12 13 3 4 0 6 0 6 0 
0 0 0 0 1 0 0 0 4 0 0 0 0 0 3 7 0 2 0 0 0 1 0 0 0 0 0 8 0 0 11 4 8 0 0 0 0 0 0 0 
0 0 1 0 0 0 0 0 0 0 0 0 0 0 3 0 0 0 11 0 7 8 0 7 7 0 9 0 0 0 3 0 0 0 0 0 0 14 7 14 
9 0 0 0 0 0 1 3 0 0 2 0 11 6 0 4 0 0 3 0 0 0 0 0 0 1 16 0 0 11 0 10 0 13 8 0 0 0 0 0 
0 15 0 0 0 0 0 6 0 3 0 0 0 0 5 0 0 0 0 12 1 6 2 0 12 5 2 14 0 0 0 0 0 0 9 0 13 0 0 0 
14 0 0 12 8 0 14 4 0 10 4 0 5 0 0 0 0 8 0 12 0 0 7 1 6 0 0 0 0 0 0 0 0 0 8 13 12 6 0 0 
0 0 0 0 0 0 11 8 0 0 0 0 0 11 0 0 0 12 10 0 13 8 0 0 0 6 0 4 13 8 0 0 0 0 10 1 5 0 0 0 
0 0 2 2 10 16 11 0 0 14 14 1 4 0 0 7 0 14 0 0 0 0 0 0 13 12 0 11 0 0 2 3 16 0 5 0 11 7 0 3 
6 10 7 0 10 0 0 0 0 0 0 4 0 2 0 0 12 4 0 0 0 6 0 12 0 0 12 0 2 0 0 0 0 0 11 0 0 0 0 0 
0 3 0 0 0 3 0 2 0 0 10 0 4 1 0 0 11 0 0 0 0 8 0 0 0 0 1 0 0 0 0 0 0 0 0 4 0 0 11 0 
10 0 0 0 0 0 4 0 15 0 0 0 0 0 0 11 0 0 0 0 15 0 0 15 14 12 5 7 0 6 0 0 0 0 4 0 0 12 2 3 
0 0 0 0 1 0 0 0 0 0 0 0 2 4 4 0 0 0 0 4 8 12 0 0 0 0 15 0 8 0 7 14 5 0 10 2 0 0 9 0 
14 0 0 0 0 0 0 8 4 1 8 10 0 0 0 0 0 9 0 0 10 2 0 0 0 0 0 5 0 0 0 0 0 8 14 1 0 0 0 1 
0 0 4 10 0 0 11 15 8 0 0 0 0 5 12 0 0 4 0 0 0 0 1 0 4 4 0 7 0 0 0 1 0 0 0 0 0 13 9 9 
3 14 0 0 0 0 0 2 0 0 9 0 0 6 0 0 0 3 0 0 0 0 0 0 10 0 0 13 0 12 0 6 0 14 0 0 3 0 6 6 
12 10 12 0 0 0 0 2 0 3 12 0 4 0 0 14 5 13 6 0 13 0 0 0 0 2 0 0 0 13 14 15 0 3 10 0 0 0 14 0 
0 10 8 0 0 1 0 0 0 13 12 13 0 6 12 0 0 10 4 1 1 0 0 0 0 15 0 11 15 14 3 0 0 11 14 0 0 3 0 0 
13 0 0 11 0 5 14 10 0 0 0 0 0 0 0 3 0 0 0 0 0 10 7 0 7 0 0 2 12 2 2 14 0 0 0 12 0 0 1 0 
10 0 0 8 11 5 2 12 0 0 13 15 0 0 15 4 9 0 0 0 3 0 0 0 0 11 11 0 12 9 0 10 0 5 0 0 3 0 0 0 
11 0 10 0 0 0 14 13 0 0 0 0 4 0 5 0 13 12 0 0 3 3 14 0 0 0 0 0 0 0 0 0 0 0 15 0 12 0 0 0 
11 7 0 0 12 0 3 3 6 0 0 0 1 4 0 0 0 7 0 0 0 0 0 0 7 0 0 0 9 0 0 0 0 0 2 0 0 0 0 15 
0 0 0 9 12 0 0 2 0 7 0 0 0 4 11 0 1 0 0 0 6 0 0 0 0 0 0 0 0 13 10 6 0 4 0 13 0 6 0 0 
0 0 10 1 0 0 0 0 0 0 5 10 1 0 0 0 14 7 3 0 0 0 6 0 0 7 9 0 0 9 0 0 0 0 0 0 12 7 0 5 
0 7 2 2 0 6 0 2 2 0 0 0 4 0 0 13 0 9 0 0 0 0 0 0 4 10 1 0 0 0 10 0 0 0 0 0 0 8 0 0 
13 2 0 11 0 0 0 0 6 2 1 0 2 14 0 0 0 0 0 0 0 0 7 10 15 0 0 6 11 9 0 8 0 14 0 0 0 0 0 7 
0 0 0 0 0 12 15 0 0 5 0 0 13 0 2 0 0 0 0 2 10 0 0 9 0 0 3 0 0 0 0 0 4 0 0 1 0 0 0 10 
0 10 11 0 4 1 0 11 0 0 0 0 0 6 5 0 0 0 6 14 14 0 0 5 0 0 0 4 11 6 11 0 0 9 0 0 7 0 0 0 
3 0 0 0 0 0 0 0 0 0 0 2 4 4 0 14 7 7 0 5 11 0 0 0 7 0 12 0 0 4 0 1 9 0 0 1 6 0 0 0 
2 7 0 5 0 6 12 0 0 8 0 0 12 0 0 0 3 0 0 12 9 0 0 2 0 15 0 5 13 0 0 1 0 1 0 0 0 0 0 0 
0 0 1 0 0 0 5 2 8 7 0 0 0 3 0 3 0 0 0 0 5 0 0 0 0 1 9 0 5 4 0 7 0 1 0 0 0 0 0 0 
2 0 8 0 0 0 4 11 0 15 0 0 14 0 15 2 14 0 0 0 0 0 0 4 0 0 9 0 0 0 0 0 9 11 0 10 0 0 0 0 
3 7 0 7 4 0 12 1 7 0 0 4 6 0 6 5 0 0 3 0 0 2 3 0 13 0 0 4 5 5 3 2 0 10 7 0 0 0 0 0 
10 0 0 0 0 0 9 0 0 0 0 5 0 2 12 10 10 0 9 16 0 0 0 0 10 2 0 0 0 0 0 8 0 0 0 0 8 13 0 2 
0 0 0 0 0 12 0 0 0 11 0 13 0 0 0 0 8 9 4 0 0 0 0 0 0 9 0 14 0 12 0 6 8 3 0 0 3 5 0 0 
