40

0 1 0 1 1 1 0 0 0 0 1 1 1 1 0 0 0 1 0 0 1 1 0 0 0 1 1 1 1 1 0 1 1 1 0 0 1 0 1 0 
1 0 1 0 1 1 1 0 0 1 1 1 1 0 1 1 0 1 0 0 1 1 0 1 1 0 1 0 1 0 1 1 1 1 0 1 0 0 0 0 
0 1 0 1 0 1 1 1 1 0 1 0 1 1 1 1 0 1 1 0 0 1 1 1 0 0 1 0 0 0 1 0 1 0 1 1 0 1 1 1 
1 0 1 0 0 0 0 0 0 1 1 1 1 0 0 0 1 0 1 1 0 1 1 1 1 0 1 1 0 1 1 1 1 1 1 1 0 0 0 0 
1 1 0 0 0 1 1 1 0 0 1 0 1 1 1 1 0 1 1 0 1 1 1 1 0 1 1 1 1 0 0 1 1 0 0 1 1 1 0 0 
1 1 1 0 1 0 0 1 1 1 1 0 1 1 0 1 0 1 0 1 1 1 0 0 1 1 0 0 0 0 0 1 0 0 0 1 0 1 0 1 
0 1 1 0 1 0 0 0 0 0 0 1 1 0 0 1 1 0 0 1 1 0 1 1 0 1 1 1 1 0 0 1 0 1 0 0 0 1 1 0 
0 0 1 0 1 1 0 0 1 0 1 1 1 1 1 1 1 1 1 0 0 0 1 1 1 0 1 1 1 0 1 1 1 0 1 0 1 0 1 1 
0 0 1 0 0 1 0 1 0 0 1 1 1 1 0 0 1 1 0 1 0 1 0 1 0 1 1 1 0 0 1 0 0 1 1 1 0 0 1 1 
0 1 0 1 0 1 0 0 0 0 0 1 0 0 0 1 0 0 0 1 1 0 1 1 1 0 1 0 0 1 0 0 0 1 0 0 1 1 0 1 
1 1 1 1 1 1 0 1 1 0 0 1 1 1 1 1 1 1 0 1 0 1 0 1 0 1 1 0 0 0 1 0 1 1 1 1 1 1 1 0 
1 1 0 1 0 0 1 1 1 1 1 0 1 1 1 1 0 0 1 1 1 0 0 1 1 1 1 0 0 1 1 0 1 0 1 1 0 0 1 1 
1 1 1 1 1 1 1 1 1 0 1 1 0 1 0 1 1 0 1 1 0 0 1 1 1 1 0 0 1 0 0 0 1 0 1 1 0 1 0 0 
1 0 1 0 1 1 0 1 1 0 1 1 1 0 1 0 0 1 0 0 0 0 1 1 1 1 0 1 1 0 0 0 1 1 0 1 1 1 1 0 
0 1 1 0 1 0 0 1 0 0 1 1 0 1 0 1 1 0 1 1 1 1 0 1 1 1 1 0 0 1 1 1 0 0 1 1 1 1 0 0 
0 1 1 0 1 1 1 1 0 1 1 1 1 0 1 0 0 0 1 0 0 0 1 0 0 1 1 1 0 1 1 1 1 1 1 1 1 0 1 1 
0 0 0 1 0 0 1 1 1 0 1 0 1 0 1 0 0 0 1 1 1 1 0 1 0 1 1 1 1 1 0 1 1 0 0 1 1 0 0 1 
1 1 1 0 1 1 0 1 1 0 1 0 0 1 0 0 0 0 0 1 1 1 0 1 0 0 0 1 1 0 1 1 0 1 1 0 0 1 0 0 
0 0 1 1 1 0 0 1 0 0 0 1 1 0 1 1 1 0 0 0 0 1 0 0 1 0 0 1 1 1 0 1 0 1 1 0 0 1 1 1 
0 0 0 1 0 1 1 0 1 1 1 1 1 0 1 0 1 1 0 0 1 0 1 0 1 1 0 0 0 0 1 1 0 1 0 0 1 1 1 1 
1 1 0 0 1 1 1 0 0 1 0 1 0 0 1 0 1 1 0 1 0 1 1 0 1 0 1 0 0 1 0 1 1 0 1 1 1 0 1 1 
1 1 1 1 1 1 0 0 1 0 1 0 0 0 1 0 1 1 1 0 1 0 0 1 0 0 0 0 0 0 0 1 0 0 1 0 1 0 1 0 
0 0 1 1 1 0 1 1 0 1 0 0 1 1 0 1 0 0 0 1 1 0 0 0 1 1 0 0 1 0 0 1 0 1 1 1 0 1 0 0 
0 1 1 1 1 0 1 1 1 1 1 1 1 1 1 0 1 1 0 0 0 1 0 0 0 1 0 1 0 1 1 1 1 1 1 1 1 1 1 1 
0 1 0 1 0 1 0 1 0 1 0 1 1 1 1 0 0 0 1 1 1 0 1 0 0 1 1 0 0 0 1 0 1 1 1 1 1 1 0 1 
1 0 0 0 1 1 1 0 1 0 1 1 1 1 1 1 1 0 0 1 0 0 1 1 1 0 1 0 0 0 0 0 0 1 1 1 1 1 0 0 
1 1 1 1 1 0 1 1 1 1 1 1 0 0 1 1 1 0 0 0 1 0 0 0 1 1 0 1 0 1 0 1 1 1 0 1 1 1 1 0 
1 0 0 1 1 0 1 1 1 0 0 0 0 1 0 1 1 1 1 0 0 0 0 1 0 0 1 0 1 0 1 1 1 1 1 1 1 0 0 0 
1 1 0 0 1 0 1 1 0 0 0 0 1 1 0 0 1 1 1 0 0 0 1 0 0 0 0 1 0 0 1 0 1 1 1 1 1 1 0 1 
1 0 0 1 0 0 0 0 0 1 0 1 0 0 1 1 1 0 1 0 1 0 0 1 0 0 1 0 0 0 1 1 1 1 1 1 1 1 0 0 
0 1 1 1 0 0 0 1 1 0 1 1 0 0 1 1 0 1 0 1 0 0 0 1 1 0 0 1 1 1 0 0 1 1 0 0 1 1 1 0 
1 1 0 1 1 1 1 1 0 0 0 0 0 0 1 1 1 1 1 1 1 1 1 1 0 0 1 1 0 1 0 0 0 0 1 0 1 0 0 1 
1 1 1 1 1 0 0 1 0 0 1 1 1 1 0 1 1 0 0 0 1 0 0 1 1 0 1 1 1 1 1 0 0 0 1 0 0 0 1 1 
1 1 0 1 0 0 1 0 1 1 1 0 0 1 0 1 0 1 1 1 0 0 1 1 1 1 1 1 1 1 1 0 0 0 0 0 1 0 1 0 
0 0 1 1 0 0 0 1 1 0 1 1 1 0 1 1 0 1 1 0 1 1 1 1 1 1 0 1 1 1 0 1 1 0 0 0 0 1 1 0 
0 1 1 1 1 1 0 0 1 0 1 1 1 1 1 1 1 0 0 0 1 0 1 1 1 1 1 1 1 1 0 0 0 0 0 0 1 1 0 0 
1 0 0 0 1 0 0 1 0 1 1 0 0 1 1 1 1 0 0 1 1 1 0 1 1 1 1 1 1 1 1 1 0 1 0 1 0 0 0 0 
0 0 1 0 1 1 1 0 0 1 1 0 1 1 1 0 0 1 1 1 0 0 1 1 1 1 1 0 1 1 1 0 0 0 1 1 0 0 1 1 
1 0 1 0 0 0 1 1 1 0 1 1 0 1 0 1 0 0 1 1 1 1 0 1 0 0 1 0 0 0 1 0 1 1 1 0 0 1 0 1 
0 0 1 0 0 1 0 1 1 1 0 1 0 0 0 1 1 0 1 1 1 0 0 1 1 0 0 0 1 0 0 1 1 0 0 0 0 1 1 0 

0 0 0 23 2 14 0 0 1 0 0 25 27 0 0 0 0 0 0 0 28 19 0 5 0 12 0 0 0 21 0 0 0 0 0 0 0 0 0 24 
0 0 0 0 0 0 0 0 0 0 0 0 0 0 0 0 20 0 0 0 0 0 0 0 0 0 0 0 0 11 0 0 0 0 0 0 8 0 0 23 
0 3 0 0 0 0 0 0 0 0 0 0 0 0 0 0 26 26 1 8 20 10 0 19 0 0 17 0 0 0 7 0 22 0 0 0 0 0 0 0 
0 0 0 0 0 0 14 5 0 11 0 0 0 0 28 0 0 0 0 0 0 0 27 0 0 0 0 0 0 0 19 0 0 0 0 0 0 0 0 0 
0 0 0 0 0 17 0 0 0 0 22 0 0 0 0 0 13 0 0 0 0 0 0 0 0 0 0 0 0 0 12 0 0 28 0 0 11 11 0 0 
0 0 0 20 0 0 0 0 0 28 0 0 28 0 0 0 0 24 27 0 0 0 24 0 0 0 1 0 0 0 0 0 0 0 19 0 0 16 0 0 
9 23 27 0 0 0 0 0 26 0 0 0 0 0 0 0 0 0 0 26 15 18 10 28 4 0 0 18 0 25 0 12 0 0 0 0 0 0 0 26 
0 0 0 0 0 0 0 0 0 0 0 30 0 10 0 0 0 17 0 22 15 0 0 0 0 17 22 17 1 0 19 2 1 0 0 0 19 0 0 0 
0 0 0 0 0 27 0 0 0 17 0 0 0 0 0 9 0 0 0 10 12 0 0 0 0 0 0 0 0 0 0 0 0 2 0 0 0 0 0 0 
0 0 0 0 0 14 0 0 0 0 0 0 0 0 0 0 0 0 0 12 0 0 0 0 0 0 0 0 25 0 1 0 0 4 0 0 15 28 0 0 
0 0 0 0 0 3 7 21 0 0 0 0 0 0 0 7 0 0 0 0 0 10 7 0 0 0 0 0 0 0 0 0 0 0 0 0 0 0 27 0 
18 0 23 0 0 12 0 27 0 0 7 0 7 0 20 30 0 0 0 6 0 0 0 0 0 22 0 0 0 3 0 0 0 10 0 0 10 0 0 0 
19 12 0 0 0 0 0 0 0 0 0 4 0 24 0 0 0 0 0 0 0 5 0 0 0 0 0 20 0 0 0 0 0 3 0 0 0 0 0 29 
0 0 0 0 22 16 15 0 0 6 0 0 0 0 13 0 0 0 0 0 0 0 0 0 27 1 0 8 0 0 0 0 0 0 28 0 0 0 0 0 
0 0 0 0 0 15 0 0 7 0 0 0 0 0 0 0 0 0 0 0 25 0 0 0 0 20 0 0 0 0 0 17 0 0 0 0 0 0 0 0 
10 0 23 0 0 0 0 0 0 0 14 0 0 2 0 0 0 0 0 0 0 7 0 18 22 0 0 2 0 0 0 0 0 0 3 0 0 12 0 0 
0 0 10 0 0 20 0 8 0 12 9 0 0 0 0 0 0 0 0 0 0 13 16 0 0 0 0 0 0 0 0 9 0 0 0 0 0 0 0 0 
0 0 0 19 16 0 0 0 0 0 0 0 0 0 18 11 0 0 0 0 0 0 20 0 9 0 0 0 27 0 0 19 0 0 0 12 0 24 0 0 
16 18 0 0 0 0 0 0 0 10 0 0 0 4 0 0 2 0 0 0 0 0 0 0 0 0 15 0 0 3 0 0 0 4 0 0 12 0 0 26 
10 0 1 0 0 0 0 7 0 0 23 0 0 0 0 20 0 0 0 0 0 10 0 0 0 0 0 23 0 10 0 2 0 0 0 0 0 0 0 0 
0 0 0 0 0 26 0 0 0 1 0 0 0 0 0 0 0 0 11 0 0 0 0 1 0 0 0 0 0 0 0 0 0 4 0 0 20 0 0 0 
25 0 0 11 0 0 0 0 0 11 0 14 0 0 0 0 0 0 6 4 0 0 9 0 0 0 0 20 0 0 0 0 0 0 0 0 8 0 0 0 
5 0 0 0 0 6 0 8 0 0 0 0 0 0 3 0 0 0 23 0 0 0 0 0 17 0 11 0 0 0 0 5 0 0 15 9 27 0 0 0 
0 0 0 0 0 0 0 0 0 8 0 11 0 0 0 16 0 0 13 0 0 0 0 0 1 0 0 0 0 10 0 0 0 18 0 0 0 0 0 0 
17 0 0 0 0 0 18 0 0 0 0 1 0 4 0 21 23 0 0 0 0 0 0 15 0 0 6 0 0 0 0 0 0 0 0 24 26 0 0 0 
28 12 0 0 0 0 0 0 0 10 0 0 0 0 0 0 0 0 0 0 13 0 0 0 12 0 0 19 0 0 23 0 0 0 0 0 0 9 8 6 
28 0 0 0 0 0 22 0 0 15 0 0 19 8 0 0 0 0 0 0 0 0 0 0 2 9 0 0 0 0 0 0 0 0 9 0 0 0 0 0 
0 0 0 31 0 0 17 0 1 26 0 15 0 0 0 0 0 0 0 0 0 0 0 0 0 0 16 0 0 0 0 0 3 0 0 0 0 0 0 0 
0 0 0 0 25 9 0 0 20 0 0 14 0 0 0 1 0 0 0 0 17 7 0 0 0 0 0 0 0 0 0 0 23 0 0 0 0 0 0 0 
0 0 0 0 0 0 18 0 11 27 0 0 9 18 0 0 0 0 0 0 5 0 4 0 0 24 0 0 0 0 0 0 0 0 0 0 0 0 0 0 
0 0 23 0 7 0 0 0 0 0 0 20 0 0 0 0 10 0 0 0 0 0 0 0 0 0 0 0 0 3 0 7 0 0 0 0 13 10 0 0 
0 0 0 0 0 0 9 0 0 0 6 0 0 1 0 0 0 0 0 0 3 0 0 0 0 0 0 0 0 0 0 0 0 27 0 0 0 0 0 0 
0 10 0 0 0 0 25 0 0 0 0 5 0 0 0 21 0 16 0 24 0 0 0 0 3 0 6 14 0 0 0 0 0 0 6 10 0 0 0 0 
0 0 27 0 13 0 0 0 0 0 0 15 0 0 0 0 0 0 0 11 0 0 0 0 0 0 0 23 0 6 4 15 26 0 0 0 0 0 0 20 
11 3 0 0 0 0 0 16 0 0 0 0 0 0 0 0 0 0 0 0 1 0 0 0 0 0 0 0 0 0 0 0 0 0 0 0 0 0 4 0 
4 0 0 11 0 0 0 0 0 0 0 0 0 0 0 0 0 0 24 0 0 0 0 15 0 0 0 0 0 26 0 0 0 0 0 0 0 0 0 2 
0 0 1 0 6 7 9 0 26 0 0 0 0 0 6 0 0 0 0 0 0 0 0 0 0 0 0 0 0 0 0 22 0 0 0 0 0 0 0 23 
25 2 0 0 16 0 0 0 0 0 0 14 0 0 0 0 0 0 0 0 0 0 0 0 0 0 0 0 0 0 12 0 1 0 0 0 0 0 0 0 
0 0 0 0 0 0 14 0 0 0 0 0 6 0 0 0 16 0 0 0 0 0 0 0 29 15 0 0 0 0 0 2 0 11 0 0 0 0 0 0 
0 0 0 0 0 0 0 0 0 0 0 0 0 0 0 0 0 0 0 0 0 0 7 0 0 0 0 15 0 8 0 0 5 0 25 0 0 0 0 0 
