40

0 1 1 0 1 0 1 1 1 1 1 1 0 1 1 1 1 1 1 1 1 1 1 1 0 1 1 1 1 1 1 1 1 0 1 0 1 1 1 1 
1 0 1 1 0 1 0 1 0 1 0 1 1 0 1 1 1 1 1 1 0 1 0 1 1 1 1 1 1 1 1 1 1 1 1 1 1 1 1 1 
1 1 0 1 1 0 1 1 1 1 0 0 1 1 1 1 1 0 1 1 1 1 1 1 1 1 1 1 0 1 1 1 1 0 1 1 1 1 1 0 
0 1 1 0 1 1 0 0 1 1 1 0 1 1 1 1 1 1 1 0 1 1 1 1 0 1 0 0 1 1 0 1 1 1 1 1 1 1 1 0 
1 0 1 1 0 1 1 1 1 1 1 1 1 0 1 0 1 1 1 1 1 1 1 1 1 1 1 1 1 1 1 1 1 0 1 1 1 0 1 1 
0 1 0 1 1 0 1 1 1 1 1 1 1 1 1 1 0 0 1 1 1 1 1 0 1 1 1 1 0 1 1 1 1 1 0 1 1 0 1 1 
1 0 1 0 1 1 0 1 1 1 1 1 0 1 1 1 1 1 1 1 0 1 1 1 1 1 1 1 1 1 1 1 0 1 1 1 1 1 1 1 
1 1 1 0 1 1 1 0 1 0 1 1 1 1 0 1 0 1 1 1 1 1 1 1 1 1 1 1 1 1 1 1 0 0 1 1 1 1 1 1 
1 0 1 1 1 1 1 1 0 0 1 1 1 1 1 1 0 1 0 1 1 1 1 0 1 0 0 1 1 1 0 1 1 1 1 1 1 0 1 0 
1 1 1 1 1 1 1 0 0 0 1 1 1 1 0 1 1 1 1 1 1 0 1 0 0 1 0 1 1 1 1 1 1 0 1 1 1 1 1 1 
1 0 0 1 1 1 1 1 1 1 0 1 1 1 1 1 0 0 0 1 1 1 0 1 1 1 1 1 1 0 1 0 1 1 1 1 1 1 1 1 
1 1 0 0 1 1 1 1 1 1 1 0 1 0 1 1 1 1 1 1 1 1 1 1 1 1 1 1 1 1 1 1 1 1 1 0 0 1 1 1 
0 1 1 1 1 1 0 1 1 1 1 1 0 0 1 1 1 1 1 0 1 1 1 1 1 1 0 1 0 0 1 0 1 1 1 1 1 1 1 1 
1 0 1 1 0 1 1 1 1 1 1 0 0 0 0 1 1 1 1 1 1 0 1 1 1 1 0 1 1 1 1 0 1 1 1 1 1 1 1 0 
1 1 1 1 1 1 1 0 1 0 1 1 1 0 0 1 1 0 1 1 1 1 1 1 1 1 1 1 1 0 1 1 1 1 1 0 0 0 0 1 
1 1 1 1 0 1 1 1 1 1 1 1 1 1 1 0 1 1 1 1 1 1 1 1 1 0 1 1 1 1 1 1 1 1 1 1 1 1 1 0 
1 1 1 1 1 0 1 0 0 1 0 1 1 1 1 1 0 1 1 0 1 1 0 1 0 1 1 1 1 1 1 1 1 0 1 1 1 1 1 1 
1 1 0 1 1 0 1 1 1 1 0 1 1 1 0 1 1 0 1 1 1 0 1 1 1 0 0 0 1 1 1 1 1 1 1 1 1 1 1 1 
1 1 1 1 1 1 1 1 0 1 0 1 1 1 1 1 1 1 0 1 1 1 1 1 1 1 0 1 1 0 1 1 1 1 1 0 1 1 1 1 
1 1 1 0 1 1 1 1 1 1 1 1 0 1 1 1 0 1 1 0 1 1 1 1 0 1 1 1 1 1 1 1 1 1 1 1 0 1 1 1 
1 0 1 1 1 1 0 1 1 1 1 1 1 1 1 1 1 1 1 1 0 0 0 1 1 1 1 1 1 0 1 1 1 0 1 1 1 0 0 1 
1 1 1 1 1 1 1 1 1 0 1 1 1 0 1 1 1 0 1 1 0 0 1 1 0 1 1 1 1 1 1 0 0 0 1 0 1 1 1 0 
1 0 1 1 1 1 1 1 1 1 0 1 1 1 1 1 0 1 1 1 0 1 0 1 0 1 1 1 1 1 1 0 1 1 1 0 0 1 0 0 
1 1 1 1 1 0 1 1 0 0 1 1 1 1 1 1 1 1 1 1 1 1 1 0 0 0 1 1 1 1 1 1 1 1 1 1 0 1 1 1 
0 1 1 0 1 1 1 1 1 0 1 1 1 1 1 1 0 1 1 0 1 0 0 0 0 1 1 1 0 1 1 1 0 1 1 1 1 1 1 1 
1 1 1 1 1 1 1 1 0 1 1 1 1 1 1 0 1 0 1 1 1 1 1 0 1 0 1 1 0 1 1 0 1 1 1 1 1 1 1 1 
1 1 1 0 1 1 1 1 0 0 1 1 0 0 1 1 1 0 0 1 1 1 1 1 1 1 0 1 1 1 1 1 1 0 0 1 1 1 1 1 
1 1 1 0 1 1 1 1 1 1 1 1 1 1 1 1 1 0 1 1 1 1 1 1 1 1 1 0 0 0 1 1 1 1 1 1 1 1 1 1 
1 1 0 1 1 0 1 1 1 1 1 1 0 1 1 1 1 1 1 1 1 1 1 1 0 0 1 0 0 1 1 1 1 1 1 0 1 0 1 1 
1 1 1 1 1 1 1 1 1 1 0 1 0 1 0 1 1 1 0 1 0 1 1 1 1 1 1 0 1 0 1 1 0 1 1 1 1 1 1 1 
1 1 1 0 1 1 1 1 0 1 1 1 1 1 1 1 1 1 1 1 1 1 1 1 1 1 1 1 1 1 0 1 1 1 0 1 1 1 0 1 
1 1 1 1 1 1 1 1 1 1 0 1 0 0 1 1 1 1 1 1 1 0 0 1 1 0 1 1 1 1 1 0 1 1 1 1 1 1 1 1 
1 1 1 1 1 1 0 0 1 1 1 1 1 1 1 1 1 1 1 1 1 0 1 1 0 1 1 1 1 0 1 1 0 1 1 0 1 1 1 1 
0 1 0 1 0 1 1 0 1 0 1 1 1 1 1 1 0 1 1 1 0 0 1 1 1 1 0 1 1 1 1 1 1 0 1 1 1 0 1 1 
1 1 1 1 1 0 1 1 1 1 1 1 1 1 1 1 1 1 1 1 1 1 1 1 1 1 0 1 1 1 0 1 1 1 0 1 1 1 1 1 
0 1 1 1 1 1 1 1 1 1 1 0 1 1 0 1 1 1 0 1 1 0 0 1 1 1 1 1 0 1 1 1 0 1 1 0 1 1 1 1 
1 1 1 1 1 1 1 1 1 1 1 0 1 1 0 1 1 1 1 0 1 1 0 0 1 1 1 1 1 1 1 1 1 1 1 1 0 1 1 1 
1 1 1 1 0 0 1 1 0 1 1 1 1 1 0 1 1 1 1 1 0 1 1 1 1 1 1 1 0 1 1 1 1 0 1 1 1 0 1 1 
1 1 1 1 1 1 1 1 1 1 1 1 1 1 0 1 1 1 1 1 0 1 0 1 1 1 1 1 1 1 0 1 1 1 1 1 1 1 0 1 
1 1 0 0 1 1 1 1 0 1 1 1 1 0 1 0 1 1 1 1 1 0 0 1 1 1 1 1 1 1 1 1 1 1 1 1 1 1 1 0 

0 4 4 1 0 0 13 0 0 0 2 14 0 4 0 14 0 0 15 0 0 12 2 13 14 6 0 0 0 0 0 0 6 15 0 3 13 1 0 1 
0 0 0 14 0 14 2 0 14 0 5 9 2 0 0 0 0 9 0 11 0 0 12 0 0 0 0 0 0 0 0 0 0 0 0 0 0 1 0 14 
0 0 0 2 9 0 0 13 0 4 0 1 0 2 0 3 0 0 5 2 0 0 10 2 0 0 0 0 7 0 0 0 11 0 2 0 7 4 10 10 
0 0 3 0 0 0 8 0 2 15 7 12 0 0 4 12 3 0 0 0 0 0 0 0 13 0 0 5 5 13 0 0 15 0 5 0 4 2 11 0 
4 5 10 0 0 0 4 1 0 0 0 5 5 0 3 7 2 13 0 0 0 0 0 3 0 0 0 0 6 0 0 1 0 0 0 0 8 12 0 0 
6 10 0 0 0 0 2 0 0 2 0 0 0 0 0 0 0 8 0 0 11 12 0 0 0 0 0 0 0 13 0 0 0 8 0 0 0 11 0 10 
2 0 0 0 0 2 0 0 0 2 3 0 2 3 0 6 2 2 15 0 0 0 1 0 0 11 0 1 10 2 13 0 8 5 4 11 1 13 12 0 
0 12 7 15 0 12 0 0 0 0 0 0 15 0 0 2 0 1 0 0 2 6 0 0 0 0 0 0 1 0 0 13 10 3 0 0 0 4 0 0 
0 0 11 0 0 7 12 0 0 0 0 0 0 0 0 2 0 0 9 13 0 15 0 0 0 0 0 2 0 0 0 0 0 13 0 0 3 0 0 0 
5 3 0 0 0 0 0 0 10 0 3 0 0 0 0 11 0 3 9 0 0 12 6 5 0 5 4 12 0 0 3 14 4 11 7 0 14 9 0 3 
0 0 6 0 14 0 0 0 0 1 0 0 0 0 0 1 0 14 0 0 7 8 0 0 3 2 13 3 0 8 0 9 0 6 0 0 13 0 0 0 
0 0 0 0 0 10 3 15 0 10 5 0 6 0 0 0 0 0 13 6 1 0 13 0 0 0 0 0 0 0 15 13 7 0 0 8 0 0 12 0 
0 0 0 0 13 0 0 14 0 0 15 0 0 13 0 1 0 0 0 3 0 11 15 0 0 12 2 0 0 0 1 12 4 0 13 0 14 0 0 0 
1 0 8 10 0 0 7 0 8 0 0 0 3 0 7 0 4 0 0 0 0 0 0 0 14 13 0 8 0 4 12 0 0 0 0 0 10 2 6 2 
0 14 0 0 0 0 2 9 0 9 9 0 0 0 0 0 0 0 0 0 13 0 0 2 10 0 2 0 0 1 0 0 0 0 5 0 0 0 0 7 
6 0 0 0 14 14 10 0 0 0 0 0 0 10 3 0 10 0 0 0 10 0 0 0 0 0 0 0 0 5 0 6 2 13 0 0 2 0 0 0 
7 0 0 0 5 0 0 0 0 0 0 0 0 0 0 0 0 0 0 0 0 0 8 0 0 0 6 0 13 12 0 9 0 9 0 4 0 4 0 0 
0 0 0 0 0 6 0 0 10 0 1 7 0 0 11 14 2 0 0 11 15 0 6 0 0 0 0 7 0 10 2 0 9 0 0 0 9 0 0 4 
0 11 0 0 0 0 4 0 5 9 15 0 4 0 0 1 10 13 0 0 0 11 12 0 8 0 0 0 13 0 15 0 0 0 0 2 10 14 0 0 
0 0 15 6 0 0 0 0 0 0 2 0 0 8 0 0 0 0 0 0 8 8 6 0 5 0 0 14 13 0 0 0 0 0 11 13 0 0 0 0 
1 0 13 8 0 5 10 0 0 0 0 0 0 0 0 0 0 0 0 0 0 0 12 0 0 0 0 8 0 0 0 0 0 6 5 0 6 6 1 0 
8 0 0 1 12 0 0 8 0 11 10 0 8 10 14 0 13 1 0 0 0 0 10 0 0 11 0 0 2 5 12 0 13 0 1 0 11 0 9 1 
8 5 7 6 3 5 2 2 0 0 0 10 0 7 0 13 2 0 0 0 0 10 0 0 14 0 5 0 14 8 0 3 0 0 5 10 1 11 14 0 
0 0 0 12 0 0 9 14 1 2 2 0 11 3 0 0 0 0 0 0 13 0 12 0 0 0 1 0 8 0 0 0 0 0 2 0 11 0 8 0 
0 0 0 3 5 10 0 6 7 4 0 11 0 0 1 13 0 0 6 3 0 13 0 8 0 15 0 12 0 0 0 0 0 0 0 0 0 0 0 6 
0 5 5 2 0 0 0 0 0 0 0 0 0 0 0 0 0 0 0 2 0 0 11 13 0 0 0 0 13 0 0 0 0 10 0 0 11 0 0 0 
0 0 5 0 1 11 9 0 2 0 0 0 0 12 0 0 0 0 0 7 0 0 0 0 3 0 0 0 0 0 3 0 0 0 1 5 0 0 2 15 
9 0 0 14 1 0 3 0 3 0 13 0 6 0 0 0 0 0 5 3 5 0 2 0 14 0 0 0 0 11 0 3 4 0 0 13 0 0 0 7 
0 1 0 3 0 8 0 0 0 5 0 13 0 13 0 0 0 0 0 0 11 13 0 0 0 7 0 6 0 0 0 0 11 0 0 0 0 0 14 0 
13 1 0 5 8 0 11 2 4 5 0 2 13 9 0 0 8 5 0 0 0 4 0 8 0 0 15 5 0 0 0 0 12 0 0 9 2 0 8 0 
2 7 5 0 1 0 0 0 7 0 1 0 0 0 0 0 0 3 1 0 0 7 1 0 0 1 15 0 0 0 0 14 0 0 13 0 1 10 3 0 
13 0 0 7 0 0 10 0 6 0 0 0 0 0 0 6 0 0 0 0 0 0 11 0 0 12 9 0 0 0 0 0 15 0 0 3 4 0 6 7 
0 0 1 10 0 12 0 4 0 0 0 0 15 0 1 5 2 0 0 6 12 0 0 9 7 12 10 0 2 0 7 0 0 0 10 2 10 0 0 0 
9 0 2 0 0 0 0 14 0 11 15 0 0 14 12 0 0 0 15 13 0 0 0 1 0 9 0 0 0 14 6 5 0 0 0 0 3 0 0 15 
11 0 0 0 0 7 0 2 1 9 2 7 0 0 2 10 0 0 0 0 0 9 8 0 3 7 0 0 0 1 13 10 0 0 0 10 0 0 0 0 
0 15 0 0 0 5 0 11 0 0 14 0 11 2 0 0 0 0 0 1 3 2 0 0 2 8 5 6 13 1 0 0 3 0 0 0 0 14 0 0 
15 11 6 0 0 4 0 0 9 0 0 0 10 0 0 1 0 0 0 0 0 0 2 2 0 15 1 0 0 0 13 4 0 0 0 14 0 0 0 0 
0 0 2 0 0 3 0 14 13 0 0 5 9 6 0 0 11 0 2 0 0 0 0 0 5 0 0 0 0 1 0 7 7 11 0 11 0 0 0 2 
0 0 0 13 5 0 0 8 0 10 11 0 5 1 5 0 1 14 0 1 3 2 10 0 0 1 2 0 0 0 8 10 0 0 0 6 13 0 0 0 
0 0 7 0 0 0 0 7 5 0 0 0 0 0 0 0 0 0 0 11 15 0 14 0 0 0 9 11 3 11 0 0 11 11 4 0 0 0 0 0 
