40

0 1 0 0 1 0 0 0 0 0 1 1 0 0 0 0 0 0 0 1 0 1 1 0 1 1 0 1 1 1 0 1 1 1 0 1 0 1 0 1 
1 0 1 1 1 0 0 0 1 0 0 1 1 1 1 1 0 0 0 0 0 0 1 0 0 0 1 0 0 1 0 1 0 1 0 1 0 0 0 0 
0 1 0 0 0 0 0 1 1 0 0 1 1 1 1 0 0 0 1 0 0 1 1 1 1 0 1 0 0 0 0 1 1 0 1 1 0 0 1 0 
0 1 0 0 1 0 0 0 0 1 0 1 1 0 1 1 0 0 0 0 0 0 0 1 0 1 1 0 1 0 0 1 0 0 1 0 0 0 1 1 
1 1 0 1 0 1 0 0 1 1 0 0 1 0 1 1 0 0 1 0 0 0 0 0 1 0 0 1 1 0 0 1 1 0 1 0 1 1 1 1 
0 0 0 0 1 0 0 0 1 1 1 0 0 0 0 1 1 1 0 0 0 1 1 0 1 0 1 0 1 1 0 1 0 0 0 0 0 1 1 0 
0 0 0 0 0 0 0 1 1 0 1 0 0 1 0 0 0 1 0 0 0 1 0 1 1 0 0 0 1 0 0 0 1 0 0 1 0 0 1 0 
0 0 1 0 0 0 1 0 0 1 0 1 0 0 0 0 0 0 0 0 1 0 0 0 0 1 0 0 0 1 0 1 0 1 1 0 0 0 1 0 
0 1 1 0 1 1 1 0 0 0 1 1 0 0 1 1 0 0 1 0 0 1 0 0 0 1 1 0 0 1 0 1 1 0 0 0 0 0 0 0 
0 0 0 1 1 1 0 1 0 0 0 0 1 0 0 0 1 1 0 0 1 1 0 0 0 1 0 0 0 0 0 0 0 0 1 0 0 1 1 1 
1 0 0 0 0 1 1 0 1 0 0 1 1 1 1 1 0 1 0 1 0 1 0 0 1 0 0 0 1 1 0 1 0 1 0 1 0 1 0 1 
1 1 1 1 0 0 0 1 1 0 1 0 0 0 0 0 1 0 0 0 0 1 0 0 0 0 1 0 0 0 1 0 1 0 1 0 0 1 0 0 
0 1 1 1 1 0 0 0 0 1 1 0 0 1 1 1 1 0 1 0 1 0 1 1 0 0 1 0 0 1 1 1 0 0 1 1 0 1 1 1 
0 1 1 0 0 0 1 0 0 0 1 0 1 0 0 0 1 1 1 0 1 1 1 0 0 1 1 1 0 0 0 1 0 0 0 0 0 1 1 0 
0 1 1 1 1 0 0 0 1 0 1 0 1 0 0 1 1 0 0 1 0 0 1 1 0 1 1 0 0 1 0 0 1 0 0 1 0 1 0 0 
0 1 0 1 1 1 0 0 1 0 1 0 1 0 1 0 0 0 1 0 0 0 0 1 0 1 1 0 0 0 0 0 0 0 1 0 1 0 1 0 
0 0 0 0 0 1 0 0 0 1 0 1 1 1 1 0 0 1 1 1 1 1 0 1 0 0 1 1 0 1 0 0 1 0 0 1 1 1 0 0 
0 0 0 0 0 1 1 0 0 1 1 0 0 1 0 0 1 0 1 0 1 0 1 0 1 1 0 0 0 0 0 0 0 1 0 0 0 1 0 0 
0 0 1 0 1 0 0 0 1 0 0 0 1 1 0 1 1 1 0 0 1 0 1 1 1 0 0 0 0 1 0 0 0 1 1 0 0 1 0 1 
1 0 0 0 0 0 0 0 0 0 1 0 0 0 1 0 1 0 0 0 0 1 1 1 1 1 0 0 1 1 0 1 1 0 0 0 1 0 0 0 
0 0 0 0 0 0 0 1 0 1 0 0 1 1 0 0 1 1 1 0 0 0 0 0 1 1 0 1 0 0 1 0 1 0 1 0 0 0 0 0 
1 0 1 0 0 1 1 0 1 1 1 1 0 1 0 0 1 0 0 1 0 0 1 0 1 0 0 1 1 0 0 0 0 0 0 1 0 1 0 0 
1 1 1 0 0 1 0 0 0 0 0 0 1 1 1 0 0 1 1 1 0 1 0 0 1 0 0 0 1 0 0 0 1 1 0 0 0 1 0 1 
0 0 1 1 0 0 1 0 0 0 0 0 1 0 1 1 1 0 1 1 0 0 0 0 0 1 1 0 0 1 0 0 0 0 0 1 0 1 0 1 
1 0 1 0 1 1 1 0 0 0 1 0 0 0 0 0 0 1 1 1 1 1 1 0 0 0 0 1 1 0 1 0 1 0 1 0 0 0 0 0 
1 0 0 1 0 0 0 1 1 1 0 0 0 1 1 1 0 1 0 1 1 0 0 1 0 0 1 0 0 1 0 1 1 1 0 0 0 1 1 1 
0 1 1 1 0 1 0 0 1 0 0 1 1 1 1 1 1 0 0 0 0 0 0 1 0 1 0 0 1 1 1 0 1 1 1 1 1 1 0 1 
1 0 0 0 1 0 0 0 0 0 0 0 0 1 0 0 1 0 0 0 1 1 0 0 1 0 0 0 1 1 1 0 1 0 0 0 0 0 0 0 
1 0 0 1 1 1 1 0 0 0 1 0 0 0 0 0 0 0 0 1 0 1 1 0 1 0 1 1 0 0 0 1 0 0 1 0 0 1 1 0 
1 1 0 0 0 1 0 1 1 0 1 0 1 0 1 0 1 0 1 1 0 0 0 1 0 1 1 1 0 0 1 0 0 1 0 0 0 0 0 1 
0 0 0 0 0 0 0 0 0 0 0 1 1 0 0 0 0 0 0 0 1 0 0 0 1 0 1 1 0 1 0 0 0 1 1 0 0 0 1 1 
1 1 1 1 1 1 0 1 1 0 1 0 1 1 0 0 0 0 0 1 0 0 0 0 0 1 0 0 1 0 0 0 1 1 1 0 1 0 1 1 
1 0 1 0 1 0 1 0 1 0 0 1 0 0 1 0 1 0 0 1 1 0 1 0 1 1 1 1 0 0 0 1 0 0 0 0 0 1 0 1 
1 1 0 0 0 0 0 1 0 0 1 0 0 0 0 0 0 1 1 0 0 0 1 0 0 1 1 0 0 1 1 1 0 0 0 0 1 0 0 0 
0 0 1 1 1 0 0 1 0 1 0 1 1 0 0 1 0 0 1 0 1 0 0 0 1 0 1 0 1 0 1 1 0 0 0 0 1 0 1 1 
1 1 1 0 0 0 1 0 0 0 1 0 1 0 1 0 1 0 0 0 0 1 0 1 0 0 1 0 0 0 0 0 0 0 0 0 0 0 0 1 
0 0 0 0 1 0 0 0 0 0 0 0 0 0 0 1 1 0 0 1 0 0 0 0 0 0 1 0 0 0 0 1 0 1 1 0 0 0 0 1 
1 0 0 0 1 1 0 0 0 1 1 1 1 1 1 0 1 1 1 0 0 1 1 1 0 1 1 0 1 0 0 0 1 0 0 0 0 0 0 1 
0 0 1 1 1 1 1 1 0 1 0 0 1 1 0 1 0 0 0 0 0 0 0 0 0 1 0 0 1 0 1 1 0 0 1 0 0 0 0 0 
1 0 0 1 1 0 0 0 0 1 1 0 1 0 0 0 0 0 1 0 0 0 1 1 0 1 1 0 0 1 1 1 1 0 1 1 1 1 0 0 

0 0 0 0 0 0 3 0 13 9 0 9 0 0 0 0 0 0 0 0 0 0 0 0 0 0 0 0 3 0 0 0 0 0 0 0 2 0 0 21 
0 0 0 0 14 0 0 0 0 0 22 0 0 0 0 0 0 21 0 0 0 13 0 0 0 0 0 6 0 0 0 0 0 0 0 7 0 0 0 0 
0 0 0 0 0 0 7 0 0 13 0 3 0 0 0 0 0 2 5 0 0 0 0 0 0 0 0 0 0 0 0 0 7 0 0 18 0 8 0 19 
0 0 0 0 0 0 0 0 6 0 2 0 0 0 0 0 0 0 0 0 0 0 0 0 8 0 0 0 10 0 21 0 0 0 4 0 0 0 0 0 
0 0 0 0 0 0 0 0 0 0 0 0 0 0 0 0 0 0 6 10 0 15 0 0 0 0 0 0 0 0 0 0 12 12 0 0 0 0 1 0 
13 0 0 0 15 0 15 0 13 0 0 0 0 0 0 0 0 0 0 0 0 0 0 0 0 18 0 0 0 0 0 0 0 0 0 14 0 0 0 0 
0 13 0 0 0 0 0 0 0 0 0 0 0 0 0 0 15 0 0 15 0 0 0 0 0 0 0 0 0 0 0 0 12 16 0 14 0 0 0 0 
21 0 0 0 0 0 1 0 0 0 0 0 0 0 0 0 0 0 0 0 0 0 0 0 0 0 0 0 13 0 6 0 0 0 0 0 0 0 0 0 
0 11 18 0 0 0 7 0 0 0 0 10 0 6 0 0 0 0 0 0 0 0 0 0 0 0 0 0 0 0 0 13 0 0 0 0 0 0 0 0 
0 0 0 0 0 0 0 8 0 0 11 0 12 0 0 0 0 0 0 0 2 0 0 21 0 0 0 23 0 2 22 0 0 0 12 0 0 15 0 0 
0 0 0 0 0 0 0 0 4 0 0 0 0 15 6 0 0 0 0 12 0 22 0 0 0 0 0 0 0 0 16 2 0 0 0 0 0 0 0 0 
0 0 19 0 0 0 0 0 0 0 0 0 0 0 14 0 0 0 16 0 0 0 0 0 0 21 0 0 0 0 0 10 0 2 0 4 0 0 0 0 
0 0 0 0 0 0 20 0 0 0 0 0 0 0 0 16 18 0 0 0 0 0 0 0 0 0 0 3 0 0 0 0 0 0 0 1 0 0 0 0 
0 0 0 0 0 0 15 19 20 0 0 1 0 0 0 0 9 0 0 0 0 0 0 0 0 0 0 0 0 3 0 0 0 0 0 0 0 0 0 0 
0 0 0 4 0 0 0 0 0 22 6 0 16 0 0 0 9 0 0 17 0 0 0 17 0 0 6 0 0 0 0 8 0 1 0 20 14 0 16 21 
15 0 0 0 11 20 22 0 0 0 0 0 0 0 22 0 0 0 0 0 0 0 0 0 0 9 18 14 0 0 0 0 0 0 0 5 0 0 0 0 
0 0 0 0 0 0 0 0 0 0 0 0 13 0 0 0 0 0 0 0 0 0 0 17 0 0 1 0 0 0 0 0 0 0 0 0 0 0 0 16 
0 11 0 0 0 3 0 0 0 0 0 0 0 0 0 0 4 0 0 0 0 0 0 0 0 0 8 0 0 17 0 0 0 0 0 0 0 0 18 0 
8 0 0 0 0 0 1 0 0 5 0 11 17 0 0 8 22 0 0 8 0 0 0 10 0 0 0 0 0 0 0 10 0 9 0 0 0 1 0 0 
0 0 0 0 0 0 0 0 0 0 0 2 0 0 0 0 0 0 4 0 6 15 0 0 0 9 0 0 0 0 0 7 0 0 0 0 0 0 0 0 
0 0 0 0 0 0 0 0 0 0 14 0 0 0 0 0 0 0 12 0 0 0 14 0 0 0 18 0 0 21 0 0 0 0 0 0 0 0 0 0 
0 0 0 0 0 0 0 0 0 0 0 0 0 0 0 0 0 0 0 0 0 0 21 0 4 0 14 15 0 0 0 0 0 0 0 0 0 0 6 0 
0 0 0 11 12 0 0 0 0 0 1 8 0 0 19 0 0 9 0 0 0 0 0 0 0 0 0 0 15 0 0 0 0 0 14 0 0 0 0 0 
10 0 0 0 0 13 0 3 0 0 0 0 0 3 0 0 0 0 0 0 0 0 0 0 12 0 0 0 0 0 0 0 0 0 12 0 16 6 0 0 
0 0 0 0 0 0 0 0 0 0 0 0 17 11 0 0 0 17 0 0 0 0 0 0 0 0 0 0 20 9 1 0 0 0 0 0 0 0 10 0 
0 12 7 22 8 0 0 0 0 0 0 17 0 0 0 0 2 0 0 3 0 0 0 0 2 0 0 11 22 17 0 9 0 0 3 0 0 0 0 0 
0 0 0 0 0 0 12 0 15 0 0 0 0 0 0 0 0 0 0 0 0 17 0 6 17 0 0 0 0 0 0 13 4 0 0 0 13 0 0 0 
0 0 5 0 0 13 0 0 21 0 0 0 0 0 3 0 11 0 0 0 0 0 0 0 12 0 0 0 0 0 5 0 0 0 0 19 0 0 4 0 
0 0 0 0 0 0 0 0 0 0 0 0 0 0 0 0 0 0 0 0 0 0 19 0 0 8 0 0 0 0 0 0 0 0 8 0 0 0 0 0 
0 0 0 0 0 0 16 7 5 0 0 0 0 0 20 0 0 0 0 0 0 0 0 0 20 0 0 0 8 0 22 0 0 0 0 0 0 1 0 2 
0 0 0 0 0 0 0 4 0 0 0 0 0 0 0 0 0 4 0 0 0 0 0 0 0 0 0 10 0 0 0 0 0 0 0 0 0 0 0 0 
0 0 0 0 8 0 0 0 0 0 0 0 0 0 0 0 0 0 0 20 0 0 0 0 0 5 0 0 0 0 0 0 13 0 0 0 0 0 0 0 
0 0 0 0 4 0 0 0 0 0 0 0 0 0 16 16 0 0 0 0 0 0 0 0 0 9 0 0 0 0 0 0 0 0 0 0 0 0 1 20 
0 8 0 0 15 5 0 0 0 0 0 0 0 0 0 0 0 0 0 0 0 0 0 0 0 0 0 0 9 0 0 0 0 0 0 11 0 0 0 0 
0 0 0 0 0 0 0 1 0 0 0 15 0 0 0 0 12 0 0 0 0 0 4 0 7 0 0 0 0 0 0 0 0 0 0 0 0 0 0 0 
0 0 0 0 0 0 0 15 0 0 0 0 0 0 19 16 6 0 0 0 19 8 0 0 0 0 21 23 0 0 0 0 0 0 0 0 0 0 0 0 
8 0 0 7 0 0 0 0 0 15 0 0 0 0 0 12 0 0 0 0 0 0 0 0 0 0 0 0 0 0 20 11 0 0 0 8 0 0 0 0 
0 0 0 0 0 0 0 0 0 13 0 0 0 0 16 0 0 15 2 0 0 0 2 16 15 0 10 0 0 0 0 0 0 0 0 0 0 0 0 0 
0 0 0 0 21 0 0 0 0 22 0 0 0 0 0 0 0 22 2 0 0 0 6 19 0 0 0 5 0 0 0 5 0 0 0 0 11 0 0 16 
0 0 0 12 0 0 0 0 0 0 0 0 0 0 0 0 1 0 0 0 0 0 0 0 0 0 12 2 0 0 0 0 0 0 0 0 0 0 0 0 
