40

0 1 1 1 0 0 0 1 0 0 1 1 1 0 1 0 0 0 1 0 1 1 1 1 1 1 1 0 0 1 1 0 0 1 1 0 1 0 1 0 
1 0 1 1 0 1 0 1 0 1 0 1 1 1 0 1 1 1 1 1 0 1 0 1 0 0 0 1 1 1 1 1 1 1 1 0 1 0 1 1 
1 1 0 0 1 1 1 1 0 1 0 1 0 1 0 0 0 1 1 0 1 1 0 0 1 1 1 1 1 1 1 1 1 1 0 1 0 0 1 1 
1 1 0 0 1 0 1 1 0 0 0 1 1 1 1 1 1 0 1 0 0 0 1 1 1 0 1 1 1 1 1 0 1 1 1 0 1 1 0 1 
0 0 1 1 0 0 0 0 0 1 0 0 1 1 1 1 1 1 1 0 1 1 0 0 1 0 1 0 1 1 1 1 0 0 1 0 0 1 1 0 
0 1 1 0 0 0 1 1 1 1 1 1 1 1 0 0 0 0 1 0 0 1 0 1 1 1 0 1 0 0 1 1 1 1 1 1 1 1 1 0 
0 0 1 1 0 1 0 1 0 0 1 0 1 1 0 1 1 1 1 1 1 1 1 1 1 1 1 1 0 1 0 0 1 1 1 1 0 0 0 1 
1 1 1 1 0 1 1 0 0 0 1 1 1 0 1 0 0 1 1 1 1 1 1 1 0 0 1 1 1 0 0 1 1 1 1 1 0 1 1 1 
0 0 0 0 0 1 0 0 0 0 1 1 1 0 1 1 0 1 0 0 0 0 0 1 1 0 1 1 1 1 1 1 1 1 1 0 1 1 0 1 
0 1 1 0 1 1 0 0 0 0 1 1 1 1 1 1 1 1 1 1 1 1 1 0 0 1 0 0 0 1 1 1 0 1 1 0 1 1 0 1 
1 0 0 0 0 1 1 1 1 1 0 0 1 1 1 0 0 0 0 0 0 0 0 1 1 1 0 0 1 0 1 0 1 1 1 0 1 1 1 1 
1 1 1 1 0 1 0 1 1 1 0 0 0 0 0 0 0 0 0 0 1 1 1 0 1 0 1 1 1 0 0 1 1 1 0 0 1 1 0 1 
1 1 0 1 1 1 1 1 1 1 1 0 0 1 1 0 1 1 1 1 0 0 0 1 0 0 1 1 1 1 0 1 1 1 1 1 1 0 1 1 
0 1 1 1 1 1 1 0 0 1 1 0 1 0 1 0 0 1 1 0 0 1 1 1 1 1 0 1 1 0 1 1 1 1 1 1 1 0 0 0 
1 0 0 1 1 0 0 1 1 1 1 0 1 1 0 1 1 0 1 1 1 0 1 1 0 1 1 0 0 0 0 0 1 1 1 0 0 1 0 0 
0 1 0 1 1 0 1 0 1 1 0 0 0 0 1 0 0 0 1 1 1 1 1 1 1 1 1 0 1 1 1 0 0 1 1 1 1 1 1 0 
0 1 0 1 1 0 1 0 0 1 0 0 1 0 1 0 0 0 0 1 0 1 1 1 1 1 0 0 0 1 1 0 1 0 1 0 0 0 1 1 
0 1 1 0 1 0 1 1 1 1 0 0 1 1 0 0 0 0 1 1 1 0 0 1 1 1 1 1 0 0 1 0 1 0 1 1 1 0 1 0 
1 1 1 1 1 1 1 1 0 1 0 0 1 1 1 1 0 1 0 0 0 1 1 1 0 1 1 1 1 0 1 1 1 1 0 1 1 0 1 0 
0 1 0 0 0 0 1 1 0 1 0 0 1 0 1 1 1 1 0 0 1 1 1 0 0 0 0 1 0 0 1 1 1 0 1 0 1 1 1 1 
1 0 1 0 1 0 1 1 0 1 0 1 0 0 1 1 0 1 0 1 0 1 0 1 0 0 1 1 0 1 1 0 1 1 1 1 0 0 1 1 
1 1 1 0 1 1 1 1 0 1 0 1 0 1 0 1 1 0 1 1 1 0 1 0 1 0 1 0 0 0 0 1 0 1 0 1 0 1 0 0 
1 0 0 1 0 0 1 1 0 1 0 1 0 1 1 1 1 0 1 1 0 1 0 1 0 0 0 0 1 0 0 1 1 0 0 1 1 1 0 1 
1 1 0 1 0 1 1 1 1 0 1 0 1 1 1 1 1 1 1 0 1 0 1 0 0 1 0 1 0 0 1 1 0 1 0 1 1 0 1 0 
1 0 1 1 1 1 1 0 1 0 1 1 0 1 0 1 1 1 0 0 0 1 0 0 0 0 0 0 1 1 0 1 1 1 0 1 0 0 0 1 
1 0 1 0 0 1 1 0 0 1 1 0 0 1 1 1 1 1 1 0 0 0 0 1 0 0 1 0 1 0 1 0 1 1 1 1 0 0 1 0 
1 0 1 1 1 0 1 1 1 0 0 1 1 0 1 1 0 1 1 0 1 1 0 0 0 1 0 0 0 1 0 1 1 1 1 1 0 1 1 1 
0 1 1 1 0 1 1 1 1 0 0 1 1 1 0 0 0 1 1 1 1 0 0 1 0 0 0 0 1 1 1 1 1 1 1 1 0 1 0 0 
0 1 1 1 1 0 0 1 1 0 1 1 1 1 0 1 0 0 1 0 0 0 1 0 1 1 0 1 0 0 1 1 1 1 1 1 1 1 1 1 
1 1 1 1 1 0 1 0 1 1 0 0 1 0 0 1 1 0 0 0 1 0 0 0 1 0 1 1 0 0 0 0 1 1 0 0 1 1 1 1 
1 1 1 1 1 1 0 0 1 1 1 0 0 1 0 1 1 1 1 1 1 0 0 1 0 1 0 1 1 0 0 1 0 0 0 0 1 0 1 1 
0 1 1 0 1 1 0 1 1 1 0 1 1 1 0 0 0 0 1 1 0 1 1 1 1 0 1 1 1 0 1 0 1 0 1 1 1 1 0 0 
0 1 1 1 0 1 1 1 1 0 1 1 1 1 1 0 1 1 1 1 1 0 1 0 1 1 1 1 1 1 0 1 0 0 0 0 1 1 1 1 
1 1 1 1 0 1 1 1 1 1 1 1 1 1 1 1 0 0 1 0 1 1 0 1 1 1 1 1 1 1 0 0 0 0 0 1 1 1 1 1 
1 1 0 1 1 1 1 1 1 1 1 0 1 1 1 1 1 1 0 1 1 0 0 0 0 1 1 1 1 0 0 1 0 0 0 1 0 1 0 0 
0 0 1 0 0 1 1 1 0 0 0 0 1 1 0 1 0 1 1 0 1 1 1 1 1 1 1 1 1 0 0 1 0 1 1 0 0 0 1 1 
1 1 0 1 0 1 0 0 1 1 1 1 1 1 0 1 0 1 1 1 0 0 1 1 0 0 0 0 1 1 1 1 1 1 0 0 0 1 0 0 
0 0 0 1 1 1 0 1 1 1 1 1 0 0 1 1 0 0 0 1 0 1 1 0 0 0 1 1 1 1 0 1 1 1 1 0 1 0 1 1 
1 1 1 0 1 1 0 1 0 0 1 0 1 0 0 1 1 1 1 1 1 0 0 1 0 1 1 0 1 1 1 0 1 1 0 1 0 1 0 1 
0 1 1 1 0 0 1 1 1 1 1 1 1 0 0 0 1 0 0 1 1 0 1 0 1 0 1 0 1 1 1 0 1 1 0 1 0 1 1 0 

0 0 0 13 7 12 3 0 0 10 14 4 7 0 0 8 13 12 0 0 14 9 0 8 7 10 0 0 7 3 2 0 0 1 2 8 2 0 3 4 
0 0 0 6 0 10 12 4 0 1 13 0 2 3 0 1 0 11 0 0 8 0 11 0 10 0 0 2 0 0 11 0 8 0 11 0 7 13 0 18 
0 0 0 1 0 0 0 0 0 4 8 0 14 0 0 0 10 9 14 4 5 9 0 0 5 0 0 0 0 0 0 0 0 0 0 0 0 0 7 0 
0 12 0 0 0 0 0 3 1 12 10 5 13 5 10 9 8 10 4 3 0 14 6 0 1 0 0 0 0 0 2 2 13 0 0 0 0 3 0 4 
0 0 3 3 0 0 0 0 13 0 8 2 0 0 0 0 0 14 0 0 0 0 0 0 6 0 9 3 0 0 1 0 0 0 0 0 8 0 0 0 
12 0 5 0 0 0 0 6 13 0 11 0 3 12 4 4 0 11 7 0 0 6 0 0 0 0 2 0 3 0 0 5 0 0 7 11 0 10 3 5 
0 0 0 5 0 2 0 0 3 1 11 5 9 0 0 12 0 0 0 0 0 0 0 0 0 1 0 0 0 0 1 0 13 0 0 0 0 9 0 0 
0 0 0 0 0 0 0 0 0 10 0 3 5 12 0 9 0 10 5 0 0 0 0 0 0 0 0 0 0 0 14 0 0 3 8 0 3 0 4 12 
0 0 0 0 0 6 0 6 0 0 0 11 14 12 7 0 5 0 0 0 9 1 0 13 0 0 13 0 0 0 3 2 6 0 1 10 0 1 0 4 
0 5 0 0 0 0 0 2 0 0 7 0 0 2 0 12 0 1 0 0 10 0 5 0 4 2 0 0 0 8 0 4 2 0 0 13 1 8 6 0 
7 8 11 13 0 0 3 0 0 5 0 0 4 0 11 0 3 0 11 0 0 0 0 2 6 2 0 0 0 0 3 0 1 12 0 0 0 0 0 0 
0 0 0 4 0 0 0 9 0 7 0 0 0 10 0 2 3 0 0 0 0 0 0 13 0 0 9 11 2 0 0 0 0 0 13 0 0 9 0 0 
0 13 5 0 2 14 0 0 13 0 0 0 0 0 1 0 0 11 7 0 10 8 7 7 0 10 9 6 0 13 3 14 11 5 0 0 0 0 1 0 
0 0 0 0 0 0 1 12 0 0 0 0 0 0 13 9 13 4 0 3 0 0 0 0 0 6 7 0 4 0 0 11 0 0 5 12 0 0 15 0 
5 0 0 5 10 0 0 0 4 0 0 0 0 1 0 0 9 0 4 0 12 0 0 3 7 0 14 0 0 7 0 0 7 0 6 0 0 6 8 0 
0 0 0 0 0 0 0 13 9 0 0 1 0 11 3 0 16 14 0 0 1 10 0 7 0 0 0 0 12 0 0 2 0 0 5 11 13 0 11 0 
0 0 0 0 0 13 0 0 0 0 0 0 0 12 0 0 0 0 0 0 0 0 11 6 5 8 0 1 1 0 4 6 0 0 0 0 2 0 0 0 
0 8 2 7 0 0 0 0 3 0 13 2 0 0 0 0 0 0 2 2 0 0 1 0 0 0 12 0 0 12 0 0 0 0 3 0 10 0 0 11 
3 0 0 0 0 4 0 4 11 5 0 0 0 11 0 1 0 0 0 0 2 1 4 0 0 0 0 0 0 7 8 0 0 13 0 10 0 0 2 12 
7 0 8 1 4 0 0 5 0 0 7 0 0 8 0 0 0 7 6 0 14 6 0 12 0 0 5 0 0 3 0 0 1 4 0 0 7 0 0 3 
6 10 0 8 0 0 2 0 0 7 8 0 5 0 12 1 3 0 0 0 0 9 0 0 0 0 0 0 8 0 0 10 0 0 0 13 12 0 12 6 
0 0 0 0 0 14 0 0 10 14 0 0 10 0 0 0 14 2 0 0 14 0 1 2 5 13 12 8 0 0 4 4 0 0 0 0 0 0 2 0 
0 2 0 9 1 3 0 13 0 5 0 0 13 0 0 11 0 14 2 0 0 7 0 0 0 11 0 0 0 6 1 0 11 5 0 0 0 0 0 0 
0 0 0 0 11 0 0 12 0 0 5 0 1 0 7 0 2 0 1 0 0 4 6 0 11 3 0 12 2 10 0 2 7 0 0 0 0 0 5 0 
0 5 0 11 10 6 12 6 13 11 0 0 0 8 0 0 7 6 0 8 13 0 10 0 0 0 0 0 0 0 6 0 0 0 0 13 0 0 0 2 
0 8 0 11 4 13 0 0 12 0 0 3 1 0 0 0 0 2 12 0 6 0 8 14 0 0 7 0 4 0 0 15 7 0 0 0 0 0 0 8 
0 0 0 0 0 0 0 9 0 9 1 13 0 9 5 0 7 7 0 8 0 7 0 0 0 0 0 5 9 7 11 0 0 9 14 0 0 0 0 1 
0 2 0 0 12 4 0 0 0 12 0 0 0 11 0 0 0 1 1 10 7 7 0 0 0 0 13 0 0 15 0 2 11 0 0 0 0 0 12 13 
0 7 6 12 0 0 0 0 1 2 0 0 2 0 14 0 0 7 0 6 0 0 11 0 0 10 0 0 0 12 0 10 8 0 0 0 0 12 11 0 
0 0 14 0 0 6 8 1 0 9 0 0 0 2 0 0 0 12 3 0 0 5 1 11 0 0 0 0 0 0 2 0 0 10 0 0 0 0 15 0 
0 8 0 0 0 0 7 3 0 0 0 4 0 3 0 13 10 0 0 0 2 3 0 0 6 0 0 0 7 0 0 13 0 12 0 0 15 11 8 2 
10 0 2 9 0 14 0 0 0 0 0 3 0 0 8 0 0 0 7 11 0 12 0 6 0 0 14 0 7 0 6 0 0 2 0 0 0 1 1 0 
3 4 10 0 0 3 0 3 0 0 0 0 0 0 3 0 0 4 0 0 0 14 11 3 0 0 0 11 0 0 0 10 0 0 9 0 0 7 0 0 
6 7 6 0 0 0 0 0 9 9 2 0 0 0 0 0 5 0 0 0 2 0 0 0 0 0 0 0 0 0 0 0 0 0 0 1 0 0 0 0 
0 0 0 0 0 0 1 13 10 5 0 0 3 5 0 0 5 8 0 13 0 1 0 14 0 0 7 14 0 1 0 0 0 0 0 0 0 10 9 5 
0 0 0 0 8 0 0 0 0 0 10 4 0 0 0 0 11 0 12 10 11 0 7 0 3 0 0 0 0 9 0 0 14 5 0 0 6 14 2 0 
14 0 0 10 3 0 6 0 0 0 9 0 0 0 4 0 0 0 0 0 12 6 12 0 8 0 13 0 13 0 15 8 0 0 13 0 0 0 9 5 
0 0 11 0 0 12 7 7 10 8 0 0 0 14 10 0 0 4 0 0 0 0 0 1 7 5 0 0 1 0 13 0 9 9 7 1 11 0 8 0 
0 0 0 13 0 0 9 0 6 5 0 0 0 0 5 8 0 0 0 0 0 0 0 0 0 0 0 10 0 13 0 0 0 0 14 10 0 10 0 0 
0 6 0 3 0 12 6 0 0 0 0 6 0 2 0 0 0 0 0 16 5 0 0 0 0 10 2 0 3 12 0 13 0 0 0 8 0 3 1 0 
