40

0 1 1 0 1 1 1 1 1 1 1 1 1 1 1 1 1 1 1 0 1 1 0 1 1 1 1 1 0 1 1 1 1 1 1 1 1 1 1 1 
1 0 1 1 1 1 1 1 1 1 1 1 1 1 1 0 1 1 1 1 1 1 1 1 1 1 1 1 1 1 1 1 1 1 1 1 1 1 1 1 
1 1 0 1 1 1 1 1 0 1 1 1 1 1 1 1 1 1 1 1 1 1 1 1 0 1 1 1 1 1 1 0 1 1 1 1 1 1 1 1 
0 1 1 0 1 1 1 1 1 1 1 1 1 1 1 0 1 0 1 1 1 1 0 1 1 1 1 1 1 1 1 1 1 1 1 1 1 1 1 1 
1 1 1 1 0 1 0 1 1 1 1 1 1 1 1 1 1 1 1 0 1 1 1 1 1 1 1 1 1 1 1 1 1 1 1 1 1 0 1 1 
1 1 1 1 1 0 1 1 1 1 1 1 0 1 1 1 0 1 0 1 0 1 0 1 1 1 1 1 1 1 0 1 0 1 0 1 0 1 0 1 
1 1 1 1 0 1 0 1 1 1 1 1 1 1 1 1 1 1 1 1 1 1 1 1 1 1 1 1 1 1 1 1 1 1 1 1 1 1 1 1 
1 1 1 1 1 1 1 0 1 1 1 1 1 1 0 1 1 1 1 1 1 1 1 1 1 1 1 0 1 1 1 1 1 0 1 1 0 0 1 1 
1 1 0 1 1 1 1 1 0 1 1 1 1 1 1 1 1 1 1 1 0 1 1 1 1 1 1 1 0 1 1 1 1 1 1 1 1 1 1 1 
1 1 1 1 1 1 1 1 1 0 1 1 0 0 1 1 1 1 1 1 1 1 1 1 1 1 0 0 1 1 1 1 1 1 1 1 1 1 1 1 
1 1 1 1 1 1 1 1 1 1 0 1 1 1 1 1 0 1 1 1 1 0 1 1 1 1 1 1 1 1 1 1 1 1 1 1 1 1 1 1 
1 1 1 1 1 1 1 1 1 1 1 0 1 1 1 1 1 1 1 1 1 1 1 1 1 1 1 1 1 1 0 1 1 1 1 0 1 0 1 1 
1 1 1 1 1 0 1 1 1 0 1 1 0 1 1 1 1 1 1 1 1 1 1 1 1 1 1 1 1 1 1 1 1 1 1 1 1 1 1 1 
1 1 1 1 1 1 1 1 1 0 1 1 1 0 1 1 1 1 1 1 1 1 1 1 0 1 1 1 1 1 1 1 1 1 0 1 1 1 1 1 
1 1 1 1 1 1 1 0 1 1 1 1 1 1 0 0 1 1 1 0 1 1 1 1 1 1 1 1 1 1 1 1 1 1 1 1 1 1 1 0 
1 0 1 0 1 1 1 1 1 1 1 1 1 1 0 0 1 1 1 1 1 1 1 1 0 1 1 0 1 1 1 1 1 1 1 1 1 1 1 0 
1 1 1 1 1 0 1 1 1 1 0 1 1 1 1 1 0 1 1 1 1 1 1 1 1 1 0 1 1 1 1 1 1 1 0 1 1 1 1 1 
1 1 1 0 1 1 1 1 1 1 1 1 1 1 1 1 1 0 1 1 1 1 1 1 1 1 1 1 1 0 0 0 1 1 1 1 0 1 1 1 
1 1 1 1 1 0 1 1 1 1 1 1 1 1 1 1 1 1 0 1 1 1 1 1 1 0 1 1 1 1 1 1 1 1 1 1 1 1 1 1 
0 1 1 1 0 1 1 1 1 1 1 1 1 1 0 1 1 1 1 0 0 1 1 1 1 1 1 1 1 1 0 1 1 1 1 1 1 1 1 1 
1 1 1 1 1 0 1 1 0 1 1 1 1 1 1 1 1 1 1 0 0 1 1 1 0 1 1 1 1 1 1 1 1 1 1 1 1 1 0 1 
1 1 1 1 1 1 1 1 1 1 0 1 1 1 1 1 1 1 1 1 1 0 1 1 1 1 1 0 0 1 1 1 1 1 1 1 1 1 1 1 
0 1 1 0 1 0 1 1 1 1 1 1 1 1 1 1 1 1 1 1 1 1 0 1 1 0 1 1 1 1 0 1 1 1 0 1 1 1 1 1 
1 1 1 1 1 1 1 1 1 1 1 1 1 1 1 1 1 1 1 1 1 1 1 0 1 1 1 1 1 1 1 1 1 0 0 1 1 1 1 1 
1 1 0 1 1 1 1 1 1 1 1 1 1 0 1 0 1 1 1 1 0 1 1 1 0 1 1 1 1 1 1 1 1 1 1 1 1 1 1 1 
1 1 1 1 1 1 1 1 1 1 1 1 1 1 1 1 1 1 0 1 1 1 0 1 1 0 1 1 1 1 1 1 1 1 1 1 1 1 1 1 
1 1 1 1 1 1 1 1 1 0 1 1 1 1 1 1 0 1 1 1 1 1 1 1 1 1 0 1 0 1 1 1 1 0 1 1 1 1 1 1 
1 1 1 1 1 1 1 0 1 0 1 1 1 1 1 0 1 1 1 1 1 0 1 1 1 1 1 0 1 1 1 1 0 1 1 1 1 1 1 1 
0 1 1 1 1 1 1 1 0 1 1 1 1 1 1 1 1 1 1 1 1 0 1 1 1 1 0 1 0 1 1 1 1 1 1 0 1 1 1 1 
1 1 1 1 1 1 1 1 1 1 1 1 1 1 1 1 1 0 1 1 1 1 1 1 1 1 1 1 1 0 1 1 1 0 1 1 1 1 1 1 
1 1 1 1 1 0 1 1 1 1 1 0 1 1 1 1 1 0 1 0 1 1 0 1 1 1 1 1 1 1 0 1 1 1 0 1 1 1 1 0 
1 1 0 1 1 1 1 1 1 1 1 1 1 1 1 1 1 0 1 1 1 1 1 1 1 1 1 1 1 1 1 0 1 1 1 1 1 1 1 1 
1 1 1 1 1 0 1 1 1 1 1 1 1 1 1 1 1 1 1 1 1 1 1 1 1 1 1 0 1 1 1 1 0 1 1 1 1 1 0 1 
1 1 1 1 1 1 1 0 1 1 1 1 1 1 1 1 1 1 1 1 1 1 1 0 1 1 0 1 1 0 1 1 1 0 1 1 1 1 1 1 
1 1 1 1 1 0 1 1 1 1 1 1 1 0 1 1 0 1 1 1 1 1 0 0 1 1 1 1 1 1 0 1 1 1 0 1 1 1 1 1 
1 1 1 1 1 1 1 1 1 1 1 0 1 1 1 1 1 1 1 1 1 1 1 1 1 1 1 1 0 1 1 1 1 1 1 0 0 1 0 0 
1 1 1 1 1 0 1 0 1 1 1 1 1 1 1 1 1 0 1 1 1 1 1 1 1 1 1 1 1 1 1 1 1 1 1 0 0 1 1 1 
1 1 1 1 0 1 1 0 1 1 1 0 1 1 1 1 1 1 1 1 1 1 1 1 1 1 1 1 1 1 1 1 1 1 1 1 1 0 1 1 
1 1 1 1 1 0 1 1 1 1 1 1 1 1 1 1 1 1 1 1 0 1 1 1 1 1 1 1 1 1 1 1 0 1 1 0 1 1 0 1 
1 1 1 1 1 1 1 1 1 1 1 1 1 1 0 0 1 1 1 1 1 1 1 1 1 1 1 1 1 1 0 1 1 1 1 0 1 1 1 0 

0 12 0 9 2 4 11 0 0 0 7 0 0 0 0 10 0 0 0 11 0 0 0 0 5 3 10 0 0 0 15 0 0 11 0 11 0 0 0 0 
2 0 0 11 0 0 0 13 4 0 0 0 0 0 11 0 0 6 0 0 0 0 0 0 6 0 0 0 0 0 6 0 0 0 0 0 0 0 0 0 
0 0 0 0 0 13 11 0 0 14 0 0 7 0 0 0 0 0 0 0 5 14 0 13 0 13 2 8 7 2 0 0 0 5 13 0 14 2 0 0 
0 0 8 0 5 13 14 0 2 0 0 3 10 0 0 0 3 0 0 1 16 0 0 2 3 0 1 0 7 0 14 0 0 10 0 0 0 0 1 0 
0 0 0 0 0 0 7 0 0 0 0 0 7 12 2 0 0 0 14 13 0 6 0 1 8 0 0 6 0 14 0 0 0 0 0 0 12 0 5 0 
0 11 0 0 0 0 0 0 0 0 1 14 0 13 0 0 0 0 0 8 0 0 0 0 3 0 0 0 2 15 0 0 0 12 14 0 13 0 0 14 
13 0 1 0 6 6 0 0 0 0 0 12 0 0 8 0 0 7 8 7 9 2 1 0 0 0 0 0 0 0 5 7 0 11 0 3 0 10 3 9 
0 0 0 7 0 0 1 0 0 0 0 9 0 0 0 13 0 1 11 0 11 6 8 6 13 0 8 11 11 6 2 12 0 0 7 0 0 0 0 13 
6 0 0 0 0 0 0 0 0 10 14 0 0 0 0 0 0 0 0 0 0 0 0 0 0 10 0 0 0 7 0 6 1 0 0 0 0 7 0 2 
0 0 0 5 0 0 2 7 0 0 0 9 0 0 0 0 12 6 0 0 0 9 0 0 0 12 0 5 1 0 8 0 0 11 0 0 0 12 0 0 
4 0 1 0 0 0 0 7 0 0 0 9 12 0 9 2 14 9 0 6 0 0 10 14 0 0 4 0 14 15 0 0 2 0 7 0 0 4 7 0 
10 10 0 0 0 0 3 2 0 0 0 0 0 6 0 0 12 7 0 4 8 11 0 11 0 11 6 12 2 14 1 12 0 0 0 3 11 0 0 1 
5 0 0 5 8 4 0 0 0 0 0 6 0 0 0 0 0 0 6 0 8 0 0 0 0 2 0 6 4 5 0 0 0 0 0 0 0 0 9 0 
7 0 0 0 0 0 6 0 0 13 14 12 0 0 0 10 9 0 13 0 4 0 0 0 5 6 0 0 3 0 4 2 0 5 0 0 0 14 0 0 
14 0 11 9 10 0 4 3 10 0 0 0 12 0 0 0 0 0 0 0 0 0 0 0 6 0 5 0 15 0 0 9 10 0 0 12 0 14 0 0 
0 0 0 0 0 0 5 0 0 0 0 0 7 0 0 0 12 0 0 0 8 0 11 0 0 8 0 8 0 7 12 0 6 0 0 9 9 0 4 13 
0 3 2 15 0 0 0 14 0 4 12 5 2 16 5 0 0 15 0 13 12 1 0 0 0 12 11 0 13 9 0 9 0 7 0 2 0 0 0 3 
0 0 11 9 0 0 0 1 0 0 0 8 6 5 8 12 14 0 8 0 0 5 0 0 6 0 0 0 2 9 0 0 0 10 0 0 0 1 11 12 
0 0 0 0 6 10 0 0 6 5 6 0 8 0 0 11 0 0 0 0 0 14 5 10 8 0 8 0 0 0 14 0 0 0 0 6 0 8 14 0 
4 0 0 0 0 0 5 3 0 11 0 0 0 0 9 10 0 3 0 0 0 13 3 0 0 0 0 7 0 0 10 0 0 7 0 0 0 0 0 4 
5 0 5 2 0 0 6 0 14 0 0 6 0 0 0 10 14 15 12 0 0 0 5 0 0 0 0 7 0 12 0 0 0 3 0 0 0 0 4 0 
0 4 1 2 0 0 0 0 0 0 0 0 6 7 7 0 5 6 0 1 2 0 11 8 14 0 0 10 8 0 0 0 10 0 14 2 0 0 0 7 
11 0 11 0 10 0 12 0 5 4 0 7 0 0 8 0 0 0 0 0 0 3 0 0 8 14 0 0 9 0 0 0 11 0 0 7 13 7 0 4 
0 0 12 0 0 0 11 0 0 0 0 3 1 6 15 0 2 0 0 0 0 0 2 0 0 0 4 0 0 0 5 12 0 0 0 0 2 0 0 7 
0 4 0 11 0 0 0 0 0 0 0 0 5 0 0 0 0 0 0 8 11 2 9 8 0 0 9 0 6 0 1 6 0 0 3 0 0 0 0 0 
4 0 0 2 0 0 0 0 0 0 10 9 0 0 0 6 0 0 0 0 0 0 0 4 13 0 13 0 0 0 0 2 0 12 0 0 0 0 0 0 
0 4 0 4 7 0 0 0 0 1 5 11 0 0 0 9 0 5 0 0 1 7 6 0 1 5 0 8 0 0 0 0 4 0 0 0 5 10 6 0 
6 4 2 0 0 5 0 15 0 2 0 0 14 5 0 8 0 12 0 0 10 0 0 11 0 0 2 0 6 5 0 0 0 11 0 14 0 0 0 0 
0 0 0 1 0 0 2 0 0 11 0 0 0 0 0 0 0 0 0 0 0 0 0 0 5 0 0 0 0 13 0 13 0 0 3 0 0 0 13 10 
0 0 9 0 10 0 11 0 9 0 0 0 5 0 0 14 0 14 0 0 0 1 7 2 0 13 6 0 0 0 0 1 0 0 9 11 0 13 0 0 
0 0 3 0 0 0 8 2 0 0 0 0 0 0 9 0 0 1 0 0 0 0 0 0 0 5 14 0 4 4 0 3 5 0 9 0 0 0 13 8 
6 0 0 5 3 0 8 0 0 6 1 0 0 0 0 2 0 10 12 0 0 0 12 14 0 0 0 0 0 13 0 0 0 10 4 0 0 6 7 0 
0 0 14 0 0 0 3 11 14 0 0 2 7 0 6 0 15 0 0 0 0 0 0 0 12 0 1 0 1 0 3 11 0 0 6 9 0 0 0 3 
0 0 0 0 0 0 0 9 0 0 0 0 9 0 0 13 0 0 11 10 0 0 0 0 0 0 0 9 0 5 0 10 0 0 4 9 0 0 0 0 
0 0 1 1 3 8 10 0 0 11 14 0 1 0 11 0 0 9 0 12 14 0 0 0 0 0 0 3 0 9 0 14 0 0 0 0 0 9 5 10 
0 8 5 0 0 11 11 7 0 2 0 0 0 13 2 5 0 10 7 0 6 0 0 0 4 4 0 1 12 0 3 14 0 4 0 0 14 0 2 0 
0 4 0 0 2 9 0 0 11 0 11 8 0 14 2 0 0 12 0 9 0 0 0 12 0 0 13 7 0 11 0 12 0 0 5 0 0 11 0 4 
2 10 0 0 11 0 1 0 10 0 15 10 0 0 0 0 0 0 9 0 0 0 0 2 0 0 0 3 14 0 0 0 0 0 0 0 10 0 8 0 
0 0 0 10 5 6 9 7 2 0 0 0 13 0 10 0 2 0 0 7 0 0 8 0 0 14 0 2 6 2 0 0 0 7 0 0 8 2 0 0 
0 10 0 7 0 0 1 0 0 0 0 0 13 0 11 0 0 6 0 0 0 14 0 13 0 0 0 0 0 7 0 0 0 0 0 14 0 7 0 0 
