40

0 1 0 0 1 0 0 1 0 1 0 0 1 1 1 0 1 0 1 1 1 0 1 0 1 1 0 1 0 1 0 0 1 0 1 1 0 0 0 1 
1 0 1 1 0 0 0 1 0 1 1 0 1 1 0 1 0 0 0 0 0 0 0 0 1 0 1 0 0 1 0 0 0 0 1 1 0 1 0 0 
0 1 0 1 0 1 0 1 0 1 0 1 1 0 1 1 0 1 1 0 0 1 0 0 0 1 0 0 0 1 0 1 0 0 1 0 1 0 0 0 
0 1 1 0 1 1 1 1 0 1 0 1 0 0 0 1 1 0 1 0 0 0 1 1 0 0 0 1 1 0 0 0 1 0 1 1 0 1 1 0 
1 0 0 1 0 0 1 0 1 0 1 1 0 1 0 1 1 0 0 0 1 0 0 0 0 1 0 1 1 0 1 0 0 1 0 0 1 0 1 1 
0 0 1 1 0 0 1 0 1 1 1 1 1 0 0 1 0 1 1 1 0 1 1 1 0 0 0 0 1 1 1 0 0 1 1 0 1 0 1 1 
0 0 0 1 1 1 0 1 1 0 0 0 0 1 0 1 1 1 0 1 0 1 1 1 1 1 1 1 1 0 0 0 0 0 1 0 0 0 1 0 
1 1 1 1 0 0 1 0 0 1 0 0 0 1 0 1 0 0 0 1 1 0 0 0 0 0 0 1 1 1 0 0 1 0 0 1 1 0 1 0 
0 0 0 0 1 1 1 0 0 0 1 0 0 1 1 1 0 0 0 1 1 1 1 1 0 1 1 1 1 0 1 0 0 0 1 1 1 1 0 0 
1 1 1 1 0 1 0 1 0 0 1 1 1 0 1 1 1 0 0 0 1 0 0 0 0 1 0 1 1 0 1 1 1 0 0 1 1 1 1 1 
0 1 0 0 1 1 0 0 1 1 0 0 0 1 0 1 0 0 1 1 0 1 1 1 1 1 1 1 1 1 1 1 0 0 1 1 1 0 1 0 
0 0 1 1 1 1 0 0 0 1 0 0 0 0 1 0 1 1 1 1 1 0 0 0 0 1 1 1 0 0 0 1 0 0 0 0 0 0 0 0 
1 1 1 0 0 1 0 0 0 1 0 0 0 1 1 0 0 0 0 0 1 0 0 1 0 0 0 0 1 1 0 0 0 0 0 0 1 1 0 1 
1 1 0 0 1 0 1 1 1 0 1 0 1 0 0 1 0 0 0 0 1 0 0 0 0 1 1 1 1 0 1 0 1 1 0 1 0 1 1 0 
1 0 1 0 0 0 0 0 1 1 0 1 1 0 0 1 1 1 0 0 0 0 1 0 1 1 1 1 1 0 1 1 1 1 1 0 1 0 0 0 
0 1 1 1 1 1 1 1 1 1 1 0 0 1 1 0 0 1 1 1 0 0 1 1 0 1 1 1 1 0 1 0 1 0 0 0 0 1 0 0 
1 0 0 1 1 0 1 0 0 1 0 1 0 0 1 0 0 0 1 1 1 1 1 0 1 0 1 1 0 1 1 0 1 0 0 1 1 1 0 1 
0 0 1 0 0 1 1 0 0 0 0 1 0 0 1 1 0 0 0 0 1 0 0 1 1 0 1 0 1 1 0 1 0 1 1 1 0 1 1 0 
1 0 1 1 0 1 0 0 0 0 1 1 0 0 0 1 1 0 0 0 1 1 1 1 1 1 1 1 1 1 0 0 1 0 0 1 1 0 0 0 
1 0 0 0 0 1 1 1 1 0 1 1 0 0 0 1 1 0 0 0 1 1 0 0 1 0 0 1 0 1 1 0 1 1 0 0 1 1 0 0 
1 0 0 0 1 0 0 1 1 1 0 1 1 1 0 0 1 1 1 1 0 0 0 1 1 1 0 1 0 1 1 1 0 0 0 1 0 0 1 1 
0 0 1 0 0 1 1 0 1 0 1 0 0 0 0 0 1 0 1 1 0 0 0 1 0 1 0 0 1 0 0 0 1 0 1 0 1 0 0 1 
1 0 0 1 0 1 1 0 1 0 1 0 0 0 1 1 1 0 1 0 0 0 0 1 0 1 0 1 1 0 1 0 1 0 1 1 1 0 1 1 
0 0 0 1 0 1 1 0 1 0 1 0 1 0 0 1 0 1 1 0 1 1 1 0 1 1 1 1 0 0 1 1 1 1 0 0 0 0 0 1 
1 1 0 0 0 0 1 0 0 0 1 0 0 0 1 0 1 1 1 1 1 0 0 1 0 0 0 0 0 0 1 1 0 1 1 1 0 0 0 1 
1 0 1 0 1 0 1 0 1 1 1 1 0 1 1 1 0 0 1 0 1 1 1 1 0 0 0 1 1 0 1 1 0 0 1 0 1 0 0 0 
0 1 0 0 0 0 1 0 1 0 1 1 0 1 1 1 1 1 1 0 0 0 0 1 0 0 0 1 1 1 0 0 1 1 0 0 1 1 1 1 
1 0 0 1 1 0 1 1 1 1 1 1 0 1 1 1 1 0 1 1 1 0 1 1 0 1 1 0 1 0 1 0 1 0 1 0 0 0 0 0 
0 0 0 1 1 1 1 1 1 1 1 0 1 1 1 1 0 1 1 0 0 1 1 0 0 1 1 1 0 1 1 0 1 0 1 1 1 0 0 0 
1 1 1 0 0 1 0 1 0 0 1 0 1 0 0 0 1 1 1 1 1 0 0 0 0 0 1 0 1 0 0 0 0 0 1 1 0 0 1 0 
0 0 0 0 1 1 0 0 1 1 1 0 0 1 1 1 1 0 0 1 1 0 1 1 1 1 0 1 1 0 0 0 0 0 0 1 0 0 1 0 
0 0 1 0 0 0 0 0 0 1 1 1 0 0 1 0 0 1 0 0 1 0 0 1 1 1 0 0 0 0 0 0 1 0 1 1 1 0 1 1 
1 0 0 1 0 0 0 1 0 1 0 0 0 1 1 1 1 0 1 1 0 1 1 1 0 0 1 1 1 0 0 1 0 1 0 1 0 0 0 1 
0 0 0 0 1 1 0 0 0 0 0 0 0 1 1 0 0 1 0 1 0 0 0 1 1 0 1 0 0 0 0 0 1 0 0 0 1 0 0 1 
1 1 1 1 0 1 1 0 1 0 1 0 0 0 1 0 0 1 0 0 0 1 1 0 1 1 0 1 1 1 0 1 0 0 0 1 1 0 0 1 
1 1 0 1 0 0 0 1 1 1 1 0 0 1 0 0 1 1 1 0 1 0 1 0 1 0 0 0 1 1 1 1 1 0 1 0 1 0 1 0 
0 0 1 0 1 1 0 1 1 1 1 0 1 0 1 0 1 0 1 1 0 1 1 0 0 1 1 0 1 0 0 1 0 1 1 1 0 1 0 0 
0 1 0 1 0 0 0 0 1 1 0 0 1 1 0 1 1 1 0 1 0 0 0 0 0 0 1 0 0 0 0 0 0 0 0 0 1 0 1 0 
0 0 0 1 1 1 1 1 0 1 1 0 0 1 0 0 0 1 0 0 1 0 1 0 0 0 1 0 0 1 1 1 0 0 0 1 0 1 0 0 
1 0 0 0 1 1 0 0 0 1 0 0 1 0 0 0 1 0 0 0 1 1 1 1 1 0 1 0 0 0 0 1 1 1 1 0 0 0 0 0 

0 0 0 0 0 0 0 0 0 0 0 0 12 0 0 0 0 0 17 0 0 0 0 5 0 0 17 0 15 0 0 0 0 11 2 0 0 0 0 0 
0 0 18 0 0 0 16 2 0 13 0 0 0 0 0 0 0 0 6 15 0 14 0 0 0 0 0 0 0 0 14 0 3 0 0 0 0 0 6 0 
0 0 0 0 0 0 0 0 0 0 0 0 0 0 0 20 0 0 0 0 0 0 13 8 0 0 0 0 0 0 0 0 0 0 0 12 0 0 5 5 
0 0 0 0 0 13 0 10 0 0 2 8 0 0 0 0 0 0 18 0 3 0 0 0 0 0 0 0 0 17 0 0 14 0 0 0 0 0 0 0 
2 6 6 0 0 0 0 0 14 13 0 0 0 0 18 0 0 0 0 0 4 0 14 0 0 0 3 0 0 0 0 0 12 5 5 0 13 0 7 2 
0 0 0 0 0 0 0 0 0 0 5 0 0 0 1 0 4 0 0 0 0 0 0 0 5 0 0 0 12 0 0 0 0 0 15 8 0 0 0 8 
0 0 0 0 0 0 0 0 0 0 0 16 0 0 0 1 16 0 0 0 0 0 11 0 0 0 0 0 8 0 0 0 0 0 0 0 15 0 18 0 
12 0 0 0 0 18 11 0 0 0 0 16 16 0 0 10 0 0 0 1 0 0 0 13 0 0 0 0 0 0 0 0 0 0 0 0 0 14 16 0 
0 0 0 0 15 0 0 0 0 0 0 0 0 0 0 0 0 0 11 0 0 0 0 0 0 0 0 0 0 0 0 0 13 0 0 11 0 0 0 17 
0 0 0 0 13 19 0 0 0 0 0 0 0 0 0 0 0 0 0 0 0 0 0 0 0 15 0 0 0 0 0 0 0 0 0 13 16 0 17 0 
0 9 0 0 2 17 1 0 0 4 0 0 0 0 0 0 12 0 7 14 0 0 6 0 0 0 14 0 0 0 0 18 0 0 13 0 0 0 0 6 
0 0 0 0 10 0 0 0 16 0 3 0 0 0 0 3 0 0 15 0 17 0 0 0 14 0 16 0 1 0 0 0 0 0 0 0 2 5 1 0 
0 0 0 10 0 0 12 0 0 0 0 0 0 3 0 16 0 0 14 0 9 0 0 14 0 0 4 0 0 0 0 0 0 0 5 0 0 0 0 0 
14 3 0 0 0 6 0 0 0 0 0 0 0 0 0 0 0 0 0 0 0 5 0 0 0 0 2 0 0 13 0 0 0 0 0 0 0 0 0 0 
0 0 0 0 0 0 0 0 5 0 0 0 0 0 0 0 0 0 0 0 0 0 0 0 0 0 0 0 0 0 0 0 0 0 0 0 0 0 0 0 
0 0 0 4 0 0 0 0 0 0 0 0 0 0 0 0 0 0 0 11 9 0 0 0 0 0 0 0 0 0 0 0 1 0 0 0 4 14 0 0 
0 15 1 0 0 0 0 0 0 0 0 0 3 16 0 0 0 0 8 18 0 0 8 0 19 0 0 0 0 0 0 0 0 0 7 3 0 0 0 0 
0 0 0 7 0 0 0 0 0 0 0 0 0 0 0 0 0 0 0 0 17 0 0 15 0 17 0 0 0 0 0 0 16 0 0 0 0 0 0 0 
0 0 0 0 0 15 0 0 0 0 0 0 0 0 0 0 0 19 0 0 0 6 9 0 16 0 6 0 0 0 0 0 0 5 0 0 0 0 0 0 
0 0 13 0 0 0 0 0 4 0 0 0 14 0 0 0 0 0 7 0 0 0 2 0 0 0 0 0 0 0 0 0 2 0 0 0 0 0 0 0 
0 0 0 17 15 0 0 0 12 0 0 0 0 0 0 0 8 0 0 0 0 17 0 0 0 0 0 11 8 0 0 0 12 9 0 0 0 0 0 0 
0 0 0 0 0 0 0 0 0 3 0 15 0 0 0 0 0 0 0 0 4 0 0 0 10 0 0 0 0 0 0 0 0 0 0 0 2 17 6 0 
0 0 0 7 0 0 3 17 6 0 0 0 17 0 0 0 0 0 0 0 0 0 0 0 14 0 0 0 0 0 0 0 0 0 0 0 0 0 0 10 
0 0 0 0 0 0 0 0 0 0 7 0 0 0 0 0 0 0 0 0 0 15 0 0 0 0 0 4 1 0 0 0 0 0 0 0 0 0 0 0 
4 0 18 0 0 0 0 0 5 0 0 3 0 0 0 6 16 0 8 0 15 17 7 14 0 0 12 0 0 12 0 0 0 0 0 9 0 0 0 0 
0 0 0 0 0 0 0 0 0 0 0 6 0 0 0 0 4 0 0 0 0 0 0 0 0 0 0 0 0 0 0 0 0 0 0 0 0 0 0 0 
19 0 0 0 0 16 0 10 0 0 0 0 0 0 0 0 0 0 0 0 0 0 4 0 1 0 0 0 0 0 0 0 0 0 11 4 0 0 0 0 
0 0 0 0 19 0 0 0 0 0 0 0 0 0 0 0 0 0 0 0 0 15 0 0 0 0 0 0 0 0 0 0 0 0 0 0 0 0 0 15 
0 0 0 6 9 0 0 10 0 0 0 7 0 5 19 0 0 0 0 0 0 16 0 1 0 0 0 0 0 0 0 0 0 0 6 0 0 0 0 17 
0 0 0 0 0 0 0 0 1 12 12 0 0 12 0 15 0 0 0 0 0 0 0 0 0 0 9 0 0 0 0 0 0 9 0 0 0 14 0 6 
0 2 0 0 7 13 0 0 0 0 0 11 0 14 12 0 0 0 0 5 0 0 0 9 0 0 0 0 0 0 0 2 0 0 9 9 0 0 0 0 
0 0 0 9 0 0 0 0 13 13 0 0 0 0 0 2 0 0 0 0 0 0 0 0 13 0 0 0 0 0 0 0 0 0 17 0 0 0 16 0 
0 0 9 9 0 0 0 0 0 0 0 0 1 0 0 0 15 0 0 19 0 0 0 0 0 0 0 0 0 0 0 0 0 13 0 0 0 14 0 0 
0 0 0 0 0 0 16 0 3 13 0 0 17 0 13 0 0 0 0 0 0 9 0 12 0 16 0 0 0 0 0 0 2 0 0 0 0 0 0 0 
0 0 11 0 4 0 0 0 0 0 15 0 0 0 0 17 0 0 13 0 0 0 0 0 0 0 0 0 0 0 0 0 0 12 0 0 0 9 0 0 
0 3 0 0 0 0 0 0 9 0 3 0 0 0 0 0 0 14 0 0 0 0 0 0 18 0 0 9 0 0 0 0 0 0 0 0 0 0 0 0 
0 0 12 0 11 0 0 0 0 0 0 0 0 0 6 0 0 0 2 0 0 0 0 13 0 14 14 0 0 0 11 0 0 0 0 0 0 0 18 11 
0 0 0 0 0 0 0 8 9 0 0 0 1 0 0 0 15 15 0 0 0 0 0 0 0 0 0 0 0 0 0 7 0 0 0 0 0 0 0 0 
0 0 0 5 0 0 0 4 0 0 0 12 6 0 0 0 0 0 0 0 0 0 9 0 19 0 0 0 0 3 0 0 0 0 0 0 16 0 0 0 
0 0 0 0 4 0 19 0 19 0 0 12 0 0 0 0 0 0 0 0 0 0 0 0 0 0 0 0 7 6 0 0 0 0 0 0 9 0 6 0 
