40

0 0 0 1 0 1 0 0 0 1 0 0 0 1 0 0 1 1 0 0 1 1 1 0 0 1 0 0 0 1 0 0 1 0 0 0 1 1 0 1 
0 0 1 0 1 0 1 1 0 0 0 1 0 1 0 1 0 1 0 0 0 0 1 0 1 0 0 1 1 0 0 0 0 0 1 0 1 0 1 1 
0 1 0 0 1 0 1 0 1 0 1 0 1 0 1 0 0 0 0 0 0 0 0 0 1 0 0 0 1 1 1 1 1 1 1 0 1 0 0 1 
1 0 0 0 1 0 0 1 1 0 0 1 0 0 1 0 1 0 1 0 1 0 0 1 0 0 0 1 0 1 0 0 0 1 0 0 0 0 0 1 
0 1 1 1 0 0 1 0 0 0 0 1 0 0 0 1 1 0 0 0 0 1 0 1 0 0 0 1 0 1 0 1 1 0 0 0 0 1 0 0 
1 0 0 0 0 0 1 0 0 1 0 0 0 1 1 1 1 1 0 1 0 0 0 0 0 0 0 0 0 0 1 1 0 0 0 0 0 0 0 0 
0 1 1 0 1 1 0 1 1 1 1 0 0 0 1 0 1 0 0 1 0 1 0 0 1 0 1 1 0 0 0 0 0 0 1 0 0 0 0 1 
0 1 0 1 0 0 1 0 1 1 1 0 0 0 1 0 0 1 0 1 0 0 1 0 0 1 0 1 0 0 1 0 0 1 0 0 0 1 1 0 
0 0 1 1 0 0 1 1 0 0 1 0 0 1 0 0 0 1 1 1 0 1 1 0 0 0 0 1 0 0 0 1 1 0 0 1 1 1 1 0 
1 0 0 0 0 1 1 1 0 0 1 1 0 0 0 0 0 1 0 0 0 0 0 1 0 1 1 0 0 0 0 1 1 1 1 1 1 0 0 0 
0 0 1 0 0 0 1 1 1 1 0 0 0 1 0 0 1 1 1 0 0 1 1 1 0 1 1 0 0 0 1 0 1 0 1 0 0 0 1 0 
0 1 0 1 1 0 0 0 0 1 0 0 0 1 0 0 0 0 0 0 0 0 0 0 0 0 1 0 0 0 0 0 0 0 0 0 1 0 0 0 
0 0 1 0 0 0 0 0 0 0 0 0 0 1 1 1 0 1 0 0 0 1 1 1 0 0 1 0 0 0 0 0 0 1 0 0 0 0 0 0 
1 1 0 0 0 1 0 0 1 0 1 1 1 0 0 1 1 0 0 0 0 0 1 1 0 0 0 1 1 0 1 1 1 0 1 0 1 1 1 0 
0 0 1 1 0 1 1 1 0 0 0 0 1 0 0 1 0 0 1 1 1 1 0 0 0 0 0 0 0 1 0 0 1 1 0 0 0 0 0 1 
0 1 0 0 1 1 0 0 0 0 0 0 1 1 1 0 0 1 1 1 1 1 0 0 0 0 0 0 1 0 0 1 0 0 0 0 1 1 0 0 
1 0 0 1 1 1 1 0 0 0 1 0 0 1 0 0 0 1 0 1 1 1 0 1 1 0 0 1 0 0 0 0 1 1 0 0 0 1 1 0 
1 1 0 0 0 1 0 1 1 1 1 0 1 0 0 1 1 0 0 0 1 1 0 0 0 0 1 0 1 1 0 1 1 0 1 0 0 0 1 0 
0 0 0 1 0 0 0 0 1 0 1 0 0 0 1 1 0 0 0 0 0 0 0 0 0 1 0 0 1 0 1 0 1 0 0 0 0 0 1 0 
0 0 0 0 0 1 1 1 1 0 0 0 0 0 1 1 1 0 0 0 0 0 1 1 0 1 0 0 1 0 1 1 1 0 0 0 0 0 1 1 
1 0 0 1 0 0 0 0 0 0 0 0 0 0 1 1 1 1 0 0 0 0 0 1 0 0 0 0 0 0 1 0 1 1 1 0 1 0 1 1 
1 0 0 0 1 0 1 0 1 0 1 0 1 0 1 1 1 1 0 0 0 0 0 0 1 1 0 0 0 1 0 0 1 0 0 0 0 0 1 0 
1 1 0 0 0 0 0 1 1 0 1 0 1 1 0 0 0 0 0 1 0 0 0 1 1 1 0 0 1 0 0 0 1 0 1 1 0 1 0 0 
0 0 0 1 1 0 0 0 0 1 1 0 1 1 0 0 1 0 0 1 1 0 1 0 1 0 1 0 0 0 0 0 1 0 0 0 0 0 1 1 
0 1 1 0 0 0 1 0 0 0 0 0 0 0 0 0 1 0 0 0 0 1 1 1 0 1 1 0 1 1 1 0 1 0 0 0 1 0 0 1 
1 0 0 0 0 0 0 1 0 1 1 0 0 0 0 0 0 0 1 1 0 1 1 0 1 0 0 0 0 0 0 0 1 0 1 1 1 1 0 1 
0 0 0 0 0 0 1 0 0 1 1 1 1 0 0 0 0 1 0 0 0 0 0 1 1 0 0 0 0 0 0 1 0 1 0 0 0 0 1 1 
0 1 0 1 1 0 1 1 1 0 0 0 0 1 0 0 1 0 0 0 0 0 0 0 0 0 0 0 0 1 1 0 1 0 0 1 1 0 1 1 
0 1 1 0 0 0 0 0 0 0 0 0 0 1 0 1 0 1 1 1 0 0 1 0 1 0 0 0 0 0 1 1 1 0 0 0 1 0 1 1 
1 0 1 1 1 0 0 0 0 0 0 0 0 0 1 0 0 1 0 0 0 1 0 0 1 0 0 1 0 0 1 1 1 1 0 0 0 1 1 1 
0 0 1 0 0 1 0 1 0 0 1 0 0 1 0 0 0 0 1 1 1 0 0 0 1 0 0 1 1 1 0 0 1 0 1 1 0 0 0 1 
0 0 1 0 1 1 0 0 1 1 0 0 0 1 0 1 0 1 0 1 0 0 0 0 0 0 1 0 1 1 0 0 0 0 0 1 0 1 0 1 
1 0 1 0 1 0 0 0 1 1 1 0 0 1 1 0 1 1 1 1 1 1 1 1 1 1 0 1 1 1 1 0 0 0 0 0 0 0 1 1 
0 0 1 1 0 0 0 1 0 1 0 0 1 0 1 0 1 0 0 0 1 0 0 0 0 0 1 0 0 1 0 0 0 0 0 0 1 1 0 0 
0 1 1 0 0 0 1 0 0 1 1 0 0 1 0 0 0 1 0 0 1 0 1 0 0 1 0 0 0 0 1 0 0 0 0 1 0 0 1 1 
0 0 0 0 0 0 0 0 1 1 0 0 0 0 0 0 0 0 0 0 0 0 1 0 0 1 0 1 0 0 1 1 0 0 1 0 1 0 0 1 
1 1 1 0 0 0 0 0 1 1 0 1 0 1 0 1 0 0 0 0 1 0 0 0 1 1 0 1 1 0 0 0 0 1 0 1 0 1 1 0 
1 0 0 0 1 0 0 1 1 0 0 0 0 1 0 1 1 0 0 0 0 0 1 0 0 1 0 0 0 1 0 1 0 1 0 0 1 0 0 1 
0 1 0 0 0 0 0 1 1 0 1 0 0 1 0 0 1 1 1 1 1 1 0 1 0 0 1 1 1 1 0 0 1 0 1 0 1 0 0 1 
1 1 1 1 0 0 1 0 0 0 0 0 0 0 1 0 0 0 0 1 1 0 0 1 1 1 1 1 1 1 1 1 1 0 1 1 0 1 1 0 

0 0 0 1 0 0 15 0 0 0 16 20 0 0 0 0 17 0 0 0 0 0 0 0 0 0 13 0 0 0 0 15 0 0 0 0 0 0 16 17 
0 0 0 0 0 0 6 0 0 0 30 20 0 0 0 0 0 0 0 0 0 0 0 0 9 0 1 0 0 0 5 0 23 0 25 0 0 21 0 0 
0 0 0 29 0 0 7 0 0 0 0 0 0 0 0 0 7 0 0 0 0 0 0 0 27 19 0 0 0 0 0 1 2 0 0 10 0 27 0 0 
0 0 17 0 0 27 0 0 0 0 0 0 0 0 0 0 0 0 0 0 0 0 22 6 0 0 12 0 0 0 0 0 0 0 0 0 27 0 0 16 
0 4 0 22 0 13 0 0 0 0 0 0 0 0 0 8 0 10 0 9 0 0 0 0 0 0 0 0 0 0 0 0 0 0 0 0 15 0 0 0 
0 27 12 1 0 0 0 0 0 0 16 0 0 0 17 0 9 0 22 0 0 0 0 0 0 0 27 0 0 0 0 0 25 0 0 0 0 0 0 0 
0 0 0 0 0 0 0 26 0 0 0 0 0 0 0 0 0 0 0 0 16 0 0 19 0 25 0 16 0 0 0 6 0 0 0 0 0 0 0 27 
0 0 0 22 0 0 0 0 0 22 5 0 0 0 0 19 0 0 0 4 12 0 0 0 0 0 0 0 0 0 0 0 0 0 0 0 0 0 0 9 
5 0 0 0 0 0 0 0 0 0 0 0 29 15 0 0 0 0 0 0 6 0 0 0 1 0 0 0 0 0 0 0 16 0 0 15 0 0 0 4 
0 0 0 0 23 0 13 0 0 0 0 0 0 0 0 0 0 21 0 0 3 0 19 0 0 17 0 25 0 0 14 24 0 0 0 0 0 7 0 0 
19 0 0 0 0 0 0 0 5 0 0 0 0 0 0 24 17 24 0 0 3 0 0 0 0 0 0 0 0 0 0 20 0 0 21 0 0 13 0 0 
0 0 25 26 26 0 0 0 0 0 1 0 0 0 0 0 0 0 20 0 0 0 0 22 0 0 0 0 0 0 0 0 0 26 0 0 3 0 0 0 
0 0 12 0 22 0 0 0 16 0 27 0 0 9 24 0 0 0 0 0 0 0 0 10 0 0 0 0 18 0 0 0 0 0 0 0 0 0 0 0 
0 0 0 0 0 20 0 0 0 0 0 21 0 0 0 0 0 0 0 27 0 0 1 10 0 0 0 0 0 0 2 0 0 0 0 0 0 0 25 0 
0 28 13 0 0 7 0 0 0 22 0 0 12 7 0 16 0 0 0 0 0 0 0 0 27 0 0 0 0 0 0 16 28 0 8 0 0 0 0 0 
0 0 0 0 0 0 0 0 0 0 0 0 0 0 0 0 5 0 0 0 0 0 6 0 0 0 0 26 0 0 0 0 0 0 29 0 4 15 28 0 
0 0 0 0 0 0 0 0 0 0 8 0 0 2 20 0 0 0 0 0 0 0 0 0 0 0 0 2 0 17 0 6 0 0 0 0 0 27 12 0 
0 0 0 0 0 28 0 25 0 0 15 19 0 30 0 0 0 0 13 0 0 11 0 0 0 0 0 13 0 0 23 0 0 0 24 0 23 0 0 18 
0 0 0 0 0 0 0 0 0 0 0 0 0 0 0 0 0 0 0 0 0 0 29 0 0 2 0 0 0 0 0 0 0 0 1 0 0 0 0 0 
0 0 10 0 0 0 0 5 12 30 0 0 24 0 0 0 0 0 0 0 24 0 0 0 0 0 10 0 2 0 0 0 0 0 0 0 0 0 0 0 
0 8 0 0 22 0 0 0 0 25 0 0 0 0 0 0 0 0 20 0 0 9 0 0 0 0 0 0 26 0 17 0 2 0 0 0 0 0 0 6 
0 0 0 0 7 0 0 2 0 21 0 0 0 0 0 10 0 14 8 0 0 0 8 0 0 0 0 0 6 0 14 3 0 0 0 0 0 0 0 0 
0 0 0 0 10 0 1 20 0 26 11 0 0 0 0 0 0 0 2 0 0 0 0 0 0 0 0 0 0 0 0 0 0 0 0 0 0 14 0 0 
0 0 0 3 0 16 0 0 0 0 0 0 0 3 12 0 13 0 0 0 0 0 0 0 0 0 0 0 0 0 0 0 0 0 0 0 28 0 0 28 
0 0 0 0 0 0 0 0 0 0 0 0 23 0 0 0 0 10 2 0 0 0 0 3 0 0 0 2 0 0 0 6 0 0 0 0 0 0 0 0 
0 0 0 0 4 0 0 0 18 3 0 0 0 20 0 0 28 0 6 0 0 0 0 0 14 0 0 0 0 0 0 0 0 0 22 0 11 0 25 0 
0 0 0 12 2 0 0 15 16 12 0 21 0 0 0 21 0 0 0 0 0 0 0 0 0 0 0 0 25 0 0 0 9 0 0 0 0 0 0 0 
0 0 0 25 1 0 0 6 0 0 0 0 0 2 0 11 2 0 0 0 4 0 17 5 0 9 0 0 28 0 0 0 0 0 0 0 0 0 0 17 
0 0 0 24 0 0 0 0 30 7 14 19 0 0 16 0 0 0 0 9 0 0 0 0 0 0 0 27 0 0 0 0 0 0 0 0 0 0 3 0 
0 0 20 0 0 0 0 6 0 0 0 11 19 0 0 0 0 0 0 0 0 0 0 0 0 0 11 0 0 0 0 0 0 12 0 0 18 0 0 0 
0 0 0 0 0 0 0 0 0 16 0 6 0 0 0 0 0 11 0 0 0 0 0 8 0 0 0 0 26 0 0 0 0 0 0 0 4 0 0 0 
7 0 0 0 16 0 0 0 15 0 8 0 13 5 0 0 0 0 0 0 0 0 0 0 20 0 0 0 0 0 0 0 0 0 0 0 0 0 0 0 
0 0 6 22 2 0 0 22 0 4 13 0 0 0 0 0 0 26 0 0 16 0 0 0 0 5 0 0 0 0 0 0 0 9 0 0 0 0 15 0 
0 0 25 0 0 0 0 0 0 0 0 0 0 0 0 0 0 0 0 2 0 0 0 0 28 0 0 0 0 0 0 0 0 0 0 8 0 0 0 0 
4 28 0 0 0 0 0 0 15 0 0 0 0 8 0 0 0 0 0 0 0 0 0 1 0 23 0 17 0 0 0 0 0 0 0 0 27 0 0 0 
0 0 9 0 0 0 0 0 0 0 0 0 0 0 0 28 0 0 0 0 0 0 0 0 3 0 0 0 0 0 0 0 0 0 0 0 0 0 0 0 
28 0 0 16 26 0 0 0 0 0 0 0 0 0 0 19 0 22 0 0 17 0 0 0 0 0 0 23 7 0 0 0 0 19 0 0 0 0 0 0 
8 0 0 0 0 0 0 0 27 0 0 0 0 15 0 0 0 0 0 0 0 0 0 0 0 28 0 0 0 0 0 0 30 0 0 0 0 0 0 0 
18 0 16 0 0 0 0 0 4 0 0 0 0 0 0 22 0 0 0 0 0 0 0 0 0 25 0 0 0 0 19 17 0 0 0 28 0 0 0 0 
0 0 0 0 0 0 2 0 0 5 0 0 0 0 20 0 0 0 0 0 0 0 0 0 0 0 4 0 0 0 0 0 0 0 0 7 0 0 0 0 
