40

0 1 1 1 1 1 1 1 1 1 1 1 1 1 0 1 1 1 1 1 1 1 1 1 1 0 1 1 1 1 1 1 0 1 1 1 1 1 1 1 
1 0 0 1 1 1 1 1 1 0 1 1 1 1 0 1 1 0 1 1 1 1 1 1 1 1 1 1 1 0 1 1 0 1 1 0 1 0 1 1 
1 0 0 1 1 1 1 1 1 0 1 1 1 1 1 1 1 0 1 1 1 1 1 1 1 1 1 1 1 1 1 0 1 1 1 1 1 1 1 1 
1 1 1 0 0 1 1 1 1 1 1 1 1 1 1 1 1 1 1 1 1 1 1 1 1 1 1 1 1 1 1 1 1 1 1 1 1 1 1 1 
1 1 1 0 0 1 1 0 1 1 1 1 1 1 1 1 1 1 1 1 1 1 1 1 1 1 1 1 1 1 1 1 1 1 1 1 1 0 1 1 
1 1 1 1 1 0 1 1 0 1 1 1 1 1 1 1 1 1 1 1 1 1 1 1 1 0 1 1 1 0 1 1 1 1 1 1 0 1 1 1 
1 1 1 1 1 1 0 1 1 0 1 1 1 1 1 1 1 1 1 1 1 1 1 1 1 1 1 1 1 1 1 1 1 1 1 1 1 1 0 1 
1 1 1 1 0 1 1 0 1 1 0 1 0 1 1 1 1 1 0 1 1 1 1 1 1 1 1 1 1 1 1 1 1 0 1 1 1 1 1 1 
1 1 1 1 1 0 1 1 0 1 1 1 0 1 1 1 0 1 1 1 1 1 1 1 0 1 1 1 1 1 1 1 1 1 1 1 1 1 1 1 
1 0 0 1 1 1 0 1 1 0 0 1 1 1 1 1 0 1 1 1 1 1 1 1 1 1 1 1 1 1 1 1 1 1 1 0 1 1 1 1 
1 1 1 1 1 1 1 0 1 0 0 1 1 1 1 1 0 1 1 1 1 1 1 1 1 1 1 1 1 1 1 0 1 1 1 1 0 1 1 1 
1 1 1 1 1 1 1 1 1 1 1 0 1 1 1 1 1 1 1 0 1 1 1 1 1 1 1 1 1 1 0 1 1 1 1 1 1 1 0 1 
1 1 1 1 1 1 1 0 0 1 1 1 0 1 1 1 1 1 1 1 1 1 0 0 1 1 1 1 1 1 1 1 1 1 1 1 1 1 1 1 
1 1 1 1 1 1 1 1 1 1 1 1 1 0 1 1 1 1 1 1 1 1 1 1 0 1 0 1 1 0 1 1 1 0 1 1 1 1 1 1 
0 0 1 1 1 1 1 1 1 1 1 1 1 1 0 0 1 1 1 1 1 1 1 1 1 0 1 1 1 1 1 1 1 1 1 1 1 1 1 1 
1 1 1 1 1 1 1 1 1 1 1 1 1 1 0 0 1 1 1 1 1 1 1 1 1 1 1 1 1 1 1 1 1 1 0 1 1 1 1 1 
1 1 1 1 1 1 1 1 0 0 0 1 1 1 1 1 0 1 1 1 1 0 1 1 1 1 1 1 1 1 1 0 1 1 1 0 1 1 1 1 
1 0 0 1 1 1 1 1 1 1 1 1 1 1 1 1 1 0 1 1 1 1 1 1 1 1 1 1 1 1 1 1 1 0 1 1 1 1 1 0 
1 1 1 1 1 1 1 0 1 1 1 1 1 1 1 1 1 1 0 0 1 0 1 1 1 1 0 1 1 1 1 0 1 1 0 1 1 1 1 1 
1 1 1 1 1 1 1 1 1 1 1 0 1 1 1 1 1 1 0 0 1 1 1 1 1 1 1 1 1 1 1 0 1 1 1 1 1 1 1 1 
1 1 1 1 1 1 1 1 1 1 1 1 1 1 1 1 1 1 1 1 0 1 1 1 1 1 1 1 1 1 1 1 1 0 1 0 1 1 1 1 
1 1 1 1 1 1 1 1 1 1 1 1 1 1 1 1 0 1 0 1 1 0 1 0 1 1 0 1 1 1 1 1 1 1 1 1 1 0 1 1 
1 1 1 1 1 1 1 1 1 1 1 1 0 1 1 1 1 1 1 1 1 1 0 1 1 1 1 0 1 0 1 1 0 1 1 1 1 1 1 0 
1 1 1 1 1 1 1 1 1 1 1 1 0 1 1 1 1 1 1 1 1 0 1 0 1 1 0 1 1 1 1 1 1 1 1 1 0 1 1 1 
1 1 1 1 1 1 1 1 0 1 1 1 1 0 1 1 1 1 1 1 1 1 1 1 0 1 1 1 1 1 1 1 1 0 1 1 1 0 1 1 
0 1 1 1 1 0 1 1 1 1 1 1 1 1 0 1 1 1 1 1 1 1 1 1 1 0 1 1 1 1 1 1 0 1 1 0 1 1 1 1 
1 1 1 1 1 1 1 1 1 1 1 1 1 0 1 1 1 1 0 1 1 0 1 0 1 1 0 1 1 1 1 1 1 1 1 1 1 1 1 1 
1 1 1 1 1 1 1 1 1 1 1 1 1 1 1 1 1 1 1 1 1 1 0 1 1 1 1 0 1 1 1 1 1 1 1 0 1 1 1 1 
1 1 1 1 1 1 1 1 1 1 1 1 1 1 1 1 1 1 1 1 1 1 1 1 1 1 1 1 0 1 1 1 1 1 1 0 1 1 1 1 
1 0 1 1 1 0 1 1 1 1 1 1 1 0 1 1 1 1 1 1 1 1 0 1 1 1 1 1 1 0 1 0 1 1 0 1 1 1 1 1 
1 1 1 1 1 1 1 1 1 1 1 0 1 1 1 1 1 1 1 1 1 1 1 1 1 1 1 1 1 1 0 1 1 1 1 1 1 1 1 1 
1 1 0 1 1 1 1 1 1 1 0 1 1 1 1 1 0 1 0 0 1 1 1 1 1 1 1 1 1 0 1 0 1 1 1 1 1 1 1 1 
0 0 1 1 1 1 1 1 1 1 1 1 1 1 1 1 1 1 1 1 1 1 0 1 1 0 1 1 1 1 1 1 0 1 0 1 1 1 0 1 
1 1 1 1 1 1 1 0 1 1 1 1 1 0 1 1 1 0 1 1 0 1 1 1 0 1 1 1 1 1 1 1 1 0 1 1 1 1 1 1 
1 1 1 1 1 1 1 1 1 1 1 1 1 1 1 0 1 1 0 1 1 1 1 1 1 1 1 1 1 0 1 1 0 1 0 1 1 1 1 1 
1 0 1 1 1 1 1 1 1 0 1 1 1 1 1 1 0 1 1 1 0 1 1 1 1 0 1 0 0 1 1 1 1 1 1 0 1 1 1 1 
1 1 1 1 1 0 1 1 1 1 0 1 1 1 1 1 1 1 1 1 1 1 1 0 1 1 1 1 1 1 1 1 1 1 1 1 0 1 1 1 
1 0 1 1 0 1 1 1 1 1 1 1 1 1 1 1 1 1 1 1 1 0 1 1 0 1 1 1 1 1 1 1 1 1 1 1 1 0 1 1 
1 1 1 1 1 1 0 1 1 1 1 0 1 1 1 1 1 1 1 1 1 1 1 1 1 1 1 1 1 1 1 1 0 1 1 1 1 1 0 1 
1 1 1 1 1 1 1 1 1 1 1 1 1 1 1 1 1 0 1 1 1 1 0 1 1 1 1 1 1 1 1 1 1 1 1 1 1 1 1 0 

0 0 0 0 0 0 0 0 0 0 0 0 0 0 0 0 5 22 0 0 0 0 0 0 17 0 0 22 0 0 0 0 0 0 30 0 0 0 0 0 
3 0 0 0 0 0 0 0 0 2 0 20 0 0 0 28 0 0 0 0 0 0 0 0 0 22 2 0 0 0 22 0 0 0 0 0 0 0 20 0 
0 0 0 28 0 3 0 0 0 19 5 0 28 0 0 0 11 0 0 0 0 12 19 0 0 0 15 12 27 0 0 0 0 24 0 0 0 0 0 0 
0 0 0 0 0 14 0 0 0 0 0 0 0 0 0 0 0 18 0 0 0 2 0 0 3 0 0 0 0 0 0 0 0 0 0 15 0 0 0 0 
0 0 0 0 0 0 0 0 0 0 0 20 0 18 17 0 2 28 26 0 0 0 0 0 0 0 0 0 27 0 0 0 0 0 0 0 0 0 0 0 
0 29 0 0 0 0 0 0 0 0 0 0 0 0 0 0 0 0 0 13 0 0 0 4 0 0 0 0 0 0 0 0 0 0 0 0 19 0 0 0 
0 0 0 0 6 0 0 0 0 0 0 9 0 0 0 0 0 0 12 0 11 0 0 0 0 0 0 0 0 0 0 0 0 0 0 0 0 0 0 0 
0 0 14 0 24 28 0 0 0 0 0 0 0 14 22 0 0 15 26 0 5 18 0 0 0 0 0 0 4 0 0 0 0 0 20 4 14 0 0 0 
0 0 0 0 0 22 0 0 0 0 0 0 0 0 25 0 0 0 0 0 19 0 4 20 0 0 13 0 19 0 1 0 0 23 0 11 0 0 0 0 
0 0 0 0 0 0 0 8 0 0 12 0 0 0 0 0 0 0 0 8 13 0 0 0 0 0 29 0 0 0 0 0 0 0 0 0 0 0 0 0 
0 0 0 0 0 0 0 0 15 0 0 0 0 0 21 4 0 0 0 2 0 0 0 0 0 0 0 0 0 5 0 0 0 0 24 0 0 0 2 0 
0 0 0 12 0 0 0 0 2 0 10 0 0 7 0 0 7 0 0 0 0 0 13 0 0 0 0 17 0 0 0 12 21 0 3 0 19 0 0 0 
0 0 0 0 0 0 0 0 0 0 0 0 0 0 0 8 0 0 0 17 0 0 0 0 0 0 0 15 0 0 0 0 0 0 0 0 15 0 13 0 
0 2 0 0 0 0 0 0 0 0 28 8 0 0 0 0 0 7 0 4 22 0 0 0 0 0 18 25 0 0 8 0 0 0 0 18 12 10 0 7 
0 0 0 28 16 0 0 0 0 0 25 0 0 0 0 0 0 0 0 11 0 20 6 0 0 0 0 0 25 0 16 0 0 0 0 0 0 0 0 0 
16 0 0 0 0 0 0 0 2 25 1 0 0 0 15 0 0 22 0 4 0 0 0 0 0 0 0 0 0 22 0 0 0 0 0 0 0 0 12 0 
0 0 0 0 18 0 0 0 0 0 0 21 0 0 0 0 0 1 0 0 0 8 0 2 0 0 0 0 0 0 0 0 0 28 14 0 0 0 0 14 
0 0 0 0 0 0 0 0 0 0 0 0 26 0 15 0 0 0 0 0 0 23 0 0 18 0 26 0 0 29 0 0 0 0 0 0 0 0 0 0 
25 8 27 0 0 0 0 0 0 0 0 0 0 0 0 25 0 0 0 0 0 0 11 0 0 0 0 0 26 0 0 0 0 0 0 0 0 10 0 0 
0 0 0 3 0 0 0 0 0 0 0 0 0 9 0 0 0 0 0 0 0 0 0 0 14 0 15 0 0 0 0 0 0 0 0 0 0 0 0 15 
0 0 0 0 0 0 0 0 4 0 0 22 0 0 0 9 0 3 0 0 0 0 0 0 0 0 0 0 0 14 0 0 0 24 0 0 0 1 0 24 
0 0 0 0 0 0 0 0 0 0 0 0 0 0 0 0 0 0 0 0 0 0 0 11 0 0 0 0 0 17 0 18 0 0 0 0 0 0 0 0 
0 0 0 15 0 0 0 0 0 0 6 0 0 0 0 0 0 0 0 0 0 0 0 0 0 0 0 0 0 0 11 0 11 0 0 0 24 0 0 0 
5 0 10 0 0 26 0 0 0 2 27 0 9 28 0 15 0 0 0 0 0 0 0 0 0 0 0 0 0 0 0 0 19 0 0 0 29 0 0 0 
0 0 19 0 0 0 0 0 14 0 0 0 0 27 0 0 0 0 0 0 0 0 0 0 0 0 3 0 0 0 0 0 0 22 0 26 0 0 11 0 
0 0 6 17 0 0 0 0 27 2 9 0 0 26 0 12 18 0 28 0 0 0 0 0 0 0 0 20 0 0 0 0 25 0 0 13 0 0 0 25 
0 0 0 0 28 0 0 0 0 0 11 0 0 0 0 0 0 27 0 0 0 0 27 0 0 0 0 0 0 26 0 0 0 3 0 0 0 0 0 0 
0 0 1 0 0 9 0 0 0 0 15 0 0 0 0 0 8 5 0 0 0 3 0 0 0 0 0 0 8 0 0 0 0 0 0 28 0 0 0 0 
0 14 0 0 0 0 0 0 0 0 0 0 0 14 0 0 0 0 0 0 0 0 21 0 0 28 0 0 0 0 0 0 0 8 0 27 0 0 0 0 
0 0 0 0 25 0 0 9 0 0 0 0 0 5 0 0 0 0 0 9 0 0 0 0 0 12 0 0 0 0 0 0 0 0 0 0 0 0 4 0 
0 0 0 0 0 0 28 0 20 0 16 0 0 0 0 0 0 0 8 0 0 0 0 0 0 2 0 0 0 0 0 0 0 0 0 0 27 0 27 0 
0 0 0 0 6 0 27 0 19 0 4 0 0 0 0 5 0 0 1 0 0 29 0 0 0 0 0 0 0 14 0 0 10 0 0 0 0 25 8 0 
0 16 0 0 0 0 0 1 0 0 0 0 0 2 0 0 3 0 0 0 23 0 0 0 0 9 0 0 0 9 0 19 0 0 20 0 0 0 18 13 
0 0 0 29 0 21 0 0 0 0 0 1 21 0 0 0 0 0 0 0 0 0 19 0 0 0 0 12 0 0 0 0 0 0 4 0 0 6 0 29 
0 12 9 0 0 0 29 0 0 0 0 16 0 0 0 0 22 26 14 0 0 0 0 0 0 0 18 0 0 2 0 0 0 0 0 0 24 0 0 26 
0 0 0 0 0 0 0 13 0 0 27 0 0 0 0 3 5 0 0 0 0 0 12 0 13 0 0 18 0 16 0 0 0 0 0 0 0 0 22 2 
0 7 19 15 0 0 8 13 0 0 0 0 0 0 8 14 0 11 0 0 0 0 0 0 29 0 8 0 0 0 16 0 0 0 0 0 0 7 0 8 
0 0 0 0 0 0 16 0 0 0 0 0 0 0 16 0 4 0 0 0 0 0 16 0 0 0 7 0 0 0 0 27 0 10 0 0 0 0 0 0 
21 0 18 0 2 0 0 15 0 0 13 0 14 0 0 0 0 0 0 0 0 0 0 0 0 0 0 0 0 0 11 0 0 0 0 0 0 0 0 0 
0 0 0 0 0 0 0 0 0 0 0 0 0 0 0 0 0 0 0 0 0 0 6 0 0 28 0 0 0 0 0 0 0 0 0 0 0 0 28 0 
