40

0 0 0 0 0 0 0 0 1 0 0 1 0 0 0 0 0 0 1 0 1 1 0 0 0 0 1 0 1 0 1 0 1 0 0 1 0 0 1 0 
0 0 0 0 1 0 1 1 1 0 1 0 1 1 1 0 0 0 0 1 0 0 1 0 0 0 0 1 0 0 0 0 0 1 1 1 1 0 0 1 
0 0 0 0 1 0 1 1 0 0 1 0 0 1 0 1 0 0 0 0 0 1 0 0 0 0 0 0 1 0 0 1 0 0 0 0 1 0 0 0 
0 0 0 0 0 0 1 0 1 1 0 0 0 1 1 0 1 0 0 0 1 0 0 0 0 1 0 1 0 0 1 0 1 0 0 0 1 1 0 0 
0 1 1 0 0 1 1 0 0 0 0 0 1 0 1 1 0 0 1 1 1 0 0 1 1 0 0 1 1 1 0 1 1 0 0 0 0 1 0 1 
0 0 0 0 1 0 1 0 0 0 0 0 0 0 0 0 1 1 0 1 0 0 0 0 0 0 0 0 0 0 1 1 0 1 0 1 0 1 0 0 
0 1 1 1 1 1 0 0 0 0 0 0 1 0 0 0 0 0 0 0 0 1 0 0 1 0 1 0 0 1 1 1 0 0 1 0 1 0 1 0 
0 1 1 0 0 0 0 0 1 1 0 0 0 0 0 1 0 1 0 1 0 0 0 0 1 0 0 0 1 0 0 0 1 0 0 0 0 0 1 0 
1 1 0 1 0 0 0 1 0 1 0 1 0 1 0 0 0 0 1 0 0 0 1 1 0 1 1 0 1 1 0 1 0 1 0 0 0 0 0 1 
0 0 0 1 0 0 0 1 1 0 1 0 0 0 0 1 1 0 0 0 0 0 1 1 0 0 0 0 0 0 0 0 1 0 0 0 0 0 0 1 
0 1 1 0 0 0 0 0 0 1 0 0 0 0 1 0 0 1 1 0 0 0 0 0 0 0 0 0 0 0 0 0 0 0 0 1 0 0 0 0 
1 0 0 0 0 0 0 0 1 0 0 0 1 0 1 0 0 0 0 1 0 1 0 0 0 0 1 1 0 0 0 0 0 0 0 0 0 0 1 0 
0 1 0 0 1 0 1 0 0 0 0 1 0 0 1 1 0 0 0 0 0 0 0 0 1 0 1 1 0 0 0 0 1 1 0 0 0 0 0 0 
0 1 1 1 0 0 0 0 1 0 0 0 0 0 0 0 1 0 1 0 0 0 1 1 1 0 0 0 0 1 0 0 1 0 0 0 0 1 1 0 
0 1 0 1 1 0 0 0 0 0 1 1 1 0 0 0 0 1 1 0 0 0 1 0 1 0 0 0 0 0 0 1 0 1 0 0 0 0 0 0 
0 0 1 0 1 0 0 1 0 1 0 0 1 0 0 0 0 0 1 0 1 0 0 0 1 0 1 1 1 0 0 0 0 0 0 0 0 0 0 0 
0 0 0 1 0 1 0 0 0 1 0 0 0 1 0 0 0 0 0 0 0 0 0 0 1 0 0 0 1 1 0 0 1 1 0 1 0 0 0 0 
0 0 0 0 0 1 0 1 0 0 1 0 0 0 1 0 0 0 0 0 1 0 0 0 0 0 0 0 1 0 1 0 0 0 0 0 0 1 0 1 
1 0 0 0 1 0 0 0 1 0 1 0 0 1 1 1 0 0 0 1 0 1 0 0 1 1 1 0 0 0 1 0 0 0 1 0 1 0 0 0 
0 1 0 0 1 1 0 1 0 0 0 1 0 0 0 0 0 0 1 0 0 0 0 1 0 0 0 1 0 0 1 1 0 0 0 0 1 0 1 0 
1 0 0 1 1 0 0 0 0 0 0 0 0 0 0 1 0 1 0 0 0 1 0 1 1 1 0 0 0 0 1 1 0 0 0 1 1 0 0 0 
1 0 1 0 0 0 1 0 0 0 0 1 0 0 0 0 0 0 1 0 1 0 1 0 1 0 0 1 0 0 1 1 1 1 0 1 0 0 1 0 
0 1 0 0 0 0 0 0 1 1 0 0 0 1 1 0 0 0 0 0 0 1 0 0 0 0 0 0 0 0 1 0 0 1 1 0 0 1 0 0 
0 0 0 0 1 0 0 0 1 1 0 0 0 1 0 0 0 0 0 1 1 0 0 0 0 1 1 0 1 1 1 1 0 0 1 0 0 0 0 1 
0 0 0 0 1 0 1 1 0 0 0 0 1 1 1 1 1 0 1 0 1 1 0 0 0 0 0 1 0 0 0 1 1 0 0 1 0 0 0 0 
0 0 0 1 0 0 0 0 1 0 0 0 0 0 0 0 0 0 1 0 1 0 0 1 0 0 0 1 0 0 0 0 1 0 1 0 0 0 0 0 
1 0 0 0 0 0 1 0 1 0 0 1 1 0 0 1 0 0 1 0 0 0 0 1 0 0 0 1 0 1 1 0 0 0 1 1 0 0 0 0 
0 1 0 1 1 0 0 0 0 0 0 1 1 0 0 1 0 0 0 1 0 1 0 0 1 1 1 0 0 1 0 1 0 0 1 1 0 0 1 1 
1 0 1 0 1 0 0 1 1 0 0 0 0 0 0 1 1 1 0 0 0 0 0 1 0 0 0 0 0 0 0 0 0 1 1 0 0 0 0 0 
0 0 0 0 1 0 1 0 1 0 0 0 0 1 0 0 1 0 0 0 0 0 0 1 0 0 1 1 0 0 0 0 0 0 0 0 0 0 0 1 
1 0 0 1 0 1 1 0 0 0 0 0 0 0 0 0 0 1 1 1 1 1 1 1 0 0 1 0 0 0 0 1 0 0 0 0 1 1 1 1 
0 0 1 0 1 1 1 0 1 0 0 0 0 0 1 0 0 0 0 1 1 1 0 1 1 0 0 1 0 0 1 0 1 1 0 0 1 0 1 0 
1 0 0 1 1 0 0 1 0 1 0 0 1 1 0 0 1 0 0 0 0 1 0 0 1 1 0 0 0 0 0 1 0 0 0 0 1 1 0 0 
0 1 0 0 0 1 0 0 1 0 0 0 1 0 1 0 1 0 0 0 0 1 1 0 0 0 0 0 1 0 0 1 0 0 0 0 1 0 0 0 
0 1 0 0 0 0 1 0 0 0 0 0 0 0 0 0 0 0 1 0 0 0 1 1 0 1 1 1 1 0 0 0 0 0 0 1 0 0 0 1 
1 1 0 0 0 1 0 0 0 0 1 0 0 0 0 0 1 0 0 0 1 1 0 0 1 0 1 1 0 0 0 0 0 0 1 0 0 1 0 1 
0 1 1 1 0 0 1 0 0 0 0 0 0 0 0 0 0 0 1 1 1 0 0 0 0 0 0 0 0 0 1 1 1 1 0 0 0 0 0 1 
0 0 0 1 1 1 0 0 0 0 0 0 0 1 0 0 0 1 0 0 0 0 1 0 0 0 0 0 0 0 1 0 1 0 0 1 0 0 1 0 
1 0 0 0 0 0 1 1 0 0 0 1 0 1 0 0 0 0 0 1 0 1 0 0 0 0 0 1 0 0 1 1 0 0 0 0 0 1 0 0 
0 1 0 0 1 0 0 0 1 1 0 0 0 0 0 0 0 1 0 0 0 0 0 1 0 0 0 1 0 1 1 0 0 0 1 1 1 0 0 0 

0 0 0 4 12 0 0 0 0 0 11 0 0 0 0 0 2 0 0 0 4 13 0 0 0 0 0 0 0 0 0 0 0 0 0 0 24 4 0 14 
20 0 0 20 0 0 0 3 0 17 0 0 10 25 0 0 0 0 0 0 0 14 0 0 0 0 0 0 0 0 0 0 0 0 0 0 17 16 0 0 
0 25 0 0 0 12 0 0 0 0 0 0 16 0 0 0 0 0 4 0 0 0 0 0 1 0 0 0 0 0 0 0 0 0 0 0 0 0 0 5 
0 0 0 0 0 7 0 0 0 0 0 0 0 0 0 0 0 1 0 0 3 0 0 0 0 0 0 0 0 0 0 27 0 6 0 0 13 0 0 0 
30 0 0 0 0 9 0 0 0 0 0 0 0 19 0 2 0 0 25 0 0 0 0 0 0 0 12 0 0 0 0 0 0 0 0 0 0 0 12 0 
0 0 0 14 0 0 0 0 0 0 0 0 0 0 0 0 0 0 0 22 0 0 0 0 0 0 0 0 0 24 0 20 0 0 0 0 0 0 0 15 
6 0 0 0 0 0 0 0 0 0 0 0 10 2 0 0 0 0 0 0 0 0 0 0 0 0 0 0 0 0 0 16 0 0 0 0 17 0 0 30 
28 0 20 12 1 10 0 0 4 14 0 0 0 0 25 19 0 0 0 0 0 0 0 21 10 0 0 0 0 0 0 0 0 0 0 0 0 0 0 0 
0 0 5 0 0 0 0 28 0 0 0 0 0 0 0 0 13 0 0 0 0 0 0 0 0 9 0 0 0 0 0 0 0 10 20 5 0 0 0 0 
25 0 0 0 2 19 0 15 0 0 10 7 6 0 0 0 23 0 27 0 0 0 0 0 0 29 0 0 26 0 0 2 0 0 0 0 0 0 0 0 
17 0 0 0 0 0 0 0 0 0 0 0 0 1 0 0 0 9 0 0 0 0 0 0 18 0 0 0 0 18 0 0 0 0 0 0 0 10 0 0 
0 0 0 0 0 6 27 0 0 0 0 0 0 0 0 3 0 0 0 9 0 0 0 0 0 13 0 0 0 0 0 5 0 10 0 10 0 16 23 0 
0 0 0 0 9 0 12 0 0 0 0 0 0 0 0 19 0 0 18 28 0 0 0 0 7 19 0 0 0 0 3 0 0 0 0 0 0 0 0 0 
0 0 0 0 14 0 0 0 0 0 25 0 19 0 0 0 0 26 0 0 0 0 0 0 0 0 23 0 0 0 0 0 0 0 0 0 0 0 0 0 
0 0 0 0 0 0 18 0 0 0 12 0 0 0 0 29 10 0 0 0 10 0 0 0 0 0 6 0 0 21 8 21 0 2 0 0 0 0 0 0 
23 0 0 0 0 24 0 0 0 25 0 0 0 0 0 0 0 0 0 26 0 0 0 0 0 0 18 27 0 0 12 0 1 0 0 9 23 0 14 0 
0 0 6 0 0 0 0 0 0 18 0 0 0 0 0 0 0 0 0 0 0 13 11 0 0 8 0 0 0 0 0 0 0 0 0 0 0 3 0 15 
4 0 0 0 0 5 9 0 0 21 0 0 0 0 0 0 0 0 0 0 15 0 0 0 23 13 0 0 0 0 0 0 0 0 0 0 0 0 0 0 
0 29 0 14 0 0 0 0 0 0 0 0 0 0 0 0 0 0 0 0 0 0 0 0 0 0 3 0 0 0 0 0 8 15 0 0 10 0 0 0 
0 26 18 0 25 0 0 0 0 0 6 0 20 0 0 25 0 7 0 0 20 0 28 0 0 0 18 0 0 30 0 0 13 6 0 18 0 0 0 0 
0 0 0 0 0 0 0 0 0 0 0 0 9 0 19 3 0 0 0 0 0 0 0 0 0 0 0 0 0 0 0 0 0 0 0 0 0 0 0 1 
0 0 7 0 0 19 0 0 0 0 0 0 0 0 0 0 0 0 0 0 0 0 0 0 0 0 0 27 0 23 0 0 0 20 26 10 0 9 0 0 
0 0 9 3 0 0 0 0 0 0 0 0 0 0 18 0 0 0 7 0 0 0 0 0 0 0 0 0 0 0 0 0 0 8 0 0 0 0 0 0 
0 0 0 0 0 0 0 0 0 0 0 0 25 0 15 25 0 0 2 0 20 27 0 0 0 0 0 0 0 9 0 0 0 0 0 0 0 0 26 0 
0 0 0 0 0 25 0 25 0 0 0 0 0 0 25 0 0 0 0 0 0 28 26 10 0 0 0 0 24 0 0 3 0 0 0 0 0 1 0 0 
25 0 18 0 0 9 0 0 0 0 0 0 0 0 0 0 0 0 0 23 0 0 0 0 0 0 0 0 0 0 0 0 0 27 0 27 0 0 0 11 
9 0 0 0 0 0 0 0 0 11 0 0 0 1 0 0 0 0 0 14 16 1 10 1 0 0 0 0 0 27 0 20 0 0 23 0 0 1 0 0 
0 10 0 18 0 0 0 0 0 0 0 0 0 1 0 0 0 1 0 0 0 0 0 0 30 0 0 0 23 0 0 0 0 0 0 0 0 0 0 0 
0 11 0 8 0 0 0 0 13 0 0 27 0 0 0 0 0 0 0 0 0 24 0 0 0 0 0 0 0 0 24 0 0 0 13 0 0 0 0 0 
0 0 0 16 0 28 0 0 0 10 0 0 2 0 0 0 10 0 0 0 4 0 15 6 0 0 0 23 0 0 0 0 12 26 0 0 0 0 0 0 
0 0 0 0 0 1 0 0 0 15 21 0 0 12 0 0 5 0 0 26 0 0 15 10 0 5 0 0 0 26 0 0 0 0 0 0 0 0 23 0 
4 0 17 0 0 10 0 0 0 0 6 0 0 0 0 0 0 0 0 0 0 0 30 0 0 0 0 17 0 0 0 0 0 0 0 0 0 0 0 0 
28 0 0 0 3 0 0 0 17 0 0 0 0 0 0 9 0 0 0 0 0 0 0 0 0 0 0 0 0 0 0 0 0 0 0 0 0 0 16 0 
0 0 4 0 0 5 0 0 0 0 0 0 0 0 15 0 0 10 0 17 0 0 0 0 0 0 28 0 0 16 0 0 7 0 0 0 0 0 0 0 
20 0 0 0 0 0 11 0 18 0 24 0 0 4 0 0 0 22 0 0 0 0 0 0 0 0 0 0 0 0 0 0 0 0 0 0 14 0 0 0 
11 29 13 0 0 0 0 14 0 0 0 16 0 16 0 8 0 3 0 24 0 7 26 0 0 24 0 0 0 0 0 0 0 0 0 0 0 0 0 29 
0 0 0 0 0 0 0 0 7 0 0 26 0 0 0 0 0 0 0 7 0 26 0 0 24 0 0 0 0 0 17 0 0 17 0 27 0 0 0 0 
0 0 0 4 4 0 0 0 0 0 0 0 0 0 0 0 0 0 0 0 0 0 0 0 26 0 0 0 0 0 12 0 0 0 1 0 0 0 1 11 
5 0 0 0 0 2 0 0 0 0 0 24 0 0 0 0 0 0 0 0 0 0 0 0 0 0 27 0 0 0 0 0 16 0 0 0 0 0 0 0 
0 1 26 2 0 0 0 3 10 0 0 0 0 0 24 0 0 0 11 4 22 0 16 0 0 0 0 0 0 0 0 0 0 17 7 0 0 0 0 0 
