40

0 0 1 1 1 0 0 0 1 1 1 1 1 0 1 1 1 1 0 1 1 1 0 0 1 0 1 1 1 1 1 1 1 1 1 1 1 1 0 1 
0 0 1 1 0 0 0 0 0 1 1 1 1 0 1 0 1 0 0 0 1 1 0 0 0 0 1 1 0 1 0 1 0 1 1 1 0 1 1 0 
1 1 0 1 1 0 1 1 1 1 0 0 0 1 1 1 1 1 1 1 1 1 1 0 1 0 1 1 1 1 1 1 0 1 1 0 1 0 0 0 
1 1 1 0 1 1 1 1 1 1 1 1 0 1 0 0 1 1 0 1 0 1 1 1 0 0 1 1 1 1 1 1 0 1 0 1 0 1 0 1 
1 0 1 1 0 1 1 1 0 1 0 1 0 1 1 1 1 1 1 1 1 1 0 1 1 0 1 1 1 1 1 0 1 1 1 1 1 1 1 1 
0 0 0 1 1 0 0 1 1 1 1 1 1 1 0 1 1 1 1 1 1 0 1 1 1 1 0 1 1 1 1 1 0 0 0 1 1 1 1 1 
0 0 1 1 1 0 0 1 1 1 1 1 1 0 1 0 0 1 1 1 1 1 1 0 1 0 1 1 1 0 1 1 1 1 1 1 1 1 1 1 
0 0 1 1 1 1 1 0 0 0 1 1 1 1 0 1 0 0 1 1 0 1 0 0 1 1 1 1 1 1 1 1 0 1 0 1 0 0 1 1 
1 0 1 1 0 1 1 0 0 0 1 1 1 1 0 1 1 1 1 0 1 0 1 1 1 1 1 0 1 0 0 1 0 1 1 0 0 0 1 0 
1 1 1 1 1 1 1 0 0 0 0 0 1 1 1 0 1 1 1 1 1 1 0 1 1 1 0 1 1 0 0 1 1 1 0 1 1 0 1 1 
1 1 0 1 0 1 1 1 1 0 0 1 1 0 1 1 1 0 1 1 0 1 1 1 0 1 1 1 1 0 1 1 1 1 0 0 1 0 1 1 
1 1 0 1 1 1 1 1 1 0 1 0 1 1 1 0 1 1 1 0 1 0 1 1 0 1 1 0 1 1 1 1 0 0 1 1 1 1 0 1 
1 1 0 0 0 1 1 1 1 1 1 1 0 1 1 1 1 1 1 1 0 1 0 0 1 0 1 1 1 1 1 0 1 0 0 1 0 0 1 1 
0 0 1 1 1 1 0 1 1 1 0 1 1 0 1 0 1 1 0 1 1 1 1 0 1 1 1 1 0 1 1 1 1 1 0 1 1 1 1 1 
1 1 1 0 1 0 1 0 0 1 1 1 1 1 0 0 1 0 0 1 1 1 1 1 1 0 1 1 1 1 1 1 1 1 1 0 1 1 0 1 
1 0 1 0 1 1 0 1 1 0 1 0 1 0 0 0 1 1 1 1 1 1 1 1 1 1 1 1 1 1 0 1 0 1 1 1 0 1 1 1 
1 1 1 1 1 1 0 0 1 1 1 1 1 1 1 1 0 0 1 0 1 1 1 1 1 1 0 0 1 1 0 1 0 1 1 1 0 1 1 0 
1 0 1 1 1 1 1 0 1 1 0 1 1 1 0 1 0 0 0 0 1 1 1 1 1 1 1 0 0 1 1 0 1 1 1 0 1 1 1 1 
0 0 1 0 1 1 1 1 1 1 1 1 1 0 0 1 1 0 0 1 0 1 0 1 1 1 1 0 1 1 0 1 1 1 1 1 1 1 0 1 
1 0 1 1 1 1 1 1 0 1 1 0 1 1 1 1 0 0 1 0 0 1 0 1 1 0 1 0 1 1 1 1 1 1 1 0 1 0 1 1 
1 1 1 0 1 1 1 0 1 1 0 1 0 1 1 1 1 1 0 0 0 1 1 0 1 1 1 0 0 0 1 1 0 1 0 0 1 1 0 1 
1 1 1 1 1 0 1 1 0 1 1 0 1 1 1 1 1 1 1 1 1 0 1 0 1 1 0 1 1 1 1 1 0 1 1 0 0 1 1 1 
0 0 1 1 0 1 1 0 1 0 1 1 0 1 1 1 1 1 0 0 1 1 0 1 1 1 1 1 0 0 1 0 1 1 1 1 1 0 0 0 
0 0 0 1 1 1 0 0 1 1 1 1 0 0 1 1 1 1 1 1 0 0 1 0 1 1 1 0 1 1 1 0 0 0 1 1 0 1 1 1 
1 0 1 0 1 1 1 1 1 1 0 0 1 1 1 1 1 1 1 1 1 1 1 1 0 1 1 1 0 1 1 1 1 0 0 1 1 1 1 0 
0 0 0 0 0 1 0 1 1 1 1 1 0 1 0 1 1 1 1 0 1 1 1 1 1 0 1 1 1 1 1 1 1 0 1 1 0 1 1 1 
1 1 1 1 1 0 1 1 1 0 1 1 1 1 1 1 0 1 1 1 1 0 1 1 1 1 0 0 0 1 1 1 1 1 1 0 1 0 0 1 
1 1 1 1 1 1 1 1 0 1 1 0 1 1 1 1 0 0 0 0 0 1 1 0 1 1 0 0 0 1 1 1 1 1 1 1 1 0 1 1 
1 0 1 1 1 1 1 1 1 1 1 1 1 0 1 1 1 0 1 1 0 1 0 1 0 1 0 0 0 1 0 1 1 1 0 0 1 0 1 1 
1 1 1 1 1 1 0 1 0 0 0 1 1 1 1 1 1 1 1 1 0 1 0 1 1 1 1 1 1 0 0 1 1 1 1 0 1 1 1 0 
1 0 1 1 1 1 1 1 0 0 1 1 1 1 1 0 0 1 0 1 1 1 1 1 1 1 1 1 0 0 0 1 1 1 1 1 1 0 0 0 
1 1 1 1 0 1 1 1 1 1 1 1 0 1 1 1 1 0 1 1 1 1 0 0 1 1 1 1 1 1 1 0 1 0 1 1 0 1 1 1 
1 0 0 0 1 0 1 0 0 1 1 0 1 1 1 0 0 1 1 1 0 0 1 0 1 1 1 1 1 1 1 1 0 1 1 1 1 0 1 0 
1 1 1 1 1 0 1 1 1 1 1 0 0 1 1 1 1 1 1 1 1 1 1 0 0 0 1 1 1 1 1 0 1 0 1 1 0 1 1 1 
1 1 1 0 1 0 1 0 1 0 0 1 0 0 1 1 1 1 1 1 0 1 1 1 0 1 1 1 0 1 1 1 1 1 0 0 1 1 1 1 
1 1 0 1 1 1 1 1 0 1 0 1 1 1 0 1 1 0 1 0 0 0 1 1 1 1 0 1 0 0 1 1 1 1 0 0 1 1 0 0 
1 0 1 0 1 1 1 0 0 1 1 1 0 1 1 0 0 1 1 1 1 0 1 0 1 0 1 1 1 1 1 0 1 0 1 1 0 1 1 1 
1 1 0 1 1 1 1 0 0 0 0 1 0 1 1 1 1 1 1 0 1 1 0 1 1 1 0 0 0 1 0 1 0 1 1 1 1 0 0 0 
0 1 0 0 1 1 1 1 1 1 1 0 1 1 0 1 1 1 0 1 0 1 0 1 1 1 0 1 1 1 0 1 1 1 1 0 1 0 0 0 
1 0 0 1 1 1 1 1 0 1 1 1 1 1 1 1 0 1 1 1 1 1 0 1 0 1 1 1 1 0 0 1 0 1 1 0 1 0 0 0 

0 0 8 14 0 0 8 0 13 0 0 0 8 1 0 0 0 0 0 0 6 13 2 1 0 14 0 12 0 0 0 0 0 0 8 0 11 0 0 0 
11 0 6 10 0 2 10 0 0 4 4 0 0 3 0 0 13 0 4 0 0 0 6 0 0 6 1 0 0 0 0 10 9 0 0 0 0 10 0 0 
0 4 0 0 11 14 0 0 0 0 12 0 0 7 0 0 0 0 0 0 0 0 0 6 10 0 0 0 15 0 0 0 0 0 11 0 0 0 3 0 
5 0 0 0 0 0 0 0 11 0 3 4 1 0 0 0 0 0 11 0 0 7 0 0 0 4 12 2 11 2 0 5 4 0 0 0 0 0 7 11 
0 8 0 11 0 0 13 10 11 9 4 0 0 1 0 0 3 0 6 0 1 0 2 0 0 15 0 0 0 6 6 0 0 0 0 3 1 0 0 0 
0 3 0 0 0 0 0 12 6 12 0 0 0 0 0 0 0 8 6 1 1 0 15 0 0 13 15 13 0 0 9 0 2 0 13 0 0 0 0 0 
0 0 5 0 10 0 0 0 0 0 6 0 3 0 0 0 0 0 0 0 0 0 0 0 0 0 0 7 0 6 14 1 7 1 0 4 0 0 14 2 
0 12 0 5 13 3 0 0 13 0 0 0 12 6 0 5 0 0 0 0 6 0 11 1 4 5 14 11 8 0 0 0 0 10 9 5 12 10 0 0 
8 0 0 0 0 14 0 0 0 0 0 2 12 4 0 0 0 0 0 0 13 0 0 0 0 0 0 1 0 0 0 0 0 1 0 0 9 9 0 15 
0 0 0 0 13 0 0 6 0 0 0 14 6 0 0 9 0 7 0 0 0 0 0 0 11 0 9 0 0 15 2 0 9 9 0 0 8 0 8 9 
12 6 9 0 0 0 0 0 0 0 0 10 8 1 0 10 6 0 0 0 0 0 3 3 0 0 0 2 0 8 11 0 1 6 12 9 0 9 0 2 
6 7 5 0 9 0 13 0 0 0 11 0 0 6 0 0 0 0 0 0 7 0 9 0 12 3 0 7 0 0 0 11 0 0 0 0 7 6 1 1 
0 0 0 0 2 11 4 0 0 0 0 9 0 0 0 13 0 0 0 10 0 0 0 6 0 0 0 0 12 9 0 0 10 3 8 12 0 0 0 0 
0 0 0 0 0 0 11 0 0 0 11 0 0 0 12 0 0 0 2 0 0 9 0 0 0 0 0 3 0 0 0 0 0 0 0 2 0 0 0 0 
3 7 0 0 6 0 3 0 9 4 0 0 0 10 0 12 0 0 0 13 4 5 0 0 0 5 0 14 12 0 1 2 0 10 0 5 6 5 11 0 
0 7 5 0 0 6 8 0 6 4 0 0 7 0 2 0 11 0 9 14 8 1 0 0 6 0 3 0 0 12 0 8 0 10 0 11 2 0 1 0 
0 0 0 0 5 12 0 0 0 9 0 0 9 0 0 0 0 0 9 14 11 5 0 0 2 1 10 6 9 11 0 7 0 0 0 0 0 15 0 12 
0 0 0 0 0 8 0 5 0 6 0 0 4 11 0 0 0 0 0 0 0 2 13 0 0 0 15 11 0 0 0 0 0 0 0 7 0 0 2 13 
9 0 8 6 14 13 0 0 0 0 11 0 0 5 1 12 0 10 0 0 7 1 0 0 1 0 0 0 2 0 10 0 0 0 0 0 0 0 14 0 
14 13 10 0 11 0 0 0 14 11 0 4 8 12 0 15 0 3 12 0 0 0 0 13 3 0 0 13 0 0 0 10 0 0 13 12 0 0 1 0 
0 3 0 10 0 0 0 5 0 0 0 10 0 11 14 2 11 0 0 0 0 0 0 2 0 0 8 15 4 0 14 0 0 0 0 0 14 6 6 12 
0 9 0 5 6 0 10 0 0 0 0 0 8 0 0 0 5 0 0 10 8 0 0 0 4 1 0 1 0 0 1 0 2 11 7 6 1 6 4 0 
9 0 8 0 0 0 11 0 0 0 9 0 7 0 0 0 4 4 6 1 0 14 0 7 0 2 3 8 3 0 5 0 0 7 15 1 0 7 5 0 
0 0 11 0 0 0 0 3 0 0 3 0 9 13 0 0 3 15 0 0 0 0 5 0 0 0 0 0 3 1 0 8 4 9 0 0 13 0 0 12 
4 0 11 8 5 0 0 0 7 0 8 15 0 0 10 4 0 9 0 0 0 0 3 0 0 8 0 0 0 0 0 0 0 7 0 0 3 0 5 10 
7 0 8 0 9 0 14 1 0 2 1 14 0 0 2 0 0 0 0 2 13 2 10 0 0 0 0 8 14 0 0 0 0 8 5 0 0 13 14 0 
0 0 8 6 0 0 0 0 2 14 6 0 1 0 0 9 0 0 0 0 0 6 0 5 0 3 0 0 0 0 0 0 0 0 1 0 0 0 4 12 
0 10 3 0 0 0 8 0 0 11 0 0 0 7 0 0 13 0 0 0 0 0 0 8 0 0 6 0 0 0 10 12 11 0 6 0 3 0 0 7 
2 1 2 0 0 0 0 0 13 0 0 0 0 0 5 9 0 3 8 0 9 0 9 0 0 0 11 0 0 0 0 0 1 0 1 0 0 0 0 12 
9 0 0 0 0 0 5 0 9 0 1 8 0 0 0 4 0 9 13 5 2 12 2 6 0 11 0 0 6 0 0 0 0 13 15 0 3 0 0 0 
14 8 0 0 0 0 0 15 7 12 0 11 13 0 13 7 8 0 0 0 0 0 0 1 0 0 0 9 0 0 0 11 0 0 0 0 0 0 0 9 
0 10 0 3 0 0 0 0 0 0 0 6 4 0 2 0 0 0 0 5 0 7 0 0 0 11 0 12 0 13 0 0 0 0 0 1 0 0 0 8 
0 0 0 5 0 0 0 5 11 0 0 6 0 0 0 11 7 5 0 7 0 0 0 1 0 0 0 0 13 0 13 13 0 0 3 0 0 0 0 0 
11 4 0 0 0 4 13 14 0 2 4 0 1 0 6 3 2 13 2 0 0 4 0 6 0 0 11 0 0 0 0 14 0 0 0 0 3 0 0 0 
4 6 0 0 8 0 0 0 0 11 0 0 1 0 0 0 12 7 0 0 12 5 0 0 0 0 3 8 0 6 0 0 0 7 0 0 0 0 0 3 
13 0 7 0 4 0 0 0 7 0 0 2 0 0 0 0 6 7 0 0 0 13 0 11 0 0 0 0 1 0 0 0 0 12 0 0 0 0 0 4 
0 5 0 3 0 0 0 0 0 6 6 1 13 11 3 0 1 0 1 0 0 14 0 6 12 0 0 0 0 8 0 0 0 0 0 11 0 0 3 5 
4 0 9 1 8 0 12 0 10 4 0 0 7 0 0 10 13 12 0 0 6 0 0 0 0 0 0 7 5 7 0 0 0 0 0 0 0 0 2 5 
0 3 2 0 0 0 0 0 0 0 0 0 0 0 0 0 0 14 0 0 10 5 0 13 0 0 4 0 0 0 0 9 7 7 0 10 0 10 0 10 
8 10 0 0 1 0 11 1 11 3 1 0 0 2 5 15 8 3 0 0 0 0 0 0 8 9 0 0 0 8 9 15 9 5 0 0 5 1 11 0 
