40

0 0 1 0 0 1 0 0 1 0 0 0 1 0 0 0 0 1 0 0 0 1 0 0 0 1 0 0 0 0 0 0 0 0 0 0 0 1 0 0 
0 0 1 0 1 0 0 1 1 1 0 0 0 0 1 0 0 0 1 1 0 0 0 1 1 0 0 0 1 0 1 1 1 0 0 0 0 0 1 0 
1 1 0 0 0 0 0 1 0 1 0 1 0 1 0 0 1 0 0 1 0 0 1 1 0 1 1 0 0 1 0 0 0 0 0 1 0 0 1 0 
0 0 0 0 1 0 0 1 0 0 1 0 1 0 1 0 0 1 1 0 0 0 0 0 0 0 0 1 0 0 0 0 0 1 0 0 1 0 0 0 
0 1 0 1 0 0 0 0 0 0 1 0 0 1 1 0 0 0 0 0 0 1 0 0 0 0 1 0 0 0 0 1 0 1 0 0 0 0 0 0 
1 0 0 0 0 0 0 0 0 0 0 1 0 0 0 0 1 0 0 1 0 0 0 1 1 0 0 1 0 0 0 1 0 0 0 0 0 1 1 0 
0 0 0 0 0 0 0 1 0 0 1 0 1 0 1 0 0 0 0 0 0 0 0 0 1 0 0 1 0 0 0 1 1 0 0 0 1 0 0 0 
0 1 1 1 0 0 1 0 1 1 1 0 1 0 0 1 0 1 0 0 0 1 1 0 0 0 1 1 0 0 0 0 0 0 0 1 1 0 0 0 
1 1 0 0 0 0 0 1 0 0 0 0 0 1 0 0 0 0 0 0 0 0 0 0 0 0 0 0 0 0 1 0 1 0 0 0 0 0 1 0 
0 1 1 0 0 0 0 1 0 0 1 1 0 1 1 1 0 0 0 1 1 0 0 0 1 0 0 0 0 0 0 1 1 0 1 1 0 0 0 0 
0 0 0 1 1 0 1 1 0 1 0 0 0 0 1 1 0 1 0 1 0 0 0 0 1 0 0 0 1 0 1 1 0 1 0 1 0 1 0 0 
0 0 1 0 0 1 0 0 0 1 0 0 0 1 0 0 0 0 0 1 0 1 1 0 0 0 0 0 0 0 0 0 1 0 0 0 0 0 0 0 
1 0 0 1 0 0 1 1 0 0 0 0 0 1 0 1 1 0 1 0 0 0 0 0 0 1 1 0 0 0 0 0 0 0 1 0 0 0 0 0 
0 0 1 0 1 0 0 0 1 1 0 1 1 0 0 1 0 1 1 0 0 0 0 1 0 0 0 1 1 1 0 0 0 1 1 0 0 0 1 0 
0 1 0 1 1 0 1 0 0 1 1 0 0 0 0 0 0 0 0 1 0 0 0 0 0 0 0 0 1 0 1 1 0 0 0 0 1 1 0 0 
0 0 0 0 0 0 0 1 0 1 1 0 1 1 0 0 0 0 0 1 0 1 0 1 1 0 0 0 0 1 1 0 1 1 0 1 0 0 0 1 
0 0 1 0 0 1 0 0 0 0 0 0 1 0 0 0 0 1 0 0 0 0 0 1 1 0 0 0 0 0 1 1 1 0 0 0 0 1 0 0 
1 0 0 1 0 0 0 1 0 0 1 0 0 1 0 0 1 0 0 1 0 1 1 0 0 1 0 0 0 1 0 0 1 1 1 0 0 1 1 1 
0 1 0 1 0 0 0 0 0 0 0 0 1 1 0 0 0 0 0 0 0 0 0 0 1 0 0 1 0 1 0 1 1 0 0 0 0 1 0 1 
0 1 1 0 0 1 0 0 0 1 1 1 0 0 1 1 0 1 0 0 1 1 1 0 1 0 1 1 0 0 0 0 1 0 0 1 0 0 1 0 
0 0 0 0 0 0 0 0 0 1 0 0 0 0 0 0 0 0 0 1 0 0 0 1 0 0 1 0 0 0 1 1 1 0 0 0 1 0 0 0 
1 0 0 0 1 0 0 1 0 0 0 1 0 0 0 1 0 1 0 1 0 0 1 0 0 1 0 0 0 0 0 0 0 1 0 1 0 0 0 1 
0 0 1 0 0 0 0 1 0 0 0 1 0 0 0 0 0 1 0 1 0 1 0 0 0 1 0 1 0 1 0 1 0 0 1 0 1 0 0 0 
0 1 1 0 0 1 0 0 0 0 0 0 0 1 0 1 1 0 0 0 1 0 0 0 0 1 0 0 0 0 0 1 1 0 0 1 0 1 0 0 
0 1 0 0 0 1 1 0 0 1 1 0 0 0 0 1 1 0 1 1 0 0 0 0 0 0 0 0 1 1 1 0 1 0 0 0 0 0 1 1 
1 0 1 0 0 0 0 0 0 0 0 0 1 0 0 0 0 1 0 0 0 1 1 1 0 0 0 0 0 1 0 1 1 0 1 1 1 0 0 0 
0 0 1 0 1 0 0 1 0 0 0 0 1 0 0 0 0 0 0 1 1 0 0 0 0 0 0 0 0 0 0 1 1 1 1 0 0 0 0 0 
0 0 0 1 0 1 1 1 0 0 0 0 0 1 0 0 0 0 1 1 0 0 1 0 0 0 0 0 0 0 0 0 0 0 0 1 1 1 0 0 
0 1 0 0 0 0 0 0 0 0 1 0 0 1 1 0 0 0 0 0 0 0 0 0 1 0 0 0 0 1 1 1 0 1 0 0 1 0 0 0 
0 0 1 0 0 0 0 0 0 0 0 0 0 1 0 1 0 1 1 0 0 0 1 0 1 1 0 0 1 0 0 0 0 1 0 0 0 1 0 0 
0 1 0 0 0 0 0 0 1 0 1 0 0 0 1 1 1 0 0 0 1 0 0 0 1 0 0 0 1 0 0 0 0 1 0 1 0 0 0 0 
0 1 0 0 1 1 1 0 0 1 1 0 0 0 1 0 1 0 1 0 1 0 1 1 0 1 1 0 1 0 0 0 1 0 1 0 0 0 1 0 
0 1 0 0 0 0 1 0 1 1 0 1 0 0 0 1 1 1 1 1 1 0 0 1 1 1 1 0 0 0 0 1 0 0 0 1 0 0 0 0 
0 0 0 1 1 0 0 0 0 0 1 0 0 1 0 1 0 1 0 0 0 1 0 0 0 0 1 0 1 1 1 0 0 0 0 1 1 0 1 1 
0 0 0 0 0 0 0 0 0 1 0 0 1 1 0 0 0 1 0 0 0 0 1 0 0 1 1 0 0 0 0 1 0 0 0 0 0 0 1 1 
0 0 1 0 0 0 0 1 0 1 1 0 0 0 0 1 0 0 0 1 0 1 0 1 0 1 0 1 0 0 1 0 1 1 0 0 0 1 1 0 
0 0 0 1 0 0 1 1 0 0 0 0 0 0 1 0 0 0 0 0 1 0 1 0 0 1 0 1 1 0 0 0 0 1 0 0 0 0 0 0 
1 0 0 0 0 1 0 0 0 0 1 0 0 0 1 0 1 1 1 0 0 0 0 1 0 0 0 1 0 1 0 0 0 0 0 1 0 0 0 1 
0 1 1 0 0 1 0 0 1 0 0 0 0 1 0 0 0 1 0 1 0 0 0 0 1 0 0 0 0 0 0 1 0 1 1 1 0 0 0 0 
0 0 0 0 0 0 0 0 0 0 0 0 0 0 0 1 0 1 1 0 0 1 0 0 1 0 0 0 0 0 0 0 0 1 1 0 0 1 0 0 

0 14 0 12 0 0 0 0 0 0 0 3 8 0 0 0 0 0 10 0 0 3 0 0 0 3 0 0 0 4 0 3 0 3 0 0 0 0 0 1 
0 0 8 0 0 0 1 3 14 1 0 0 0 10 11 8 0 0 0 0 0 1 3 0 13 0 9 9 14 0 0 14 0 8 0 0 13 1 3 0 
0 0 0 0 0 0 6 0 0 0 5 0 0 0 0 14 0 2 1 8 0 0 0 5 0 0 0 13 0 0 0 0 4 0 11 0 0 13 0 0 
0 3 0 0 0 0 0 0 0 11 3 0 0 0 14 0 0 0 6 8 0 14 0 0 0 0 0 7 11 0 0 0 5 11 13 10 14 0 0 7 
0 0 15 0 0 0 0 0 0 11 13 6 0 0 4 14 0 16 0 0 0 0 0 13 11 12 13 0 0 0 1 0 0 0 0 0 14 0 1 0 
0 0 5 13 0 0 10 1 5 0 0 0 0 0 0 0 3 6 0 0 8 0 0 11 0 4 11 0 0 13 0 4 0 6 12 0 0 0 0 1 
0 9 12 2 1 10 0 16 0 0 5 0 0 0 6 6 1 6 0 0 0 9 1 0 7 12 13 11 0 0 0 0 0 2 0 0 0 5 0 2 
0 0 0 0 6 10 10 0 10 1 0 6 0 13 14 5 0 11 3 0 7 0 0 8 0 11 0 0 9 0 7 11 14 0 0 0 0 12 0 0 
0 0 0 0 5 0 0 0 0 10 14 0 0 4 0 0 4 0 4 0 0 0 0 0 0 14 0 0 0 0 9 0 0 1 0 3 11 5 1 1 
0 7 0 3 0 10 0 0 0 0 14 0 0 0 0 10 0 4 0 0 0 0 8 14 0 0 2 14 0 0 11 13 0 0 11 0 1 7 3 0 
0 0 11 11 10 1 0 1 0 0 0 16 5 7 3 4 0 9 0 0 0 0 0 7 0 0 0 0 6 0 0 0 0 3 0 0 0 0 6 0 
0 0 1 0 14 10 5 0 6 0 14 0 3 13 0 0 0 0 0 0 12 6 14 13 0 4 0 0 0 0 0 1 0 0 0 0 0 14 0 0 
0 0 0 0 16 0 0 10 0 0 0 0 0 0 0 0 0 1 0 0 4 0 0 10 1 0 2 0 0 0 9 5 11 0 13 0 7 0 0 14 
0 12 2 0 0 0 8 4 0 3 3 0 0 0 0 0 4 6 0 2 6 0 0 0 7 0 0 0 0 14 12 0 9 15 0 0 0 0 6 1 
0 7 5 7 0 6 0 0 0 0 0 0 9 14 0 10 0 3 3 6 0 0 0 0 0 0 0 2 0 0 0 0 4 10 0 0 0 13 0 0 
0 0 0 14 6 0 0 0 0 4 0 0 0 7 0 0 14 8 5 11 13 0 5 12 11 0 0 0 7 7 0 0 0 0 0 0 0 0 0 5 
0 0 0 13 4 0 3 0 0 2 0 0 6 6 0 0 0 0 0 0 0 3 12 1 0 7 6 0 0 0 0 0 0 0 14 9 13 4 1 0 
0 0 12 16 2 1 9 0 1 0 0 0 0 2 0 0 0 0 4 0 0 0 0 0 0 0 0 0 0 0 12 0 0 0 0 11 0 0 0 3 
12 8 6 0 6 0 10 0 6 0 3 2 0 0 3 0 14 0 0 0 0 0 0 0 15 8 0 0 5 0 15 12 0 11 6 3 0 5 0 6 
9 0 14 0 11 0 0 7 6 0 14 0 0 0 14 10 11 10 0 0 11 12 6 0 0 2 13 0 0 4 5 14 7 0 10 14 0 12 10 0 
0 10 0 0 0 0 1 1 0 0 10 4 15 0 7 0 0 0 14 7 0 0 0 0 0 3 0 0 11 0 0 0 0 0 8 0 0 9 0 8 
0 0 0 12 0 0 0 0 5 0 0 4 5 1 0 7 1 6 4 0 7 0 14 8 0 0 6 0 0 10 0 11 10 0 0 0 2 0 0 0 
0 4 0 0 0 2 0 0 0 0 12 14 0 0 9 6 0 3 0 14 8 4 0 0 0 0 0 0 0 0 0 0 1 0 0 6 0 5 15 0 
10 12 3 5 0 1 15 0 0 0 0 0 0 0 5 14 0 0 0 5 0 0 0 0 0 0 11 1 0 1 0 10 0 8 1 9 14 6 9 0 
0 9 0 0 10 0 12 11 0 7 0 0 0 0 0 0 0 14 3 0 0 0 0 0 0 0 0 15 1 0 0 1 0 0 0 3 0 0 2 0 
14 0 0 9 0 1 0 9 0 13 0 3 0 0 8 10 8 6 6 0 0 16 0 2 0 0 0 0 0 0 0 5 0 1 9 0 0 0 12 10 
12 6 0 13 14 0 0 0 0 0 0 0 0 13 7 3 0 0 0 5 0 13 0 4 0 0 0 10 0 0 4 0 0 13 3 10 0 0 0 13 
0 0 0 6 0 0 10 0 0 0 1 9 0 0 0 0 7 0 0 3 2 0 0 0 0 0 0 0 0 5 0 0 8 0 0 0 4 4 0 0 
0 0 9 0 0 0 13 0 0 12 0 0 0 0 0 0 4 0 2 9 3 14 0 0 2 0 1 9 0 0 0 0 5 0 0 11 0 0 0 11 
0 0 0 1 0 4 0 0 0 0 0 0 6 6 5 0 0 13 8 0 3 0 0 0 3 0 3 0 0 0 0 2 2 0 0 0 0 12 0 1 
9 0 0 0 5 2 0 7 0 14 7 3 0 0 1 10 0 0 3 0 0 0 0 1 0 0 13 0 2 4 0 0 0 0 13 0 0 7 0 0 
2 1 0 0 3 9 0 0 0 9 0 12 0 12 15 0 13 0 12 10 0 6 10 13 0 4 0 0 0 13 13 0 2 14 0 12 0 0 0 0 
0 0 0 0 0 0 0 10 2 2 0 0 0 13 0 0 0 7 0 1 0 0 0 0 6 0 0 0 0 0 0 11 0 0 0 2 0 0 0 0 
0 0 0 0 0 0 14 4 12 8 8 0 7 14 0 0 0 9 7 0 4 0 0 0 2 0 2 0 0 3 0 0 1 0 10 0 0 0 0 0 
0 8 2 0 10 0 0 13 9 3 11 0 12 0 4 10 0 0 0 0 0 0 0 0 0 0 0 0 1 0 0 7 13 0 0 0 0 0 0 3 
0 0 10 0 0 0 0 0 0 0 0 5 0 0 0 0 10 6 1 11 0 14 4 8 15 4 14 11 0 9 0 6 0 0 8 0 0 11 0 2 
0 7 7 0 0 8 0 0 0 0 0 0 10 2 8 0 0 14 0 0 0 0 0 0 0 0 0 12 9 0 2 0 2 7 9 9 0 8 0 0 
4 13 7 0 0 0 6 0 0 0 10 3 7 0 0 0 15 9 7 0 0 13 13 12 0 0 0 0 0 3 3 0 12 0 0 0 0 0 0 2 
0 0 11 0 0 0 0 0 0 0 6 0 0 0 2 0 2 4 12 4 0 0 0 8 0 0 0 0 9 11 0 0 3 0 0 12 2 0 0 0 
0 6 0 8 15 0 0 7 11 0 5 12 0 3 1 4 0 1 12 13 0 0 0 13 14 0 0 4 0 0 0 0 0 0 0 0 2 0 0 0 
