40

0 0 0 1 0 1 0 1 0 0 0 0 1 1 0 0 1 1 0 0 0 1 0 1 0 0 0 0 0 0 1 0 0 0 0 0 0 1 0 0 
0 0 0 0 1 0 1 0 1 0 1 1 1 0 0 0 0 1 1 0 1 0 0 1 0 0 1 0 0 0 1 1 0 0 0 0 0 0 0 1 
0 0 0 1 0 0 0 0 0 0 1 0 0 1 0 1 0 0 0 1 1 1 0 0 0 0 0 0 0 0 0 0 0 0 1 1 0 0 0 0 
1 0 1 0 0 0 0 1 1 0 1 0 1 0 1 0 1 0 0 0 0 0 0 0 0 0 0 1 0 1 0 0 0 0 0 0 1 0 1 0 
0 1 0 0 0 1 0 0 0 0 0 0 0 0 1 0 0 1 0 0 0 0 0 1 0 0 0 1 0 0 0 0 1 0 0 0 0 0 0 1 
1 0 0 0 1 0 0 1 0 1 0 0 0 0 1 1 1 0 1 0 0 0 0 0 1 0 1 0 0 0 0 0 0 1 0 0 0 1 1 0 
0 1 0 0 0 0 0 0 1 0 0 0 1 1 1 0 0 1 0 0 1 0 0 0 1 1 0 1 0 0 0 1 0 1 0 1 0 0 1 1 
1 0 0 1 0 1 0 0 1 0 0 0 0 0 0 0 0 1 0 0 1 0 0 0 0 0 1 1 1 1 1 1 0 0 0 0 0 1 0 0 
0 1 0 1 0 0 1 1 0 0 0 0 0 0 1 0 1 1 1 0 1 0 1 0 1 0 1 0 1 0 0 1 0 0 0 0 0 0 0 1 
0 0 0 0 0 1 0 0 0 0 0 1 0 0 0 1 0 1 1 0 0 0 1 1 0 0 1 0 0 1 1 0 1 1 1 0 0 0 0 1 
0 1 1 1 0 0 0 0 0 0 0 0 0 0 1 1 0 0 0 0 1 0 0 1 1 1 1 1 0 1 1 0 1 0 0 0 0 0 0 0 
0 1 0 0 0 0 0 0 0 1 0 0 0 0 0 0 0 1 0 0 0 0 0 0 1 0 1 0 1 0 0 1 0 1 0 1 0 0 0 0 
1 1 0 1 0 0 1 0 0 0 0 0 0 0 0 1 1 0 0 0 0 1 0 0 0 0 1 1 0 0 0 1 0 0 1 0 0 1 0 0 
1 0 1 0 0 0 1 0 0 0 0 0 0 0 1 0 0 0 0 0 0 0 1 1 0 0 1 1 0 0 0 1 0 0 0 1 1 0 1 0 
0 0 0 1 1 1 1 0 1 0 1 0 0 1 0 0 0 0 0 0 0 0 0 0 0 0 0 1 1 0 0 0 0 1 0 0 1 0 1 1 
0 0 1 0 0 1 0 0 0 1 1 0 1 0 0 0 0 1 0 1 1 0 1 0 1 0 1 0 0 0 0 0 0 0 1 0 0 0 1 0 
1 0 0 1 0 1 0 0 1 0 0 0 1 0 0 0 0 1 0 0 0 0 1 1 1 0 1 1 1 0 1 1 0 1 0 0 1 0 0 0 
1 1 0 0 1 0 1 1 1 1 0 1 0 0 0 1 1 0 0 0 1 0 1 0 0 0 1 1 0 0 0 0 0 0 0 0 1 1 1 0 
0 1 0 0 0 1 0 0 1 1 0 0 0 0 0 0 0 0 0 1 1 0 0 0 0 0 0 0 1 0 0 0 0 1 0 1 0 0 1 0 
0 0 1 0 0 0 0 0 0 0 0 0 0 0 0 1 0 0 1 0 1 0 1 0 1 1 0 1 1 0 0 0 0 0 0 0 0 0 1 1 
0 1 1 0 0 0 1 1 1 0 1 0 0 0 0 1 0 1 1 1 0 0 0 0 1 0 1 0 0 0 0 0 0 0 0 1 0 0 0 1 
1 0 1 0 0 0 0 0 0 0 0 0 1 0 0 0 0 0 0 0 0 0 0 0 1 0 0 0 0 0 1 1 0 0 0 1 1 0 0 0 
0 0 0 0 0 0 0 0 1 1 0 0 0 1 0 1 1 1 0 1 0 0 0 0 1 0 0 0 0 0 1 0 1 1 0 0 0 0 1 0 
1 1 0 0 1 0 0 0 0 1 1 0 0 1 0 0 1 0 0 0 0 0 0 0 0 0 1 0 0 1 0 1 0 1 0 0 0 0 1 0 
0 0 0 0 0 1 1 0 1 0 1 1 0 0 0 1 1 0 0 1 1 1 1 0 0 0 0 0 1 0 1 0 0 0 0 0 0 1 0 1 
0 0 0 0 0 0 1 0 0 0 1 0 0 0 0 0 0 0 0 1 0 0 0 0 0 0 0 0 0 1 1 1 0 1 1 0 0 0 0 0 
0 1 0 0 0 1 0 1 1 1 1 1 1 1 0 1 1 1 0 0 1 0 0 1 0 0 0 1 1 0 0 0 0 1 1 0 0 1 0 0 
0 0 0 1 1 0 1 1 0 0 1 0 1 1 1 0 1 1 0 1 0 0 0 0 0 0 1 0 0 0 0 0 0 1 1 0 0 0 0 0 
0 0 0 0 0 0 0 1 1 0 0 1 0 0 1 0 1 0 1 1 0 0 0 0 1 0 1 0 0 0 1 0 0 0 1 0 0 0 1 0 
0 0 0 1 0 0 0 1 0 1 1 0 0 0 0 0 0 0 0 0 0 0 0 1 0 1 0 0 0 0 0 1 0 0 1 1 0 0 1 1 
1 1 0 0 0 0 0 1 0 1 1 0 0 0 0 0 1 0 0 0 0 1 1 0 1 1 0 0 1 0 0 1 0 0 0 0 0 0 0 1 
0 1 0 0 0 0 1 1 1 0 0 1 1 1 0 0 1 0 0 0 0 1 0 1 0 1 0 0 0 1 1 0 0 0 1 0 1 0 0 1 
0 0 0 0 1 0 0 0 0 1 1 0 0 0 0 0 0 0 0 0 0 0 1 0 0 0 0 0 0 0 0 0 0 1 0 1 1 1 1 0 
0 0 0 0 0 1 1 0 0 1 0 1 0 0 1 0 1 0 1 0 0 0 1 1 0 1 1 1 0 0 0 0 1 0 0 0 1 0 0 0 
0 0 1 0 0 0 0 0 0 1 0 0 1 0 0 1 0 0 0 0 0 0 0 0 0 1 1 1 1 1 0 1 0 0 0 1 1 1 1 1 
0 0 1 0 0 0 1 0 0 0 0 1 0 1 0 0 0 0 1 0 1 1 0 0 0 0 0 0 0 1 0 0 1 0 1 0 1 0 1 1 
0 0 0 1 0 0 0 0 0 0 0 0 0 1 1 0 1 1 0 0 0 1 0 0 0 0 0 0 0 0 0 1 1 1 1 1 0 0 0 0 
1 0 0 0 0 1 0 1 0 0 0 0 1 0 0 0 0 1 0 0 0 0 0 0 1 0 1 0 0 0 0 0 1 0 1 0 0 0 0 0 
0 0 0 1 0 1 1 0 0 0 0 0 0 1 1 1 0 1 1 1 0 0 1 1 0 0 0 0 1 1 0 0 1 0 1 1 0 0 0 0 
0 1 0 0 1 0 1 0 1 1 0 0 0 0 1 0 0 0 0 1 1 0 0 0 1 0 0 0 0 1 1 1 0 0 1 1 0 0 0 0 

0 0 5 0 20 0 13 0 0 0 19 0 0 18 26 0 21 21 0 0 0 0 27 3 0 0 11 0 0 0 0 0 0 0 0 18 0 10 0 13 
0 0 0 0 13 0 24 10 0 0 0 5 0 0 0 0 16 3 0 0 0 0 0 0 0 22 0 0 25 0 0 0 0 0 0 0 0 0 16 0 
0 0 0 0 0 0 0 0 0 0 1 0 0 0 0 15 0 0 0 0 0 0 10 23 0 0 0 18 0 0 0 2 15 0 0 0 0 0 0 0 
0 0 0 0 0 0 19 0 0 2 0 4 0 0 0 0 0 0 0 1 0 12 8 0 0 2 19 23 0 0 18 25 6 0 0 0 0 0 0 0 
0 0 0 0 0 0 5 0 8 19 0 9 0 0 0 0 0 0 0 0 27 0 0 0 0 0 0 0 0 0 0 0 0 0 0 0 0 0 0 0 
11 0 0 0 3 0 0 0 0 0 0 0 0 0 0 20 7 0 0 0 0 0 0 25 0 25 0 0 0 0 0 0 0 0 0 0 0 6 0 0 
0 0 14 0 0 0 0 0 0 0 18 0 0 0 19 0 0 22 22 0 0 0 0 0 0 0 0 0 0 0 0 0 0 0 6 0 0 0 0 0 
0 0 0 0 0 0 10 0 14 0 0 0 0 0 0 0 0 0 11 15 0 0 13 0 16 0 0 0 21 0 0 0 0 0 12 0 0 0 0 0 
0 0 0 0 0 0 17 0 0 0 0 0 0 0 0 0 4 0 0 14 7 0 0 0 0 0 0 18 0 0 0 0 0 3 0 0 0 0 12 0 
0 0 0 1 0 0 21 0 0 0 19 16 0 0 6 0 0 0 21 0 0 0 0 0 0 4 0 0 5 0 3 0 0 0 0 0 17 8 0 16 
4 0 0 0 0 0 0 23 0 24 0 0 0 0 5 14 0 25 0 2 0 0 0 0 0 25 0 0 18 15 0 0 18 0 0 0 0 8 0 0 
0 0 0 0 0 0 0 0 0 0 0 0 14 0 0 0 25 0 0 0 0 19 0 7 0 22 0 0 0 0 0 0 0 0 0 10 0 0 0 0 
0 0 15 0 0 0 0 3 8 0 0 0 0 0 0 5 20 0 0 0 0 0 0 17 12 0 21 0 0 0 0 0 0 0 0 0 0 0 24 0 
0 0 9 18 0 17 10 1 3 0 0 0 0 0 0 20 0 0 0 0 0 0 0 0 0 0 0 0 0 0 0 0 0 0 0 0 0 21 0 1 
0 14 0 0 4 0 11 0 14 0 0 21 0 0 0 0 0 0 0 0 0 0 0 0 0 0 0 0 19 0 0 0 0 0 3 21 0 0 0 0 
0 0 0 15 0 0 13 0 0 0 0 0 0 0 16 0 0 0 0 0 0 11 0 22 21 0 6 0 0 0 0 0 0 0 0 0 0 0 0 11 
0 0 0 0 0 0 1 0 0 0 0 0 0 19 0 0 0 0 19 0 27 20 0 0 1 24 0 0 0 14 9 0 0 0 0 12 0 0 0 0 
20 0 0 0 1 0 0 13 0 15 0 0 27 0 8 3 0 0 24 0 0 0 0 0 16 0 0 0 24 24 0 0 0 20 0 0 4 0 22 0 
0 0 1 25 0 0 0 0 0 15 26 9 11 0 11 0 0 0 0 0 0 0 0 0 0 0 5 0 22 0 0 0 0 0 0 0 17 0 0 0 
0 0 0 0 0 0 0 0 0 5 0 0 0 0 18 0 15 0 10 0 0 0 16 15 0 7 7 0 0 0 5 0 4 0 0 23 0 4 0 3 
20 0 0 0 10 15 0 0 0 21 0 0 0 0 0 0 0 0 0 0 0 0 0 0 20 0 0 0 0 22 0 13 0 0 0 0 17 0 16 0 
4 14 0 0 0 0 0 0 0 0 0 0 0 0 7 0 20 0 14 22 15 0 0 0 25 0 3 0 0 0 0 0 0 0 0 0 0 26 0 1 
0 0 8 0 13 0 0 17 0 0 0 0 0 0 0 0 0 0 0 0 0 0 0 0 0 0 0 0 0 0 0 0 17 0 19 0 0 0 0 15 
0 0 0 0 0 0 0 0 3 14 0 0 0 7 0 0 0 0 0 0 17 0 0 0 0 0 1 0 4 0 0 23 0 0 0 0 0 0 0 22 
0 0 0 0 12 0 0 0 0 5 23 0 0 0 0 14 8 0 3 0 0 0 0 0 0 0 20 0 19 0 24 0 0 0 0 0 0 0 0 0 
0 0 2 0 0 0 10 0 0 0 19 19 0 2 0 0 0 23 0 0 0 13 0 18 0 0 0 0 0 0 0 0 0 0 17 1 0 12 0 0 
0 0 0 0 0 0 2 0 0 11 0 0 0 0 0 0 0 0 0 0 0 15 0 8 0 0 0 18 0 0 0 0 0 0 0 0 0 0 11 0 
0 0 6 0 0 0 10 0 16 0 24 3 0 0 0 0 0 0 0 0 0 0 0 0 0 0 0 0 0 11 0 0 0 0 0 0 0 0 0 0 
9 0 0 13 0 0 12 15 0 0 8 0 0 0 0 0 0 0 9 0 0 0 0 0 0 0 0 0 0 0 0 0 6 6 0 0 18 0 0 0 
20 0 0 0 0 10 0 0 0 0 0 20 0 0 0 0 0 0 0 22 0 18 0 22 14 0 0 15 7 0 0 24 0 13 0 0 5 0 15 2 
0 0 0 0 0 0 0 0 0 0 23 0 0 0 0 0 0 0 0 0 0 0 2 0 19 0 11 21 0 0 0 0 0 0 0 13 0 0 0 0 
0 0 0 0 0 0 0 0 0 0 0 0 0 0 0 0 0 0 0 0 24 0 8 9 11 0 4 0 2 19 0 0 0 1 0 0 0 22 0 0 
0 0 19 0 0 0 0 19 0 0 0 0 0 0 0 0 0 22 0 0 0 0 0 0 0 15 0 0 0 0 0 0 0 0 0 0 0 5 0 11 
0 0 0 5 0 0 17 0 0 0 17 9 0 0 0 0 0 0 0 0 0 0 0 0 0 0 0 0 2 0 0 0 0 0 0 0 0 0 0 0 
0 0 4 0 18 26 0 0 0 0 0 0 1 18 4 4 0 0 0 0 0 0 0 0 0 0 18 0 0 0 13 0 0 0 0 0 2 15 0 4 
0 0 0 2 0 0 21 0 0 13 12 0 0 0 0 0 16 0 0 0 0 0 0 0 0 0 2 0 0 0 26 1 0 0 0 0 0 0 11 0 
0 0 0 0 0 0 14 0 0 0 0 0 18 4 0 0 0 0 0 0 0 0 18 0 0 0 0 19 11 0 0 0 0 0 0 0 0 0 1 0 
20 3 0 0 0 0 0 16 0 0 0 11 0 0 17 0 6 3 14 6 0 14 0 0 0 0 0 1 0 0 0 0 0 0 0 0 0 0 0 9 
0 0 0 5 0 0 0 0 0 0 21 17 0 0 0 0 0 0 0 0 3 0 0 0 0 0 4 0 0 0 0 0 11 11 0 0 0 0 0 0 
0 0 7 6 0 0 5 0 0 0 0 7 13 0 0 0 0 0 1 2 0 0 0 0 0 0 17 22 0 18 12 0 7 0 0 0 0 0 0 0 
