40

0 1 1 0 1 1 1 1 0 0 1 1 1 1 1 0 1 1 0 1 1 0 0 0 1 1 1 1 1 1 1 1 1 1 0 0 0 0 1 1 
1 0 1 1 1 1 1 1 0 1 1 1 0 1 1 1 1 1 1 1 1 0 0 1 1 1 1 1 1 0 1 1 1 0 1 1 1 1 1 1 
1 1 0 0 1 1 1 1 1 1 1 1 1 1 0 1 0 1 0 1 1 1 1 1 1 1 1 1 1 1 1 1 1 0 1 1 1 1 0 1 
0 1 0 0 1 0 1 1 1 0 1 0 1 1 1 1 0 1 1 1 1 1 1 0 1 1 1 1 0 1 1 1 1 1 1 1 1 1 1 1 
1 1 1 1 0 1 0 1 1 1 1 1 1 1 1 0 0 1 1 0 1 1 1 1 1 1 0 1 1 1 0 0 0 1 1 1 0 1 0 1 
1 1 1 0 1 0 1 1 1 1 1 1 0 1 0 1 1 0 1 1 1 1 1 1 1 0 1 1 1 1 1 1 1 1 1 0 1 1 1 1 
1 1 1 1 0 1 0 1 1 1 1 1 1 1 1 1 1 1 1 1 1 1 0 1 1 0 1 1 1 1 1 1 0 1 1 1 1 1 1 1 
1 1 1 1 1 1 1 0 1 1 1 1 1 1 1 1 1 1 1 1 1 1 1 1 0 1 0 0 0 1 1 0 1 1 1 0 1 1 0 1 
0 0 1 1 1 1 1 1 0 1 1 1 1 1 1 0 1 1 0 1 1 1 1 1 1 1 1 1 0 1 1 0 1 1 0 1 1 0 1 1 
0 1 1 0 1 1 1 1 1 0 1 1 1 1 0 1 1 1 1 1 1 0 0 0 1 1 0 1 0 1 1 1 1 1 1 1 1 1 1 0 
1 1 1 1 1 1 1 1 1 1 0 1 0 0 1 1 1 1 1 1 1 1 0 1 1 1 1 1 0 0 1 0 1 1 1 1 0 0 1 1 
1 1 1 0 1 1 1 1 1 1 1 0 1 1 1 0 1 1 1 1 0 0 1 1 1 1 1 1 1 1 0 0 1 1 0 1 1 1 1 1 
1 0 1 1 1 0 1 1 1 1 0 1 0 0 1 1 1 1 1 1 1 0 1 1 1 1 1 1 1 1 0 0 1 1 1 1 1 1 1 0 
1 1 1 1 1 1 1 1 1 1 0 1 0 0 1 0 1 1 1 0 1 0 0 1 0 1 1 1 1 1 1 1 1 1 1 1 0 1 1 1 
1 1 0 1 1 0 1 1 1 0 1 1 1 1 0 1 0 1 1 1 1 1 1 1 1 0 1 1 0 1 1 0 0 1 0 0 1 0 1 1 
0 1 1 1 0 1 1 1 0 1 1 0 1 0 1 0 0 0 1 1 1 1 0 1 1 1 0 1 0 1 1 1 1 1 1 1 1 1 1 1 
1 1 0 0 0 1 1 1 1 1 1 1 1 1 0 0 0 0 0 1 0 1 1 1 1 1 1 1 1 0 1 1 1 1 0 1 0 1 1 1 
1 1 1 1 1 0 1 1 1 1 1 1 1 1 1 0 0 0 0 1 1 1 1 1 1 1 1 1 1 1 1 1 1 1 0 1 1 1 1 1 
0 1 0 1 1 1 1 1 0 1 1 1 1 1 1 1 0 0 0 1 1 0 1 0 1 1 1 1 1 1 1 1 1 1 0 1 1 1 1 1 
1 1 1 1 0 1 1 1 1 1 1 1 1 0 1 1 1 1 1 0 0 1 0 1 1 1 0 1 1 0 1 1 1 1 1 1 1 1 1 1 
1 1 1 1 1 1 1 1 1 1 1 0 1 1 1 1 0 1 1 0 0 1 0 0 1 1 1 1 1 0 0 1 1 1 1 0 1 0 1 1 
0 0 1 1 1 1 1 1 1 0 1 0 0 0 1 1 1 1 0 1 1 0 1 1 1 1 0 1 0 0 1 1 1 1 1 1 1 1 1 1 
0 0 1 1 1 1 0 1 1 0 0 1 1 0 1 0 1 1 1 0 0 1 0 0 1 1 1 0 1 1 0 1 1 1 1 1 0 0 1 1 
0 1 1 0 1 1 1 1 1 0 1 1 1 1 1 1 1 1 0 1 0 1 0 0 1 0 1 1 0 1 1 1 1 1 1 1 1 1 1 1 
1 1 1 1 1 1 1 0 1 1 1 1 1 0 1 1 1 1 1 1 1 1 1 1 0 1 1 1 1 1 1 0 1 0 1 1 1 1 1 0 
1 1 1 1 1 0 0 1 1 1 1 1 1 1 0 1 1 1 1 1 1 1 1 0 1 0 1 0 1 1 1 0 1 1 1 1 1 1 1 1 
1 1 1 1 0 1 1 0 1 0 1 1 1 1 1 0 1 1 1 0 1 0 1 1 1 1 0 1 0 0 1 1 1 1 0 1 1 1 1 1 
1 1 1 1 1 1 1 0 1 1 1 1 1 1 1 1 1 1 1 1 1 1 0 1 1 0 1 0 1 1 1 0 0 1 0 0 1 1 1 1 
1 1 1 0 1 1 1 0 0 0 0 1 1 1 0 0 1 1 1 1 1 0 1 0 1 1 0 1 0 1 1 1 1 1 1 1 0 1 1 0 
1 0 1 1 1 1 1 1 1 1 0 1 1 1 1 1 0 1 1 0 0 0 1 1 1 1 0 1 1 0 0 1 1 1 0 1 1 1 0 1 
1 1 1 1 0 1 1 1 1 1 1 0 0 1 1 1 1 1 1 1 0 1 0 1 1 1 1 1 1 0 0 1 1 1 1 1 0 0 1 1 
1 1 1 1 0 1 1 0 0 1 0 0 0 1 0 1 1 1 1 1 1 1 1 1 0 0 1 0 1 1 1 0 1 1 0 0 1 1 1 1 
1 1 1 1 0 1 0 1 1 1 1 1 1 1 0 1 1 1 1 1 1 1 1 1 1 1 1 0 1 1 1 1 0 0 1 1 1 0 0 1 
1 0 0 1 1 1 1 1 1 1 1 1 1 1 1 1 1 1 1 1 1 1 1 1 0 1 1 1 1 1 1 1 0 0 1 1 1 1 0 1 
0 1 1 1 1 1 1 1 0 1 1 0 1 1 0 1 0 0 0 1 1 1 1 1 1 1 0 0 1 0 1 0 1 1 0 0 1 1 0 1 
0 1 1 1 1 0 1 0 1 1 1 1 1 1 0 1 1 1 1 1 0 1 1 1 1 1 1 0 1 1 1 0 1 1 0 0 1 0 1 0 
0 1 1 1 0 1 1 1 1 1 0 1 1 0 1 1 0 1 1 1 1 1 0 1 1 1 1 1 0 1 0 1 1 1 1 1 0 1 0 1 
0 1 1 1 1 1 1 1 0 1 0 1 1 1 0 1 1 1 1 1 0 1 0 1 1 1 1 1 1 1 0 1 0 1 1 0 1 0 1 0 
1 1 0 1 0 1 1 0 1 1 1 1 1 1 1 1 1 1 1 1 1 1 1 1 1 1 1 1 1 0 1 1 0 0 0 1 0 1 0 1 
1 1 1 1 1 1 1 1 1 0 1 1 0 1 1 1 1 1 1 1 1 1 1 1 0 1 1 1 0 1 1 1 1 1 1 0 1 0 1 0 

0 0 0 19 0 11 6 0 0 0 0 0 0 0 0 20 0 0 0 20 0 0 0 0 0 0 0 21 17 0 0 0 0 0 0 0 0 0 0 20 
17 0 0 15 0 0 0 0 9 0 0 0 0 0 0 0 0 0 0 8 0 0 10 0 0 0 0 0 19 0 0 0 0 0 0 0 2 9 0 0 
0 0 0 0 3 0 0 7 0 1 0 0 0 0 0 4 0 1 16 0 1 0 0 0 0 0 19 0 0 0 0 0 0 1 0 0 0 0 0 0 
0 0 0 0 0 0 0 2 22 0 0 14 0 0 0 14 0 0 17 0 0 0 0 0 0 0 0 5 0 0 0 0 0 0 0 8 0 0 0 0 
0 0 0 0 0 0 0 0 0 0 15 3 0 0 0 0 0 0 0 0 0 0 0 0 0 0 0 0 3 0 0 0 0 2 0 0 0 0 0 0 
2 0 0 0 0 0 3 0 0 0 0 0 12 0 0 0 0 0 0 0 0 0 0 1 0 3 0 0 0 0 0 7 0 2 0 0 0 0 0 0 
16 3 0 0 0 6 0 0 0 15 0 0 0 0 5 0 0 0 0 0 0 14 0 20 18 0 0 0 0 0 12 19 0 0 2 0 2 0 0 0 
17 0 5 19 0 0 0 0 0 0 0 0 0 0 0 0 0 0 3 0 0 11 5 0 0 0 0 17 0 1 0 0 0 0 0 0 0 0 1 0 
0 0 12 0 1 0 0 0 0 0 0 0 0 0 0 0 0 0 0 0 0 18 0 0 0 0 0 0 0 0 0 0 0 0 8 0 0 0 21 0 
0 0 0 0 0 9 4 0 0 0 0 0 0 0 0 9 0 0 14 0 0 0 0 0 2 0 0 0 0 0 0 0 0 0 0 19 0 0 0 1 
0 0 0 0 0 0 0 0 0 0 0 0 0 0 0 0 0 5 0 0 0 0 0 4 4 0 0 4 0 0 8 0 0 0 1 0 0 0 0 0 
0 9 12 0 0 0 0 1 0 0 16 0 0 0 0 0 0 0 0 0 18 20 0 0 0 0 0 0 0 17 0 0 0 0 0 0 0 9 19 0 
0 11 0 0 0 0 0 0 0 0 0 2 0 0 0 0 0 18 10 0 16 3 0 0 0 7 6 0 0 0 8 10 0 0 6 8 0 0 0 3 
0 12 0 15 0 0 0 0 0 0 0 0 0 0 12 0 5 0 0 0 16 0 0 0 0 8 0 9 0 15 0 0 1 13 0 0 0 0 19 0 
0 0 0 0 0 0 0 0 0 20 0 0 0 0 0 0 1 0 0 0 0 0 0 0 0 0 0 0 0 0 0 0 4 0 0 0 0 0 0 0 
0 20 0 0 19 0 0 0 0 0 0 0 0 0 11 0 5 0 0 0 0 0 12 0 0 0 0 0 18 0 0 0 16 0 0 3 0 0 0 0 
0 0 11 0 0 0 6 0 9 0 0 0 0 0 0 13 0 0 0 0 0 0 0 0 9 18 0 0 0 7 0 0 0 0 0 15 0 0 9 14 
0 0 0 0 0 0 0 0 0 0 0 0 0 0 0 3 0 0 18 0 0 0 0 10 0 0 0 0 0 0 8 0 5 0 0 0 0 0 0 0 
13 6 0 0 0 0 0 0 0 0 0 0 0 0 0 0 0 19 0 0 0 0 0 0 0 19 8 0 0 0 0 0 2 0 0 0 0 0 16 0 
0 0 0 0 0 0 0 0 0 0 10 0 0 0 0 7 0 0 0 0 0 0 0 0 0 20 0 0 15 0 8 1 0 0 0 0 0 8 0 16 
0 0 0 0 0 0 0 0 19 0 0 13 0 0 0 0 0 0 0 0 0 0 0 0 0 0 9 0 0 0 0 0 7 14 11 0 17 0 0 3 
0 0 0 0 11 0 0 1 0 0 0 13 0 0 0 0 0 0 6 0 0 0 0 0 0 0 18 0 0 0 14 0 0 0 0 0 12 0 0 0 
2 0 0 0 0 8 0 3 0 15 0 19 0 0 0 0 0 0 0 0 1 0 0 0 0 0 0 0 0 7 0 0 0 2 0 0 17 0 0 0 
0 0 0 0 0 0 0 0 0 0 2 0 0 14 0 18 0 0 0 0 0 0 21 0 0 0 0 0 0 0 0 2 0 0 0 0 0 0 0 5 
0 0 0 17 2 0 7 0 0 0 7 0 0 0 4 0 0 0 0 0 0 0 0 0 0 0 0 0 0 0 0 0 0 0 0 0 16 0 0 0 
0 0 0 14 0 0 0 0 0 0 0 0 0 0 0 0 0 0 2 0 0 13 0 0 0 0 0 0 0 3 11 2 0 0 7 3 0 0 0 0 
15 0 0 2 0 19 11 0 0 0 1 10 0 0 0 0 0 0 0 0 0 0 0 1 0 0 0 0 0 1 16 0 0 0 0 0 10 0 11 0 
0 12 0 0 19 0 0 0 0 17 0 7 0 0 0 0 0 0 0 0 0 0 0 0 0 0 0 0 0 0 14 0 0 0 0 0 12 0 0 2 
15 0 0 0 0 0 12 0 0 0 0 11 0 0 0 0 0 0 0 0 3 0 0 0 19 0 0 0 0 0 0 16 7 14 0 7 0 0 0 0 
0 0 0 0 8 0 0 0 12 10 0 0 0 0 0 0 0 0 0 12 0 4 0 0 0 0 0 9 0 0 0 0 0 0 0 0 0 0 3 0 
16 0 0 0 0 0 0 4 0 0 0 0 9 0 0 0 10 0 0 2 0 0 0 0 0 0 0 14 13 0 0 0 0 0 12 0 19 0 18 0 
0 0 0 0 0 0 0 12 0 0 0 0 0 0 0 0 0 0 15 0 0 15 0 0 0 9 0 9 0 0 0 0 0 0 15 0 0 0 7 0 
15 0 0 0 0 0 0 0 0 17 0 0 0 15 0 0 0 0 0 0 0 0 0 0 0 0 0 13 10 0 0 0 0 0 0 0 0 0 0 9 
0 0 9 0 0 0 13 0 0 0 0 0 0 0 0 0 13 0 0 0 0 4 0 10 0 0 0 0 0 0 0 13 0 0 0 16 10 0 0 0 
0 0 0 0 0 0 0 0 0 0 6 0 0 0 0 0 11 0 0 1 0 0 0 0 0 19 0 0 0 0 0 18 0 0 0 0 15 0 0 0 
13 0 0 0 0 1 0 0 2 0 0 0 0 12 0 0 0 0 9 0 0 4 0 0 0 12 0 6 0 0 0 0 0 0 0 0 0 0 0 0 
0 0 20 0 0 0 0 0 0 7 0 18 0 0 0 0 0 1 0 0 7 0 0 0 0 0 17 0 0 0 0 0 0 0 0 0 0 0 0 0 
0 8 20 0 0 0 3 0 0 0 0 0 0 13 14 0 14 3 0 0 0 0 0 0 0 0 0 0 0 3 0 0 0 0 0 17 0 0 0 0 
9 0 0 0 0 0 0 0 0 0 2 0 0 17 0 0 0 0 16 0 0 10 0 7 0 0 0 0 0 0 0 0 5 0 0 0 0 1 0 0 
0 4 0 0 0 0 0 0 0 0 13 0 0 0 0 0 0 0 0 0 0 0 15 0 0 16 0 0 0 0 0 0 18 0 0 0 0 1 0 0 
