40

0 1 1 0 1 1 1 1 1 1 1 0 1 1 1 1 1 1 1 1 1 1 1 1 1 1 1 0 1 1 1 1 1 1 1 0 1 1 1 1 
1 0 1 1 1 1 1 0 1 1 0 1 1 1 1 1 1 1 1 1 1 1 1 1 1 1 1 1 1 1 1 1 1 1 1 1 0 1 0 1 
1 1 0 1 1 1 1 1 1 1 1 1 1 1 1 1 1 1 1 1 1 1 1 1 1 1 1 1 1 1 1 1 1 1 1 1 1 1 1 1 
0 1 1 0 1 1 1 1 1 1 0 1 1 1 1 1 1 0 1 0 1 1 1 1 1 1 1 1 1 1 1 1 1 1 1 1 1 1 1 1 
1 1 1 1 0 1 1 1 1 1 1 0 1 1 1 1 1 1 1 1 1 1 1 1 1 0 1 1 1 1 1 1 1 1 0 1 1 1 1 1 
1 1 1 1 1 0 1 1 1 1 1 1 1 1 1 1 0 1 1 1 1 1 1 0 0 0 1 1 1 1 1 1 0 0 1 1 1 1 1 0 
1 1 1 1 1 1 0 1 1 1 1 1 1 1 1 1 1 1 1 1 1 1 1 1 1 1 1 1 1 0 1 1 1 1 1 1 1 1 1 1 
1 0 1 1 1 1 1 0 1 1 1 1 1 1 1 1 1 1 1 1 1 0 1 1 1 1 1 1 1 1 1 0 0 1 1 1 1 1 1 1 
1 1 1 1 1 1 1 1 0 1 1 1 1 1 1 1 1 1 1 1 1 1 0 1 1 1 0 1 1 1 1 1 1 1 1 0 1 1 1 1 
1 1 1 1 1 1 1 1 1 0 1 1 1 1 1 0 1 1 1 0 1 1 1 1 1 1 1 1 1 1 1 1 1 1 1 0 1 1 0 1 
1 0 1 0 1 1 1 1 1 1 0 1 1 1 1 1 1 1 1 1 1 0 1 1 1 1 1 1 0 1 1 1 1 1 1 1 1 1 1 1 
0 1 1 1 0 1 1 1 1 1 1 0 1 1 1 1 1 1 1 1 1 1 1 1 1 1 1 1 1 1 1 1 1 1 1 1 1 1 1 1 
1 1 1 1 1 1 1 1 1 1 1 1 0 1 1 1 1 1 1 1 1 1 1 1 1 1 1 1 1 1 1 1 1 1 1 1 1 1 1 1 
1 1 1 1 1 1 1 1 1 1 1 1 1 0 1 1 1 1 1 1 1 1 1 1 1 1 1 1 1 1 1 1 1 0 1 1 1 1 1 1 
1 1 1 1 1 1 1 1 1 1 1 1 1 1 0 1 0 1 1 1 1 1 1 1 1 0 1 1 1 1 1 1 1 1 1 1 0 1 1 1 
1 1 1 1 1 1 1 1 1 0 1 1 1 1 1 0 1 1 0 0 1 1 1 1 1 1 1 1 1 1 0 1 1 1 1 1 1 1 1 1 
1 1 1 1 1 0 1 1 1 1 1 1 1 1 0 1 0 1 1 1 1 1 1 1 1 1 1 1 0 1 1 1 0 1 1 1 0 1 1 1 
1 1 1 0 1 1 1 1 1 1 1 1 1 1 1 1 1 0 1 1 1 1 1 1 1 1 1 1 1 1 1 1 1 0 1 1 1 1 1 1 
1 1 1 1 1 1 1 1 1 1 1 1 1 1 1 0 1 1 0 1 1 1 1 1 1 1 1 1 1 1 1 1 1 1 1 1 1 1 1 1 
1 1 1 0 1 1 1 1 1 0 1 1 1 1 1 0 1 1 1 0 0 1 1 1 1 1 1 1 1 1 0 1 1 1 1 1 1 1 1 1 
1 1 1 1 1 1 1 1 1 1 1 1 1 1 1 1 1 1 1 0 0 1 0 1 1 1 1 1 1 1 1 0 1 0 1 0 1 0 1 1 
1 1 1 1 1 1 1 0 1 1 0 1 1 1 1 1 1 1 1 1 1 0 1 1 1 1 1 1 1 1 1 1 1 1 1 1 1 1 1 1 
1 1 1 1 1 1 1 1 0 1 1 1 1 1 1 1 1 1 1 1 0 1 0 1 1 1 1 1 1 1 1 1 1 0 1 1 1 1 1 1 
1 1 1 1 1 0 1 1 1 1 1 1 1 1 1 1 1 1 1 1 1 1 1 0 1 1 1 1 1 1 1 1 0 0 1 1 1 1 0 1 
1 1 1 1 1 0 1 1 1 1 1 1 1 1 1 1 1 1 1 1 1 1 1 1 0 1 1 1 1 1 1 0 1 1 1 0 1 1 1 1 
1 1 1 1 0 0 1 1 1 1 1 1 1 1 0 1 1 1 1 1 1 1 1 1 1 0 1 1 1 1 1 1 1 0 1 0 1 1 1 1 
1 1 1 1 1 1 1 1 0 1 1 1 1 1 1 1 1 1 1 1 1 1 1 1 1 1 0 1 1 1 1 1 1 1 1 1 1 1 1 1 
0 1 1 1 1 1 1 1 1 1 1 1 1 1 1 1 1 1 1 1 1 1 1 1 1 1 1 0 1 1 1 1 1 1 1 1 1 1 1 1 
1 1 1 1 1 1 1 1 1 1 0 1 1 1 1 1 0 1 1 1 1 1 1 1 1 1 1 1 0 1 1 1 1 1 1 1 1 1 1 1 
1 1 1 1 1 1 0 1 1 1 1 1 1 1 1 1 1 1 1 1 1 1 1 1 1 1 1 1 1 0 1 1 1 1 1 1 1 1 1 1 
1 1 1 1 1 1 1 1 1 1 1 1 1 1 1 0 1 1 1 0 1 1 1 1 1 1 1 1 1 1 0 1 1 1 1 1 1 1 1 0 
1 1 1 1 1 1 1 0 1 1 1 1 1 1 1 1 1 1 1 1 0 1 1 1 0 1 1 1 1 1 1 0 1 1 0 1 1 1 1 1 
1 1 1 1 1 0 1 0 1 1 1 1 1 1 1 1 0 1 1 1 1 1 1 0 1 1 1 1 1 1 1 1 0 1 0 1 1 1 1 1 
1 1 1 1 1 0 1 1 1 1 1 1 1 0 1 1 1 0 1 1 0 1 0 0 1 0 1 1 1 1 1 1 1 0 1 1 0 1 1 0 
1 1 1 1 0 1 1 1 1 1 1 1 1 1 1 1 1 1 1 1 1 1 1 1 1 1 1 1 1 1 1 0 0 1 0 1 1 1 0 1 
0 1 1 1 1 1 1 1 0 0 1 1 1 1 1 1 1 1 1 1 0 1 1 1 0 0 1 1 1 1 1 1 1 1 1 0 1 1 1 0 
1 0 1 1 1 1 1 1 1 1 1 1 1 1 0 1 0 1 1 1 1 1 1 1 1 1 1 1 1 1 1 1 1 0 1 1 0 1 1 1 
1 1 1 1 1 1 1 1 1 1 1 1 1 1 1 1 1 1 1 1 0 1 1 1 1 1 1 1 1 1 1 1 1 1 1 1 1 0 0 1 
1 0 1 1 1 1 1 1 1 0 1 1 1 1 1 1 1 1 1 1 1 1 1 0 1 1 1 1 1 1 1 1 1 1 0 1 1 0 0 1 
1 1 1 1 1 0 1 1 1 1 1 1 1 1 1 1 1 1 1 1 1 1 1 1 1 1 1 1 1 1 0 1 1 0 1 0 1 1 1 0 

0 0 0 0 0 3 0 0 4 0 0 0 0 0 0 1 26 0 0 8 0 0 0 0 0 19 0 0 0 0 0 0 0 0 0 2 0 0 0 0 
0 0 0 26 6 0 0 0 0 0 0 0 0 0 0 0 0 0 0 0 0 0 13 9 0 0 9 0 0 11 8 17 21 0 0 0 0 0 0 14 
0 0 0 0 0 0 0 0 0 0 0 0 0 10 0 7 0 0 0 0 15 20 0 0 0 0 0 0 0 0 9 3 0 0 0 15 0 0 0 0 
0 0 0 0 13 0 0 0 0 7 0 9 0 0 0 18 0 0 0 0 0 0 0 0 15 14 0 0 0 0 0 0 0 0 0 0 0 0 0 0 
0 0 21 0 0 0 0 0 0 8 0 0 0 0 0 0 14 0 0 0 0 0 8 0 28 0 25 0 0 0 0 0 0 0 14 0 0 0 0 0 
0 0 0 0 0 0 0 0 0 9 5 0 0 0 0 0 18 11 0 0 0 0 0 0 0 0 0 0 0 0 26 0 0 0 0 0 0 0 21 0 
0 0 19 0 8 0 0 0 0 0 0 0 20 0 0 3 0 0 0 0 0 0 0 0 0 0 0 0 15 0 27 0 0 0 0 0 0 0 0 0 
0 0 0 0 18 0 0 0 0 23 0 0 0 0 0 0 0 0 0 0 0 0 0 0 0 0 22 0 0 0 0 0 10 0 0 0 0 0 16 0 
0 0 0 0 0 0 0 24 0 0 0 0 0 0 0 20 0 0 0 0 0 0 0 14 0 0 0 0 15 4 0 21 0 0 0 16 4 0 0 8 
0 0 0 0 0 0 0 0 0 0 0 0 0 0 8 16 0 0 0 0 0 0 0 0 0 0 0 0 0 0 0 0 0 23 0 0 0 0 0 0 
0 0 0 7 0 0 0 0 0 0 0 0 0 2 0 0 0 0 0 0 0 0 0 0 11 0 0 0 0 0 0 23 8 11 0 0 0 0 0 0 
0 0 0 0 0 0 0 0 0 0 0 0 0 0 0 0 0 26 0 0 0 0 0 0 17 0 27 0 0 0 0 0 0 0 0 0 0 0 6 0 
0 0 0 0 0 0 0 0 0 2 0 0 0 0 12 0 0 25 26 0 0 0 0 0 0 0 1 0 1 20 0 9 20 0 0 0 0 0 0 0 
0 16 0 0 0 0 0 0 0 0 0 0 0 0 19 0 0 0 0 0 0 0 0 0 0 0 0 0 0 0 0 25 9 0 0 0 0 0 0 0 
0 0 0 0 0 0 0 0 0 9 0 0 0 23 0 0 0 3 0 0 14 13 0 0 20 10 7 24 0 0 13 0 0 0 9 0 0 0 0 0 
0 11 0 0 15 0 0 0 0 0 0 13 0 0 0 0 11 0 14 0 0 0 0 0 0 0 0 0 0 0 0 0 11 0 0 0 0 0 14 0 
0 0 0 0 0 0 0 0 0 0 0 20 0 0 9 0 0 0 0 0 0 19 0 5 0 20 0 26 0 0 0 0 0 14 0 0 20 13 0 0 
0 5 0 0 0 0 0 14 0 26 0 0 0 0 0 0 0 0 0 0 0 24 0 0 18 0 0 0 0 0 0 0 0 0 0 0 0 0 24 19 
0 22 0 0 0 16 0 0 0 26 0 0 0 4 15 0 21 2 0 20 0 0 0 0 7 9 8 22 0 0 0 7 19 14 0 0 0 0 10 10 
0 0 18 0 0 0 0 0 5 0 0 0 0 27 0 0 18 0 5 0 0 0 0 0 0 1 0 22 0 0 27 0 0 18 0 18 0 0 0 0 
0 12 0 0 0 0 0 0 0 0 16 0 0 0 4 0 0 0 10 0 0 0 0 0 0 15 0 0 0 0 0 9 2 0 0 0 25 0 0 0 
10 0 0 0 0 0 0 7 0 0 1 0 0 0 0 0 0 0 0 0 4 0 0 17 0 0 9 5 0 0 0 24 0 0 0 0 0 5 0 0 
0 0 0 22 15 0 19 0 0 0 0 0 0 13 0 0 0 0 0 0 0 0 0 0 0 0 0 0 0 0 24 0 0 0 0 0 0 0 0 0 
0 0 13 0 21 20 0 0 0 5 0 18 0 0 0 0 0 0 0 0 0 16 14 0 0 0 0 22 14 0 0 0 0 0 0 0 0 9 0 0 
0 0 0 0 0 0 0 9 0 0 0 0 6 0 0 0 0 0 0 0 0 0 0 0 0 0 0 0 0 0 0 0 0 0 0 1 12 0 0 0 
0 0 0 0 0 0 0 0 0 0 0 26 21 0 8 0 7 0 25 0 0 0 0 0 17 0 14 0 0 0 0 27 0 21 1 0 0 23 0 0 
0 0 0 0 0 0 10 18 0 4 6 0 21 0 0 13 0 0 0 0 24 0 0 0 0 0 0 0 0 0 2 15 0 10 0 0 0 0 0 0 
2 4 0 0 0 4 23 0 0 0 0 0 4 18 20 0 0 4 9 21 0 0 0 0 0 0 16 0 0 8 24 0 0 0 0 0 0 0 0 0 
0 23 0 18 13 0 0 0 0 0 0 0 0 0 0 0 0 0 21 1 0 0 0 0 0 0 0 2 0 0 0 0 0 0 0 0 0 0 0 0 
0 5 0 0 0 0 24 0 0 0 0 0 0 25 0 0 0 0 0 0 0 17 0 0 0 0 0 0 0 0 0 14 0 1 0 0 0 0 0 0 
0 0 0 0 24 0 0 0 4 0 0 15 0 15 0 0 26 0 0 0 0 12 17 0 2 0 0 0 0 0 0 10 0 0 11 7 0 0 19 9 
28 0 14 0 0 0 0 0 0 0 0 0 0 0 0 0 0 0 0 0 0 0 11 0 0 0 25 0 0 16 0 0 16 10 0 0 0 0 0 0 
0 0 0 0 0 0 0 0 3 0 0 0 0 0 17 0 0 0 0 18 17 0 10 0 0 24 0 0 0 2 0 21 0 0 1 0 0 0 0 0 
3 8 0 0 0 0 0 0 15 0 0 0 0 0 0 15 0 0 0 18 0 0 0 0 0 0 0 0 2 0 2 0 0 0 7 0 5 0 1 0 
0 5 0 0 0 0 0 0 0 23 8 6 0 12 0 1 16 7 0 0 20 0 0 4 19 0 0 0 0 0 0 0 0 21 0 0 0 0 0 21 
0 0 0 1 0 0 0 3 0 14 14 0 23 0 0 0 0 0 0 25 0 0 0 0 0 0 0 0 0 0 4 0 19 0 0 0 17 0 0 0 
0 0 20 0 20 14 0 0 17 0 0 0 11 0 0 0 0 0 0 0 0 4 0 0 0 0 0 0 0 0 24 0 0 15 0 5 0 0 0 0 
0 0 0 0 14 0 23 0 0 0 0 0 0 11 0 14 27 0 0 11 0 25 8 0 0 0 0 0 19 0 0 0 0 0 0 0 0 0 0 0 
0 0 8 0 0 0 22 0 23 0 0 0 0 0 0 0 0 0 23 0 0 0 8 0 5 0 27 10 0 0 0 0 0 0 9 0 8 14 0 17 
23 0 9 0 0 0 14 26 26 5 0 6 0 0 0 0 25 20 0 0 0 0 0 0 0 0 0 0 0 15 0 0 22 0 0 25 15 0 10 0 
