40

0 1 1 1 0 0 0 0 1 1 0 1 0 0 1 1 1 0 1 1 1 1 1 1 1 0 1 0 0 0 1 0 1 1 1 1 1 1 1 0 
1 0 0 1 1 0 0 0 1 1 0 1 0 1 0 1 0 1 1 1 0 1 0 0 1 0 0 0 1 1 1 1 1 0 1 1 1 0 1 1 
1 0 0 1 1 1 1 0 1 0 1 1 1 1 1 1 1 0 1 0 1 0 1 1 0 1 1 1 1 1 1 0 1 0 1 0 1 0 0 1 
1 1 1 0 1 1 1 1 1 1 0 1 0 1 1 1 1 1 1 0 1 1 1 1 1 0 1 0 1 0 0 0 0 0 1 0 0 1 0 1 
0 1 1 1 0 1 1 1 1 1 1 0 1 0 1 1 1 1 1 0 0 1 1 0 1 1 0 1 0 1 1 0 1 1 1 1 1 1 1 0 
0 0 1 1 1 0 0 0 1 1 1 1 0 1 1 1 1 0 0 1 1 1 0 1 1 0 0 1 1 0 1 1 0 0 1 0 1 1 1 1 
0 0 1 1 1 0 0 1 1 0 1 0 0 1 0 0 1 1 1 0 0 1 1 1 0 0 1 0 1 1 0 1 0 0 0 1 1 1 0 1 
0 0 0 1 1 0 1 0 1 1 0 0 1 0 1 1 1 1 1 1 1 1 1 1 1 0 0 1 1 1 1 0 1 1 1 1 0 1 1 0 
1 1 1 1 1 1 1 1 0 0 1 1 1 1 1 1 0 1 1 1 1 0 1 0 1 1 1 1 1 0 1 1 1 0 1 1 1 1 1 1 
1 1 0 1 1 1 0 1 0 0 1 1 1 1 1 1 0 0 1 1 0 1 1 1 1 0 0 1 1 0 1 1 1 1 0 0 1 0 1 0 
0 0 1 0 1 1 1 0 1 1 0 1 1 1 1 1 1 1 1 1 0 1 1 1 1 1 0 1 0 1 1 0 1 1 0 0 1 1 0 1 
1 1 1 1 0 1 0 0 1 1 1 0 1 0 0 1 1 1 1 1 1 1 0 1 1 1 1 1 1 1 1 0 1 1 0 0 1 1 1 1 
0 0 1 0 1 0 0 1 1 1 1 1 0 0 1 1 1 0 0 0 0 1 0 0 1 1 1 0 1 0 1 0 1 0 0 1 1 1 1 1 
0 1 1 1 0 1 1 0 1 1 1 0 0 0 1 1 1 1 1 1 1 0 0 0 1 1 1 1 0 1 1 1 1 0 1 1 1 1 1 1 
1 0 1 1 1 1 0 1 1 1 1 0 1 1 0 0 0 0 0 1 0 0 1 1 1 0 1 1 0 1 0 1 1 0 0 1 0 0 0 0 
1 1 1 1 1 1 0 1 1 1 1 1 1 1 0 0 1 1 1 0 1 0 0 1 1 1 1 1 0 1 0 0 1 1 1 1 1 1 0 0 
1 0 1 1 1 1 1 1 0 0 1 1 1 1 0 1 0 1 0 1 0 0 0 0 0 1 1 1 1 1 0 1 1 1 1 1 1 1 0 0 
0 1 0 1 1 0 1 1 1 0 1 1 0 1 0 1 1 0 1 1 0 1 1 0 1 1 0 0 1 1 1 1 1 1 1 1 1 1 1 1 
1 1 1 1 1 0 1 1 1 1 1 1 0 1 0 1 0 1 0 0 1 1 1 1 0 1 0 1 0 0 1 0 1 0 0 0 0 1 0 1 
1 1 0 0 0 1 0 1 1 1 1 1 0 1 1 0 1 1 0 0 1 0 0 1 1 0 1 1 1 1 0 1 1 1 1 0 1 1 0 1 
1 0 1 1 0 1 0 1 1 0 0 1 0 1 0 1 0 0 1 1 0 1 1 1 1 1 1 1 1 1 1 0 1 0 1 1 1 0 0 1 
1 1 0 1 1 1 1 1 0 1 1 1 1 0 0 0 0 1 1 0 1 0 0 0 1 1 0 1 0 0 1 1 1 1 0 0 0 1 1 1 
1 0 1 1 1 0 1 1 1 1 1 0 0 0 1 0 0 1 1 0 1 0 0 1 1 1 1 0 0 1 1 1 1 1 1 0 1 1 1 1 
1 0 1 1 0 1 1 1 0 1 1 1 0 0 1 1 0 0 1 1 1 0 1 0 1 1 1 1 1 1 1 1 1 0 1 1 0 1 0 1 
1 1 0 1 1 1 0 1 1 1 1 1 1 1 1 1 0 1 0 1 1 1 1 1 0 1 1 1 1 1 0 1 0 0 1 0 1 0 1 1 
0 0 1 0 1 0 0 0 1 0 1 1 1 1 0 1 1 1 1 0 1 1 1 1 1 0 0 0 1 0 1 1 1 1 0 1 1 1 1 1 
1 0 1 1 0 0 1 0 1 0 0 1 1 1 1 1 1 0 0 1 1 0 1 1 1 0 0 1 1 1 1 1 0 1 1 1 1 1 1 1 
0 0 1 0 1 1 0 1 1 1 1 1 0 1 1 1 1 0 1 1 1 1 0 1 1 0 1 0 1 1 1 1 0 1 1 1 0 1 1 1 
0 1 1 1 0 1 1 1 1 1 0 1 1 0 0 0 1 1 0 1 1 0 0 1 1 1 1 1 0 1 1 0 1 1 1 1 1 1 1 0 
0 1 1 0 1 0 1 1 0 0 1 1 0 1 1 1 1 1 0 1 1 0 1 1 1 0 1 1 1 0 0 1 1 0 0 1 1 0 1 0 
1 1 1 0 1 1 0 1 1 1 1 1 1 1 0 0 0 1 1 0 1 1 1 1 0 1 1 1 1 0 0 0 0 0 1 0 0 1 0 0 
0 1 0 0 0 1 1 0 1 1 0 0 0 1 1 0 1 1 0 1 0 1 1 1 1 1 1 1 0 1 0 0 1 1 0 1 0 1 0 1 
1 1 1 0 1 0 0 1 1 1 1 1 1 1 1 1 1 1 1 1 1 1 1 1 0 1 0 0 1 1 0 1 0 1 0 1 1 1 1 1 
1 0 0 0 1 0 0 1 0 1 1 1 0 0 0 1 1 1 0 1 0 1 1 0 0 1 1 1 1 0 0 1 1 0 1 1 1 0 0 1 
1 1 1 1 1 1 0 1 1 0 0 0 0 1 0 1 1 1 0 1 1 0 1 1 1 0 1 1 1 0 1 0 0 1 0 1 1 1 0 0 
1 1 0 0 1 0 1 1 1 0 0 0 1 1 1 1 1 1 0 0 1 0 0 1 0 1 1 1 1 1 0 1 1 1 1 0 1 1 1 0 
1 1 1 0 1 1 1 0 1 1 1 1 1 1 0 1 1 1 0 1 1 0 1 0 1 1 1 0 1 1 0 0 1 1 1 1 0 1 0 1 
1 0 0 1 1 1 1 1 1 0 1 1 1 1 0 1 1 1 1 1 0 1 1 1 0 1 1 1 1 0 1 1 1 0 1 1 1 0 1 1 
1 1 0 0 1 1 0 1 1 1 0 1 1 1 0 0 0 1 0 0 0 1 1 0 1 1 1 1 1 1 0 0 1 0 0 1 0 1 0 0 
0 1 1 1 0 1 1 0 1 0 1 1 1 1 0 0 0 1 1 1 1 1 1 1 1 1 1 1 0 0 0 1 1 1 0 0 1 1 0 0 

0 0 0 0 0 0 3 0 0 0 0 0 0 4 0 7 0 6 0 0 4 2 0 0 8 5 6 9 0 9 0 0 0 0 0 0 6 0 0 0 
3 0 0 0 0 0 0 0 0 0 0 0 0 0 0 0 6 0 0 0 0 0 3 0 0 0 0 0 0 0 0 5 0 0 0 0 0 0 0 0 
0 0 0 0 0 0 0 0 0 0 0 0 9 7 0 0 9 0 0 0 0 0 0 0 0 0 0 0 0 0 0 0 4 0 0 0 0 0 0 7 
0 0 0 0 0 0 7 0 0 2 3 0 0 0 4 0 0 0 0 1 0 0 4 0 5 1 0 0 0 0 0 0 0 1 0 0 0 0 0 0 
0 8 0 0 0 0 0 2 0 0 0 0 0 0 0 3 0 5 1 0 0 0 0 7 0 0 0 9 3 7 0 0 0 0 0 0 0 0 0 9 
0 3 5 0 0 0 0 1 0 0 10 6 7 0 2 0 0 0 0 0 0 0 0 8 0 2 7 0 0 0 9 0 5 0 6 0 0 0 0 0 
9 1 0 0 0 0 0 0 0 0 0 0 0 0 0 7 0 0 0 2 0 0 0 0 0 3 0 2 0 0 3 0 0 0 0 0 0 7 0 0 
0 0 0 0 0 0 0 0 3 0 4 9 0 0 0 0 0 0 0 0 0 0 0 0 0 0 0 0 0 3 0 0 0 7 0 0 0 0 0 0 
0 0 0 0 0 0 6 0 0 0 0 0 0 0 0 0 0 0 8 0 0 0 0 0 0 0 0 0 0 0 0 0 0 5 4 0 0 0 0 0 
0 0 0 0 0 2 7 0 0 0 0 0 0 0 0 0 0 5 0 5 0 0 0 0 0 0 0 0 0 7 0 0 0 0 0 0 0 0 1 0 
0 7 0 0 0 0 7 0 0 0 0 0 0 0 0 0 0 4 7 0 0 6 0 0 0 0 0 2 0 5 0 1 6 0 0 6 0 0 0 0 
0 0 0 0 0 0 0 0 0 0 0 0 0 0 0 0 8 0 4 0 0 0 0 0 0 9 0 8 0 5 0 3 0 0 0 0 0 0 0 9 
0 2 0 0 2 0 0 0 0 0 0 0 0 0 0 0 0 0 6 0 7 4 0 0 0 6 0 9 0 0 8 0 0 6 0 0 0 0 0 0 
0 10 0 0 0 0 0 0 0 0 0 0 0 0 0 0 0 0 6 0 0 0 0 0 0 5 2 0 0 4 0 4 0 0 7 0 0 0 5 0 
0 0 0 0 0 0 0 4 0 1 0 2 0 7 0 6 0 0 4 0 5 0 0 0 0 0 0 0 0 0 0 0 0 0 0 0 0 0 0 0 
2 0 0 0 0 0 5 0 1 0 2 0 0 0 0 0 0 0 0 0 0 0 7 11 1 0 0 0 0 5 0 0 0 0 0 0 0 9 8 0 
0 0 0 0 0 0 0 1 0 9 0 0 0 0 0 2 0 0 0 0 0 0 0 0 0 0 0 0 6 0 0 0 0 0 2 0 4 6 0 3 
9 0 0 8 0 0 0 4 0 0 0 6 0 0 0 0 0 0 7 0 0 10 6 0 0 0 8 0 0 0 0 3 0 0 0 0 0 0 0 5 
0 0 0 0 0 0 0 1 0 0 0 0 7 0 0 0 0 7 0 3 0 0 0 2 1 0 0 0 0 2 0 1 0 0 3 1 0 0 0 0 
0 0 0 0 8 0 0 0 0 0 2 0 0 0 0 0 0 9 0 0 0 0 0 0 0 0 0 9 0 0 8 0 0 0 0 0 0 0 0 9 
2 0 3 0 6 0 0 0 2 1 0 0 0 0 0 0 0 0 9 0 0 0 0 0 0 5 0 0 0 0 0 0 0 0 0 0 0 0 0 0 
0 0 0 0 8 0 0 0 0 0 0 0 0 0 0 4 0 0 0 0 0 0 0 2 0 0 0 0 0 0 0 8 0 0 0 0 0 0 0 0 
4 0 0 6 0 0 0 4 0 0 2 0 1 0 0 0 0 0 0 1 0 0 0 0 0 9 0 8 0 0 0 0 0 5 0 0 0 0 2 0 
7 0 4 0 0 0 0 0 0 0 0 1 0 0 0 0 0 0 0 1 0 0 0 0 0 0 0 0 7 8 0 3 7 8 0 0 0 0 0 0 
0 0 2 0 0 0 0 0 2 0 0 4 0 0 6 0 10 4 0 0 0 0 0 4 0 10 0 0 0 0 0 0 0 0 0 0 0 0 2 0 
0 3 0 0 5 0 0 0 0 3 0 0 0 0 5 0 0 0 0 7 0 0 9 2 10 0 6 0 0 2 0 0 0 0 0 0 0 0 0 0 
0 0 0 0 0 0 6 0 0 0 0 0 0 0 0 4 0 0 0 0 0 0 0 0 0 0 0 0 5 0 0 0 0 0 6 0 0 0 0 0 
0 0 6 0 0 0 0 4 0 0 4 0 0 0 0 0 0 0 0 0 0 0 8 6 0 5 0 0 0 0 0 0 1 0 0 0 0 0 0 10 
0 0 0 0 8 1 6 0 0 0 0 0 5 0 0 0 0 0 0 0 0 0 8 0 0 0 0 1 0 0 9 0 0 0 0 0 2 0 8 0 
0 0 0 0 0 7 0 0 0 0 2 0 0 0 0 0 0 0 0 0 2 0 0 0 0 4 0 0 5 0 0 0 0 0 0 1 4 0 8 0 
0 0 0 0 0 0 0 2 0 8 5 8 0 0 0 0 0 0 0 0 0 4 0 0 2 3 0 0 3 0 0 0 0 0 0 0 0 0 0 0 
0 0 0 0 0 0 0 0 0 0 0 0 0 0 0 0 0 7 6 0 8 4 6 0 0 0 0 0 0 0 4 0 8 2 4 0 0 0 2 0 
0 0 0 0 0 0 0 0 0 7 0 0 3 0 0 0 0 0 0 0 0 0 2 0 0 0 0 6 0 0 6 0 0 0 0 0 0 6 0 3 
5 0 3 0 0 0 0 0 0 0 0 0 0 9 0 0 0 0 0 0 0 0 0 0 0 0 9 1 4 0 0 0 0 0 0 0 0 0 0 0 
0 0 0 0 0 0 0 2 0 0 0 0 0 0 1 8 0 0 6 0 0 0 0 0 0 0 0 2 0 0 9 0 0 1 0 0 0 0 0 0 
2 0 0 0 0 0 0 0 0 0 0 0 0 0 11 0 0 7 0 0 0 0 0 0 0 0 0 0 0 0 2 0 0 0 5 0 0 0 0 0 
0 0 0 0 0 0 0 0 0 0 0 0 3 0 0 0 0 0 0 0 0 0 0 0 0 0 0 0 8 0 0 0 0 0 0 0 0 0 9 0 
0 0 0 10 6 0 9 8 0 0 7 0 0 0 0 0 0 0 0 0 0 6 0 0 0 0 0 0 3 0 0 0 0 0 1 6 0 0 0 0 
0 0 0 0 9 0 10 0 0 0 0 0 0 0 0 0 0 0 0 0 0 0 0 0 0 2 0 0 0 5 0 0 0 9 0 0 0 0 0 0 
0 0 0 0 0 0 0 0 0 0 1 0 0 0 10 0 0 0 6 0 0 0 0 0 0 0 3 0 7 0 0 0 0 2 0 1 4 0 2 0 
