40

0 0 1 1 1 1 1 1 0 1 1 1 1 1 1 1 1 1 1 1 1 1 0 1 1 1 1 1 1 1 1 1 1 1 1 1 0 1 1 1 
0 0 1 1 0 0 0 1 1 1 1 0 1 1 1 0 0 0 1 0 0 1 1 0 1 1 0 1 1 1 1 1 1 1 1 1 1 1 1 1 
1 1 0 1 1 1 1 1 1 1 1 1 1 1 1 1 0 1 1 0 1 1 1 1 0 1 1 1 1 1 1 1 1 1 0 1 1 0 1 1 
1 1 1 0 0 1 1 0 1 0 1 1 1 1 1 1 1 1 1 1 1 1 1 1 1 1 0 1 0 1 1 1 1 1 1 1 1 1 1 1 
1 0 1 0 0 1 1 1 1 1 0 1 1 1 1 0 1 1 1 0 1 1 0 1 1 1 1 1 1 1 0 0 1 1 1 0 1 0 1 0 
1 0 1 1 1 0 1 1 1 0 1 1 0 1 1 1 1 1 1 1 0 1 1 1 1 1 1 1 1 1 1 1 1 1 1 0 1 1 1 1 
1 0 1 1 1 1 0 1 1 1 1 1 0 1 1 0 1 1 1 1 0 1 1 1 1 1 1 1 0 1 0 1 1 1 1 1 1 1 0 1 
1 1 1 0 1 1 1 0 1 1 1 0 1 1 1 1 1 1 1 1 0 1 1 1 1 1 1 1 1 1 0 0 0 0 0 1 1 1 1 1 
0 1 1 1 1 1 1 1 0 1 1 1 1 1 1 1 1 1 0 1 1 1 1 1 1 1 1 1 1 1 1 1 1 1 1 1 1 1 1 1 
1 1 1 0 1 0 1 1 1 0 1 1 1 1 1 1 0 0 1 1 1 1 1 1 1 1 1 1 1 0 1 1 0 0 0 1 0 1 1 0 
1 1 1 1 0 1 1 1 1 1 0 0 1 1 1 1 1 1 1 0 1 0 1 1 1 1 1 1 1 0 1 1 1 1 1 1 1 1 1 1 
1 0 1 1 1 1 1 0 1 1 0 0 1 0 1 1 1 1 1 1 1 1 1 1 1 1 1 1 1 1 1 1 1 1 1 1 1 0 1 0 
1 1 1 1 1 0 0 1 1 1 1 1 0 1 1 0 1 1 1 1 1 1 1 1 1 1 0 1 1 1 1 1 1 1 1 1 0 1 1 0 
1 1 1 1 1 1 1 1 1 1 1 0 1 0 1 1 1 1 0 1 1 1 1 1 1 1 1 1 1 1 0 1 1 1 1 1 0 1 1 1 
1 1 1 1 1 1 1 1 1 1 1 1 1 1 0 1 1 1 1 1 0 1 1 0 1 0 1 1 1 1 1 0 1 1 1 1 1 1 1 1 
1 0 1 1 0 1 0 1 1 1 1 1 0 1 1 0 1 1 1 1 0 1 1 0 1 1 1 1 1 1 1 1 1 1 0 1 1 1 1 1 
1 0 0 1 1 1 1 1 1 0 1 1 1 1 1 1 0 1 0 1 0 1 1 1 1 1 1 1 0 0 1 1 1 1 1 1 1 0 1 1 
1 0 1 1 1 1 1 1 1 0 1 1 1 1 1 1 1 0 1 1 1 1 1 0 1 1 1 1 1 1 0 1 0 1 1 1 1 1 0 1 
1 1 1 1 1 1 1 1 0 1 1 1 1 0 1 1 0 1 0 1 1 1 1 1 0 1 1 0 1 1 0 1 1 1 1 0 1 1 1 1 
1 0 0 1 0 1 1 1 1 1 0 1 1 1 1 1 1 1 1 0 0 1 0 1 1 1 1 1 1 1 1 1 1 1 1 1 1 1 1 1 
1 0 1 1 1 0 0 0 1 1 1 1 1 1 0 0 0 1 1 0 0 1 1 1 1 0 0 1 0 1 1 1 1 1 1 1 0 1 1 1 
1 1 1 1 1 1 1 1 1 1 0 1 1 1 1 1 1 1 1 1 1 0 1 1 1 1 1 1 0 0 0 0 1 1 1 1 1 1 1 1 
0 1 1 1 0 1 1 1 1 1 1 1 1 1 1 1 1 1 1 0 1 1 0 1 1 1 1 1 1 1 1 1 1 1 0 0 1 0 1 0 
1 0 1 1 1 1 1 1 1 1 1 1 1 1 0 0 1 0 1 1 1 1 1 0 1 1 0 1 1 1 1 1 1 1 0 0 1 0 1 0 
1 1 0 1 1 1 1 1 1 1 1 1 1 1 1 1 1 1 0 1 1 1 1 1 0 1 1 1 1 1 1 1 1 1 0 1 0 1 1 1 
1 1 1 1 1 1 1 1 1 1 1 1 1 1 0 1 1 1 1 1 0 1 1 1 1 0 1 1 0 1 0 1 1 1 1 1 1 1 0 1 
1 0 1 0 1 1 1 1 1 1 1 1 0 1 1 1 1 1 1 1 0 1 1 0 1 1 0 1 1 1 0 1 0 1 1 1 1 1 1 1 
1 1 1 1 1 1 1 1 1 1 1 1 1 1 1 1 1 1 0 1 1 1 1 1 1 1 1 0 1 0 1 1 1 1 1 1 1 0 1 1 
1 1 1 0 1 1 0 1 1 1 1 1 1 1 1 1 0 1 1 1 0 0 1 1 1 0 1 1 0 1 1 1 1 1 0 1 1 1 1 1 
1 1 1 1 1 1 1 1 1 0 0 1 1 1 1 1 0 1 1 1 1 0 1 1 1 1 1 0 1 0 1 1 0 1 0 1 1 1 0 1 
1 1 1 1 0 1 0 0 1 1 1 1 1 0 1 1 1 0 0 1 1 0 1 1 1 0 0 1 1 1 0 0 1 1 1 1 1 1 0 0 
1 1 1 1 0 1 1 0 1 1 1 1 1 1 0 1 1 1 1 1 1 0 1 1 1 1 1 1 1 1 0 0 1 1 1 1 0 1 1 1 
1 1 1 1 1 1 1 0 1 0 1 1 1 1 1 1 1 0 1 1 1 1 1 1 1 1 0 1 1 0 1 1 0 1 0 1 0 1 1 1 
1 1 1 1 1 1 1 0 1 0 1 1 1 1 1 1 1 1 1 1 1 1 1 1 1 1 1 1 1 1 1 1 1 0 0 1 1 1 0 1 
1 1 0 1 1 1 1 0 1 0 1 1 1 1 1 0 1 1 1 1 1 1 0 0 0 1 1 1 0 0 1 1 0 0 0 1 1 1 1 0 
1 1 1 1 0 0 1 1 1 1 1 1 1 1 1 1 1 1 0 1 1 1 0 0 1 1 1 1 1 1 1 1 1 1 1 0 1 1 1 1 
0 1 1 1 1 1 1 1 1 0 1 1 0 0 1 1 1 1 1 1 0 1 1 1 0 1 1 1 1 1 1 0 0 1 1 1 0 1 0 1 
1 1 0 1 0 1 1 1 1 1 1 0 1 1 1 1 0 1 1 1 1 1 0 0 1 1 1 0 1 1 1 1 1 1 1 1 1 0 0 1 
1 1 1 1 1 1 0 1 1 1 1 1 1 1 1 1 1 0 1 1 1 1 1 1 1 0 1 1 1 0 0 1 1 0 1 1 0 0 0 1 
1 1 1 1 0 1 1 1 1 0 1 0 0 1 1 1 1 1 1 1 1 1 0 0 1 1 1 1 1 1 0 1 1 1 0 1 1 1 1 0 

0 0 4 0 0 0 0 0 10 0 12 0 13 0 0 2 0 15 7 0 0 6 0 0 1 0 0 0 0 1 3 4 0 0 0 0 0 0 15 0 
0 0 0 0 17 5 0 0 0 7 10 0 13 0 10 12 5 13 0 0 0 0 11 0 7 0 0 15 6 0 0 0 2 9 15 7 7 0 0 7 
4 0 0 0 0 10 0 8 13 12 4 0 0 0 0 0 0 0 0 0 14 2 0 0 0 5 6 14 0 0 0 0 0 0 0 0 5 5 0 9 
0 0 0 0 0 2 13 0 0 0 4 6 8 0 0 0 0 0 0 6 0 6 0 0 3 0 2 15 1 2 0 0 0 0 9 9 0 11 0 0 
5 0 0 0 0 10 0 2 0 4 7 0 0 0 2 0 0 0 0 0 11 0 0 0 0 6 1 0 12 0 4 9 6 0 4 0 0 0 9 0 
0 3 8 1 0 0 8 10 0 0 15 0 3 0 0 0 3 13 0 0 0 0 0 14 0 0 0 9 0 3 4 15 1 2 0 0 10 0 11 0 
15 1 0 11 0 5 0 9 7 5 9 0 9 0 9 0 0 0 0 0 0 12 10 0 0 0 0 0 0 0 0 12 0 0 12 1 0 0 0 0 
9 11 0 0 0 9 0 0 0 0 0 0 9 0 0 0 0 0 1 3 1 0 2 0 0 0 0 0 1 0 0 0 0 0 4 2 0 0 5 3 
0 12 0 0 0 12 0 8 0 4 15 10 0 0 0 0 8 0 9 0 0 0 5 14 0 0 7 0 0 0 0 0 0 11 11 7 4 0 0 0 
0 8 0 0 2 0 9 2 0 0 0 0 0 8 0 8 0 1 0 0 0 0 8 0 0 10 0 9 0 0 9 13 4 0 0 14 8 0 9 1 
1 8 11 11 0 5 14 4 6 13 0 14 0 0 13 0 0 0 0 2 0 2 0 9 11 0 0 0 10 14 2 8 0 0 0 0 13 0 6 5 
0 0 7 1 0 5 0 0 0 0 0 0 0 0 11 0 0 5 0 0 0 0 15 13 0 0 13 14 0 0 0 6 0 0 14 0 14 0 9 0 
9 0 14 0 13 0 3 14 0 3 0 0 0 0 10 0 0 10 0 0 0 0 0 15 13 4 0 2 1 0 3 0 12 12 0 13 0 0 0 1 
5 14 7 0 0 0 10 7 2 2 0 0 14 0 0 4 0 0 0 0 0 0 8 15 0 11 0 0 0 0 3 0 0 0 0 0 0 0 14 14 
14 0 11 8 0 14 1 2 2 1 0 10 0 11 0 0 0 0 1 0 0 8 0 6 0 0 8 4 0 0 0 15 0 2 0 0 8 0 0 0 
0 0 7 0 2 10 11 0 0 8 1 0 11 8 7 0 0 5 2 0 3 0 0 0 0 0 12 12 7 1 0 5 1 14 0 0 0 9 5 0 
13 0 1 0 11 2 6 5 0 0 0 0 3 0 0 0 0 0 0 12 0 13 0 9 3 3 8 3 0 9 5 0 0 5 0 9 0 10 8 11 
0 12 0 0 0 0 0 9 0 0 13 0 0 12 0 0 10 0 6 0 2 0 4 12 0 0 11 0 0 3 0 4 0 0 0 2 0 0 0 0 
4 0 0 0 0 5 0 0 0 0 14 0 6 0 9 0 0 0 0 0 0 0 0 0 0 9 14 0 3 0 8 0 0 0 0 0 0 0 11 5 
9 0 0 12 0 0 0 12 0 0 0 0 13 0 13 0 6 0 0 0 0 0 6 0 0 0 0 0 0 7 0 0 0 0 0 0 0 1 14 1 
0 0 0 8 0 0 3 0 0 0 0 0 14 0 9 0 0 0 0 0 0 3 7 9 0 3 0 0 8 0 16 0 10 0 0 12 0 3 0 0 
0 0 0 0 0 5 12 10 0 0 1 4 14 11 14 0 8 0 0 7 0 0 13 0 2 0 0 0 0 0 3 0 0 0 10 0 8 5 0 7 
2 8 10 0 0 0 0 3 0 0 1 0 0 0 8 0 1 11 0 0 0 0 0 0 0 0 0 0 3 0 0 0 14 11 0 7 1 0 5 3 
0 0 0 0 0 8 14 0 3 6 13 4 7 0 10 15 1 0 9 0 9 0 7 0 0 1 0 12 0 0 9 0 11 0 0 0 2 0 0 0 
4 5 11 16 0 8 0 0 0 13 11 0 0 0 0 0 0 4 0 0 0 0 0 0 0 0 15 0 8 0 0 0 0 0 0 0 0 0 0 14 
0 0 0 0 8 12 3 0 0 3 0 1 9 0 0 0 0 0 4 0 0 13 9 13 0 0 0 1 0 0 0 2 0 0 2 0 14 14 0 0 
0 16 0 0 4 10 0 12 16 0 0 13 0 4 10 0 8 0 1 13 0 0 5 0 1 0 0 5 0 0 0 5 10 0 0 8 0 1 0 0 
0 0 8 0 13 6 10 13 0 0 8 0 0 0 0 0 0 0 0 0 2 4 2 0 0 3 13 0 4 0 0 0 0 4 0 0 0 3 5 0 
0 4 0 4 9 0 0 6 0 0 0 10 0 0 0 0 3 0 15 10 0 0 0 0 6 0 0 0 0 1 0 0 0 1 0 0 6 0 12 0 
0 0 0 11 5 1 0 0 0 0 6 0 7 11 1 1 1 0 0 0 4 11 0 12 0 10 0 2 0 0 0 0 0 0 0 0 3 0 0 1 
0 0 0 5 0 0 3 14 13 8 3 1 0 10 0 5 0 0 9 0 0 14 0 3 9 0 0 0 0 9 0 0 0 0 0 0 4 0 5 5 
12 0 1 11 0 0 12 0 0 3 14 0 0 0 4 0 9 1 6 2 0 6 0 5 0 0 0 7 15 0 0 0 0 0 0 0 0 3 9 9 
7 0 0 0 0 0 0 0 0 13 0 0 12 0 9 5 0 0 0 0 14 0 0 13 0 5 1 3 0 2 10 0 0 14 6 0 0 13 0 0 
11 0 0 0 15 0 13 0 0 3 0 0 12 8 0 0 0 14 0 0 0 0 5 12 0 0 6 13 2 0 0 0 10 0 0 14 0 0 0 0 
5 0 5 0 0 5 8 13 16 15 0 6 0 3 0 11 12 0 0 5 2 0 7 0 0 0 9 0 0 0 0 0 10 0 0 0 1 0 11 8 
0 0 0 0 0 0 0 4 0 8 5 11 7 6 6 0 0 0 0 11 0 7 0 0 11 4 2 0 6 0 3 0 9 10 10 0 0 0 0 0 
0 0 0 13 0 0 7 0 0 0 0 11 0 5 1 0 8 0 0 6 14 0 0 0 8 9 0 0 11 0 0 0 0 0 3 0 0 0 15 0 
8 2 13 0 0 12 0 0 0 0 0 0 0 7 0 0 0 0 0 0 14 0 3 0 0 0 0 0 0 0 0 0 3 11 0 0 10 0 0 0 
0 0 12 0 3 2 0 0 0 0 0 0 8 0 0 4 0 14 0 2 0 16 0 0 0 0 0 0 0 0 0 0 0 0 8 8 1 0 0 0 
0 0 11 8 0 0 3 0 0 9 0 0 0 0 0 0 0 1 0 0 2 0 0 0 0 0 0 0 4 10 16 0 0 0 0 0 8 0 11 0 
