40

0 1 0 1 1 1 0 0 1 1 1 1 1 1 1 1 1 1 1 1 1 1 0 1 1 1 1 1 1 1 1 1 1 1 1 1 1 1 1 1 
1 0 1 1 1 0 1 1 1 1 0 1 1 1 0 1 1 0 1 1 1 1 1 1 1 1 1 1 1 1 1 1 0 1 1 0 0 1 1 1 
0 1 0 1 1 0 1 0 1 0 1 1 1 0 1 1 1 1 1 1 1 1 1 1 0 1 1 1 1 0 1 1 0 1 1 1 0 1 1 1 
1 1 1 0 1 1 1 1 1 0 1 0 1 1 0 1 1 1 1 1 1 1 1 1 1 0 1 1 1 1 1 1 0 1 1 0 1 0 1 1 
1 1 1 1 0 1 0 1 1 1 1 1 1 1 1 1 1 1 1 1 1 1 1 0 1 0 1 1 1 1 1 1 0 0 1 1 1 1 1 1 
1 0 0 1 1 0 1 1 1 0 1 1 1 1 1 1 1 0 1 1 1 0 0 1 1 1 1 1 0 0 0 1 1 0 1 1 1 1 1 0 
0 1 1 1 0 1 0 1 0 0 1 1 1 1 1 1 0 1 0 1 1 1 1 1 0 1 0 1 1 1 1 0 1 1 1 0 1 1 1 1 
0 1 0 1 1 1 1 0 0 1 1 1 1 1 1 1 1 1 1 1 0 0 1 0 1 0 1 1 1 1 1 1 1 1 1 1 1 1 1 0 
1 1 1 1 1 1 0 0 0 1 1 1 0 0 1 1 0 1 1 1 1 1 1 1 1 1 1 1 0 1 1 1 0 1 0 1 1 1 1 1 
1 1 0 0 1 0 0 1 1 0 1 1 1 1 1 1 1 1 0 1 0 1 1 1 1 1 1 1 1 1 1 1 1 1 1 0 1 1 1 0 
1 0 1 1 1 1 1 1 1 1 0 1 1 1 1 0 1 0 1 1 1 1 1 0 0 1 0 1 1 1 1 1 1 1 1 1 1 1 1 1 
1 1 1 0 1 1 1 1 1 1 1 0 1 0 1 1 1 0 0 0 1 1 1 0 1 1 1 0 1 1 1 1 1 1 0 1 1 0 1 1 
1 1 1 1 1 1 1 1 0 1 1 1 0 1 1 1 1 1 1 1 0 1 1 1 1 0 0 1 1 1 1 1 0 1 1 1 1 1 1 1 
1 1 0 1 1 1 1 1 0 1 1 0 1 0 1 1 1 1 1 1 1 1 0 1 1 1 0 1 1 1 1 1 0 1 1 1 1 1 1 0 
1 0 1 0 1 1 1 1 1 1 1 1 1 1 0 1 1 1 0 1 1 1 1 1 0 1 0 1 0 1 1 0 0 1 0 1 1 1 1 1 
1 1 1 1 1 1 1 1 1 1 0 1 1 1 1 0 0 0 1 0 1 1 1 1 1 1 0 1 0 1 1 1 1 1 1 1 1 1 1 1 
1 1 1 1 1 1 0 1 0 1 1 1 1 1 1 0 0 0 1 1 1 0 1 1 1 0 1 0 1 1 1 1 1 1 1 1 1 0 1 1 
1 0 1 1 1 0 1 1 1 1 0 0 1 1 1 0 0 0 0 1 1 1 1 1 1 1 1 1 1 1 1 1 0 1 1 1 1 1 1 1 
1 1 1 1 1 1 0 1 1 0 1 0 1 1 0 1 1 0 0 1 0 1 1 1 1 1 1 1 1 1 1 1 0 1 1 0 1 1 1 1 
1 1 1 1 1 1 1 1 1 1 1 0 1 1 1 0 1 1 1 0 0 0 1 1 0 1 1 1 0 1 1 1 0 1 1 0 1 1 1 0 
1 1 1 1 1 1 1 0 1 0 1 1 0 1 1 1 1 1 0 0 0 1 1 1 1 1 1 1 1 0 0 1 1 0 1 1 1 1 1 1 
1 1 1 1 1 0 1 0 1 1 1 1 1 1 1 1 0 1 1 0 1 0 1 1 1 1 1 0 1 1 0 1 1 1 1 0 1 1 1 1 
0 1 1 1 1 0 1 1 1 1 1 1 1 0 1 1 1 1 1 1 1 1 0 0 1 1 0 0 0 0 1 1 1 0 1 0 1 0 1 1 
1 1 1 1 0 1 1 0 1 1 0 0 1 1 1 1 1 1 1 1 1 1 0 0 1 1 0 1 1 1 1 0 0 0 1 1 1 0 1 1 
1 1 0 1 1 1 0 1 1 1 0 1 1 1 0 1 1 1 1 0 1 1 1 1 0 1 1 1 1 0 1 0 0 1 1 1 0 0 0 1 
1 1 1 0 0 1 1 0 1 1 1 1 0 1 1 1 0 1 1 1 1 1 1 1 1 0 1 1 1 1 1 0 1 1 1 0 1 1 1 0 
1 1 1 1 1 1 0 1 1 1 0 1 0 0 0 0 1 1 1 1 1 1 0 0 1 1 0 1 1 1 0 1 1 1 1 1 0 0 1 1 
1 1 1 1 1 1 1 1 1 1 1 0 1 1 1 1 0 1 1 1 1 0 0 1 1 1 1 0 1 1 1 1 1 1 1 1 0 1 0 1 
1 1 1 1 1 0 1 1 0 1 1 1 1 1 0 0 1 1 1 0 1 1 0 1 1 1 1 1 0 1 1 1 1 1 1 1 1 1 0 1 
1 1 0 1 1 0 1 1 1 1 1 1 1 1 1 1 1 1 1 1 0 1 0 1 0 1 1 1 1 0 1 1 0 1 0 0 0 0 1 0 
1 1 1 1 1 0 1 1 1 1 1 1 1 1 1 1 1 1 1 1 0 0 1 1 1 1 0 1 1 1 0 1 1 1 1 1 1 1 1 1 
1 1 1 1 1 1 0 1 1 1 1 1 1 1 0 1 1 1 1 1 1 1 1 0 0 0 1 1 1 1 1 0 1 1 1 1 1 1 1 1 
1 0 0 0 0 1 1 1 0 1 1 1 0 0 0 1 1 0 0 0 1 1 1 0 0 1 1 1 1 0 1 1 0 1 0 1 1 1 1 1 
1 1 1 1 0 0 1 1 1 1 1 1 1 1 1 1 1 1 1 1 0 1 0 0 1 1 1 1 1 1 1 1 1 0 1 1 0 0 0 1 
1 1 1 1 1 1 1 1 0 1 1 0 1 1 0 1 1 1 1 1 1 1 1 1 1 1 1 1 1 0 1 1 0 1 0 1 0 1 1 1 
1 0 1 0 1 1 0 1 1 0 1 1 1 1 1 1 1 1 0 0 1 0 0 1 1 0 1 1 1 0 1 1 1 1 1 0 1 1 1 1 
1 0 0 1 1 1 1 1 1 1 1 1 1 1 1 1 1 1 1 1 1 1 1 1 0 1 0 0 1 0 1 1 1 0 0 1 0 0 1 1 
1 1 1 0 1 1 1 1 1 1 1 0 1 1 1 1 0 1 1 1 1 1 0 0 0 1 0 1 1 0 1 1 1 0 1 1 0 0 1 1 
1 1 1 1 1 1 1 1 1 1 1 1 1 1 1 1 1 1 1 1 1 1 1 1 0 1 1 0 0 1 1 1 1 0 1 1 1 1 0 1 
1 1 1 1 1 0 1 0 1 0 1 1 1 0 1 1 1 1 1 0 1 1 1 1 1 0 1 1 1 0 1 1 1 1 1 1 1 1 1 0 

0 0 0 0 0 0 0 19 0 0 0 0 0 0 0 0 18 0 0 9 20 0 0 0 0 7 0 0 0 17 0 0 0 0 0 0 0 0 0 0 
0 0 0 0 0 0 0 0 0 0 0 0 0 17 8 0 0 0 0 12 0 19 4 0 0 21 0 17 17 0 0 0 12 0 0 0 0 0 0 0 
14 8 0 0 0 0 15 0 0 0 0 0 3 0 0 0 0 0 0 17 18 0 0 0 0 0 0 0 15 0 0 0 0 2 0 0 0 0 0 0 
0 0 0 0 0 0 4 0 0 0 0 0 0 0 1 0 0 0 7 0 0 0 0 0 0 0 0 0 14 0 0 0 0 0 0 0 0 0 0 0 
0 0 0 14 0 0 0 0 0 0 0 0 1 0 0 0 0 0 0 16 18 0 0 0 0 0 13 0 20 0 0 0 0 0 0 0 13 0 0 0 
0 0 0 16 12 0 0 0 0 10 0 0 0 0 0 9 9 0 0 0 0 0 0 0 0 0 0 0 16 3 0 12 0 0 0 0 0 20 0 0 
0 15 0 0 0 0 0 0 0 0 1 0 0 0 0 0 0 13 0 0 0 0 0 0 0 0 0 0 0 2 3 2 0 0 1 0 9 0 0 0 
5 0 0 0 0 0 18 0 0 0 0 19 0 0 0 0 0 0 0 0 0 3 0 0 16 0 0 0 0 0 0 0 0 16 0 5 0 9 0 0 
0 0 0 0 0 0 0 0 0 16 0 14 0 0 0 0 18 0 0 0 0 0 0 0 6 0 0 0 0 0 0 5 0 12 0 0 0 0 0 0 
0 9 0 0 0 0 0 1 12 0 0 0 0 0 0 0 0 0 17 21 0 0 0 0 0 0 0 1 14 0 0 0 11 0 0 0 0 0 0 0 
12 15 0 0 0 0 0 0 0 0 0 0 0 0 0 0 0 0 0 0 0 0 0 0 0 0 0 0 12 16 0 0 0 0 0 0 0 0 0 0 
0 0 0 0 0 20 0 0 0 0 0 0 0 0 0 0 0 0 0 0 0 0 15 0 0 4 0 0 0 0 0 0 0 10 0 0 0 0 0 17 
0 0 0 9 0 0 8 0 0 0 0 6 0 0 0 0 0 0 0 0 12 17 0 0 0 7 0 14 0 0 0 0 0 7 0 0 0 0 0 0 
0 0 0 0 5 0 0 0 0 0 0 0 0 0 0 0 21 0 0 12 0 10 0 0 0 0 0 0 0 0 11 0 20 0 19 0 0 0 0 0 
0 21 13 0 0 6 0 0 16 0 0 8 0 0 0 0 0 0 0 0 0 14 0 15 0 0 0 0 0 0 0 0 0 0 0 0 2 14 0 0 
0 0 7 3 0 0 0 0 2 0 0 0 0 0 14 0 0 0 0 0 0 0 1 0 0 0 15 0 0 0 0 0 0 0 20 0 13 0 8 0 
0 0 0 0 0 0 0 0 0 0 0 7 16 0 0 0 0 0 0 0 1 0 0 19 0 0 0 0 19 0 0 0 0 0 0 0 0 0 0 15 
1 0 0 0 0 0 0 0 0 0 0 0 0 19 0 0 0 0 0 0 0 0 0 0 0 0 0 0 0 0 0 0 0 0 0 0 16 14 0 0 
0 6 0 0 0 0 0 0 0 0 19 0 0 0 0 0 0 0 0 0 0 0 0 9 0 0 0 0 0 0 0 11 0 0 0 0 0 0 0 0 
0 0 0 0 0 0 0 0 0 6 0 6 9 0 0 0 0 4 0 0 0 0 0 0 0 0 0 0 0 0 0 0 5 0 0 0 0 0 0 7 
0 0 0 0 0 0 0 0 0 1 11 0 0 0 0 14 10 0 0 0 0 0 0 0 0 0 0 0 0 0 0 0 0 0 0 0 0 0 0 0 
0 0 8 0 0 16 0 1 10 12 0 6 0 0 0 0 0 0 3 0 16 0 0 0 0 0 12 15 0 19 9 19 0 18 0 0 0 20 15 0 
0 0 0 10 0 9 0 16 0 0 11 0 0 0 0 0 19 0 11 0 0 0 0 0 0 0 0 17 0 0 0 0 18 0 3 0 0 0 0 0 
0 0 0 0 0 0 0 0 0 0 13 0 20 0 0 6 0 0 0 0 0 0 0 0 0 0 0 0 0 0 0 0 0 0 0 0 0 4 0 0 
2 0 0 0 1 0 0 18 7 0 0 15 0 0 0 8 0 1 0 0 3 0 0 8 0 0 0 0 0 1 0 3 0 0 0 0 0 0 0 0 
0 0 7 7 0 0 0 0 0 21 0 0 0 0 0 0 0 0 11 0 0 0 0 19 0 0 0 0 0 5 0 0 0 0 0 0 0 19 13 0 
16 0 0 14 0 0 0 0 0 0 0 0 0 0 0 0 0 0 0 0 0 0 12 0 0 0 0 0 0 0 5 13 0 0 0 0 0 0 0 0 
0 0 0 0 0 0 0 0 0 0 0 0 0 0 0 0 0 0 0 0 0 0 0 0 10 0 0 0 0 0 0 0 0 0 0 0 0 0 0 0 
0 0 12 0 21 0 0 0 0 14 14 0 0 0 0 6 0 1 0 0 7 0 0 0 0 0 0 0 0 0 0 0 0 0 0 0 0 0 19 0 
0 3 0 13 3 0 0 1 0 0 16 0 0 0 0 0 6 10 0 0 0 0 0 0 7 0 0 0 0 0 0 0 14 11 0 12 0 0 0 1 
0 1 0 0 0 0 0 0 0 0 0 20 0 4 0 0 0 0 0 0 7 0 0 0 0 0 0 0 0 0 0 2 0 0 13 0 0 0 0 0 
0 0 0 0 0 1 0 0 0 2 5 0 0 8 0 0 0 0 0 1 0 0 0 0 0 5 0 8 0 0 3 0 0 0 0 0 0 0 0 0 
0 0 0 0 0 0 4 0 0 16 15 0 0 0 0 0 0 0 0 0 0 14 0 0 0 19 0 0 0 0 0 0 0 10 0 0 0 0 0 10 
0 17 0 20 0 16 3 0 0 0 0 0 0 0 0 0 0 8 0 0 10 0 0 0 3 0 0 0 15 0 0 0 0 0 0 0 5 0 0 0 
0 0 0 0 0 7 15 13 0 0 0 10 4 0 0 0 0 0 0 0 0 0 0 0 18 0 0 0 0 2 0 0 14 2 0 0 0 15 0 0 
0 0 0 0 0 0 0 0 0 0 0 0 0 4 18 0 0 10 0 0 15 0 6 0 0 0 0 0 0 0 0 0 0 0 0 0 11 0 0 0 
17 0 0 0 0 0 0 0 0 0 0 19 0 0 0 0 0 0 12 0 0 0 0 0 0 1 10 16 16 0 0 0 20 14 2 0 0 0 5 20 
0 0 0 0 0 0 0 0 0 0 12 0 0 0 16 0 0 0 14 0 0 0 0 0 0 0 0 0 17 0 0 0 0 0 0 4 0 0 0 0 
1 0 0 0 3 0 0 0 0 4 0 9 0 0 0 0 0 0 0 0 0 8 0 0 0 9 4 0 0 0 0 0 0 14 17 0 0 2 0 0 
0 0 0 0 0 6 0 0 1 0 0 0 0 3 5 0 0 1 0 0 0 0 0 0 8 0 8 0 0 0 8 12 0 0 0 0 0 0 0 0 
