40

0 0 1 0 0 0 0 0 0 0 0 1 1 0 0 1 0 1 0 1 0 0 0 0 1 0 0 1 1 0 1 0 0 0 0 0 0 0 0 0 
0 0 0 0 1 1 0 1 0 1 0 0 0 0 0 1 0 0 0 0 0 0 0 0 0 0 0 0 0 0 1 1 0 0 0 0 0 0 0 0 
1 0 0 0 0 0 0 0 0 0 0 0 0 0 1 0 0 0 0 0 0 0 1 1 1 0 0 0 0 0 1 0 0 0 0 1 0 1 1 0 
0 0 0 0 0 0 0 0 0 0 1 1 0 0 1 0 0 0 0 1 0 0 1 0 0 1 0 1 1 1 0 0 0 1 0 1 0 0 0 0 
0 1 0 0 0 0 0 0 0 0 0 0 0 0 0 0 0 0 0 0 0 0 0 0 0 1 0 0 0 0 0 0 0 1 0 1 0 0 0 0 
0 1 0 0 0 0 1 0 0 0 0 1 0 0 0 1 0 0 0 0 0 0 0 0 0 0 0 1 0 0 0 0 0 0 0 0 0 0 1 1 
0 0 0 0 0 1 0 0 0 0 0 0 0 0 0 0 1 0 0 0 0 0 0 0 0 0 0 0 0 0 0 0 0 0 0 0 0 0 0 0 
0 1 0 0 0 0 0 0 0 1 0 0 0 0 1 0 0 0 0 0 1 0 0 1 0 0 0 1 0 0 0 1 0 0 0 0 0 0 0 0 
0 0 0 0 0 0 0 0 0 0 0 0 0 1 0 1 0 1 0 0 1 0 0 1 0 0 0 0 0 0 0 0 0 0 0 0 0 0 1 0 
0 1 0 0 0 0 0 1 0 0 0 0 0 0 1 0 0 0 1 1 0 0 0 1 0 0 1 1 0 1 0 0 0 0 1 0 0 1 0 0 
0 0 0 1 0 0 0 0 0 0 0 0 0 0 0 1 0 0 0 0 0 0 0 0 0 0 0 1 0 0 1 0 0 1 0 0 1 0 0 0 
1 0 0 1 0 1 0 0 0 0 0 0 0 0 0 0 0 1 0 1 0 0 0 0 0 0 0 0 0 1 0 1 1 0 0 0 0 0 0 0 
1 0 0 0 0 0 0 0 0 0 0 0 0 0 0 0 1 1 0 0 0 0 0 1 0 0 1 0 0 0 0 0 0 0 0 1 0 0 0 0 
0 0 0 0 0 0 0 0 1 0 0 0 0 0 0 0 1 1 0 0 0 1 0 0 0 0 0 0 1 0 0 0 0 0 0 0 0 0 0 0 
0 0 1 1 0 0 0 1 0 1 0 0 0 0 0 1 0 0 0 0 0 0 0 0 0 1 0 0 1 1 0 0 0 1 0 1 1 0 0 0 
1 1 0 0 0 1 0 0 1 0 1 0 0 0 1 0 0 0 1 0 0 0 1 0 0 0 0 0 0 0 0 0 0 0 0 1 1 0 0 0 
0 0 0 0 0 0 1 0 0 0 0 0 1 1 0 0 0 0 1 1 0 0 0 0 0 0 1 0 0 1 0 1 0 0 0 1 0 1 0 0 
1 0 0 0 0 0 0 0 1 0 0 1 1 1 0 0 0 0 1 0 0 0 0 0 0 0 0 0 0 0 0 1 0 0 0 0 0 0 0 1 
0 0 0 0 0 0 0 0 0 1 0 0 0 0 0 1 1 1 0 0 1 0 0 1 0 1 1 0 0 0 1 0 0 0 0 0 0 0 0 0 
1 0 0 1 0 0 0 0 0 1 0 1 0 0 0 0 1 0 0 0 1 1 0 0 1 1 0 0 0 0 1 0 0 0 0 0 0 0 0 1 
0 0 0 0 0 0 0 1 1 0 0 0 0 0 0 0 0 0 1 1 0 1 0 1 0 0 0 0 0 0 0 0 0 0 1 0 0 0 0 0 
0 0 0 0 0 0 0 0 0 0 0 0 0 1 0 0 0 0 0 1 1 0 0 0 0 0 0 0 0 0 1 0 0 0 0 0 0 1 0 1 
0 0 1 1 0 0 0 0 0 0 0 0 0 0 0 1 0 0 0 0 0 0 0 1 0 0 1 0 0 0 0 0 1 0 0 0 0 1 0 0 
0 0 1 0 0 0 0 1 1 1 0 0 1 0 0 0 0 0 1 0 1 0 1 0 1 1 0 1 0 0 0 1 0 1 0 0 1 0 0 0 
1 0 1 0 0 0 0 0 0 0 0 0 0 0 0 0 0 0 0 1 0 0 0 1 0 1 0 0 0 0 0 1 0 1 0 0 0 0 0 0 
0 0 0 1 1 0 0 0 0 0 0 0 0 0 1 0 0 0 1 1 0 0 0 1 1 0 0 0 0 0 0 0 0 0 0 0 0 1 0 0 
0 0 0 0 0 0 0 0 0 1 0 0 1 0 0 0 1 0 1 0 0 0 1 0 0 0 0 1 0 0 0 1 0 0 0 0 0 0 0 0 
1 0 0 1 0 1 0 1 0 1 1 0 0 0 0 0 0 0 0 0 0 0 0 1 0 0 1 0 1 0 0 1 0 0 0 0 0 1 0 1 
1 0 0 1 0 0 0 0 0 0 0 0 0 1 1 0 0 0 0 0 0 0 0 0 0 0 0 1 0 1 0 0 0 0 0 1 0 0 1 0 
0 0 0 1 0 0 0 0 0 1 0 1 0 0 1 0 1 0 0 0 0 0 0 0 0 0 0 0 1 0 0 0 0 1 1 0 1 0 1 0 
1 1 1 0 0 0 0 0 0 0 1 0 0 0 0 0 0 0 1 1 0 1 0 0 0 0 0 0 0 0 0 0 0 0 1 0 1 0 0 0 
0 1 0 0 0 0 0 1 0 0 0 1 0 0 0 0 1 1 0 0 0 0 0 1 1 0 1 1 0 0 0 0 1 0 0 0 0 0 0 0 
0 0 0 0 0 0 0 0 0 0 0 1 0 0 0 0 0 0 0 0 0 0 1 0 0 0 0 0 0 0 0 1 0 0 0 0 0 0 0 0 
0 0 0 1 1 0 0 0 0 0 1 0 0 0 1 0 0 0 0 0 0 0 0 1 1 0 0 0 0 1 0 0 0 0 0 0 0 0 0 0 
0 0 0 0 0 0 0 0 0 1 0 0 0 0 0 0 0 0 0 0 1 0 0 0 0 0 0 0 0 1 1 0 0 0 0 0 0 1 0 0 
0 0 1 1 1 0 0 0 0 0 0 0 1 0 1 1 1 0 0 0 0 0 0 0 0 0 0 0 1 0 0 0 0 0 0 0 0 0 0 0 
0 0 0 0 0 0 0 0 0 0 1 0 0 0 1 1 0 0 0 0 0 0 0 1 0 0 0 0 0 1 1 0 0 0 0 0 0 1 0 0 
0 0 1 0 0 0 0 0 0 1 0 0 0 0 0 0 1 0 0 0 0 1 1 0 0 1 0 1 0 0 0 0 0 0 1 0 1 0 0 0 
0 0 1 0 0 1 0 0 1 0 0 0 0 0 0 0 0 0 0 0 0 0 0 0 0 0 0 0 1 1 0 0 0 0 0 0 0 0 0 0 
0 0 0 0 0 1 0 0 0 0 0 0 0 0 0 0 0 1 0 1 0 1 0 0 0 0 0 1 0 0 0 0 0 0 0 0 0 0 0 0 

0 0 0 0 0 0 0 24 0 0 0 0 24 0 18 0 0 0 0 0 0 8 0 0 0 0 0 0 0 0 0 0 0 0 0 0 0 0 0 21 
0 0 23 8 3 0 0 11 27 0 0 0 0 0 9 0 0 0 0 0 0 13 8 13 0 0 0 0 0 0 16 0 13 0 10 0 0 0 0 24 
14 0 0 0 15 0 20 0 0 0 0 0 0 3 0 0 0 0 0 14 0 0 8 0 0 0 0 0 0 6 0 0 0 17 0 11 17 0 0 0 
15 0 27 0 0 9 0 0 0 0 0 0 0 3 7 0 0 5 0 0 0 0 0 0 0 13 0 0 0 28 0 0 0 0 0 0 0 0 0 0 
0 0 0 0 0 0 1 0 17 0 0 0 0 0 0 0 0 0 0 0 0 0 13 0 11 0 0 0 0 0 0 0 0 0 0 25 0 0 11 0 
0 0 0 0 0 0 0 0 0 11 0 2 23 0 0 0 20 0 0 0 0 5 0 16 0 20 23 0 26 13 0 0 0 0 0 25 7 0 0 26 
0 0 0 8 0 0 0 0 0 11 0 0 0 0 3 0 0 23 0 0 0 22 8 0 0 0 0 0 0 2 0 6 2 27 0 5 0 0 0 0 
12 4 0 0 7 0 0 0 0 12 0 0 0 0 0 0 23 0 0 0 0 24 0 25 11 0 0 0 0 0 0 0 0 0 0 11 8 28 0 20 
4 0 27 0 17 0 15 18 0 0 0 14 0 14 0 19 0 2 0 0 4 0 4 0 0 0 0 6 0 0 0 26 0 0 0 0 0 0 4 0 
0 0 6 27 11 0 0 0 0 0 20 0 0 0 13 0 0 0 0 20 0 0 0 0 14 0 3 0 0 0 0 6 18 0 0 0 0 0 0 14 
0 2 0 0 8 2 23 17 6 4 0 0 0 0 0 18 0 0 0 0 26 8 0 0 0 0 0 0 0 0 0 0 0 9 0 18 0 0 0 0 
0 0 0 0 0 0 0 0 1 2 0 0 0 3 0 0 0 0 0 13 0 11 0 0 0 0 0 0 0 1 0 0 0 0 0 0 0 0 0 0 
0 0 0 0 0 19 0 0 0 0 0 0 0 0 0 0 0 0 12 0 0 0 0 17 7 0 0 0 0 0 0 0 0 0 0 0 0 0 16 0 
0 0 0 11 0 0 0 16 0 0 0 0 0 0 5 0 6 0 0 11 0 0 0 0 0 11 4 0 0 0 8 0 0 0 0 4 15 0 0 18 
0 0 0 0 0 0 0 27 0 15 0 0 2 27 0 0 24 0 0 0 0 0 25 0 0 0 0 0 0 0 0 11 0 0 0 0 0 0 18 0 
0 0 0 22 0 0 0 0 0 0 0 0 0 18 0 0 0 0 0 0 0 0 0 0 0 0 0 0 0 0 11 0 0 0 0 0 0 26 0 0 
0 0 0 7 0 0 10 0 20 0 0 0 18 0 23 0 0 0 0 0 0 0 0 0 0 0 10 0 0 0 0 0 0 0 0 0 0 0 0 20 
0 0 0 0 0 0 0 8 22 0 0 0 0 0 0 0 0 0 0 10 0 0 0 0 0 0 18 0 0 0 25 18 0 0 0 0 0 0 0 8 
0 24 0 0 17 0 0 0 0 0 0 0 0 0 0 0 0 19 0 0 0 0 0 0 0 0 14 0 0 13 0 0 0 4 0 0 5 0 0 0 
0 18 0 17 0 0 0 0 0 8 0 0 0 29 0 0 0 0 0 0 0 9 0 0 0 15 0 27 0 0 0 0 0 0 0 0 0 0 24 0 
0 11 17 0 0 0 0 0 0 0 0 0 0 0 6 0 0 0 0 24 0 23 0 0 0 0 0 0 0 0 23 0 0 0 0 0 0 0 0 0 
0 10 0 6 0 0 0 0 0 0 0 0 17 0 0 0 26 0 0 0 0 0 0 0 0 0 20 0 0 0 0 0 0 0 0 0 0 0 25 0 
0 0 0 22 0 0 0 0 0 0 1 0 0 0 0 0 0 0 12 22 0 0 0 0 7 0 0 0 12 0 0 0 0 0 0 28 2 0 0 3 
0 0 0 0 0 0 0 28 23 0 0 0 9 0 0 20 0 0 0 4 0 0 0 0 0 2 10 0 0 25 0 0 0 0 0 0 0 24 0 0 
0 0 0 0 0 0 0 0 0 0 0 5 0 10 0 0 9 0 18 11 0 0 0 0 0 0 0 0 0 0 0 0 0 1 0 0 0 0 0 7 
0 0 0 5 0 0 0 0 0 0 0 0 0 17 0 0 0 0 0 0 0 0 0 0 0 0 0 0 5 0 21 0 26 0 0 0 0 0 0 0 
18 0 0 0 0 0 0 0 0 13 0 0 0 0 0 16 0 11 0 0 0 0 16 0 0 0 0 10 4 0 24 0 0 0 0 0 0 0 0 0 
0 0 0 0 0 0 0 0 28 0 0 30 0 26 0 0 0 0 4 0 0 0 0 10 0 0 0 0 0 0 0 0 0 13 0 23 0 22 1 0 
0 0 0 0 0 0 0 16 0 0 0 0 0 0 0 27 0 0 0 0 0 0 22 2 25 0 0 0 0 24 18 0 0 11 0 0 0 0 0 21 
0 2 0 12 1 0 0 0 0 0 21 0 0 0 0 14 1 0 0 0 0 0 0 14 0 0 0 0 0 0 24 16 0 0 0 24 0 0 0 1 
0 12 0 17 0 29 0 26 0 0 0 23 0 0 0 0 0 0 0 0 0 0 0 0 0 25 0 0 0 0 0 0 0 0 0 0 0 5 0 0 
0 0 0 9 0 0 0 0 0 0 23 0 0 0 0 20 0 15 0 0 0 0 0 0 0 17 0 0 0 0 0 0 0 1 0 0 0 0 0 0 
0 0 0 0 0 17 0 0 0 0 0 0 0 12 0 1 0 26 0 14 0 0 0 28 0 0 0 0 0 0 0 0 0 0 17 0 0 0 0 20 
0 0 0 0 0 0 0 0 0 0 19 0 0 0 0 0 0 9 0 0 0 0 0 0 27 0 0 24 0 0 0 0 0 0 0 0 0 2 0 0 
0 0 0 0 0 0 0 0 0 0 0 0 0 0 0 0 15 0 0 0 0 8 0 0 0 0 0 0 27 0 0 0 0 0 0 6 0 0 3 10 
0 0 0 0 0 0 0 0 0 0 0 0 0 0 25 0 11 0 21 0 0 0 16 0 0 0 2 0 0 0 14 0 0 0 0 0 0 0 8 0 
0 0 0 0 0 0 0 0 0 0 0 0 22 16 2 0 0 0 0 0 12 0 0 0 0 0 0 0 0 0 0 0 0 0 1 0 0 0 0 0 
0 0 0 23 6 0 19 0 0 17 0 0 0 0 0 27 0 0 0 0 0 0 0 0 0 0 0 0 0 0 15 21 0 0 0 0 0 0 19 0 
22 16 0 0 0 0 0 0 0 0 0 20 0 0 0 0 0 0 0 0 0 0 0 12 0 0 0 0 0 0 0 0 25 0 0 0 4 0 0 0 
0 0 0 0 0 18 0 0 0 28 0 0 18 0 0 0 0 0 0 0 0 28 23 0 0 28 0 0 2 0 0 0 0 0 4 0 0 0 0 0 
