40

0 0 0 0 1 0 0 0 1 0 1 1 1 0 0 0 1 1 1 0 0 1 0 0 0 0 0 0 0 0 0 0 0 0 0 1 0 1 0 0 
0 0 1 0 0 0 0 0 0 0 0 1 1 0 1 0 0 0 0 0 0 0 0 1 0 0 1 0 0 1 0 0 0 0 0 0 1 1 1 0 
0 1 0 1 0 0 0 1 0 0 1 0 0 0 1 0 0 0 0 0 1 1 0 0 0 1 0 0 0 0 0 0 0 0 0 0 0 0 0 1 
0 0 1 0 0 1 0 0 1 0 1 0 0 1 0 0 1 1 0 0 0 0 0 0 0 0 0 0 0 0 0 0 0 0 0 1 0 0 0 0 
1 0 0 0 0 0 0 0 0 1 1 1 0 0 0 0 0 0 0 0 0 1 0 0 0 1 1 0 0 0 0 0 0 0 0 0 0 1 1 0 
0 0 0 1 0 0 0 0 0 0 1 0 0 0 0 0 0 0 0 0 0 0 0 0 0 0 0 0 1 0 0 0 0 0 0 0 0 0 0 0 
0 0 0 0 0 0 0 1 0 0 0 0 0 0 0 0 0 0 1 0 0 0 0 1 0 0 0 0 1 1 0 0 1 0 1 0 0 0 0 0 
0 0 1 0 0 0 1 0 0 0 0 0 0 0 0 0 0 0 0 1 0 1 0 0 0 0 0 0 0 0 0 1 0 1 0 0 1 1 0 0 
1 0 0 1 0 0 0 0 0 1 0 0 0 0 0 0 0 0 1 0 1 1 0 0 0 0 0 0 0 1 0 1 0 0 0 1 0 0 0 0 
0 0 0 0 1 0 0 0 1 0 0 0 1 0 0 1 0 0 0 0 0 1 0 0 0 0 0 0 0 0 0 0 1 1 0 0 0 0 0 0 
1 0 1 1 1 1 0 0 0 0 0 1 0 1 0 1 1 0 0 1 1 0 0 1 0 0 0 0 0 0 0 0 0 1 1 0 0 0 0 0 
1 1 0 0 1 0 0 0 0 0 1 0 1 0 0 0 0 0 0 0 0 0 1 1 1 0 0 0 0 0 0 0 1 0 0 0 0 0 1 0 
1 1 0 0 0 0 0 0 0 1 0 1 0 1 0 0 0 0 0 0 0 0 1 0 0 0 1 0 0 0 0 0 0 1 0 1 1 0 0 0 
0 0 0 1 0 0 0 0 0 0 1 0 1 0 0 0 0 1 0 0 0 0 0 0 1 0 1 1 0 0 1 0 0 0 1 1 0 1 0 0 
0 1 1 0 0 0 0 0 0 0 0 0 0 0 0 0 0 0 0 0 1 0 0 0 0 0 1 1 0 0 0 1 0 0 0 0 0 1 0 1 
0 0 0 0 0 0 0 0 0 1 1 0 0 0 0 0 0 0 0 0 0 0 0 1 0 0 0 1 0 1 1 0 0 0 0 0 0 0 0 0 
1 0 0 1 0 0 0 0 0 0 1 0 0 0 0 0 0 0 0 0 1 0 0 0 0 0 1 1 0 0 0 0 0 0 0 1 0 1 0 0 
1 0 0 1 0 0 0 0 0 0 0 0 0 1 0 0 0 0 0 0 0 1 1 0 0 0 0 0 1 0 0 0 0 1 0 1 0 0 0 0 
1 0 0 0 0 0 1 0 1 0 0 0 0 0 0 0 0 0 0 0 0 0 0 0 0 1 1 0 0 1 0 0 0 0 0 1 0 1 0 0 
0 0 0 0 0 0 0 1 0 0 1 0 0 0 0 0 0 0 0 0 0 1 0 0 0 0 0 0 0 0 0 0 0 0 0 0 1 0 0 1 
0 0 1 0 0 0 0 0 1 0 1 0 0 0 1 0 1 0 0 0 0 0 0 0 0 0 0 1 0 0 0 1 0 0 0 0 0 0 0 0 
1 0 1 0 1 0 0 1 1 1 0 0 0 0 0 0 0 1 0 1 0 0 0 0 0 0 0 0 0 0 1 0 0 0 0 0 0 1 1 0 
0 0 0 0 0 0 0 0 0 0 0 1 1 0 0 0 0 1 0 0 0 0 0 0 0 0 0 0 0 0 0 0 1 0 0 0 1 0 0 0 
0 1 0 0 0 0 1 0 0 0 1 1 0 0 0 1 0 0 0 0 0 0 0 0 0 0 0 0 0 0 0 0 1 0 0 1 0 0 0 0 
0 0 0 0 0 0 0 0 0 0 0 1 0 1 0 0 0 0 0 0 0 0 0 0 0 1 0 0 0 0 0 1 0 0 0 0 0 0 1 1 
0 0 1 0 1 0 0 0 0 0 0 0 0 0 0 0 0 0 1 0 0 0 0 0 1 0 1 0 0 0 0 0 0 1 1 1 0 0 1 0 
0 1 0 0 1 0 0 0 0 0 0 0 1 1 1 0 1 0 1 0 0 0 0 0 0 1 0 0 1 1 0 0 0 0 0 0 0 1 1 0 
0 0 0 0 0 0 0 0 0 0 0 0 0 1 1 1 1 0 0 0 1 0 0 0 0 0 0 0 0 0 0 0 0 0 1 0 0 1 1 1 
0 0 0 0 0 1 1 0 0 0 0 0 0 0 0 0 0 1 0 0 0 0 0 0 0 0 1 0 0 0 0 0 0 0 0 0 0 0 0 0 
0 1 0 0 0 0 1 0 1 0 0 0 0 0 0 1 0 0 1 0 0 0 0 0 0 0 1 0 0 0 0 0 0 1 1 1 0 0 0 0 
0 0 0 0 0 0 0 0 0 0 0 0 0 1 0 1 0 0 0 0 0 1 0 0 0 0 0 0 0 0 0 1 0 0 0 0 0 0 0 0 
0 0 0 0 0 0 0 1 1 0 0 0 0 0 1 0 0 0 0 0 1 0 0 0 1 0 0 0 0 0 1 0 0 0 0 0 0 0 0 0 
0 0 0 0 0 0 1 0 0 1 0 1 0 0 0 0 0 0 0 0 0 0 1 1 0 0 0 0 0 0 0 0 0 0 1 0 0 0 1 0 
0 0 0 0 0 0 0 1 0 1 1 0 1 0 0 0 0 1 0 0 0 0 0 0 0 1 0 0 0 1 0 0 0 0 0 0 0 0 0 0 
0 0 0 0 0 0 1 0 0 0 1 0 0 1 0 0 0 0 0 0 0 0 0 0 0 1 0 1 0 1 0 0 1 0 0 0 0 1 0 0 
1 0 0 1 0 0 0 0 1 0 0 0 1 1 0 0 1 1 1 0 0 0 0 1 0 1 0 0 0 1 0 0 0 0 0 0 0 0 0 0 
0 1 0 0 0 0 0 1 0 0 0 0 1 0 0 0 0 0 0 1 0 0 1 0 0 0 0 0 0 0 0 0 0 0 0 0 0 0 0 0 
1 1 0 0 1 0 0 1 0 0 0 0 0 1 1 0 1 0 1 0 0 1 0 0 0 0 1 1 0 0 0 0 0 0 1 0 0 0 0 0 
0 1 0 0 1 0 0 0 0 0 0 1 0 0 0 0 0 0 0 0 0 1 0 0 1 1 1 1 0 0 0 0 1 0 0 0 0 0 0 0 
0 0 1 0 0 0 0 0 0 0 0 0 0 0 1 0 0 0 0 1 0 0 0 0 1 0 0 1 0 0 0 0 0 0 0 0 0 0 0 0 

0 6 0 0 0 2 0 0 0 0 0 0 0 0 0 0 0 0 0 0 0 13 17 0 0 0 0 0 0 0 0 0 0 0 0 12 0 0 0 0 
5 0 6 0 0 0 0 0 0 0 0 0 0 0 0 0 0 9 0 0 0 0 10 0 6 0 0 15 0 13 5 0 0 0 0 0 0 0 0 0 
10 0 0 0 0 0 0 0 3 0 0 0 0 0 6 0 0 0 0 0 0 0 4 13 0 0 0 0 0 0 0 0 15 0 7 0 0 0 0 7 
0 1 0 0 0 0 0 0 5 1 0 0 0 0 0 0 0 0 0 0 0 0 0 0 18 15 0 4 16 0 0 0 0 0 0 0 14 0 0 0 
0 0 0 0 0 0 0 0 0 0 0 0 0 0 0 0 0 0 0 0 3 13 6 6 0 0 14 0 0 15 0 0 14 0 11 0 0 0 0 0 
0 7 0 0 0 0 2 0 15 0 0 3 0 4 0 0 5 0 17 0 9 0 0 11 10 0 0 0 12 3 0 0 0 0 9 0 4 0 0 0 
0 0 0 0 0 0 0 0 0 0 0 0 0 0 0 11 0 0 0 0 0 0 0 0 0 0 0 0 0 16 11 0 0 0 0 14 0 0 0 0 
0 18 0 0 0 0 0 0 0 0 0 0 0 0 0 0 0 0 0 0 0 0 0 0 11 0 3 14 2 1 0 0 0 0 0 0 0 11 0 0 
0 0 0 0 18 0 0 0 0 10 4 0 0 0 0 18 0 0 0 0 0 5 8 0 6 0 7 0 5 4 13 0 0 0 0 0 9 0 0 12 
0 0 0 0 0 0 0 0 0 0 0 0 0 0 0 13 0 0 0 0 0 0 12 9 0 0 0 0 0 0 0 0 6 0 16 0 16 0 0 0 
2 0 0 0 0 0 0 0 0 0 0 14 13 0 6 10 4 0 1 7 1 6 13 0 0 9 0 0 0 0 13 0 0 0 0 0 0 0 0 0 
0 0 0 0 0 0 0 2 0 14 0 0 0 0 0 18 1 0 0 0 0 0 0 0 0 0 10 0 0 0 0 0 0 1 0 0 0 0 0 0 
0 0 0 0 0 0 0 0 0 0 8 0 0 6 0 1 0 0 0 0 0 0 0 0 0 0 5 0 0 14 0 0 0 0 1 0 15 0 0 0 
16 0 0 0 0 8 0 0 0 0 0 1 0 0 0 12 0 0 14 1 0 13 0 0 0 0 17 0 0 13 0 0 0 12 0 0 0 0 0 0 
0 7 0 0 0 12 0 11 0 0 0 0 0 0 0 13 0 0 0 0 0 0 3 0 8 0 0 0 16 0 0 0 0 0 0 0 0 0 0 0 
0 0 7 0 0 0 0 8 0 0 0 0 0 0 0 0 0 0 0 0 0 0 0 0 0 6 0 0 0 0 0 0 2 0 0 0 17 0 0 0 
9 0 0 0 1 14 0 0 0 0 12 0 0 0 0 0 0 0 0 0 0 0 0 0 4 0 15 6 0 0 5 7 18 0 0 0 0 0 8 0 
0 0 0 15 0 0 0 1 1 6 0 6 0 0 0 0 18 0 0 12 0 0 0 0 0 0 0 0 0 0 7 0 0 0 0 0 0 0 0 0 
0 0 0 0 0 0 0 0 11 0 0 0 9 18 0 0 0 0 0 0 0 0 0 0 0 0 0 0 0 15 1 0 0 0 0 0 0 0 0 4 
0 0 14 15 0 0 0 7 8 0 11 13 0 11 0 0 0 0 13 0 7 11 2 17 0 0 0 11 0 0 0 0 3 0 16 9 9 0 0 0 
0 0 0 0 0 0 0 0 0 0 0 0 0 0 0 0 0 0 5 17 0 0 0 0 0 0 0 0 0 13 0 0 0 17 0 0 0 0 0 0 
0 0 0 12 14 0 0 0 0 0 0 0 0 0 16 8 4 0 5 0 0 0 0 0 0 0 0 12 0 0 0 0 0 7 0 0 0 0 0 0 
15 0 0 0 0 1 0 0 0 12 0 0 0 0 0 12 0 0 0 0 9 0 0 0 0 0 0 0 0 11 9 0 0 0 0 0 0 0 0 11 
3 0 0 11 0 0 0 0 14 0 0 0 0 0 0 0 0 0 0 0 0 0 1 0 15 0 0 2 0 0 0 0 0 0 0 0 0 0 0 0 
0 0 0 0 0 0 17 0 0 0 0 0 0 0 11 0 10 0 0 0 0 0 6 0 0 0 0 0 0 2 14 0 10 3 0 0 0 0 0 0 
5 0 0 0 0 0 0 5 3 4 0 0 0 0 15 0 19 0 0 1 0 0 0 3 0 0 13 0 0 0 0 0 0 0 0 0 0 0 0 0 
0 0 0 0 0 0 0 0 0 0 0 0 0 0 0 0 0 0 0 0 0 0 9 0 2 0 0 3 0 0 0 6 4 0 0 0 0 0 17 0 
0 18 0 0 0 17 0 3 0 0 0 0 0 0 0 0 6 0 0 0 0 0 0 0 0 7 17 0 0 0 0 0 2 0 0 0 4 13 0 0 
0 9 0 4 0 0 0 0 0 0 0 10 0 18 0 0 0 0 0 0 0 0 0 0 9 0 0 0 0 0 0 0 0 0 0 0 16 0 0 0 
0 0 0 0 0 0 0 0 0 4 0 0 0 0 10 0 15 0 5 0 0 8 0 0 0 0 0 5 0 0 15 0 0 0 13 6 0 0 0 1 
0 0 0 0 0 0 0 0 0 0 0 13 0 0 0 0 1 0 11 0 0 0 0 15 0 0 0 18 0 7 0 0 0 18 0 0 3 11 13 0 
0 16 0 0 10 0 0 0 0 0 0 0 2 6 0 5 0 0 0 0 10 7 0 7 0 0 8 3 8 0 17 0 8 0 0 0 14 0 2 0 
0 0 0 0 0 0 0 0 8 0 0 0 0 0 11 0 0 0 0 0 0 0 0 0 19 0 0 0 0 3 0 0 0 10 0 0 0 0 0 1 
0 0 0 0 0 0 0 0 0 13 0 0 17 0 0 9 0 0 0 15 0 0 8 0 0 0 0 0 0 18 0 0 0 0 0 0 0 0 0 0 
0 0 0 11 0 0 0 0 0 4 0 8 6 0 0 0 0 0 0 0 13 0 0 0 0 0 15 15 0 0 14 0 0 0 0 8 0 0 0 0 
0 5 0 6 4 0 0 0 0 9 0 0 0 0 14 0 0 0 0 0 0 0 0 0 0 0 12 0 13 4 0 0 0 0 0 0 0 0 0 0 
0 14 0 0 0 0 0 0 0 0 0 1 7 0 0 0 2 0 0 6 0 0 0 0 0 0 0 0 0 10 0 1 0 0 0 0 0 0 0 0 
0 0 15 0 0 0 16 0 7 0 3 12 0 9 0 0 0 0 15 0 0 3 1 0 0 0 12 0 7 0 5 0 0 0 0 12 10 0 0 0 
0 0 0 0 0 0 20 0 7 15 0 0 14 0 9 0 0 0 17 0 0 0 0 0 14 11 0 0 0 0 0 0 0 0 0 0 0 0 0 0 
5 0 4 6 0 0 0 0 0 16 0 12 3 13 19 0 0 0 0 0 0 0 0 0 0 0 0 0 0 0 0 0 0 0 0 2 0 0 0 0 
