40

0 0 0 1 0 0 0 0 0 0 1 0 1 0 0 0 1 1 1 0 1 0 0 0 0 0 0 1 1 1 0 0 0 1 1 0 0 0 0 1 
0 0 1 1 0 1 0 0 1 1 1 1 0 0 0 1 0 1 1 0 0 0 0 0 0 0 0 0 0 0 1 0 1 0 0 0 0 1 1 1 
0 1 0 1 0 0 1 0 0 1 1 0 1 0 1 0 1 0 0 0 0 0 1 0 0 0 1 0 1 0 0 1 0 0 0 1 0 1 1 0 
1 1 1 0 0 0 1 0 0 1 1 0 0 0 1 0 0 0 0 0 0 0 0 1 0 0 0 0 1 0 0 0 0 0 1 0 1 1 1 0 
0 0 0 0 0 0 0 0 0 0 0 0 0 0 1 0 1 0 0 0 0 0 1 0 0 0 0 0 0 0 0 1 0 0 0 1 0 0 1 1 
0 1 0 0 0 0 0 0 0 1 1 0 0 1 1 0 0 0 0 0 0 0 0 0 0 0 1 1 0 0 1 0 1 0 0 0 1 0 0 0 
0 0 1 1 0 0 0 0 1 1 0 0 0 1 0 1 0 0 0 0 1 0 0 0 0 0 0 0 0 1 0 1 0 0 1 1 1 0 0 0 
0 0 0 0 0 0 0 0 0 1 1 0 1 1 0 1 0 0 1 0 1 0 0 0 1 1 0 1 0 0 0 1 0 1 1 1 0 0 1 1 
0 1 0 0 0 0 1 0 0 1 1 0 0 0 1 1 0 0 0 0 0 0 0 0 1 1 1 1 1 0 0 0 0 0 0 0 0 0 1 0 
0 1 1 1 0 1 1 1 1 0 0 0 0 0 1 1 0 0 1 1 0 0 0 1 0 0 1 0 0 0 0 1 1 1 0 1 1 1 0 0 
1 1 1 1 0 1 0 1 1 0 0 0 1 0 0 0 0 0 0 1 0 1 0 0 0 0 0 0 1 0 0 0 1 0 1 1 1 1 0 0 
0 1 0 0 0 0 0 0 0 0 0 0 0 0 1 1 0 0 0 0 0 0 1 0 1 0 0 1 1 0 0 0 0 1 0 1 0 0 0 0 
1 0 1 0 0 0 0 1 0 0 1 0 0 0 1 0 0 0 1 0 1 1 1 0 0 0 1 0 1 1 0 1 0 0 0 1 0 0 0 0 
0 0 0 0 0 1 1 1 0 0 0 0 0 0 0 0 0 0 0 0 0 0 0 1 1 0 1 0 0 0 1 0 0 0 0 0 0 1 0 0 
0 0 1 1 1 1 0 0 1 1 0 1 1 0 0 0 1 1 1 1 0 0 1 0 0 0 1 0 0 0 1 0 1 0 1 0 0 1 1 0 
0 1 0 0 0 0 1 1 1 1 0 1 0 0 0 0 0 0 0 1 0 0 0 0 0 1 0 1 0 0 1 0 0 0 1 0 0 0 1 1 
1 0 1 0 1 0 0 0 0 0 0 0 0 0 1 0 0 1 0 0 0 1 0 1 0 0 0 0 1 1 1 1 1 0 1 1 1 0 0 0 
1 1 0 0 0 0 0 0 0 0 0 0 0 0 1 0 1 0 0 1 0 0 0 1 1 0 1 0 0 0 0 0 1 1 1 0 1 1 1 0 
1 1 0 0 0 0 0 1 0 1 0 0 1 0 1 0 0 0 0 0 1 0 0 0 0 1 0 0 0 1 0 0 1 0 1 0 0 0 1 1 
0 0 0 0 0 0 0 0 0 1 1 0 0 0 1 1 0 1 0 0 0 0 0 0 1 1 0 0 0 0 0 1 0 1 0 1 0 0 0 0 
1 0 0 0 0 0 1 1 0 0 0 0 1 0 0 0 0 0 1 0 0 0 0 1 0 0 1 0 0 0 0 0 0 0 0 1 0 0 1 0 
0 0 0 0 0 0 0 0 0 0 1 0 1 0 0 0 1 0 0 0 0 0 0 0 0 0 0 0 1 1 1 1 0 0 1 0 0 0 0 0 
0 0 1 0 1 0 0 0 0 0 0 1 1 0 1 0 0 0 0 0 0 0 0 1 0 1 0 1 0 0 0 0 0 1 0 1 1 0 1 0 
0 0 0 1 0 0 0 0 0 1 0 0 0 1 0 0 1 1 0 0 1 0 1 0 1 1 1 1 0 0 0 0 0 1 0 0 0 0 0 0 
0 0 0 0 0 0 0 1 1 0 0 1 0 1 0 0 0 1 0 1 0 0 0 1 0 1 0 0 0 0 0 1 1 0 0 0 1 0 1 0 
0 0 0 0 0 0 0 1 1 0 0 0 0 0 0 1 0 0 1 1 0 0 1 1 1 0 0 0 0 0 1 0 0 1 0 1 0 1 1 1 
0 0 1 0 0 1 0 0 1 1 0 0 1 1 1 0 0 1 0 0 1 0 0 1 0 0 0 0 1 1 0 0 0 0 0 0 1 0 1 1 
1 0 0 0 0 1 0 1 1 0 0 1 0 0 0 1 0 0 0 0 0 0 1 1 0 0 0 0 0 0 0 1 0 0 0 0 1 0 0 1 
1 0 1 1 0 0 0 0 1 0 1 1 1 0 0 0 1 0 0 0 0 1 0 0 0 0 1 0 0 0 0 0 1 1 0 0 0 0 1 0 
1 0 0 0 0 0 1 0 0 0 0 0 1 0 0 0 1 0 1 0 0 1 0 0 0 0 1 0 0 0 1 1 0 0 0 1 0 1 0 0 
0 1 0 0 0 1 0 0 0 0 0 0 0 1 1 1 1 0 0 0 0 1 0 0 0 1 0 0 0 1 0 0 1 0 1 0 0 1 0 0 
0 0 1 0 1 0 1 1 0 1 0 0 1 0 0 0 1 0 0 1 0 1 0 0 1 0 0 1 0 1 0 0 0 1 0 0 1 1 0 1 
0 1 0 0 0 1 0 0 0 1 1 0 0 0 1 0 1 1 1 0 0 0 0 0 1 0 0 0 1 0 1 0 0 1 0 0 1 1 0 0 
1 0 0 0 0 0 0 1 0 1 0 1 0 0 0 0 0 1 0 1 0 0 1 1 0 1 0 0 1 0 0 1 1 0 1 0 1 0 1 0 
1 0 0 1 0 0 1 1 0 0 1 0 0 0 1 1 1 1 1 0 0 1 0 0 0 0 0 0 0 0 1 0 0 1 0 0 1 0 0 0 
0 0 1 0 1 0 1 1 0 1 1 1 1 0 0 0 1 0 0 1 1 0 1 0 0 1 0 0 0 1 0 0 0 0 0 0 0 0 0 0 
0 0 0 1 0 1 1 0 0 1 1 0 0 0 0 0 1 1 0 0 0 0 1 0 1 0 1 1 0 0 0 1 1 1 1 0 0 0 1 1 
0 1 1 1 0 0 0 0 0 1 1 0 0 1 1 0 0 1 0 0 0 0 0 0 0 1 0 0 0 1 1 1 1 0 0 0 0 0 0 0 
0 1 1 1 1 0 0 1 1 0 0 0 0 0 1 1 0 1 1 0 1 0 1 0 1 1 1 0 1 0 0 0 0 1 0 0 1 0 0 1 
1 1 0 0 1 0 0 1 0 0 0 0 0 0 0 1 0 0 1 0 0 0 0 0 0 1 1 1 0 0 0 1 0 0 0 0 1 0 1 0 

0 0 0 0 0 4 0 2 8 0 0 0 0 8 0 0 13 11 0 15 3 0 0 4 1 9 12 0 11 0 10 0 6 5 0 0 0 0 0 13 
0 0 4 10 0 4 13 16 11 0 10 2 0 0 0 0 12 0 0 0 9 0 0 5 0 0 4 0 0 2 0 2 0 0 8 0 2 0 0 0 
0 0 0 6 11 0 13 7 0 8 0 12 0 9 8 0 0 0 0 3 0 3 2 1 8 0 9 12 0 12 12 0 2 7 0 7 8 0 9 5 
0 0 0 0 0 0 10 0 4 0 0 13 0 8 7 0 3 0 12 0 0 0 0 0 0 0 9 0 0 6 11 0 0 10 1 0 0 0 0 0 
2 9 2 0 0 14 9 0 13 0 2 12 0 0 6 6 4 13 13 0 0 0 0 0 0 3 0 15 0 0 0 0 0 8 0 0 0 0 0 9 
9 0 8 2 0 0 13 0 11 10 0 0 0 5 5 6 0 0 5 13 2 9 0 0 0 0 0 1 13 0 0 0 0 0 0 0 7 0 0 1 
0 0 0 0 3 2 0 0 0 0 13 0 0 0 12 0 0 0 7 6 0 2 4 1 0 0 12 0 0 0 0 0 12 0 0 14 0 0 0 12 
0 4 0 0 0 0 8 0 0 6 0 10 10 6 4 0 0 14 0 0 0 0 3 11 3 1 0 1 0 12 5 9 7 9 14 7 1 0 0 0 
12 12 0 0 13 9 0 0 0 10 6 0 0 13 13 0 0 10 12 0 0 0 4 3 0 0 4 12 4 8 0 0 0 0 0 0 2 2 1 0 
2 0 0 14 12 0 0 0 0 0 0 0 13 3 4 0 0 4 2 0 6 13 0 0 4 0 0 1 0 9 0 0 3 10 3 7 13 0 6 0 
3 0 0 0 2 1 0 0 0 0 0 0 0 0 12 5 0 0 0 0 0 7 0 0 13 4 0 2 11 0 0 4 0 2 0 12 0 14 0 1 
0 0 0 9 13 0 0 6 12 0 2 0 0 0 0 0 0 10 15 9 0 0 0 11 11 13 2 0 8 9 0 0 0 4 0 0 3 0 0 0 
4 0 0 0 4 11 11 0 0 5 8 8 0 0 0 3 0 6 0 7 0 2 0 0 2 0 0 0 0 10 0 0 0 0 0 0 10 0 0 12 
0 3 0 11 0 0 8 1 0 0 8 0 1 0 0 0 10 0 3 0 0 0 7 4 0 0 14 13 0 11 0 13 8 0 2 0 0 10 0 7 
1 2 0 1 0 0 12 0 4 5 11 0 4 9 0 0 0 11 15 3 0 0 5 12 0 0 4 0 10 0 11 1 0 3 12 0 14 0 11 0 
4 6 6 0 0 0 0 1 0 0 0 0 11 12 0 0 0 0 5 0 0 5 12 0 9 6 0 2 7 0 0 4 0 0 9 15 0 0 0 6 
0 0 0 11 0 0 0 11 4 4 0 0 0 0 0 0 0 1 0 0 7 12 7 0 0 8 6 3 0 0 7 4 0 0 14 0 12 0 4 8 
0 0 0 4 8 9 13 0 0 0 4 0 0 0 7 0 0 0 0 1 3 0 0 0 0 0 8 2 0 5 5 0 0 0 0 0 0 1 0 7 
3 0 3 0 0 0 5 9 0 8 0 9 13 0 6 0 0 14 0 0 0 1 0 0 0 0 0 0 0 0 0 0 7 0 0 7 1 0 0 0 
12 3 2 2 0 8 13 2 0 0 0 0 1 0 5 0 10 3 0 0 0 0 0 0 0 0 1 0 0 0 9 0 0 0 2 0 0 0 0 0 
0 0 0 0 0 2 14 0 0 10 0 0 0 12 0 0 4 1 2 7 0 0 0 1 10 0 0 0 0 9 8 7 7 4 0 0 0 0 11 6 
12 0 0 0 0 7 0 0 0 0 0 0 0 0 4 0 0 0 0 12 4 0 0 0 0 13 6 0 0 0 11 0 0 9 0 3 4 0 11 8 
2 0 0 0 0 0 5 0 0 0 0 0 6 1 5 12 0 5 6 0 0 0 0 3 0 13 0 10 6 0 0 11 11 5 12 0 0 5 0 0 
5 0 0 10 0 0 1 10 12 1 9 0 6 0 13 0 4 0 13 0 0 10 10 0 0 0 14 0 2 5 8 9 0 13 0 0 0 13 0 0 
7 0 0 6 0 0 0 0 8 0 0 2 0 0 0 0 10 0 2 0 0 10 0 0 0 0 0 0 0 0 2 0 11 0 0 0 4 10 0 9 
0 12 6 0 0 0 0 0 1 3 3 1 0 0 13 0 0 1 0 0 0 0 0 0 0 0 12 0 0 12 10 0 0 0 0 8 0 7 8 0 
0 14 0 6 0 0 0 0 13 9 0 0 0 5 1 4 0 0 0 0 0 0 1 11 0 0 0 0 0 10 0 0 6 3 0 0 7 0 0 7 
0 0 0 0 1 6 0 0 0 9 0 0 0 9 0 2 1 13 0 1 0 8 1 13 0 14 0 0 0 13 13 4 2 8 13 1 0 0 0 1 
0 0 0 0 0 10 0 0 0 7 0 14 0 13 0 0 10 0 11 0 0 0 0 11 6 0 14 0 0 3 0 0 0 10 0 0 4 0 0 4 
3 0 11 13 0 1 0 0 14 0 0 0 7 4 0 6 5 0 0 0 0 0 0 4 0 13 5 6 0 0 0 8 0 8 10 0 10 7 6 0 
0 0 0 14 0 0 0 0 3 0 0 0 9 0 0 2 0 0 2 0 0 0 9 0 0 0 2 0 0 12 0 0 3 0 7 0 4 0 0 0 
13 13 11 5 0 0 0 0 6 0 5 0 0 8 0 0 0 0 0 0 4 5 0 0 13 0 0 13 1 0 9 0 0 0 0 0 0 6 5 0 
4 0 0 0 8 8 0 0 0 0 3 13 0 0 0 10 13 6 11 10 13 0 0 0 4 0 7 0 1 5 0 10 0 0 10 6 0 7 0 0 
0 0 3 0 0 11 7 0 3 0 0 0 11 0 0 0 0 12 0 0 0 2 0 0 2 0 12 0 7 0 1 0 8 0 0 0 2 0 0 0 
6 8 0 0 0 0 0 0 0 7 0 0 3 0 13 11 4 10 0 3 13 0 0 0 1 7 8 8 14 0 0 0 0 8 0 0 0 10 0 11 
0 5 0 0 0 0 0 12 5 0 3 0 0 0 7 10 0 13 0 0 0 0 0 0 6 0 0 0 0 0 8 0 9 0 13 0 0 10 10 0 
12 7 13 0 0 0 0 4 0 0 1 0 13 0 0 12 13 0 0 10 0 8 0 0 2 0 13 0 0 0 0 6 0 0 0 0 0 0 0 3 
10 0 11 9 3 1 0 0 0 0 0 0 0 0 0 0 0 1 3 0 12 11 5 3 0 0 11 2 0 9 0 4 0 2 0 0 11 0 0 7 
3 5 0 0 0 0 0 5 4 0 14 4 0 0 0 12 0 0 13 2 5 8 13 7 0 1 0 0 0 3 0 15 0 0 0 0 9 0 0 4 
14 0 0 0 6 1 0 0 0 0 0 0 0 0 0 0 0 8 0 0 0 0 0 9 0 0 0 9 6 1 8 0 0 0 0 0 9 1 0 0 
