40

0 1 0 1 0 0 1 0 1 1 1 1 1 1 1 1 0 1 1 1 1 1 0 0 1 1 0 1 0 1 0 1 0 1 1 1 1 0 0 1 
1 0 1 0 1 0 1 1 1 1 1 0 1 0 1 1 0 1 1 0 1 1 1 0 1 1 1 0 0 1 0 1 1 0 1 0 1 0 1 1 
0 1 0 1 1 1 0 1 1 1 1 1 1 0 1 1 0 1 1 0 1 1 0 1 0 0 0 1 1 0 0 1 1 1 1 1 1 1 1 1 
1 0 1 0 1 1 0 1 0 1 0 0 1 1 1 0 1 0 1 1 0 1 1 1 1 1 0 1 1 0 0 0 1 0 1 1 1 0 1 1 
0 1 1 1 0 1 0 0 0 1 1 0 1 0 1 0 0 1 1 1 1 0 1 0 1 1 1 1 1 1 1 1 1 1 1 0 1 0 1 1 
0 0 1 1 1 0 0 1 0 1 0 0 1 1 0 1 1 0 1 0 1 1 1 0 0 0 0 1 1 0 0 1 0 0 1 1 0 1 0 1 
1 1 0 0 0 0 0 1 1 1 1 1 1 1 0 1 1 0 1 0 0 0 1 0 1 0 1 1 1 0 1 1 1 1 0 0 0 1 0 0 
0 1 1 1 0 1 1 0 1 1 0 1 0 0 1 1 1 1 0 1 0 1 1 0 0 1 1 0 0 0 0 1 0 1 0 0 1 1 0 0 
1 1 1 0 0 0 1 1 0 1 0 0 1 0 1 1 1 0 0 1 1 1 1 1 1 1 1 1 1 1 1 1 1 1 1 1 1 0 0 0 
1 1 1 1 1 1 1 1 1 0 1 0 1 0 0 1 1 0 1 0 0 1 0 1 0 0 0 1 0 1 1 0 0 1 1 0 0 1 0 1 
1 1 1 0 1 0 1 0 0 1 0 1 0 0 1 0 0 1 0 0 1 1 0 0 1 0 1 0 1 0 0 0 0 1 1 1 0 0 1 1 
1 0 1 0 0 0 1 1 0 0 1 0 0 0 1 1 1 0 0 1 1 1 1 0 0 1 1 0 1 0 1 0 1 1 0 1 0 1 1 1 
1 1 1 1 1 1 1 0 1 1 0 0 0 1 1 1 0 0 0 0 1 1 1 1 0 0 0 1 0 1 1 1 1 1 0 1 1 1 1 1 
1 0 0 1 0 1 1 0 0 0 0 0 1 0 1 0 0 1 1 1 1 1 1 1 1 0 1 0 1 1 1 1 0 0 0 1 0 1 1 1 
1 1 1 1 1 0 0 1 1 0 1 1 1 1 0 1 1 0 0 0 1 0 1 0 1 0 1 1 0 1 1 1 1 1 1 1 0 1 0 1 
1 1 1 0 0 1 1 1 1 1 0 1 1 0 1 0 1 1 0 0 0 1 1 1 1 0 1 0 1 1 1 1 0 1 1 0 1 0 0 1 
0 0 0 1 0 1 1 1 1 1 0 1 0 0 1 1 0 0 1 0 0 1 1 1 0 0 1 1 0 0 1 1 1 1 1 1 1 1 1 0 
1 1 1 0 1 0 0 1 0 0 1 0 0 1 0 1 0 0 1 1 1 0 1 0 0 0 0 1 0 0 0 0 0 1 1 0 1 1 1 0 
1 1 1 1 1 1 1 0 0 1 0 0 0 1 0 0 1 1 0 0 0 0 0 1 1 1 1 0 1 0 0 1 1 0 1 1 0 0 0 0 
1 0 0 1 1 0 0 1 1 0 0 1 0 1 0 0 0 1 0 0 0 0 1 0 1 1 0 1 0 0 1 1 1 0 1 1 1 0 0 1 
1 1 1 0 1 1 0 0 1 0 1 1 1 1 1 0 0 1 0 0 0 0 0 0 1 0 0 1 0 1 0 0 0 0 1 1 1 0 0 1 
1 1 1 1 0 1 0 1 1 1 1 1 1 1 0 1 1 0 0 0 0 0 1 1 0 1 1 1 1 1 0 0 0 1 0 1 0 0 0 0 
0 1 0 1 1 1 1 1 1 0 0 1 1 1 1 1 1 1 0 1 0 1 0 1 0 0 1 0 1 1 1 1 1 0 1 1 0 0 1 1 
0 0 1 1 0 0 0 0 1 1 0 0 1 1 0 1 1 0 1 0 0 1 1 0 0 1 1 1 1 1 1 0 1 0 1 0 1 1 0 1 
1 1 0 1 1 0 1 0 1 0 1 0 0 1 1 1 0 0 1 1 1 0 0 0 0 0 0 0 1 0 1 1 1 0 0 1 0 1 1 0 
1 1 0 1 1 0 0 1 1 0 0 1 0 0 0 0 0 0 1 1 0 1 0 1 0 0 1 1 1 1 0 1 1 1 0 0 0 0 0 1 
0 1 0 0 1 0 1 1 1 0 1 1 0 1 1 1 1 0 1 0 0 1 1 1 0 1 0 0 1 1 1 1 0 1 1 0 1 0 1 1 
1 0 1 1 1 1 1 0 1 1 0 0 1 0 1 0 1 1 0 1 1 1 0 1 0 1 0 0 0 0 1 1 1 0 1 0 1 1 1 0 
0 0 1 1 1 1 1 0 1 0 1 1 0 1 0 1 0 0 1 0 0 1 1 1 1 1 1 0 0 0 0 0 0 1 0 0 1 0 0 0 
1 1 0 0 1 0 0 0 1 1 0 0 1 1 1 1 0 0 0 0 1 1 1 1 0 1 1 0 0 0 1 1 1 1 0 1 0 0 0 1 
0 0 0 0 1 0 1 0 1 1 0 1 1 1 1 1 1 0 0 1 0 0 1 1 1 0 1 1 0 1 0 0 1 1 0 1 1 0 1 0 
1 1 1 0 1 1 1 1 1 0 0 0 1 1 1 1 1 0 1 1 0 0 1 0 1 1 1 1 0 1 0 0 1 0 1 1 0 1 0 1 
0 1 1 1 1 0 1 0 1 0 0 1 1 0 1 0 1 0 1 1 0 0 1 1 1 1 0 1 0 1 1 1 0 0 1 1 1 1 1 1 
1 0 1 0 1 0 1 1 1 1 1 1 1 0 1 1 1 1 0 0 0 1 0 0 0 1 1 0 1 1 1 0 0 0 0 1 1 1 1 0 
1 1 1 1 1 1 0 0 1 1 1 0 0 0 1 1 1 1 1 1 1 0 1 1 0 0 1 1 0 0 0 1 1 0 0 0 1 1 0 0 
1 0 1 1 0 1 0 0 1 0 1 1 1 1 1 0 1 0 1 1 1 1 1 0 1 0 0 0 0 1 1 1 1 1 0 0 1 1 0 1 
1 1 1 1 1 0 0 1 1 0 0 0 1 0 0 1 1 1 0 1 1 0 0 1 0 0 1 1 1 0 1 0 1 1 1 1 0 1 1 1 
0 0 1 0 0 1 1 1 0 1 0 1 1 1 1 0 1 1 0 0 0 0 0 1 1 0 0 1 0 0 0 1 1 1 1 1 1 0 1 0 
0 1 1 1 1 0 0 0 0 0 1 1 1 1 0 0 1 1 0 0 0 0 1 0 1 0 1 1 0 0 1 0 1 1 0 0 1 1 0 1 
1 1 1 1 1 1 0 0 0 1 1 1 1 1 1 1 0 0 0 1 1 0 1 1 0 1 1 0 0 1 0 1 1 0 0 1 1 0 1 0 

0 0 0 0 0 0 0 0 3 0 0 0 0 0 0 0 0 0 0 0 6 0 0 0 0 2 0 0 0 0 14 0 0 0 0 0 0 0 0 0 
0 0 0 0 0 0 0 2 0 0 0 0 0 0 9 0 0 1 0 0 0 0 0 0 0 0 3 13 0 0 0 0 0 0 0 0 13 0 0 16 
0 16 0 0 0 0 0 0 0 0 0 0 5 0 0 13 14 0 0 0 0 12 0 0 0 0 0 0 0 0 0 0 0 0 2 5 0 0 0 16 
0 17 0 0 0 0 11 0 0 0 0 0 0 0 10 0 0 0 0 0 0 0 0 0 0 2 0 0 0 0 0 19 20 0 19 0 0 0 0 0 
0 0 0 0 0 3 0 0 0 0 0 1 0 0 0 0 0 18 0 0 16 0 0 0 4 0 0 0 0 0 0 1 0 0 0 0 0 0 7 0 
2 0 0 0 0 0 0 0 17 9 0 0 0 0 0 3 0 0 0 0 0 0 0 0 8 0 0 0 0 0 16 0 16 0 0 15 0 0 0 0 
5 0 0 0 0 0 0 14 0 0 13 0 6 19 0 0 0 12 0 0 18 0 0 0 0 4 7 0 0 0 0 3 2 0 0 13 0 0 19 0 
7 0 0 9 0 0 0 0 0 8 0 0 0 0 8 0 14 0 0 0 0 0 9 0 0 0 0 16 4 0 0 20 0 0 0 17 0 0 0 0 
0 9 0 0 0 0 0 0 0 0 1 0 6 6 0 10 5 0 0 0 0 0 0 0 0 0 0 0 0 0 19 0 0 0 0 0 0 0 13 0 
0 0 0 0 0 0 17 0 0 0 0 0 0 0 0 0 0 0 0 0 9 0 0 0 0 0 0 12 0 0 0 17 0 0 0 0 0 0 0 0 
13 0 0 0 0 0 0 0 0 0 0 0 11 0 0 0 1 0 0 0 0 17 11 0 0 0 0 0 0 0 0 0 14 0 1 0 8 0 0 0 
8 0 0 0 0 1 0 0 9 0 8 0 0 0 0 0 0 2 0 0 0 10 0 0 0 0 19 7 2 0 0 0 0 0 0 0 2 0 14 0 
8 20 2 0 2 0 0 12 5 4 0 0 0 0 0 1 9 0 18 0 20 0 0 0 0 0 0 0 5 0 0 0 14 0 2 3 17 0 0 0 
16 0 15 0 0 4 0 0 0 6 0 0 0 0 13 0 0 0 0 8 0 0 0 0 0 0 0 0 0 0 0 0 0 0 0 0 0 14 0 0 
0 14 8 0 0 0 19 18 0 0 0 0 0 1 0 0 0 0 0 0 0 0 0 1 0 0 0 0 0 12 0 0 0 0 0 0 15 9 0 0 
0 0 0 2 0 0 2 0 0 0 0 1 0 17 0 0 0 0 0 0 0 0 0 0 15 7 0 0 0 0 0 8 17 0 0 13 0 0 19 0 
3 5 0 1 0 0 0 0 12 0 0 0 0 0 0 2 0 0 0 0 0 4 0 0 0 0 0 3 18 0 0 0 0 0 12 12 0 0 0 0 
0 0 0 0 0 0 0 0 0 0 18 0 4 0 0 9 0 0 0 0 0 0 0 0 0 18 0 0 0 6 0 0 0 0 0 18 0 0 0 0 
0 14 0 0 0 0 0 0 0 0 0 0 0 0 1 0 0 0 0 0 6 0 11 0 0 16 0 0 0 0 0 0 0 0 0 0 0 12 0 0 
0 0 0 0 0 0 20 0 16 0 0 0 6 0 10 0 0 7 0 0 0 0 0 0 0 0 0 0 0 0 0 0 0 9 0 0 0 0 0 0 
0 0 0 0 0 5 0 0 0 0 0 0 18 0 11 0 0 0 0 0 0 0 0 0 0 12 2 7 0 0 0 0 0 0 0 1 0 0 7 18 
0 0 0 0 0 0 0 0 0 0 5 0 0 0 0 0 17 19 0 0 0 0 11 1 0 0 0 0 0 0 0 0 0 0 0 0 0 4 1 0 
0 0 0 0 0 0 0 0 0 0 10 10 0 0 0 0 0 0 0 0 0 8 0 0 0 0 0 0 0 0 0 0 0 0 0 0 0 0 9 0 
0 0 11 0 0 0 0 0 0 9 0 11 2 0 0 3 0 0 0 9 0 0 20 0 0 0 0 16 0 0 0 0 9 14 0 2 0 0 0 0 
0 0 0 0 0 0 0 0 16 0 0 0 0 0 0 18 9 0 0 0 0 0 9 0 0 0 2 0 0 0 0 0 3 0 0 0 0 0 14 0 
0 0 17 2 0 0 0 0 0 0 0 0 0 0 20 0 0 0 0 0 0 0 0 0 0 0 1 0 0 0 0 0 4 0 8 9 10 0 0 0 
0 0 0 0 0 0 0 0 0 0 0 0 0 0 0 0 2 13 0 15 0 7 19 0 0 0 0 9 0 0 0 0 13 0 0 17 0 0 8 0 
0 0 0 0 0 0 0 5 0 0 0 0 0 8 0 0 0 14 0 0 0 0 0 0 0 0 0 0 0 0 0 0 0 0 0 0 0 0 0 12 
0 0 0 20 12 0 0 0 19 0 0 0 0 0 17 0 0 0 0 0 0 0 0 0 0 0 0 0 0 6 0 0 19 0 12 0 0 0 0 10 
0 0 0 0 0 0 0 10 16 0 10 0 0 0 9 0 17 0 0 0 0 0 0 0 0 0 0 0 0 0 2 0 0 0 0 0 0 0 0 9 
9 0 17 0 0 9 0 0 0 7 0 0 0 0 0 0 0 0 0 0 9 11 0 0 0 0 0 0 0 3 0 1 0 13 16 0 0 0 0 0 
0 0 0 0 0 0 0 13 0 0 9 18 0 0 0 0 0 11 0 0 0 14 10 0 0 0 5 0 0 0 0 0 0 0 0 11 0 0 0 0 
0 0 0 0 0 0 0 4 0 0 0 0 0 11 15 0 0 0 0 0 0 15 0 0 0 7 0 18 7 0 0 0 0 0 0 0 0 0 0 0 
18 0 6 0 0 0 0 0 0 0 0 0 0 4 0 0 6 0 0 0 0 0 0 0 0 0 0 0 0 0 0 0 0 0 4 1 0 0 18 0 
0 0 0 0 0 1 0 0 14 0 0 0 0 10 0 0 0 8 0 14 0 0 0 2 0 0 0 0 0 0 0 16 1 0 0 0 0 0 1 0 
0 0 0 0 0 3 0 0 0 0 0 0 0 2 0 0 11 0 0 0 0 4 19 19 0 13 0 0 0 0 0 0 0 0 0 0 0 0 0 0 
0 0 0 0 1 0 0 0 0 0 0 0 1 8 0 6 0 0 0 0 0 15 0 0 16 0 0 6 0 0 0 0 0 0 0 0 0 0 13 0 
0 5 0 0 0 11 8 0 0 0 0 0 0 0 0 0 0 0 0 16 0 8 0 5 0 13 0 0 0 0 0 0 0 0 0 0 0 0 0 0 
0 0 0 19 5 0 0 0 1 0 0 0 0 0 0 0 0 0 9 0 0 0 0 0 0 0 0 0 0 0 7 0 4 0 0 0 0 0 0 0 
1 0 18 0 5 0 0 4 0 0 0 0 0 0 0 14 20 0 0 0 2 0 5 0 16 19 0 0 10 0 0 0 0 0 0 0 0 0 0 0 
