40

0 1 1 0 0 1 1 1 1 0 1 0 1 1 0 1 0 1 1 1 1 1 1 1 1 1 1 1 1 0 1 0 0 1 0 1 1 1 1 0 
1 0 1 1 1 1 1 1 0 1 1 0 1 1 1 1 1 1 1 1 1 1 1 1 1 1 1 1 1 1 1 1 1 1 0 1 1 1 1 1 
1 1 0 1 0 0 1 1 1 0 1 1 0 1 0 1 0 1 0 0 1 1 1 1 1 1 1 1 1 1 1 0 1 1 1 1 1 1 1 0 
0 1 1 0 1 1 1 1 1 1 1 1 0 1 1 0 1 0 1 1 1 1 1 0 1 1 1 0 1 1 0 0 0 0 1 1 1 1 1 1 
0 1 0 1 0 1 1 1 1 1 1 1 1 1 0 1 1 1 1 1 1 0 1 1 1 1 0 1 1 0 1 0 1 1 1 1 1 1 1 1 
1 1 0 1 1 0 0 0 1 1 1 1 1 1 1 1 1 0 1 1 0 0 1 0 1 0 1 1 1 0 0 1 1 1 1 0 0 1 1 1 
1 1 1 1 1 0 0 1 1 0 1 1 1 1 1 0 1 1 0 1 1 1 1 1 1 0 1 1 1 1 1 1 0 1 0 1 0 1 1 0 
1 1 1 1 1 0 1 0 1 0 1 1 0 1 1 0 1 1 1 0 1 1 1 1 0 1 1 0 1 1 1 1 1 1 1 1 1 0 1 0 
1 0 1 1 1 1 1 1 0 1 1 1 1 1 0 1 1 0 1 1 1 1 1 1 1 1 1 1 0 1 1 1 1 1 1 1 1 1 1 0 
0 1 0 1 1 1 0 0 1 0 1 0 1 1 1 1 1 1 1 1 1 1 1 1 0 1 1 1 0 1 1 0 0 0 1 1 1 1 1 1 
1 1 1 1 1 1 1 1 1 1 0 0 0 0 0 1 1 1 1 1 1 1 0 0 1 0 0 1 0 1 0 1 1 0 1 1 1 1 1 1 
0 0 1 1 1 1 1 1 1 0 0 0 1 1 1 0 1 1 1 1 1 0 1 1 1 1 0 1 1 1 1 1 1 0 1 1 1 1 1 1 
1 1 0 0 1 1 1 0 1 1 0 1 0 1 1 1 1 0 1 1 0 1 1 1 1 0 1 1 1 1 1 1 1 0 0 1 1 1 0 1 
1 1 1 1 1 1 1 1 1 1 0 1 1 0 1 1 1 1 1 1 1 1 1 1 1 1 1 0 0 1 1 1 1 1 1 1 1 1 1 1 
0 1 0 1 0 1 1 1 0 1 0 1 1 1 0 1 1 1 1 1 0 0 1 1 0 1 1 1 1 1 1 1 1 1 1 1 1 0 1 1 
1 1 1 0 1 1 0 0 1 1 1 0 1 1 1 0 1 1 0 1 1 1 1 1 1 1 1 0 1 1 1 1 1 0 0 0 1 1 0 1 
0 1 0 1 1 1 1 1 1 1 1 1 1 1 1 1 0 0 0 1 1 1 1 1 1 1 1 1 0 1 1 1 1 1 1 1 1 1 0 0 
1 1 1 0 1 0 1 1 0 1 1 1 0 1 1 1 0 0 1 1 1 1 1 0 0 1 1 1 0 1 1 1 1 1 1 1 1 0 1 0 
1 1 0 1 1 1 0 1 1 1 1 1 1 1 1 0 0 1 0 1 1 1 1 1 1 1 1 1 1 1 0 1 1 1 1 1 1 1 0 1 
1 1 0 1 1 1 1 0 1 1 1 1 1 1 1 1 1 1 1 0 1 0 1 1 1 1 0 1 1 1 1 0 1 1 1 0 1 1 1 1 
1 1 1 1 1 0 1 1 1 1 1 1 0 1 0 1 1 1 1 1 0 1 1 1 1 1 1 1 1 1 0 0 0 1 0 1 0 1 1 1 
1 1 1 1 0 0 1 1 1 1 1 0 1 1 0 1 1 1 1 0 1 0 1 1 1 1 1 1 1 1 1 0 1 1 1 1 0 1 1 0 
1 1 1 1 1 1 1 1 1 1 0 1 1 1 1 1 1 1 1 1 1 1 0 0 1 1 1 0 1 1 1 1 1 1 1 0 1 0 0 1 
1 1 1 0 1 0 1 1 1 1 0 1 1 1 1 1 1 0 1 1 1 1 0 0 1 1 1 1 1 1 1 1 0 1 1 1 1 1 1 1 
1 1 1 1 1 1 1 0 1 0 1 1 1 1 0 1 1 0 1 1 1 1 1 1 0 1 1 1 0 0 1 0 1 1 1 1 1 1 1 1 
1 1 1 1 1 0 0 1 1 1 0 1 0 1 1 1 1 1 1 1 1 1 1 1 1 0 1 1 0 1 1 0 0 1 1 1 1 0 0 1 
1 1 1 1 0 1 1 1 1 1 0 0 1 1 1 1 1 1 1 0 1 1 1 1 1 1 0 1 1 1 1 1 1 1 1 0 1 0 0 1 
1 1 1 0 1 1 1 0 1 1 1 1 1 0 1 0 1 1 1 1 1 1 0 1 1 1 1 0 1 1 1 1 1 1 1 1 1 1 1 1 
1 1 1 1 1 1 1 1 0 0 0 1 1 0 1 1 0 0 1 1 1 1 1 1 0 0 1 1 0 1 1 1 0 1 1 1 1 1 1 1 
0 1 1 1 0 0 1 1 1 1 1 1 1 1 1 1 1 1 1 1 1 1 1 1 0 1 1 1 1 0 1 1 0 1 1 1 1 1 1 1 
1 1 1 0 1 0 1 1 1 1 0 1 1 1 1 1 1 1 0 1 0 1 1 1 1 1 1 1 1 1 0 1 1 1 1 1 1 1 1 1 
0 1 0 0 0 1 1 1 1 0 1 1 1 1 1 1 1 1 1 0 0 0 1 1 0 0 1 1 1 1 1 0 1 0 1 1 1 1 1 1 
0 1 1 0 1 1 0 1 1 0 1 1 1 1 1 1 1 1 1 1 0 1 1 0 1 0 1 1 0 0 1 1 0 1 1 1 1 1 1 0 
1 1 1 0 1 1 1 1 1 0 0 0 0 1 1 0 1 1 1 1 1 1 1 1 1 1 1 1 1 1 1 0 1 0 0 0 1 1 1 1 
0 0 1 1 1 1 0 1 1 1 1 1 0 1 1 0 1 1 1 1 0 1 1 1 1 1 1 1 1 1 1 1 1 0 0 1 0 1 1 1 
1 1 1 1 1 0 1 1 1 1 1 1 1 1 1 0 1 1 1 0 1 1 0 1 1 1 0 1 1 1 1 1 1 0 1 0 1 1 1 0 
1 1 1 1 1 0 0 1 1 1 1 1 1 1 1 1 1 1 1 1 0 0 1 1 1 1 1 1 1 1 1 1 1 1 0 1 0 1 1 1 
1 1 1 1 1 1 1 0 1 1 1 1 1 1 0 1 1 0 1 1 1 1 0 1 1 0 0 1 1 1 1 1 1 1 1 1 1 0 0 1 
1 1 1 1 1 1 1 1 1 1 1 1 0 1 1 0 0 1 0 1 1 1 0 1 1 0 0 1 1 1 1 1 1 1 1 1 1 0 0 0 
0 1 0 1 1 1 0 0 0 1 1 1 1 1 1 1 0 0 1 1 1 0 1 1 1 1 1 1 1 1 1 1 0 1 1 0 1 1 0 0 

0 3 0 0 0 0 0 0 0 0 0 0 0 0 0 0 0 0 0 0 0 0 0 0 16 16 22 0 1 1 0 0 0 8 0 0 13 0 0 12 
22 0 0 17 0 0 0 0 0 0 22 0 0 0 0 0 0 9 0 0 0 27 0 0 0 0 0 0 28 0 0 0 0 21 0 0 0 0 8 0 
0 0 0 8 0 0 0 0 3 24 0 0 0 0 14 0 0 24 0 15 24 0 0 0 0 0 0 26 0 0 26 0 0 0 0 0 0 0 0 0 
0 0 24 0 13 19 0 9 0 0 0 0 0 0 0 0 0 20 13 0 0 23 0 0 0 12 0 0 0 0 20 0 0 0 0 0 0 0 0 0 
0 0 0 0 0 0 0 0 0 0 0 0 3 8 26 22 0 0 0 18 0 0 0 0 6 0 0 8 0 0 0 0 0 0 0 0 0 0 0 0 
24 0 0 0 0 0 0 0 0 0 0 0 25 0 0 24 7 0 0 19 0 0 0 0 20 0 0 0 0 0 0 0 0 0 22 0 25 0 0 0 
0 0 0 0 10 0 0 0 0 0 0 0 0 0 0 0 0 0 21 2 0 0 0 0 0 0 0 0 0 0 0 0 0 0 0 0 25 18 0 0 
0 8 0 0 0 0 0 0 0 0 18 0 21 0 8 0 0 22 12 0 0 0 3 0 1 0 0 0 0 0 0 0 0 0 1 0 0 11 0 0 
0 9 0 0 0 0 0 11 0 0 0 0 0 0 0 0 0 0 0 0 0 0 0 0 0 0 0 7 0 0 0 0 20 1 0 0 5 0 0 0 
0 0 0 0 0 0 0 0 0 0 10 0 9 0 0 0 0 0 0 12 0 0 0 0 0 0 0 0 0 0 0 0 0 0 0 6 0 0 0 0 
0 0 0 0 0 0 9 13 0 0 0 0 27 0 0 0 0 0 0 0 6 0 0 23 0 0 0 13 0 13 16 0 0 0 0 24 25 0 0 0 
0 17 0 0 0 0 0 29 0 0 0 0 0 0 0 0 0 0 0 0 0 0 13 0 0 0 25 0 10 0 0 0 2 0 0 0 0 0 0 0 
0 0 1 0 0 0 0 0 8 0 0 0 0 0 0 9 0 10 0 0 0 0 0 13 0 0 0 18 22 21 3 0 0 0 0 0 0 0 0 0 
0 0 0 0 0 0 0 0 0 5 18 0 0 0 0 0 0 0 3 0 0 0 0 0 0 14 0 0 10 21 0 0 0 0 6 0 0 0 20 23 
27 0 0 0 0 0 3 0 0 0 0 0 0 0 0 0 0 0 0 0 0 0 0 0 0 0 0 0 0 0 0 0 0 0 0 0 0 22 0 21 
0 0 0 0 0 0 0 29 0 0 0 5 0 0 0 0 0 0 0 9 0 0 20 0 0 0 0 0 0 0 5 0 5 21 0 0 0 21 0 0 
0 0 0 8 0 0 11 0 0 0 0 0 0 0 6 0 0 0 0 0 0 0 0 0 0 0 0 0 0 0 0 0 0 0 0 24 0 22 0 10 
0 8 0 0 0 9 0 0 11 0 0 0 0 19 0 0 0 0 0 0 0 0 0 0 0 0 0 0 0 24 0 0 2 0 2 0 0 0 0 0 
0 0 0 0 5 0 0 0 0 0 0 12 0 0 0 0 0 9 0 0 0 0 6 0 0 0 0 0 0 0 0 0 0 0 0 16 24 0 0 0 
0 0 24 0 0 0 0 0 0 0 0 0 0 0 0 2 22 0 9 0 4 0 17 0 0 0 16 0 0 0 0 0 3 0 0 0 0 0 0 19 
0 0 0 0 0 0 0 0 0 14 0 14 0 0 0 25 0 25 0 0 0 11 4 0 0 15 0 0 0 14 22 26 0 0 17 0 0 0 0 0 
0 0 0 0 0 0 0 0 14 0 0 0 3 28 0 0 0 0 0 0 24 0 0 0 4 0 0 0 0 24 0 23 0 0 23 0 0 0 0 0 
0 20 20 28 23 0 0 0 0 23 0 26 0 1 0 0 0 0 19 0 0 0 0 0 0 0 0 23 0 27 0 0 0 0 0 0 0 0 0 0 
0 0 0 0 0 0 0 0 15 0 19 0 13 0 0 0 0 0 0 12 0 0 13 0 0 0 0 0 0 0 0 0 8 0 0 0 0 0 23 0 
0 24 0 22 0 22 16 0 0 15 0 0 0 0 0 0 15 0 18 0 0 0 0 0 0 0 0 21 0 28 0 0 0 0 0 0 0 0 0 0 
29 2 0 0 0 0 0 0 0 4 0 0 0 0 0 0 0 0 0 0 0 0 0 0 0 0 0 0 0 19 0 20 0 0 23 0 0 0 0 7 
0 0 0 0 0 0 0 0 0 28 0 0 0 0 0 0 0 0 0 0 0 0 0 0 0 0 0 0 0 0 0 0 0 7 0 0 20 4 0 0 
0 0 1 29 0 11 0 0 5 0 0 0 0 0 0 0 0 0 0 0 0 0 0 0 0 27 0 0 0 0 6 0 0 0 0 0 23 11 0 0 
0 0 0 0 11 7 12 0 0 0 0 0 0 20 0 0 0 5 0 0 0 0 0 0 1 0 0 13 0 1 0 0 0 0 0 0 0 0 0 0 
13 0 0 0 0 0 0 0 19 0 0 0 0 16 0 0 0 0 0 0 0 0 0 0 0 0 0 0 0 0 0 0 0 0 0 0 27 7 0 0 
27 17 0 23 0 19 0 0 0 19 0 0 2 0 0 26 0 0 0 0 16 2 19 0 0 0 0 0 0 22 0 26 0 0 12 21 24 19 2 0 
0 0 0 0 0 5 0 0 0 0 0 19 0 0 0 4 0 0 19 0 0 0 0 19 30 0 0 0 0 0 0 0 0 0 12 0 0 8 0 11 
29 0 4 0 0 0 3 0 0 0 0 0 0 2 0 0 9 1 8 0 0 0 8 16 0 0 13 29 12 0 0 0 0 0 20 0 0 17 8 0 
0 1 0 0 13 0 0 0 0 0 0 0 0 0 0 0 0 0 0 0 0 0 0 0 0 0 14 0 0 0 0 0 0 0 26 0 0 0 0 0 
0 0 0 14 27 0 0 0 0 0 0 0 0 0 0 0 0 12 20 0 0 22 0 0 0 0 0 0 0 15 0 0 0 0 0 0 0 28 0 0 
0 0 0 0 0 0 0 0 8 0 8 1 0 0 0 7 0 18 0 0 0 0 0 0 0 0 0 0 0 0 0 24 0 0 21 0 10 0 0 0 
10 0 0 0 0 0 7 0 0 0 0 0 0 0 0 0 0 9 0 0 17 0 0 0 0 0 19 0 9 0 27 0 0 0 9 0 0 0 0 0 
0 0 20 0 0 6 0 0 0 0 0 0 0 0 0 0 0 0 0 0 2 0 0 0 9 0 0 0 0 10 0 0 0 22 0 20 0 0 0 0 
0 0 0 0 0 0 11 0 0 5 0 0 0 0 0 0 0 0 5 0 0 0 0 0 0 0 0 0 0 0 0 19 18 16 0 0 0 0 0 0 
0 9 1 0 25 0 0 0 0 20 0 0 0 0 0 0 6 0 0 0 0 21 0 0 12 10 21 0 2 0 0 0 0 0 0 27 0 0 0 0 
