40

0 1 1 1 1 1 1 1 1 0 1 1 1 1 0 1 0 1 1 1 1 1 0 0 1 1 1 1 0 1 0 0 0 1 1 0 1 1 1 1 
1 0 1 1 0 1 1 1 0 0 0 0 1 1 1 1 1 0 1 1 0 1 1 0 0 1 1 0 1 1 0 0 1 0 1 1 1 0 1 0 
1 1 0 1 0 1 1 0 1 1 0 1 1 1 1 1 1 0 0 1 0 0 1 1 0 0 1 1 1 1 1 0 1 1 1 1 0 0 1 0 
1 1 1 0 1 1 0 0 1 0 0 1 1 0 1 1 1 0 1 0 1 1 0 0 0 1 1 1 0 0 1 1 0 0 1 0 1 1 1 1 
1 0 0 1 0 0 1 1 1 1 0 1 0 1 0 1 1 1 1 1 0 1 1 1 1 1 0 1 0 1 0 1 1 1 1 0 0 1 1 1 
1 1 1 1 0 0 1 1 0 1 1 0 1 1 0 0 1 1 0 0 1 1 1 1 1 0 1 1 1 0 0 1 0 1 1 1 1 1 1 0 
1 1 1 0 1 1 0 1 0 0 1 1 1 0 1 1 1 1 1 1 1 1 1 1 1 1 1 1 0 0 1 1 0 0 0 0 0 0 1 1 
1 1 0 0 1 1 1 0 1 1 1 0 1 1 0 1 0 1 1 1 0 1 0 1 1 1 1 0 1 1 1 1 1 0 1 1 1 1 1 0 
1 0 1 1 1 0 0 1 0 1 0 0 0 0 0 1 1 1 1 1 1 0 1 1 1 0 1 0 1 1 1 1 1 1 1 1 1 0 0 1 
0 0 1 0 1 1 0 1 1 0 1 1 1 0 1 1 0 1 1 0 1 0 0 1 0 0 1 0 0 1 0 1 1 1 1 1 1 0 0 1 
1 0 0 0 0 1 1 1 0 1 0 1 1 0 1 1 1 1 0 0 1 0 1 0 1 0 0 1 1 0 1 1 0 0 1 0 1 1 1 1 
1 0 1 1 1 0 1 0 0 1 1 0 1 1 1 1 0 1 1 1 1 0 1 1 1 1 0 0 1 1 1 1 1 1 0 1 0 0 1 1 
1 1 1 1 0 1 1 1 0 1 1 1 0 1 0 0 0 1 0 1 0 1 0 0 1 1 0 1 0 1 1 0 1 0 1 1 0 1 0 1 
1 1 1 0 1 1 0 1 0 0 0 1 1 0 1 0 0 0 1 1 0 1 1 1 1 1 1 1 1 1 0 1 0 0 1 0 0 1 1 1 
0 1 1 1 0 0 1 0 0 1 1 1 0 1 0 0 1 1 0 1 1 1 1 1 1 0 1 0 1 1 0 1 1 0 1 0 1 1 1 1 
1 1 1 1 1 0 1 1 1 1 1 1 0 0 0 0 0 1 1 1 0 1 0 1 0 0 1 1 1 1 0 0 1 0 1 0 1 0 1 0 
0 1 1 1 1 1 1 0 1 0 1 0 0 0 1 0 0 1 0 1 0 1 1 1 1 1 1 1 1 0 1 1 0 1 1 1 0 1 1 1 
1 0 0 0 1 1 1 1 1 1 1 1 1 0 1 1 1 0 0 1 1 0 0 0 1 1 1 1 1 1 1 1 1 1 1 1 1 1 1 0 
1 1 0 1 1 0 1 1 1 1 0 1 0 1 0 1 0 0 0 1 1 1 1 1 1 0 1 1 1 0 1 1 1 1 1 1 1 1 1 1 
1 1 1 0 1 0 1 1 1 0 0 1 1 1 1 1 1 1 1 0 1 0 1 0 1 1 1 0 1 1 1 0 0 1 1 1 0 0 1 0 
1 0 0 1 0 1 1 0 1 1 1 1 0 0 1 0 0 1 1 1 0 1 1 1 1 1 1 1 1 1 0 0 1 0 1 0 1 1 1 1 
1 1 0 1 1 1 1 1 0 0 0 0 1 1 1 1 1 0 1 0 1 0 1 1 1 1 1 1 1 1 1 1 1 1 1 0 1 1 0 1 
0 1 1 0 1 1 1 0 1 0 1 1 0 1 1 0 1 0 1 1 1 1 0 1 1 1 0 0 0 1 1 1 1 1 1 1 0 1 1 1 
0 0 1 0 1 1 1 1 1 1 0 1 0 1 1 1 1 0 1 0 1 1 1 0 1 0 1 0 1 0 0 1 1 1 1 1 1 1 0 1 
1 0 0 0 1 1 1 1 1 0 1 1 1 1 1 0 1 1 1 1 1 1 1 1 0 1 1 1 1 1 1 1 0 1 0 0 0 0 0 0 
1 1 0 1 1 0 1 1 0 0 0 1 1 1 0 0 1 1 0 1 1 1 1 0 1 0 1 0 0 1 1 1 1 1 0 1 0 1 1 1 
1 1 1 1 0 1 1 1 1 1 0 0 0 1 1 1 1 1 1 1 1 1 0 1 1 1 0 1 0 1 1 1 1 0 1 1 1 1 0 0 
1 0 1 1 1 1 1 0 0 0 1 0 1 1 0 1 1 1 1 0 1 1 0 0 1 0 1 0 0 1 1 1 0 0 1 1 1 0 1 1 
0 1 1 0 0 1 0 1 1 0 1 1 0 1 1 1 1 1 1 1 1 1 0 1 1 0 0 0 0 0 1 1 1 1 1 0 1 1 0 1 
1 1 1 0 1 0 0 1 1 1 0 1 1 1 1 1 0 1 0 1 1 1 1 0 1 1 1 1 0 0 0 0 1 0 1 0 1 0 1 0 
0 0 1 1 0 0 1 1 1 0 1 1 1 0 0 0 1 1 1 1 0 1 1 0 1 1 1 1 1 0 0 1 1 1 0 0 0 0 1 1 
0 0 0 1 1 1 1 1 1 1 1 1 0 1 1 0 1 1 1 0 0 1 1 1 1 1 1 1 1 0 1 0 1 0 1 1 0 1 1 1 
0 1 1 0 1 0 0 1 1 1 0 1 1 0 1 1 0 1 1 0 1 1 1 1 0 1 1 0 1 1 1 1 0 1 0 1 1 1 1 1 
1 0 1 0 1 1 0 0 1 1 0 1 0 0 0 0 1 1 1 1 0 1 1 1 1 1 0 0 1 0 1 0 1 0 1 0 1 1 1 1 
1 1 1 1 1 1 0 1 1 1 1 0 1 1 1 1 1 1 1 1 1 1 1 1 0 0 1 1 1 1 0 1 0 1 0 1 0 0 0 1 
0 1 1 0 0 1 0 1 1 1 0 1 1 0 0 0 1 1 1 1 0 0 1 1 0 1 1 1 0 0 0 1 1 0 1 0 1 1 1 1 
1 1 0 1 0 1 0 1 1 1 1 0 0 0 1 1 0 1 1 0 1 1 0 1 0 0 1 1 1 1 0 0 1 1 0 1 0 1 1 0 
1 0 0 1 1 1 0 1 0 0 1 0 1 1 1 0 1 1 1 0 1 1 1 1 0 1 1 0 1 0 0 1 1 1 0 1 1 0 1 1 
1 1 1 1 1 1 1 1 0 0 1 1 0 1 1 1 1 1 1 1 1 0 1 0 0 1 0 1 0 1 1 1 1 1 0 1 1 1 0 1 
1 0 0 1 1 0 1 0 1 1 1 1 1 1 1 0 1 0 1 0 1 1 1 1 0 1 0 1 1 0 1 1 1 1 1 1 0 1 1 0 

0 0 0 1 0 3 4 0 0 5 0 13 0 12 0 0 4 0 4 0 0 8 0 14 6 2 0 8 0 8 0 0 0 0 0 0 4 0 0 0 
0 0 1 14 13 0 12 0 0 3 0 11 11 1 15 4 9 0 0 4 0 0 0 10 0 9 0 0 0 0 3 5 0 7 0 0 0 14 0 8 
0 0 0 0 13 13 0 0 12 0 0 15 10 0 0 14 0 0 14 0 0 0 12 0 0 0 2 0 3 0 0 3 0 10 0 0 0 0 0 0 
0 4 0 0 0 11 0 1 10 0 0 2 0 5 11 0 0 0 4 14 0 0 5 0 0 0 0 11 0 13 8 0 8 6 0 0 0 0 7 9 
12 0 10 0 0 11 0 0 6 0 12 0 0 1 0 11 5 14 0 6 0 15 0 0 1 0 0 0 4 6 10 0 0 0 0 0 0 0 0 0 
0 15 0 0 0 0 0 0 0 0 0 0 5 0 0 0 15 10 8 10 0 0 0 0 0 14 0 0 4 0 9 0 0 0 0 0 6 0 0 4 
15 0 0 2 0 0 0 0 0 0 9 0 0 5 0 6 0 0 5 8 0 8 9 0 15 0 15 5 13 0 0 4 0 12 0 0 0 15 0 6 
0 5 0 14 0 5 0 0 0 0 0 0 0 0 1 0 2 4 0 0 0 12 0 12 0 0 13 0 0 0 0 0 0 3 0 0 0 0 8 0 
14 0 2 3 2 7 0 0 0 9 0 14 0 0 12 0 2 0 0 7 0 6 14 12 13 0 13 0 0 0 0 2 0 0 9 0 0 6 0 0 
4 0 0 3 0 6 10 0 0 0 3 11 0 1 0 0 9 0 13 0 0 0 7 0 13 0 0 0 0 13 1 7 15 0 0 0 0 8 0 0 
0 10 0 0 0 0 0 4 0 0 0 11 8 10 1 0 0 0 0 0 6 2 5 4 8 0 7 2 9 3 2 0 13 0 11 0 0 0 0 0 
0 0 0 0 3 0 0 0 0 0 0 0 0 13 8 0 7 0 0 0 0 5 0 0 0 0 7 3 16 0 15 0 0 0 0 1 0 0 9 6 
0 0 0 0 0 6 0 0 0 11 13 0 0 0 14 0 0 0 0 6 1 0 0 0 14 0 0 0 1 0 0 12 9 1 7 5 7 0 6 11 
0 0 0 0 4 1 0 0 0 0 0 0 0 0 0 0 5 2 13 4 0 0 0 0 13 0 14 0 0 0 0 0 8 0 0 12 0 0 9 14 
0 0 9 11 0 5 0 13 1 6 0 0 14 0 0 0 0 0 0 0 2 10 7 0 15 1 0 7 0 16 0 0 0 13 0 0 13 1 9 0 
8 4 11 0 0 2 11 0 6 1 0 0 0 11 0 0 0 0 14 0 0 0 1 0 0 0 0 0 0 11 0 0 0 3 0 0 6 0 12 0 
0 0 0 0 0 0 4 0 0 0 0 10 0 0 2 0 0 0 0 0 0 6 0 0 0 0 3 0 0 0 0 0 0 2 0 0 0 1 6 8 
0 0 4 0 11 1 0 0 7 0 0 15 0 0 0 0 14 0 0 0 0 0 0 0 3 0 0 0 4 0 0 0 0 2 3 0 10 0 0 0 
9 0 0 0 0 0 4 0 0 8 0 0 0 0 0 0 11 4 0 0 7 11 0 0 0 0 2 0 0 0 0 0 12 0 4 0 0 0 5 11 
1 15 13 0 4 0 9 0 11 10 12 3 0 0 0 0 0 1 0 0 0 0 0 2 0 2 0 0 0 9 0 4 0 7 0 0 5 14 3 0 
1 0 0 0 0 0 15 7 2 8 0 0 0 3 1 0 9 0 0 0 0 0 9 0 7 0 0 4 9 0 0 0 6 0 14 0 0 0 0 0 
0 0 14 0 0 0 0 0 0 5 0 14 0 0 16 8 1 8 0 5 13 0 5 0 0 0 6 0 0 12 0 4 14 0 7 0 0 0 0 10 
4 0 0 3 0 9 0 12 0 8 0 0 1 0 0 0 0 0 15 0 0 9 0 8 1 7 1 0 0 0 0 13 8 0 0 0 15 0 9 11 
5 0 0 10 0 0 0 11 0 2 0 6 10 0 0 0 0 0 10 0 0 0 16 0 0 15 0 0 6 10 8 1 0 0 9 1 0 0 7 0 
2 0 7 0 0 0 0 12 0 7 0 0 0 0 9 0 0 0 9 0 8 0 0 6 0 0 0 0 0 1 0 4 0 0 2 0 0 10 11 13 
7 0 14 0 0 0 0 0 0 7 0 0 0 16 0 14 0 5 0 4 11 0 0 0 8 0 0 0 5 0 3 5 0 0 15 0 6 11 1 2 
4 2 0 0 15 1 0 0 0 10 1 0 10 8 0 9 13 8 0 2 11 0 0 0 4 5 0 1 0 0 0 3 0 0 1 9 1 0 1 8 
0 0 0 0 13 0 0 0 2 0 0 0 2 0 6 17 0 7 0 5 0 5 11 12 15 0 0 0 0 0 15 0 0 7 3 10 0 0 0 0 
4 15 15 0 5 1 1 2 7 0 5 0 0 0 9 0 2 3 6 0 6 0 0 0 0 0 0 9 0 0 0 1 0 0 4 0 4 10 0 0 
0 0 0 6 0 0 14 0 15 0 16 0 0 0 12 0 11 0 0 11 0 1 0 9 7 0 0 13 0 0 0 0 6 0 5 0 1 0 0 10 
0 0 0 3 0 0 2 13 0 0 7 0 0 12 9 8 0 8 9 0 0 0 10 0 0 0 0 0 5 0 0 10 0 0 7 0 10 0 13 12 
0 7 0 0 0 0 0 0 11 9 0 0 0 0 10 14 3 0 0 5 0 3 2 0 0 13 14 0 0 0 7 0 0 1 0 0 16 11 0 0 
0 0 0 12 0 0 0 0 0 8 0 0 0 0 9 0 4 0 10 0 3 0 2 0 0 3 0 0 0 0 9 0 0 0 0 8 8 6 9 0 
0 0 0 0 12 0 0 0 0 4 0 0 0 15 1 0 0 0 5 7 0 0 0 8 0 7 0 0 9 0 12 13 1 0 0 12 4 0 0 5 
0 0 0 0 0 0 0 0 0 9 11 2 11 12 7 2 12 0 10 0 0 0 0 0 0 6 0 12 0 0 4 0 0 2 0 0 0 0 0 0 
0 0 0 12 0 0 0 0 3 13 0 0 0 9 1 12 7 12 0 5 4 13 5 0 0 0 0 0 4 0 15 1 0 0 11 0 0 11 0 0 
0 5 11 2 0 14 0 0 6 0 11 0 9 0 0 6 3 0 0 2 0 0 0 0 0 3 1 0 0 0 0 0 14 0 0 0 0 0 0 3 
2 0 0 11 13 13 7 0 0 0 0 1 0 0 10 11 0 0 0 12 0 0 0 6 4 11 0 0 0 14 1 0 6 10 0 8 2 0 0 0 
0 0 5 0 1 0 0 0 12 0 0 0 0 5 12 0 0 8 13 0 0 0 10 0 0 0 0 0 10 11 0 0 0 12 0 6 12 0 0 0 
5 6 0 0 7 0 0 0 14 4 14 10 0 0 7 0 0 0 13 7 12 6 4 0 0 0 0 11 2 3 7 0 0 12 0 0 0 0 2 0 
