40

0 0 0 0 1 0 0 1 1 0 0 1 0 0 0 1 1 0 0 0 0 0 0 0 0 0 0 0 1 0 0 0 0 0 0 1 0 0 1 0 
0 0 0 0 0 0 1 0 1 0 1 0 0 1 1 1 0 1 0 0 1 1 0 0 0 0 0 1 0 0 1 0 0 0 1 1 1 0 1 1 
0 0 0 0 1 1 0 1 0 0 1 0 1 0 1 0 0 0 1 0 0 0 0 0 0 0 1 1 0 1 0 0 1 1 0 0 0 1 1 0 
0 0 0 0 0 0 0 1 0 1 1 1 1 0 1 1 1 1 0 0 0 0 0 0 1 1 0 0 0 0 0 0 0 0 0 1 0 0 0 0 
1 0 1 0 0 0 0 1 1 0 1 1 1 0 1 1 0 1 0 0 0 1 0 0 1 0 1 1 1 1 0 0 0 1 0 1 1 0 0 1 
0 0 1 0 0 0 1 1 0 1 1 0 0 0 1 0 0 0 0 1 0 0 0 1 0 0 0 1 0 0 1 0 0 1 1 0 0 1 0 0 
0 1 0 0 0 1 0 0 1 0 0 1 1 1 1 1 0 1 1 0 0 0 1 0 0 1 1 0 0 1 0 0 1 1 1 0 0 0 0 0 
1 0 1 1 1 1 0 0 0 1 1 1 0 0 0 0 0 1 0 0 1 1 0 1 1 1 0 1 0 0 0 0 0 0 0 1 0 0 1 1 
1 1 0 0 1 0 1 0 0 1 0 0 1 1 0 1 1 0 1 0 0 0 1 0 0 0 0 0 1 1 0 0 0 0 0 1 0 0 0 0 
0 0 0 1 0 1 0 1 1 0 1 0 0 1 1 1 1 0 0 1 1 0 0 1 1 0 1 1 0 1 0 1 0 0 0 0 1 1 0 0 
0 1 1 1 1 1 0 1 0 1 0 0 0 0 1 0 0 0 1 0 1 0 0 1 0 0 1 0 0 0 0 0 0 0 1 0 0 1 1 1 
1 0 0 1 1 0 1 1 0 0 0 0 0 0 0 0 0 1 0 1 0 0 1 0 0 0 0 0 0 1 0 1 0 0 0 0 0 0 0 1 
0 0 1 1 1 0 1 0 1 0 0 0 0 0 1 0 0 0 1 1 0 1 0 1 1 0 0 0 1 1 1 1 0 0 1 1 0 1 1 1 
0 1 0 0 0 0 1 0 1 1 0 0 0 0 1 0 1 0 1 1 1 0 1 0 0 1 0 0 0 1 1 0 1 0 0 1 1 0 1 1 
0 1 1 1 1 1 1 0 0 1 1 0 1 1 0 0 0 0 1 0 0 1 1 0 1 0 1 0 1 1 0 0 0 0 1 0 0 0 0 0 
1 1 0 1 1 0 1 0 1 1 0 0 0 0 0 0 1 0 1 0 0 0 0 0 0 1 0 1 0 0 0 1 1 0 1 0 1 1 1 0 
1 0 0 1 0 0 0 0 1 1 0 0 0 1 0 1 0 0 0 1 0 0 1 1 0 1 1 1 1 0 0 0 1 0 1 1 0 0 0 0 
0 1 0 1 1 0 1 1 0 0 0 1 0 0 0 0 0 0 0 1 1 1 0 0 0 1 0 1 0 1 1 0 0 0 0 0 1 1 1 1 
0 0 1 0 0 0 1 0 1 0 1 0 1 1 1 1 0 0 0 0 0 0 1 0 0 0 1 1 0 0 0 0 0 0 1 1 0 0 1 0 
0 0 0 0 0 1 0 0 0 1 0 1 1 1 0 0 1 1 0 0 1 0 0 1 0 1 1 0 0 0 1 1 1 0 1 1 0 1 1 0 
0 1 0 0 0 0 0 1 0 1 1 0 0 1 0 0 0 1 0 1 0 0 0 0 0 1 0 0 0 0 1 0 0 0 1 0 0 0 1 1 
0 1 0 0 1 0 0 1 0 0 0 0 1 0 1 0 0 1 0 0 0 0 0 0 0 0 1 1 1 1 0 0 0 0 0 0 0 0 0 0 
0 0 0 0 0 0 1 0 1 0 0 1 0 1 1 0 1 0 1 0 0 0 0 0 0 1 0 1 1 0 1 0 1 1 0 0 0 0 1 0 
0 0 0 0 0 1 0 1 0 1 1 0 1 0 0 0 1 0 0 1 0 0 0 0 0 0 0 1 1 1 0 1 0 0 1 0 1 0 0 1 
0 0 0 1 1 0 0 1 0 1 0 0 1 0 1 0 0 0 0 0 0 0 0 0 0 1 0 1 0 1 1 1 1 1 1 1 0 0 1 1 
0 0 0 1 0 0 1 1 0 0 0 0 0 1 0 1 1 1 0 1 1 0 1 0 1 0 1 0 1 0 0 0 0 0 1 1 1 0 0 1 
0 0 1 0 1 0 1 0 0 1 1 0 0 0 1 0 1 0 1 1 0 1 0 0 0 1 0 0 1 0 0 0 0 0 0 0 1 1 0 0 
0 1 1 0 1 1 0 1 0 1 0 0 0 0 0 1 1 1 1 0 0 1 1 1 1 0 0 0 0 0 0 1 1 0 0 1 1 0 0 0 
1 0 0 0 1 0 0 0 1 0 0 0 1 0 1 0 1 0 0 0 0 1 1 1 0 1 1 0 0 0 0 0 0 0 1 1 0 1 1 1 
0 0 1 0 1 0 1 0 1 1 0 1 1 1 1 0 0 1 0 0 0 1 0 1 1 0 0 0 0 0 0 0 0 0 0 0 1 0 0 1 
0 1 0 0 0 1 0 0 0 0 0 0 1 1 0 0 0 1 0 1 1 0 1 0 1 0 0 0 0 0 0 0 1 1 0 1 1 0 1 1 
0 0 0 0 0 0 0 0 0 1 0 1 1 0 0 1 0 0 0 1 0 0 0 1 1 0 0 1 0 0 0 0 1 1 0 1 0 1 1 0 
0 0 1 0 0 0 1 0 0 0 0 0 0 1 0 1 1 0 0 1 0 0 1 0 1 0 0 1 0 0 1 1 0 0 0 0 0 0 1 0 
0 0 1 0 1 1 1 0 0 0 0 0 0 0 0 0 0 0 0 0 0 0 1 0 1 0 0 0 0 0 1 1 0 0 0 1 1 0 1 1 
0 1 0 0 0 1 1 0 0 0 1 0 1 0 1 1 1 0 1 1 1 0 0 1 1 1 0 0 1 0 0 0 0 0 0 0 1 0 0 0 
1 1 0 1 1 0 0 1 1 0 0 0 1 1 0 0 1 0 1 1 0 0 0 0 1 1 0 1 1 0 1 1 0 1 0 0 1 1 0 1 
0 1 0 0 1 0 0 0 0 1 0 0 0 1 0 1 0 1 0 0 0 0 0 1 0 1 1 1 0 1 1 0 0 1 1 1 0 0 1 0 
0 0 1 0 0 1 0 0 0 1 1 0 1 0 0 1 0 1 0 1 0 0 0 0 0 0 1 0 1 0 0 1 0 0 0 1 0 0 1 1 
1 1 1 0 0 0 0 1 0 0 1 0 1 1 0 1 0 1 1 1 1 0 1 0 1 0 0 0 1 0 1 1 1 1 0 0 1 1 0 0 
0 1 0 0 1 0 0 1 0 0 1 1 1 1 0 0 0 1 0 0 1 0 0 1 1 1 0 0 1 1 1 0 0 1 0 1 0 1 0 0 

0 0 4 0 8 11 6 0 3 0 0 0 13 1 0 0 14 3 5 0 0 7 1 10 4 0 0 0 2 0 0 6 0 0 0 9 5 0 6 2 
8 0 12 5 0 0 0 0 0 0 14 0 0 0 6 0 10 0 14 0 11 14 7 0 0 0 7 9 0 0 0 0 0 0 12 0 0 0 0 0 
5 0 0 13 0 0 0 11 0 6 0 0 0 8 10 0 0 13 0 0 8 0 9 0 2 0 9 12 0 15 0 11 0 1 8 9 14 0 0 0 
0 2 0 0 5 0 0 0 0 0 0 11 13 9 0 11 0 0 7 5 0 0 0 7 0 1 0 0 1 0 2 0 0 0 0 0 11 3 0 0 
0 0 5 0 0 13 0 0 0 7 11 0 0 0 0 0 9 5 0 0 0 14 3 1 0 5 0 0 0 7 0 0 1 6 0 0 7 0 5 0 
0 0 0 0 1 0 14 0 5 5 0 0 0 0 0 0 0 5 0 0 0 4 11 3 0 11 0 12 1 0 10 11 1 1 1 0 0 0 13 12 
0 0 0 6 0 0 0 0 7 0 0 0 0 0 13 9 0 9 0 7 1 15 6 2 0 0 7 8 0 5 0 1 7 0 0 13 11 0 2 0 
3 6 0 8 0 0 0 0 12 0 0 0 13 13 11 0 5 0 0 10 0 14 0 4 6 0 0 12 0 3 0 5 0 6 12 0 0 0 0 0 
8 0 0 0 2 12 10 15 0 0 0 0 15 0 0 0 0 8 0 3 2 13 0 12 1 0 0 11 0 4 0 12 0 0 1 0 0 0 0 0 
0 0 0 4 0 0 12 0 0 0 0 0 0 0 0 0 12 0 0 6 10 0 3 5 2 0 4 0 8 0 0 0 9 14 7 0 0 6 0 0 
0 8 3 0 4 11 0 0 8 0 0 1 0 1 0 8 14 7 12 0 0 5 0 0 8 0 0 0 11 12 11 0 0 10 0 0 0 0 1 0 
0 0 14 13 6 0 0 0 0 9 0 0 0 2 0 0 0 12 0 0 3 1 0 0 0 6 3 0 0 0 13 7 0 0 2 0 0 0 12 0 
0 2 0 14 0 0 0 7 8 0 1 13 0 9 0 6 14 0 0 0 0 0 8 0 0 0 0 0 2 2 5 0 8 0 0 3 0 0 0 5 
0 0 14 13 0 3 13 10 0 0 0 0 0 0 0 3 3 0 0 1 0 9 11 1 0 0 0 7 6 0 0 0 0 0 7 8 13 0 6 14 
10 0 5 0 0 8 12 0 0 0 0 0 0 0 0 12 0 0 0 1 0 13 0 2 0 0 0 0 3 4 0 6 1 2 0 13 0 12 0 0 
0 0 11 6 6 0 0 0 12 0 0 0 13 8 0 0 0 0 14 5 0 0 13 13 10 0 0 0 2 7 15 0 1 0 0 0 0 8 0 0 
0 4 0 6 0 0 2 2 0 0 7 0 10 0 0 0 0 0 0 4 0 0 0 0 4 0 0 0 15 0 2 0 0 11 0 0 12 0 0 0 
12 0 6 0 14 0 0 0 0 0 0 6 0 0 0 0 0 0 16 0 0 0 5 5 0 0 12 0 12 13 5 1 0 0 5 0 7 0 0 0 
0 0 0 10 0 0 0 0 14 0 11 2 0 5 0 4 0 1 0 1 0 0 0 1 12 12 8 0 0 0 0 12 0 10 4 12 11 12 0 14 
2 0 12 0 3 0 0 0 3 9 0 0 0 0 7 0 0 0 0 0 12 0 0 12 13 13 13 0 0 0 3 4 6 12 0 0 0 4 2 0 
0 9 0 0 5 0 8 0 0 0 0 14 4 0 1 0 0 10 6 0 0 0 7 0 0 0 2 0 6 0 0 6 0 0 0 0 0 5 5 13 
0 0 0 0 0 11 14 0 0 0 0 2 12 0 7 0 7 0 14 3 9 0 13 13 0 0 0 0 0 4 0 0 0 0 1 13 0 0 0 0 
8 1 0 0 0 0 2 0 0 5 0 0 0 0 0 0 0 0 6 0 0 0 0 14 13 13 6 0 10 2 11 0 9 0 0 0 8 0 1 3 
1 8 8 14 0 4 2 15 0 11 0 13 10 0 0 0 0 0 0 0 0 0 2 0 0 0 0 9 0 2 6 13 0 0 0 0 6 14 3 5 
0 0 9 0 0 0 0 0 0 8 5 0 0 0 0 0 0 0 0 11 13 0 3 6 0 0 1 0 0 0 0 5 0 3 0 0 4 11 10 0 
5 0 1 1 0 0 0 8 0 1 4 0 15 0 0 0 14 0 6 0 0 0 14 0 0 0 0 0 7 0 0 2 0 13 0 2 0 0 13 0 
3 8 0 0 0 0 3 0 8 0 13 13 0 0 0 0 15 13 0 0 9 0 0 10 0 0 0 4 8 0 0 0 0 0 0 0 0 0 1 0 
0 0 0 13 3 0 5 0 14 1 0 0 0 2 13 13 0 0 0 10 3 0 0 13 0 1 11 0 1 0 10 2 10 0 4 8 3 6 0 0 
5 0 3 2 0 0 4 13 0 8 0 2 2 3 0 0 0 13 0 1 14 7 0 9 0 0 0 0 0 10 0 8 0 9 1 12 0 0 7 0 
0 0 0 0 0 9 0 0 0 0 12 3 2 0 0 8 11 9 3 0 14 0 2 7 0 1 0 0 6 0 0 0 0 0 1 0 1 0 9 0 
0 3 0 0 0 0 0 5 0 4 0 0 3 5 0 0 12 0 9 0 9 0 0 8 0 0 0 7 0 0 0 0 0 0 0 0 0 0 7 0 
12 0 0 1 6 0 0 2 12 1 0 0 1 0 0 0 0 0 0 0 0 0 0 0 0 5 0 0 0 0 0 0 0 0 0 0 0 0 0 12 
6 0 10 5 13 0 1 0 0 0 12 0 3 0 0 0 3 0 0 13 10 0 12 0 1 0 10 0 12 0 10 0 0 0 0 4 0 0 0 7 
12 0 13 2 0 14 0 14 0 12 0 4 0 0 0 2 0 0 11 0 14 0 1 10 0 0 8 6 0 2 4 12 3 0 1 0 0 0 0 0 
13 8 3 0 0 0 13 0 0 6 0 0 9 11 0 0 0 9 7 0 0 10 4 0 3 0 0 6 0 0 13 0 2 3 0 5 0 0 0 0 
0 2 0 5 13 0 0 4 7 0 0 0 0 2 11 0 0 4 0 0 0 0 0 0 0 6 0 0 0 0 0 8 12 3 12 0 5 0 0 2 
0 0 0 0 8 0 0 0 5 12 7 0 1 0 0 8 0 12 0 0 0 1 0 0 0 0 4 9 9 0 13 0 0 0 0 0 0 0 0 0 
0 3 0 0 0 0 6 7 12 0 0 11 2 12 13 0 4 8 0 3 7 7 2 9 0 13 0 6 0 0 0 10 0 0 0 11 0 0 0 0 
5 0 0 2 0 0 8 11 0 11 1 0 10 1 13 0 0 12 13 12 3 3 0 0 0 0 0 0 3 0 0 12 0 0 0 0 0 1 0 0 
2 2 8 0 10 6 0 4 3 0 1 8 0 1 0 8 6 0 0 0 0 0 6 5 0 0 0 10 0 0 0 0 7 0 0 10 0 0 0 0 
