40

0 0 1 1 0 1 0 0 0 1 0 1 1 0 0 0 0 0 1 0 0 0 0 0 0 0 0 1 0 0 0 0 1 1 0 1 1 0 0 0 
0 0 0 1 0 0 0 0 1 0 0 0 0 0 0 1 1 0 0 0 0 0 1 1 1 1 0 0 1 0 0 1 0 1 1 0 0 1 0 0 
1 0 0 0 1 0 0 1 0 1 0 1 1 0 0 1 1 0 0 0 1 0 0 0 1 1 0 0 0 1 1 1 0 1 1 1 1 0 1 1 
1 1 0 0 0 1 1 0 1 0 1 0 0 0 1 1 0 1 0 1 1 1 0 1 1 0 1 0 1 0 0 1 1 0 1 0 1 1 1 1 
0 0 1 0 0 0 1 1 0 0 1 1 1 1 1 1 0 1 1 0 0 1 0 1 0 1 1 0 0 1 0 0 0 1 0 0 0 0 1 1 
1 0 0 1 0 0 1 1 1 1 1 1 1 1 1 1 1 1 1 1 0 0 0 0 0 0 1 1 1 1 1 1 0 0 0 1 1 0 0 1 
0 0 0 1 1 1 0 0 1 1 0 0 0 0 1 0 0 0 1 0 0 1 1 0 1 1 0 1 1 1 0 0 0 0 1 1 0 1 1 1 
0 0 1 0 1 1 0 0 1 1 1 0 0 0 1 0 0 0 1 0 0 1 1 0 1 0 1 1 1 0 0 1 0 1 1 1 1 1 1 0 
0 1 0 1 0 1 1 1 0 0 0 0 0 0 0 1 1 1 1 1 0 1 1 0 1 0 1 1 1 1 0 1 1 0 1 0 0 1 1 0 
1 0 1 0 0 1 1 1 0 0 0 1 0 0 1 0 1 0 1 0 1 1 1 1 0 1 1 1 0 0 0 0 0 1 1 0 1 0 0 0 
0 0 0 1 1 1 0 1 0 0 0 0 1 1 0 0 1 0 0 0 0 0 1 1 1 0 1 1 0 0 1 1 1 1 1 1 1 0 1 0 
1 0 1 0 1 1 0 0 0 1 0 0 0 0 0 0 1 1 0 0 0 1 1 1 0 0 0 1 1 1 1 1 0 1 1 1 0 1 1 1 
1 0 1 0 1 1 0 0 0 0 1 0 0 1 1 0 0 1 0 1 1 1 0 0 0 1 1 1 1 1 1 1 0 0 0 0 1 1 0 1 
0 0 0 0 1 1 0 0 0 0 1 0 1 0 1 0 0 0 1 1 1 1 1 1 1 1 0 0 0 1 0 1 0 0 1 1 0 0 1 0 
0 0 0 1 1 1 1 1 0 1 0 0 1 1 0 0 0 1 0 1 1 0 0 0 1 0 1 0 0 1 1 0 0 0 1 1 1 1 0 1 
0 1 1 1 1 1 0 0 1 0 0 0 0 0 0 0 0 0 0 1 0 0 0 0 1 1 1 1 1 0 0 1 1 0 1 1 0 0 0 1 
0 1 1 0 0 1 0 0 1 1 1 1 0 0 0 0 0 1 1 1 1 1 0 0 1 0 0 0 0 0 0 1 0 1 1 1 1 0 1 1 
0 0 0 1 1 1 0 0 1 0 0 1 1 0 1 0 1 0 0 0 0 1 0 1 0 1 0 1 1 0 1 0 0 0 0 0 0 1 0 1 
1 0 0 0 1 1 1 1 1 1 0 0 0 1 0 0 1 0 0 1 0 1 1 1 1 1 1 0 0 0 1 0 0 0 1 1 0 0 1 0 
0 0 0 1 0 1 0 0 1 0 0 0 1 1 1 1 1 0 1 0 1 1 1 0 0 1 0 0 1 1 1 1 0 1 1 0 1 1 1 1 
0 0 1 1 0 0 0 0 0 1 0 0 1 1 1 0 1 0 0 1 0 1 1 0 1 1 0 0 1 1 1 0 0 1 1 0 1 1 0 0 
0 0 0 1 1 0 1 1 1 1 0 1 1 1 0 0 1 1 1 1 1 0 0 0 1 1 0 1 0 1 1 0 1 1 0 0 1 0 1 0 
0 1 0 0 0 0 1 1 1 1 1 1 0 1 0 0 0 0 1 1 1 0 0 1 0 1 1 0 1 1 1 0 1 1 0 0 1 1 0 1 
0 1 0 1 1 0 0 0 0 1 1 1 0 1 0 0 0 1 1 0 0 0 1 0 1 1 0 0 0 1 1 0 0 0 0 0 1 1 0 0 
0 1 1 1 0 0 1 1 1 0 1 0 0 1 1 1 1 0 1 0 1 1 0 1 0 0 0 1 1 1 0 1 0 0 0 0 1 1 1 1 
0 1 1 0 1 0 1 0 0 1 0 0 1 1 0 1 0 1 1 1 1 1 1 1 0 0 0 0 0 0 0 0 1 1 1 1 0 1 1 1 
0 0 0 1 1 1 0 1 1 1 1 0 1 0 1 1 0 0 1 0 0 0 1 0 0 0 0 0 1 0 0 0 1 1 0 1 0 0 0 0 
1 0 0 0 0 1 1 1 1 1 1 1 1 0 0 1 0 1 0 0 0 1 0 0 1 0 0 0 1 0 0 1 1 0 1 1 0 0 0 1 
0 1 0 1 0 1 1 1 1 0 0 1 1 0 0 1 0 1 0 1 1 0 1 0 1 0 1 1 0 1 0 1 0 1 1 1 1 0 1 1 
0 0 1 0 1 1 1 0 1 0 0 1 1 1 1 0 0 0 0 1 1 1 1 1 1 0 0 0 1 0 1 0 0 1 0 0 1 1 1 1 
0 0 1 0 0 1 0 0 0 0 1 1 1 0 1 0 0 1 1 1 1 1 1 1 0 0 0 0 0 1 0 1 0 0 0 1 1 0 1 1 
0 1 1 1 0 1 0 1 1 0 1 1 1 1 0 1 1 0 0 1 0 0 0 0 1 0 0 1 1 0 1 0 0 1 0 0 1 0 1 1 
1 0 0 1 0 0 0 0 1 0 1 0 0 0 0 1 0 0 0 0 0 1 1 0 0 1 1 1 0 0 0 0 0 0 1 1 1 0 0 0 
1 1 1 0 1 0 0 1 0 1 1 1 0 0 0 0 1 0 0 1 1 1 1 0 0 1 1 0 1 1 0 1 0 0 1 1 0 1 0 1 
0 1 1 1 0 0 1 1 1 1 1 1 0 1 1 1 1 0 1 1 1 0 0 0 0 1 0 1 1 0 0 0 1 1 0 0 0 0 1 0 
1 0 1 0 0 1 1 1 0 0 1 1 0 1 1 1 1 0 1 0 0 0 0 0 0 1 1 1 1 0 1 0 1 1 0 0 0 0 0 1 
1 0 1 1 0 1 0 1 0 1 1 0 1 0 1 0 1 0 0 1 1 1 1 1 1 0 0 0 1 1 1 1 1 0 0 0 0 1 1 0 
0 1 0 1 0 0 1 1 1 0 0 1 1 0 1 0 0 1 0 1 1 0 1 1 1 1 0 0 0 1 0 0 0 1 0 0 1 0 1 0 
0 0 1 1 1 0 1 1 1 0 1 1 0 1 0 0 1 0 1 1 0 1 0 0 1 1 0 0 1 1 1 1 0 0 1 0 1 1 0 1 
0 0 1 1 1 1 1 0 0 0 0 1 1 0 1 1 1 1 0 1 0 0 1 0 1 1 0 1 1 1 1 1 0 1 0 1 0 0 1 0 

0 9 0 0 0 0 0 0 0 0 0 0 0 0 0 0 0 0 0 0 0 0 0 0 0 0 21 15 0 0 0 0 5 0 0 0 0 0 0 0 
10 0 0 0 0 0 0 0 0 0 0 11 0 0 0 0 3 0 0 0 0 0 0 0 7 16 0 0 0 0 10 0 0 16 16 0 0 0 0 0 
15 0 0 0 0 4 8 0 14 0 0 7 22 0 0 0 2 16 0 0 0 0 0 6 0 0 0 0 0 11 0 0 6 14 0 0 0 0 0 0 
0 0 0 0 0 0 0 4 4 0 0 0 18 0 0 0 7 0 0 0 0 0 0 0 0 4 0 0 5 0 0 0 0 0 1 10 0 0 0 0 
0 0 0 0 0 0 0 0 0 4 0 19 2 13 0 0 0 8 0 0 1 15 0 0 0 0 0 0 0 0 4 0 0 0 0 0 0 21 5 0 
0 0 0 0 0 0 0 0 7 16 0 0 0 0 0 0 12 0 0 0 12 0 0 0 0 0 3 0 0 0 0 0 0 0 0 0 0 0 0 13 
0 7 0 0 0 0 0 0 0 0 20 7 0 0 0 11 0 0 0 0 0 0 0 0 0 0 0 6 0 0 11 20 0 0 0 0 0 0 1 0 
0 8 0 0 0 14 0 0 0 0 0 0 0 0 0 0 0 0 0 0 1 0 0 5 13 0 6 0 0 0 0 5 17 0 0 14 0 0 0 0 
0 0 5 0 0 0 15 1 0 20 0 16 0 0 3 8 0 0 0 20 0 0 0 16 0 0 0 0 0 0 0 0 0 0 4 12 0 0 0 0 
6 0 0 0 6 0 0 0 0 0 7 0 7 11 0 0 0 20 0 0 0 0 0 9 0 0 0 0 0 0 0 15 0 0 0 0 0 0 0 0 
0 0 13 2 21 0 0 0 0 0 0 0 0 0 0 0 6 0 0 0 12 0 0 0 0 15 0 0 0 12 1 0 0 0 0 0 0 0 0 0 
0 15 0 0 0 0 1 0 0 0 0 0 0 0 0 0 0 0 0 0 19 0 2 0 14 0 0 0 2 0 0 0 0 0 1 0 0 0 0 0 
0 18 0 0 0 0 19 0 4 6 0 0 0 0 0 0 0 0 0 0 0 0 0 0 0 0 10 0 0 10 0 0 0 10 0 0 0 0 2 0 
0 20 0 0 0 0 15 0 0 15 1 2 0 0 0 0 0 0 16 0 18 1 5 0 0 0 0 4 0 0 0 0 17 0 0 0 0 19 0 0 
0 6 0 7 0 0 0 0 0 0 0 0 0 20 0 0 0 0 0 0 0 0 0 0 13 10 0 0 0 0 0 0 0 0 0 0 0 0 0 0 
19 0 0 0 0 0 0 8 20 0 0 0 0 1 0 0 0 0 0 0 0 0 0 0 19 10 0 20 0 0 0 16 0 0 10 0 0 0 5 0 
0 8 0 0 0 0 0 0 0 0 0 3 0 0 0 0 0 0 0 0 0 0 0 19 0 0 0 0 0 0 0 0 0 0 0 0 0 0 0 0 
0 0 0 0 0 0 0 0 0 0 0 0 0 0 0 0 0 0 0 0 0 0 10 0 0 0 0 0 0 0 0 0 0 0 0 3 5 2 0 0 
0 0 0 0 0 0 0 0 0 0 0 0 0 0 1 0 0 11 0 0 0 0 0 0 0 5 0 0 0 0 4 0 0 0 0 0 0 0 0 0 
0 0 0 3 4 3 0 17 0 0 0 0 0 0 0 8 0 13 0 0 0 0 0 18 0 0 0 0 2 0 4 19 0 0 0 0 0 0 0 0 
1 0 0 0 0 0 0 0 0 0 0 0 0 0 0 0 0 0 14 6 0 0 0 2 0 0 0 9 8 0 19 0 0 0 0 0 0 0 0 0 
16 0 0 0 0 0 0 0 0 5 0 0 0 0 0 0 0 0 0 0 0 0 0 0 0 0 2 0 1 0 0 0 1 8 0 17 0 0 0 4 
0 0 0 0 0 0 2 0 0 0 0 5 0 10 0 9 0 0 0 0 0 0 0 3 0 0 0 0 0 0 0 0 0 0 9 0 5 0 0 0 
14 0 0 0 0 0 0 0 0 0 6 0 0 0 2 0 0 3 11 0 15 0 0 0 4 0 0 8 0 0 0 16 4 0 0 0 0 0 0 0 
0 0 0 0 0 0 0 0 0 0 0 0 0 20 0 2 0 0 0 0 0 0 16 0 0 0 0 0 0 0 0 0 0 0 14 5 0 0 0 0 
0 0 20 2 0 0 0 0 4 0 0 0 0 0 0 19 0 0 14 0 0 0 0 0 0 0 0 12 0 0 0 7 5 0 0 1 0 0 0 0 
0 0 21 16 0 0 0 0 4 0 0 0 0 21 8 0 0 15 0 0 0 0 0 0 0 0 0 10 0 22 0 0 0 0 0 0 0 0 18 0 
0 0 0 0 0 0 0 0 0 0 1 1 0 0 19 0 0 0 13 0 7 0 0 14 0 3 0 0 0 0 13 0 0 15 0 0 0 0 0 0 
0 11 0 0 0 0 9 0 0 0 0 0 0 2 10 8 0 0 14 0 0 10 0 0 3 3 0 6 0 0 0 0 0 0 0 0 0 0 0 0 
0 0 0 19 0 0 5 0 0 16 0 0 0 0 0 0 0 0 0 14 0 0 0 0 0 0 5 0 0 0 0 0 0 10 0 0 0 0 0 0 
0 0 14 16 0 0 0 0 0 0 0 0 19 0 0 0 19 0 0 5 0 8 0 0 0 0 16 0 0 0 0 10 2 0 0 0 5 0 0 0 
0 18 0 0 0 0 0 0 0 0 0 0 0 17 19 17 2 0 5 0 0 0 0 0 0 5 0 0 0 0 0 0 0 0 0 0 0 0 0 0 
0 14 0 0 0 7 0 16 0 14 0 0 0 0 0 10 0 13 0 0 0 0 0 10 0 0 0 3 0 0 0 0 0 0 0 0 0 21 14 0 
20 0 0 0 4 0 0 0 0 0 0 15 20 0 0 21 10 0 0 0 0 0 8 0 0 0 0 0 0 0 0 0 0 0 0 17 2 0 0 15 
17 6 0 0 0 0 0 0 0 0 17 0 0 12 0 20 0 0 0 0 0 0 0 1 18 0 0 12 0 0 0 0 0 0 0 0 0 0 0 0 
0 0 0 0 0 0 0 8 0 19 0 0 0 0 0 0 0 0 0 0 0 0 0 0 0 2 0 0 0 4 0 14 0 0 0 0 0 0 8 0 
0 0 0 0 0 0 9 0 0 0 0 4 0 0 2 0 0 0 0 2 0 0 0 0 1 0 0 0 0 0 0 0 0 0 0 18 0 0 0 0 
8 0 0 0 0 0 0 0 0 0 0 0 11 11 0 0 0 0 0 0 0 7 0 0 11 2 16 0 0 0 0 0 0 20 0 0 0 0 0 0 
0 0 0 0 0 0 0 0 0 0 0 0 0 1 10 0 0 0 0 0 0 7 0 0 0 0 0 0 0 0 0 21 0 0 0 0 7 8 0 0 
0 0 0 0 0 19 0 0 0 0 0 0 19 0 14 0 0 0 0 4 0 0 0 0 0 0 0 0 0 0 0 0 0 0 0 0 0 0 0 0 
