40

0 0 1 1 1 1 1 1 1 0 1 1 1 1 0 1 1 0 0 1 0 0 0 1 1 0 1 1 1 1 1 1 1 1 1 0 1 1 1 1 
0 0 1 1 0 1 1 1 0 1 0 1 0 1 1 0 1 1 1 1 1 1 1 1 0 1 0 0 1 1 1 1 1 0 1 1 1 1 1 1 
1 1 0 1 1 0 1 1 1 0 1 1 0 1 1 1 0 1 0 1 0 1 0 0 1 1 0 1 1 1 0 1 0 1 1 1 1 0 0 1 
1 1 1 0 1 0 1 1 0 1 0 0 1 1 1 0 0 0 0 1 1 1 1 0 1 0 0 1 0 1 0 0 1 1 1 1 1 1 1 0 
1 0 1 1 0 1 1 1 0 1 1 1 1 1 1 1 0 1 1 1 1 1 1 1 0 1 1 1 0 1 1 0 1 1 1 1 1 1 1 1 
1 1 0 0 1 0 1 1 1 1 1 1 1 1 1 1 1 0 1 1 1 0 1 1 1 1 1 1 1 0 1 1 1 1 1 1 0 0 1 0 
1 1 1 1 1 1 0 0 1 1 1 0 1 1 0 1 1 0 0 1 1 0 1 1 1 1 0 1 0 1 1 0 1 1 1 1 1 0 0 1 
1 1 1 1 1 1 0 0 1 1 0 1 1 1 1 0 1 1 1 0 0 1 0 1 0 0 1 1 1 1 1 1 1 1 0 0 0 0 0 1 
1 0 1 0 0 1 1 1 0 1 1 0 0 1 1 1 1 1 1 0 1 1 1 0 1 1 0 0 1 1 1 0 1 1 0 1 0 1 1 0 
0 1 0 1 1 1 1 1 1 0 1 0 1 0 1 1 1 1 1 1 1 1 0 0 1 1 0 1 1 1 0 1 1 1 0 1 1 1 1 1 
1 0 1 0 1 1 1 0 1 1 0 1 1 0 1 1 1 1 1 0 1 0 1 1 1 1 1 1 0 1 1 0 1 0 1 1 1 1 0 1 
1 1 1 0 1 1 0 1 0 0 1 0 1 1 1 1 1 1 1 1 0 1 1 1 1 1 0 1 0 0 1 1 0 1 1 0 0 1 1 1 
1 0 0 1 1 1 1 1 0 1 1 1 0 1 1 1 0 1 0 1 1 1 0 0 1 1 1 1 1 1 1 1 1 1 1 1 1 1 1 1 
1 1 1 1 1 1 1 1 1 0 0 1 1 0 1 1 0 1 1 1 1 0 1 1 1 1 0 0 1 1 1 1 1 1 0 1 1 1 1 0 
0 1 1 1 1 1 0 1 1 1 1 1 1 1 0 0 0 0 1 0 0 1 1 1 0 1 0 0 1 1 1 1 1 0 1 0 1 0 1 1 
1 0 1 0 1 1 1 0 1 1 1 1 1 1 0 0 1 1 0 0 0 0 0 1 1 1 1 0 0 0 1 1 1 0 1 1 1 1 0 1 
1 1 0 0 0 1 1 1 1 1 1 1 0 0 0 1 0 1 0 1 1 1 1 1 1 1 0 1 1 1 1 1 0 0 1 1 1 1 1 1 
0 1 1 0 1 0 0 1 1 1 1 1 1 1 0 1 1 0 1 0 1 1 1 1 1 0 1 1 1 1 1 0 0 1 1 0 1 0 0 0 
0 1 0 0 1 1 0 1 1 1 1 1 0 1 1 0 0 1 0 1 1 1 1 0 1 1 1 0 0 1 1 0 0 1 0 1 1 1 1 0 
1 1 1 1 1 1 1 0 0 1 0 1 1 1 0 0 1 0 1 0 1 0 1 1 1 0 0 1 1 1 1 1 1 1 1 1 1 1 0 0 
0 1 0 1 1 1 1 0 1 1 1 0 1 1 0 0 1 1 1 1 0 1 1 1 1 0 1 1 1 0 1 1 1 1 0 1 0 0 1 1 
0 1 1 1 1 0 0 1 1 1 0 1 1 0 1 0 1 1 1 0 1 0 1 1 1 1 0 0 0 0 0 0 1 0 0 1 1 1 0 1 
0 1 0 1 1 1 1 0 1 0 1 1 0 1 1 0 1 1 1 1 1 1 0 1 1 1 1 1 1 1 0 1 1 0 1 1 1 1 1 1 
1 1 0 0 1 1 1 1 0 0 1 1 0 1 1 1 1 1 0 1 1 1 1 0 1 1 1 1 1 0 1 1 1 0 0 1 1 1 1 1 
1 0 1 1 0 1 1 0 1 1 1 1 1 1 0 1 1 1 1 1 1 1 1 1 0 1 0 1 1 1 1 1 1 1 1 1 0 1 1 1 
0 1 1 0 1 1 1 0 1 1 1 1 1 1 1 1 1 0 1 0 0 1 1 1 1 0 1 1 1 0 1 1 1 1 0 1 0 1 0 1 
1 0 0 0 1 1 0 1 0 0 1 0 1 0 0 1 0 1 1 0 1 0 1 1 0 1 0 0 0 0 1 0 1 1 1 1 0 1 1 1 
1 0 1 1 1 1 1 1 0 1 1 1 1 0 0 0 1 1 0 1 1 0 1 1 1 1 0 0 0 1 1 1 1 1 1 1 0 1 1 0 
1 1 1 0 0 1 0 1 1 1 0 0 1 1 1 0 1 1 0 1 1 0 1 1 1 1 0 0 0 0 1 0 0 1 0 1 1 1 1 1 
1 1 1 1 1 0 1 1 1 1 1 0 1 1 1 0 1 1 1 1 0 0 1 0 1 0 0 1 0 0 1 1 1 1 1 1 0 1 1 1 
1 1 0 0 1 1 1 1 1 0 1 1 1 1 1 1 1 1 1 1 1 0 0 1 1 1 1 1 1 1 0 1 1 0 1 1 1 0 0 1 
1 1 1 0 0 1 0 1 0 1 0 1 1 1 1 1 1 0 0 1 1 0 1 1 1 1 0 1 0 1 1 0 1 1 0 0 1 1 1 1 
1 1 0 1 1 1 1 1 1 1 1 0 1 1 1 1 0 0 0 1 1 1 1 1 1 1 1 1 0 1 1 1 0 1 1 1 1 1 1 0 
1 0 1 1 1 1 1 1 1 1 0 1 1 1 0 0 0 1 1 1 1 0 0 0 1 1 1 1 1 1 0 1 1 0 0 1 1 1 1 1 
1 1 1 1 1 1 1 0 0 0 1 1 1 0 1 1 1 1 0 1 0 0 1 0 1 0 1 1 0 1 1 0 1 0 0 0 1 1 1 1 
0 1 1 1 1 1 1 0 1 1 1 0 1 1 0 1 1 0 1 1 1 1 1 1 1 1 1 1 1 1 1 0 1 1 0 0 1 0 1 1 
1 1 1 1 1 0 1 0 0 1 1 0 1 1 1 1 1 1 1 1 0 1 1 1 0 0 0 0 1 0 1 1 1 1 1 1 0 0 1 1 
1 1 0 1 1 0 0 0 1 1 1 1 1 1 0 1 1 0 1 1 0 1 1 1 1 1 1 1 1 1 0 1 1 1 1 0 0 0 1 1 
1 1 0 1 1 1 0 0 1 1 0 1 1 1 1 0 1 0 1 0 1 0 1 1 1 0 1 1 1 1 0 1 1 1 1 1 1 1 0 0 
1 1 1 0 1 0 1 1 0 1 1 1 1 0 1 1 1 0 0 0 1 1 1 1 1 1 1 0 1 1 1 1 0 1 1 1 1 1 0 0 

0 0 8 0 0 0 0 0 0 0 0 15 0 0 0 0 0 0 0 0 8 0 0 16 0 13 0 0 0 0 0 0 0 0 0 0 0 9 0 0 
12 0 0 0 0 0 0 0 0 0 9 0 7 19 0 0 0 0 0 0 0 0 7 0 0 0 0 6 8 9 0 0 12 0 0 1 0 0 0 0 
0 0 0 0 0 0 0 0 0 0 0 0 0 15 0 0 0 0 0 0 0 0 8 0 0 0 11 0 0 0 4 5 0 0 18 0 0 0 0 0 
0 0 0 0 0 0 0 0 14 0 15 0 0 0 2 0 0 0 0 17 0 0 0 0 0 0 0 0 0 0 0 5 0 0 0 15 0 0 0 16 
4 0 0 11 0 0 0 0 6 14 0 0 2 0 0 10 0 5 6 0 0 2 0 0 0 18 0 0 0 0 7 0 0 18 0 0 12 0 0 0 
0 0 0 0 0 0 18 13 12 9 0 0 6 0 0 0 0 0 0 0 0 0 18 0 0 0 0 0 0 13 0 0 0 0 0 0 0 0 0 0 
0 0 7 0 0 11 0 7 14 0 0 0 0 0 0 0 0 9 0 17 0 0 3 0 0 0 0 0 11 0 0 0 0 0 0 0 11 9 0 0 
0 0 0 16 0 0 0 0 3 0 0 0 12 17 0 0 0 0 1 14 8 7 0 0 0 0 0 14 1 0 2 0 6 0 10 2 0 1 0 0 
0 0 0 0 0 0 0 0 0 1 0 0 0 9 0 0 0 0 19 0 0 0 9 0 0 0 14 0 0 0 11 0 0 0 0 13 0 0 0 0 
0 0 0 0 0 12 0 10 0 0 15 0 15 0 0 0 0 0 15 0 9 0 0 0 17 0 0 0 19 0 0 0 0 0 0 0 0 0 0 0 
0 6 0 0 0 0 0 0 0 0 0 0 18 0 0 12 0 0 0 0 0 0 0 0 1 9 0 0 0 9 0 0 0 0 0 0 0 0 0 0 
0 0 0 19 0 0 14 0 10 3 17 0 0 0 0 0 0 15 7 10 0 0 15 0 0 0 0 0 0 0 0 0 0 20 18 0 0 15 8 0 
0 0 10 0 0 0 14 0 0 0 0 0 0 0 0 0 0 0 0 0 0 0 0 0 0 0 0 0 0 0 0 13 0 0 0 3 0 0 0 2 
0 0 0 0 0 10 3 0 7 9 0 0 2 0 0 0 0 0 0 0 0 0 0 0 19 0 0 8 0 12 0 0 0 0 0 0 0 16 0 0 
0 0 0 0 0 0 16 0 0 0 0 0 0 0 0 15 0 0 0 0 0 0 0 0 0 0 3 0 17 0 0 9 6 0 0 5 10 0 0 0 
0 0 0 0 8 0 0 0 0 0 0 0 0 12 0 0 0 0 0 8 1 0 1 0 0 16 12 0 13 0 0 0 0 15 0 0 0 0 16 13 
0 10 0 0 0 0 0 0 0 0 0 0 0 0 0 0 0 0 11 0 1 15 14 0 0 7 0 0 0 0 0 0 0 0 0 0 0 0 11 0 
19 0 12 0 0 0 0 0 0 0 18 0 3 0 0 0 0 0 0 0 0 0 0 0 0 0 12 0 0 0 0 0 0 0 0 0 12 0 9 0 
5 1 14 0 0 0 0 12 0 0 0 0 0 19 0 0 15 2 0 0 3 0 2 3 0 0 4 0 0 0 0 0 0 0 0 0 0 0 0 0 
0 0 0 5 0 0 0 0 0 0 0 0 0 0 0 0 5 6 3 0 0 0 0 0 0 0 0 2 0 0 0 0 0 0 0 0 0 0 0 0 
0 0 7 0 0 0 0 0 0 9 0 0 0 0 2 0 9 0 0 0 0 0 0 0 0 17 0 0 0 0 0 0 0 0 0 0 0 0 0 0 
0 0 0 0 0 10 8 0 2 0 0 10 0 0 3 0 0 0 0 8 0 0 15 0 0 0 0 0 0 0 0 0 0 6 0 0 0 0 19 0 
14 0 0 0 0 18 0 0 0 0 0 0 0 0 0 1 0 0 0 0 0 0 0 0 0 17 0 0 0 0 0 0 20 0 0 0 0 0 0 0 
0 0 0 0 0 0 0 0 0 0 0 0 0 0 19 0 0 0 11 7 0 0 0 0 0 0 0 0 0 0 0 0 0 0 0 0 0 0 0 0 
0 0 0 0 9 1 0 12 0 0 0 0 0 0 0 0 0 0 0 0 0 0 0 0 0 0 0 13 14 0 0 0 11 0 0 0 18 17 0 11 
0 0 0 0 0 0 0 0 0 0 2 0 0 0 0 0 0 0 0 0 0 0 0 0 10 0 1 0 0 6 17 0 0 0 0 0 0 0 0 0 
0 0 0 0 0 0 0 0 0 0 0 0 20 0 0 14 0 0 0 0 9 0 0 0 0 0 0 0 0 0 19 0 0 0 0 0 0 0 19 0 
0 18 0 0 0 0 0 0 0 14 0 0 0 14 0 4 0 15 0 0 0 0 0 11 0 10 0 0 13 0 0 0 0 13 3 0 0 0 0 0 
0 0 0 0 1 4 0 0 0 0 0 0 0 0 0 0 0 0 0 0 0 0 0 17 0 0 0 0 0 0 18 0 0 13 0 0 0 0 0 0 
0 0 0 0 0 0 0 0 0 5 0 12 0 0 0 0 5 0 16 0 0 0 0 0 0 0 0 0 8 0 0 0 0 0 0 0 0 15 0 0 
0 0 0 10 0 0 10 0 0 20 0 0 2 0 0 0 0 0 0 0 0 10 12 0 0 0 0 0 0 0 0 0 0 0 0 11 0 0 2 0 
0 13 0 7 0 0 0 0 0 0 19 0 0 0 0 0 0 0 0 0 0 9 0 0 0 0 0 0 0 0 0 0 0 0 0 0 0 0 14 0 
0 8 0 0 0 0 0 0 0 16 14 0 0 0 5 0 0 0 9 0 0 0 0 0 0 0 0 0 0 12 1 21 0 0 0 0 0 0 0 0 
2 0 0 0 0 0 8 0 0 1 0 0 0 0 12 2 0 20 0 0 0 0 0 0 0 3 0 0 0 0 0 0 0 0 0 0 12 0 17 0 
13 17 0 0 0 0 0 0 0 5 0 0 0 0 0 0 0 0 0 0 0 7 0 0 0 15 0 0 0 0 0 0 0 0 0 0 4 0 0 0 
0 0 0 0 17 17 0 7 0 0 0 0 0 0 0 0 0 7 0 0 7 0 6 0 0 0 0 0 0 0 0 8 0 0 0 0 0 0 10 8 
0 0 0 0 0 0 0 0 0 0 0 7 0 0 0 6 3 0 0 9 5 0 0 0 0 0 0 1 18 12 0 0 0 0 0 5 0 0 0 0 
0 0 5 0 0 15 0 19 0 0 0 0 0 0 0 0 0 0 2 0 0 0 17 0 0 0 0 0 0 0 0 0 0 0 0 0 0 0 0 0 
11 0 0 0 0 0 0 0 0 17 10 0 0 0 9 0 0 0 0 0 0 0 0 0 0 0 0 0 0 13 0 0 0 18 0 0 0 0 0 0 
0 0 0 0 0 9 0 3 0 0 5 9 0 0 11 11 0 0 0 0 3 0 0 0 0 0 0 0 0 0 0 0 0 0 3 0 16 0 0 0 
