40

0 1 0 1 0 1 0 1 0 1 0 0 1 0 0 0 0 1 0 1 0 1 1 0 1 1 1 0 1 0 1 1 1 0 0 1 0 1 1 1 
1 0 1 1 1 0 1 0 1 1 0 1 0 1 0 1 1 0 0 1 1 1 1 1 1 1 1 1 1 0 1 0 0 0 1 0 1 0 0 1 
0 1 0 1 0 1 1 1 0 1 0 1 1 1 1 1 0 1 1 1 1 0 1 0 1 1 1 1 1 1 1 1 1 0 1 1 1 0 1 1 
1 1 1 0 1 1 1 1 1 1 0 1 0 1 0 1 1 0 1 1 1 1 1 1 0 0 0 0 0 1 1 0 1 0 1 1 0 0 1 1 
0 1 0 1 0 0 1 0 1 1 0 0 0 1 1 0 1 1 1 1 1 1 1 1 1 0 0 0 1 1 1 0 1 1 0 1 0 0 1 1 
1 0 1 1 0 0 1 0 1 1 1 0 1 0 1 1 0 0 0 1 1 0 1 0 1 1 1 0 1 1 1 1 1 1 1 1 0 1 0 0 
0 1 1 1 1 1 0 1 0 0 0 1 0 1 1 1 0 0 1 1 0 1 1 1 1 0 1 1 1 1 1 0 1 1 1 1 0 1 0 1 
1 0 1 1 0 0 1 0 1 1 1 1 1 0 0 1 1 1 0 1 0 1 1 1 0 0 0 0 0 0 0 0 1 1 1 1 1 1 1 1 
0 1 0 1 1 1 0 1 0 0 0 1 1 1 1 1 0 1 1 0 0 1 1 1 1 0 0 0 0 1 1 1 1 1 1 1 1 1 1 1 
1 1 1 1 1 1 0 1 0 0 0 0 1 0 0 0 1 1 1 0 1 1 1 1 0 1 1 1 0 0 0 1 1 0 1 1 0 1 1 0 
0 0 0 0 0 1 0 1 0 0 0 1 0 1 1 1 1 0 0 1 1 1 0 1 1 1 1 1 1 0 1 0 0 0 1 1 1 0 1 0 
0 1 1 1 0 0 1 1 1 0 1 0 0 0 1 1 0 0 0 0 1 1 0 1 0 1 0 0 1 0 1 1 1 0 1 1 0 1 1 1 
1 0 1 0 0 1 0 1 1 1 0 0 0 1 1 0 1 1 1 1 1 1 1 0 1 1 1 1 1 0 0 0 1 0 1 1 1 0 1 1 
0 1 1 1 1 0 1 0 1 0 1 0 1 0 1 0 0 1 0 0 1 1 1 0 1 1 1 1 1 1 1 0 1 1 1 1 1 0 0 1 
0 0 1 0 1 1 1 0 1 0 1 1 1 1 0 1 1 1 1 1 0 1 1 1 1 1 1 1 0 0 0 1 0 0 0 0 1 1 0 1 
0 1 1 1 0 1 1 1 1 0 1 1 0 0 1 0 0 1 1 1 1 1 0 1 1 1 0 1 0 1 0 1 0 1 1 1 1 1 1 1 
0 1 0 1 1 0 0 1 0 1 1 0 1 0 1 0 0 0 1 0 0 0 0 1 1 1 0 1 1 1 0 0 1 1 0 1 0 0 0 0 
1 0 1 0 1 0 0 1 1 1 0 0 1 1 1 1 0 0 1 1 0 0 1 1 1 0 1 1 0 0 1 0 1 0 0 0 1 1 1 1 
0 0 1 1 1 0 1 0 1 1 0 0 1 0 1 1 1 1 0 0 0 1 1 1 0 1 0 1 1 1 1 0 1 1 1 1 0 1 0 0 
1 1 1 1 1 1 1 1 0 0 1 0 1 0 1 1 0 1 0 0 1 1 0 0 1 1 0 0 1 1 1 0 1 1 0 0 0 1 1 0 
0 1 1 1 1 1 0 0 0 1 1 1 1 1 0 1 0 0 0 1 0 0 1 0 1 1 0 0 1 1 1 0 0 1 1 1 0 0 0 1 
1 1 0 1 1 0 1 1 1 1 1 1 1 1 1 1 0 0 1 1 0 0 1 0 1 1 0 1 0 1 1 0 1 0 1 1 0 1 1 1 
1 1 1 1 1 1 1 1 1 1 0 0 1 1 1 0 0 1 1 0 1 1 0 1 0 1 0 1 1 1 0 0 0 0 0 1 0 0 1 1 
0 1 0 1 1 0 1 1 1 1 1 1 0 0 1 1 1 1 1 0 0 0 1 0 1 0 1 0 0 1 1 1 0 1 1 0 1 1 0 0 
1 1 1 0 1 1 1 0 1 0 1 0 1 1 1 1 1 1 0 1 1 1 0 1 0 1 0 0 1 0 0 1 0 1 1 0 0 0 0 1 
1 1 1 0 0 1 0 0 0 1 1 1 1 1 1 1 1 0 1 1 1 1 1 0 1 0 1 1 0 0 0 0 1 1 1 0 1 1 1 1 
1 1 1 0 0 1 1 0 0 1 1 0 1 1 1 0 0 1 0 0 0 0 0 1 0 1 0 1 1 1 1 0 0 0 0 0 0 0 1 0 
0 1 1 0 0 0 1 0 0 1 1 0 1 1 1 1 1 1 1 0 0 1 1 0 0 1 1 0 1 1 0 0 0 0 1 0 0 1 1 1 
1 1 1 0 1 1 1 0 0 0 1 1 1 1 0 0 1 0 1 1 1 0 1 0 1 0 1 1 0 0 0 1 1 0 1 0 0 0 0 1 
0 0 1 1 1 1 1 0 1 0 0 0 0 1 0 1 1 0 1 1 1 1 1 1 0 0 1 1 0 0 1 1 0 1 1 1 0 0 0 0 
1 1 1 1 1 1 1 0 1 0 1 1 0 1 0 0 0 1 1 1 1 1 0 1 0 0 1 0 0 1 0 0 0 1 1 1 1 0 1 0 
1 0 1 0 0 1 0 0 1 1 0 1 0 0 1 1 0 0 0 0 0 0 0 1 1 0 0 0 1 1 0 0 1 1 0 0 0 0 1 1 
1 0 1 1 1 1 1 1 1 1 0 1 1 1 0 0 1 1 1 1 0 1 0 0 0 1 0 0 1 0 0 1 0 1 0 1 0 1 1 0 
0 0 0 0 1 1 1 1 1 0 0 0 0 1 0 1 1 0 1 1 1 0 0 1 1 1 0 0 0 1 1 1 1 0 0 0 1 0 1 0 
0 1 1 1 0 1 1 1 1 1 1 1 1 1 0 1 0 0 1 0 1 1 0 1 1 1 0 1 1 1 1 0 0 0 0 0 1 1 0 1 
1 0 1 1 1 1 1 1 1 1 1 1 1 1 0 1 1 0 1 0 1 1 1 0 0 0 0 0 0 1 1 0 1 0 0 0 0 0 0 1 
0 1 1 0 0 0 0 1 1 0 1 0 1 1 1 1 0 1 0 0 0 0 0 1 0 1 0 0 0 0 1 0 0 1 1 0 0 1 1 1 
1 0 0 0 0 1 1 1 1 1 0 1 0 0 1 1 0 1 1 1 0 1 0 1 0 1 0 1 0 0 0 0 1 0 1 0 1 0 1 0 
1 0 1 1 1 0 0 1 1 1 1 1 1 0 0 1 0 1 0 1 0 1 1 0 0 1 1 1 0 0 1 1 1 1 0 0 1 1 0 1 
1 1 1 1 1 0 1 1 1 0 0 1 1 1 1 1 0 1 0 0 1 1 1 0 1 1 0 1 1 0 0 1 0 0 1 1 1 0 1 0 

0 0 0 0 0 11 0 0 6 10 15 0 0 1 0 14 14 3 2 11 7 2 0 0 0 0 1 0 0 0 0 5 0 0 0 0 6 0 0 0 
1 0 12 0 2 0 0 0 11 3 10 0 13 15 2 0 0 2 1 1 10 11 6 0 6 0 9 0 0 4 6 1 0 0 0 0 7 8 8 0 
0 5 0 0 13 0 10 1 0 0 13 0 2 0 0 9 0 0 0 0 0 3 9 0 8 0 14 14 0 9 0 9 0 1 0 13 0 0 0 0 
10 14 5 0 0 6 9 0 9 10 0 0 0 0 0 0 15 0 0 12 13 0 0 12 0 1 13 2 4 0 0 0 10 11 0 14 0 0 0 0 
0 4 0 3 0 14 7 0 1 10 3 11 9 12 0 0 0 0 0 0 0 2 5 0 0 0 12 15 5 10 0 10 0 0 14 0 12 6 11 4 
7 0 0 0 2 0 0 0 0 13 0 2 11 0 0 1 0 2 2 0 0 0 0 0 0 0 0 0 6 2 0 0 0 0 0 6 0 5 13 1 
0 5 0 0 0 0 0 0 11 4 0 2 0 13 9 0 0 0 8 7 3 1 13 13 12 0 0 0 0 1 0 0 9 7 7 7 0 0 0 0 
4 13 2 0 0 2 0 0 0 0 1 9 0 0 14 0 0 4 0 3 1 14 0 13 0 0 0 12 12 1 13 0 0 0 10 5 0 0 4 0 
8 7 0 4 12 7 12 0 0 0 13 4 0 0 10 9 0 0 7 0 0 0 9 0 0 0 0 10 0 0 0 11 0 7 0 0 0 0 0 13 
8 0 0 0 3 4 12 4 3 0 2 0 0 0 0 0 0 0 0 0 0 2 0 0 0 6 16 0 0 0 0 6 8 0 0 5 1 0 0 0 
0 0 0 0 2 3 0 2 0 0 0 12 0 0 0 0 0 11 0 2 0 0 0 0 0 0 0 0 11 0 0 0 0 14 0 1 11 0 0 0 
0 15 14 0 7 0 13 14 3 0 0 0 4 14 0 8 7 5 0 0 0 3 11 0 10 0 5 6 0 0 15 0 11 0 0 0 9 3 0 1 
0 0 0 0 0 0 0 13 0 0 0 0 0 0 0 8 12 0 0 10 0 0 0 0 8 0 1 0 0 2 0 12 10 0 0 0 9 0 0 0 
0 0 14 0 7 13 0 8 12 6 8 9 0 0 0 8 0 0 0 10 9 13 0 0 15 0 11 4 0 3 12 11 0 10 13 0 0 14 9 0 
8 0 1 0 0 4 0 3 0 0 2 11 10 9 0 0 0 12 0 3 0 0 0 11 0 4 2 6 11 3 0 14 0 0 15 0 0 13 0 10 
0 0 11 1 0 7 3 0 0 5 1 4 5 0 6 0 13 0 0 0 0 4 7 0 9 1 0 2 0 11 0 8 0 10 0 0 6 0 0 11 
7 7 0 10 0 0 0 2 7 1 0 0 0 10 6 0 0 0 8 0 0 13 0 0 0 13 0 6 0 0 0 1 0 9 6 0 0 0 0 0 
0 0 0 0 12 0 13 11 0 0 0 0 0 0 0 8 6 0 3 1 5 6 0 12 12 0 0 9 10 0 0 0 0 0 0 0 8 0 0 9 
6 0 7 0 3 5 0 5 0 0 0 0 0 0 0 0 3 0 0 7 14 7 0 5 0 0 0 4 7 0 0 0 0 10 13 3 13 0 0 0 
0 0 0 0 0 0 1 0 8 15 0 0 0 0 0 0 0 8 0 0 0 0 6 0 0 0 7 0 0 13 0 0 0 0 0 12 0 0 11 0 
0 0 0 0 0 0 0 0 0 0 0 0 0 0 10 12 0 9 0 0 0 5 0 0 13 0 0 0 13 13 0 0 0 10 13 0 4 0 0 12 
0 4 0 3 0 0 8 10 0 0 11 0 0 0 0 2 0 0 0 15 2 0 3 0 0 2 1 0 0 0 6 0 8 0 8 0 14 0 0 0 
4 0 0 0 6 0 0 0 0 0 0 14 0 0 0 0 0 1 0 0 0 0 0 0 0 11 0 0 0 0 1 0 0 0 0 0 0 0 0 0 
8 12 10 0 0 0 5 10 2 0 10 0 0 9 0 6 6 0 0 0 0 14 12 0 0 0 0 1 10 0 0 0 4 2 0 0 0 0 11 0 
0 0 5 0 0 1 14 0 10 0 0 7 9 0 11 7 0 8 0 9 0 0 6 0 0 12 13 7 0 0 7 0 10 0 12 6 0 0 5 1 
1 0 0 0 0 0 0 0 11 0 0 11 0 0 0 14 0 0 5 14 1 0 0 0 0 0 0 0 0 1 11 0 0 3 7 9 0 0 0 4 
5 0 0 15 0 0 10 0 0 0 9 0 0 0 13 0 6 0 13 0 0 0 10 0 7 12 0 0 3 0 9 13 0 8 3 0 0 0 0 3 
1 0 0 15 3 0 0 0 1 0 0 13 0 9 0 0 0 4 9 13 3 0 0 7 0 0 2 0 9 0 0 0 7 0 0 2 0 0 0 0 
0 10 1 6 0 8 16 0 0 14 0 0 0 0 0 4 13 5 15 0 0 7 0 0 0 0 0 0 0 9 0 12 4 11 0 8 13 0 0 0 
2 0 2 2 0 0 2 8 0 0 0 0 11 0 0 0 0 0 7 0 0 6 0 0 0 12 0 0 0 0 0 0 0 5 7 0 0 0 5 0 
0 0 0 3 0 1 0 0 0 3 0 8 0 0 0 6 0 0 0 13 0 13 0 0 0 0 0 10 0 0 0 10 0 0 3 8 0 5 11 0 
8 0 0 3 3 10 0 0 0 0 13 14 6 0 4 0 0 0 0 9 2 0 13 0 7 12 3 0 3 0 0 0 0 0 0 0 0 12 0 0 
0 11 3 0 13 0 0 0 6 11 0 0 10 0 9 0 0 0 0 0 0 6 0 16 0 15 0 0 0 0 10 0 0 7 0 9 3 0 0 9 
0 0 4 9 6 0 0 13 8 15 0 0 0 0 0 0 3 0 6 5 0 0 0 2 6 12 0 8 4 3 11 10 0 0 0 0 0 0 0 1 
0 6 0 10 0 0 0 0 9 0 9 0 0 6 0 0 0 0 0 0 12 0 0 0 0 0 0 0 7 3 0 2 0 0 0 0 8 0 2 0 
1 0 4 0 0 0 0 0 0 0 0 15 0 0 0 1 0 2 0 0 0 0 0 4 11 0 3 0 0 10 6 0 0 0 0 0 0 0 0 0 
0 0 0 0 2 7 0 8 0 0 0 0 9 0 0 7 0 0 9 0 0 4 0 9 5 0 0 10 2 0 0 0 0 0 0 11 0 12 1 0 
13 0 0 0 0 13 0 0 3 0 15 14 0 0 9 3 0 1 0 2 0 11 0 2 7 0 1 0 0 0 15 0 2 0 0 1 0 0 0 3 
0 0 5 0 2 0 7 0 7 0 0 0 0 0 0 3 1 0 0 0 0 3 0 9 0 0 5 0 0 13 0 0 6 0 0 0 0 12 0 6 
0 4 4 0 0 0 2 11 0 1 11 16 4 0 0 13 13 0 0 0 0 7 0 0 3 0 0 13 0 0 0 0 0 0 8 0 7 0 11 0 
