40

0 0 0 0 0 0 0 1 1 0 0 0 0 0 1 0 0 0 0 1 0 0 0 0 0 0 0 0 1 0 0 0 0 0 0 0 0 0 1 0 
0 0 0 1 1 0 0 0 0 0 1 0 1 0 0 0 0 0 0 1 0 0 0 0 0 0 0 0 0 0 0 0 0 0 0 0 0 1 0 0 
0 0 0 1 0 0 0 0 1 1 0 0 1 1 0 0 0 0 0 1 0 0 1 0 0 1 0 0 1 0 1 0 0 0 0 1 0 1 0 1 
0 1 1 0 0 0 0 1 0 0 0 0 0 0 1 0 0 0 0 0 1 1 0 1 0 0 1 1 1 0 0 1 0 1 1 0 0 0 0 0 
0 1 0 0 0 0 0 0 0 0 0 0 0 1 0 0 1 1 0 0 0 0 0 0 0 0 0 0 0 0 0 0 0 0 0 1 0 0 0 0 
0 0 0 0 0 0 1 0 0 0 0 1 0 1 1 0 0 0 0 0 0 0 0 0 0 0 0 0 1 0 1 0 1 1 0 1 1 0 0 0 
0 0 0 0 0 1 0 0 0 0 1 1 0 1 0 0 0 0 0 0 1 0 0 0 0 0 1 0 0 0 0 0 0 0 0 1 0 0 0 1 
1 0 0 1 0 0 0 0 1 0 0 0 0 0 0 0 0 0 1 0 0 0 0 0 0 1 0 0 0 0 0 0 0 0 1 1 0 0 0 0 
1 0 1 0 0 0 0 1 0 0 0 0 0 0 0 0 0 0 0 1 0 1 0 0 0 0 0 0 0 1 0 0 0 0 0 0 0 0 0 0 
0 0 1 0 0 0 0 0 0 0 0 0 0 0 1 0 0 0 1 0 0 0 1 0 0 0 0 0 0 0 0 0 0 0 0 0 0 1 0 0 
0 1 0 0 0 0 1 0 0 0 0 1 0 0 0 0 0 1 0 0 0 1 1 0 0 0 0 0 0 0 0 0 0 0 0 0 1 0 0 0 
0 0 0 0 0 1 1 0 0 0 1 0 0 0 0 1 1 0 0 0 0 0 0 0 0 0 0 0 1 0 0 0 0 0 1 0 1 0 1 0 
0 1 1 0 0 0 0 0 0 0 0 0 0 1 0 0 0 0 0 1 0 0 1 1 0 0 0 0 1 0 0 0 1 0 0 0 0 0 1 0 
0 0 1 0 1 1 1 0 0 0 0 0 1 0 0 0 0 1 0 0 0 1 0 0 1 0 1 1 0 0 1 0 0 0 0 0 0 0 0 0 
1 0 0 1 0 1 0 0 0 1 0 0 0 0 0 1 0 0 0 0 0 0 0 0 0 0 0 0 0 1 0 0 0 0 0 0 1 0 0 0 
0 0 0 0 0 0 0 0 0 0 0 1 0 0 1 0 0 0 0 0 0 1 0 0 0 0 1 0 0 0 0 1 0 0 0 0 0 1 1 0 
0 0 0 0 1 0 0 0 0 0 0 1 0 0 0 0 0 0 0 1 0 1 1 0 0 0 1 1 0 0 0 0 0 1 1 0 0 0 0 1 
0 0 0 0 1 0 0 0 0 0 1 0 0 1 0 0 0 0 0 0 1 0 1 0 0 0 0 1 0 0 1 0 0 0 0 0 1 0 0 0 
0 0 0 0 0 0 0 1 0 1 0 0 0 0 0 0 0 0 0 0 1 0 0 0 0 0 0 0 0 0 1 0 0 0 0 0 0 1 0 0 
1 1 1 0 0 0 0 0 1 0 0 0 1 0 0 0 1 0 0 0 0 0 0 0 0 1 1 0 0 0 0 0 0 0 0 1 0 0 1 0 
0 0 0 1 0 0 1 0 0 0 0 0 0 0 0 0 0 1 1 0 0 0 0 0 0 0 0 0 1 0 0 0 0 0 1 0 0 1 0 0 
0 0 0 1 0 0 0 0 1 0 1 0 0 1 0 1 1 0 0 0 0 0 0 1 0 0 0 0 0 1 0 0 1 1 0 0 0 0 0 0 
0 0 1 0 0 0 0 0 0 1 1 0 1 0 0 0 1 1 0 0 0 0 0 1 0 0 1 0 1 0 0 1 1 0 1 0 0 0 0 0 
0 0 0 1 0 0 0 0 0 0 0 0 1 0 0 0 0 0 0 0 0 1 1 0 0 0 0 0 0 0 0 0 1 0 0 0 0 1 1 0 
0 0 0 0 0 0 0 0 0 0 0 0 0 1 0 0 0 0 0 0 0 0 0 0 0 0 0 0 0 0 0 1 0 0 0 0 0 0 0 0 
0 0 1 0 0 0 0 1 0 0 0 0 0 0 0 0 0 0 0 1 0 0 0 0 0 0 0 1 0 0 0 1 0 1 1 0 0 0 0 0 
0 0 0 1 0 0 1 0 0 0 0 0 0 1 0 1 1 0 0 1 0 0 1 0 0 0 0 0 0 1 0 0 0 0 1 0 0 0 0 0 
0 0 0 1 0 0 0 0 0 0 0 0 0 1 0 0 1 1 0 0 0 0 0 0 0 1 0 0 0 0 0 0 0 0 0 0 0 1 1 1 
1 0 1 1 0 1 0 0 0 0 0 1 1 0 0 0 0 0 0 0 1 0 1 0 0 0 0 0 0 0 0 1 0 0 1 1 0 0 0 0 
0 0 0 0 0 0 0 0 1 0 0 0 0 0 1 0 0 0 0 0 0 1 0 0 0 0 1 0 0 0 0 1 0 0 0 0 0 0 0 0 
0 0 1 0 0 1 0 0 0 0 0 0 0 1 0 0 0 1 1 0 0 0 0 0 0 0 0 0 0 0 0 0 0 0 0 0 0 1 0 0 
0 0 0 1 0 0 0 0 0 0 0 0 0 0 0 1 0 0 0 0 0 0 1 0 1 1 0 0 1 1 0 0 0 0 0 0 1 0 0 0 
0 0 0 0 0 1 0 0 0 0 0 0 1 0 0 0 0 0 0 0 0 1 1 1 0 0 0 0 0 0 0 0 0 1 0 0 0 0 0 0 
0 0 0 1 0 1 0 0 0 0 0 0 0 0 0 0 1 0 0 0 0 1 0 0 0 1 0 0 0 0 0 0 1 0 0 0 1 0 0 0 
0 0 0 1 0 0 0 1 0 0 0 1 0 0 0 0 1 0 0 0 1 0 1 0 0 1 1 0 1 0 0 0 0 0 0 0 0 1 0 0 
0 0 1 0 1 1 1 1 0 0 0 0 0 0 0 0 0 0 0 1 0 0 0 0 0 0 0 0 1 0 0 0 0 0 0 0 0 0 1 0 
0 0 0 0 0 1 0 0 0 0 1 1 0 0 1 0 0 1 0 0 0 0 0 0 0 0 0 0 0 0 0 1 0 1 0 0 0 1 0 0 
0 1 1 0 0 0 0 0 0 1 0 0 0 0 0 1 0 0 1 0 1 0 0 1 0 0 0 1 0 0 1 0 0 0 1 0 1 0 0 0 
1 0 0 0 0 0 0 0 0 0 0 1 1 0 0 1 0 0 0 1 0 0 0 1 0 0 0 1 0 0 0 0 0 0 0 1 0 0 0 0 
0 0 1 0 0 0 1 0 0 0 0 0 0 0 0 0 1 0 0 0 0 0 0 0 0 0 0 1 0 0 0 0 0 0 0 0 0 0 0 0 

0 0 0 0 0 0 7 15 0 0 5 10 0 0 0 0 0 14 0 0 5 11 6 0 3 0 16 8 0 0 0 12 15 11 0 0 0 0 0 0 
0 0 0 0 0 0 2 0 0 12 3 0 0 10 0 0 0 0 0 0 0 0 3 5 8 0 4 0 1 0 7 0 0 0 0 1 0 11 0 8 
6 0 0 15 2 0 0 0 0 8 10 0 0 0 0 1 0 16 0 0 0 0 0 0 10 0 3 0 0 12 0 0 14 5 0 12 0 11 14 8 
4 0 11 0 0 0 0 0 0 14 5 0 11 0 7 0 5 0 5 0 0 15 0 0 9 0 10 8 0 0 0 0 12 0 5 0 7 17 0 0 
0 0 0 0 0 0 5 9 14 10 9 0 3 2 0 15 9 2 10 14 0 0 0 13 1 11 0 11 8 10 0 0 12 11 2 0 0 0 10 6 
5 11 0 0 14 0 0 0 0 0 0 0 6 0 0 0 0 0 0 0 0 0 0 0 0 0 4 14 0 0 2 5 1 0 0 0 0 2 0 6 
0 0 8 3 6 7 0 0 0 0 2 2 2 8 8 0 11 0 0 0 11 0 0 7 0 15 0 0 0 0 0 7 2 0 14 0 14 0 4 0 
3 3 0 0 0 0 4 0 0 0 0 12 0 0 0 0 0 0 0 0 16 3 11 1 0 0 14 0 0 0 10 0 0 0 0 0 0 0 0 0 
0 1 7 13 0 0 0 0 0 2 0 3 0 0 0 0 0 0 13 2 0 0 0 2 5 15 0 0 0 0 0 0 0 10 3 1 11 0 1 15 
0 9 0 0 0 0 0 1 12 0 0 9 1 0 12 0 0 6 0 0 0 0 0 0 0 0 0 0 3 0 6 0 6 4 0 0 0 10 1 0 
0 5 0 0 0 5 11 0 0 1 0 10 0 10 0 0 0 0 10 0 11 0 0 0 5 0 7 8 4 0 0 8 8 0 5 15 0 0 15 0 
0 10 0 6 11 0 0 14 0 6 0 0 9 0 0 0 0 0 0 0 0 2 0 0 0 0 11 0 8 9 3 8 3 7 15 0 2 0 0 0 
16 0 0 0 1 0 0 0 0 0 16 0 0 1 0 6 0 0 0 0 4 0 0 0 0 2 9 0 0 15 13 9 0 11 2 0 2 0 0 2 
9 7 0 0 9 0 14 0 0 0 0 10 13 0 0 0 14 10 0 0 5 0 0 0 0 0 0 2 0 0 0 2 2 0 15 0 0 0 8 0 
0 2 5 0 0 5 0 0 1 0 0 4 0 0 0 0 0 0 0 14 0 1 0 3 2 0 0 7 0 0 0 0 0 0 0 0 0 1 2 1 
0 7 0 0 0 0 5 0 0 1 8 0 0 0 0 0 0 0 8 4 9 0 0 15 0 0 0 2 0 0 5 8 0 0 0 0 0 0 3 0 
0 0 0 0 14 0 0 0 0 5 0 0 0 0 0 0 0 0 4 0 0 0 0 0 0 14 0 0 10 0 0 0 0 0 0 2 0 5 2 0 
15 0 2 13 0 0 2 0 12 13 2 16 0 6 0 15 16 0 0 12 12 0 0 0 0 0 14 13 0 14 0 3 14 11 8 6 0 0 0 4 
7 0 0 0 0 0 0 0 5 3 15 10 1 11 0 0 0 3 0 0 0 7 0 1 0 13 2 0 0 0 12 0 3 13 0 0 0 9 0 5 
7 0 11 0 11 0 15 5 0 0 0 0 8 0 5 0 0 0 12 0 16 6 0 2 0 0 14 0 2 0 0 0 0 13 0 1 0 0 0 0 
0 10 1 0 15 0 5 0 10 1 0 7 0 0 0 0 0 0 0 0 0 3 0 0 0 0 0 8 0 11 10 0 0 4 1 2 3 0 0 7 
11 4 0 0 0 0 0 0 0 0 0 5 0 5 16 0 0 0 12 5 0 0 2 0 3 0 10 0 0 0 0 1 1 3 6 15 0 2 0 1 
11 0 4 4 11 0 0 8 0 0 0 10 5 8 0 0 0 3 16 0 5 0 0 0 0 0 0 0 0 0 0 3 0 10 0 0 3 15 0 1 
0 0 0 0 0 0 12 0 0 0 0 3 0 0 0 4 0 12 3 4 0 0 13 0 0 0 8 4 3 15 0 3 5 0 4 0 1 0 0 0 
9 3 0 0 0 0 0 2 0 11 0 0 14 0 1 0 0 5 6 8 9 7 0 1 0 1 7 12 0 0 0 5 0 0 1 9 9 0 0 0 
0 0 7 0 0 6 0 0 14 0 0 0 4 0 0 1 12 12 0 0 0 0 0 13 0 0 0 10 0 0 0 0 0 0 13 0 0 4 9 4 
14 0 0 2 0 0 0 0 0 0 0 0 0 11 13 0 16 9 0 3 3 10 13 0 0 0 0 0 5 0 5 10 0 0 4 0 0 0 13 16 
0 0 1 10 0 2 4 0 0 4 2 0 0 0 0 0 0 14 0 7 12 0 0 0 0 0 0 0 1 0 11 8 9 0 0 1 0 10 0 0 
8 0 12 14 16 0 0 0 0 0 13 0 0 0 0 10 8 0 0 0 0 0 0 0 0 11 4 11 0 13 0 0 0 6 0 0 8 1 1 15 
0 0 13 8 0 0 7 3 11 1 0 6 0 0 0 12 0 16 8 0 13 14 15 0 1 0 8 7 0 0 0 0 4 0 0 12 0 0 5 0 
1 0 11 0 0 0 0 1 0 0 14 0 4 0 0 0 15 0 0 0 0 0 11 1 12 0 11 4 0 0 0 0 4 0 12 15 0 4 15 0 
0 0 13 0 0 0 8 0 0 3 0 11 0 0 6 0 3 0 0 8 0 0 0 7 2 0 0 16 0 8 14 0 0 0 4 10 0 0 7 0 
0 0 6 2 0 8 0 0 0 0 15 0 0 0 0 0 0 2 0 5 0 6 0 0 10 0 0 15 15 0 0 0 0 0 0 8 3 16 0 0 
7 0 0 0 0 11 0 5 4 0 0 0 0 0 0 0 0 0 0 0 15 12 6 0 0 0 0 0 12 2 10 12 8 0 0 10 0 1 0 0 
5 0 0 0 0 0 15 10 15 0 0 4 0 0 0 12 3 14 0 0 3 0 0 10 3 0 0 0 0 1 0 0 15 0 0 5 0 0 0 14 
0 0 9 14 0 11 0 4 0 6 0 0 0 0 0 10 0 0 0 9 13 1 0 15 6 0 0 0 0 8 15 0 0 0 0 0 0 5 0 15 
0 0 7 0 0 12 2 0 12 7 0 0 0 4 0 2 0 0 0 9 2 0 0 0 0 0 1 0 3 0 0 15 0 0 6 13 0 0 0 0 
4 0 0 0 0 0 0 0 0 0 0 7 7 0 0 0 0 2 2 0 0 0 5 16 0 0 0 0 0 0 0 0 0 0 0 1 0 0 2 0 
12 0 0 0 0 2 0 13 0 14 0 10 1 6 3 0 5 0 0 4 0 0 5 0 10 0 2 7 0 0 7 0 3 0 14 4 0 0 0 0 
0 0 12 0 10 8 0 0 6 0 0 0 0 3 0 11 0 0 9 6 0 14 14 0 0 4 10 1 12 8 11 0 8 0 4 0 0 0 12 0 
