40

0 1 1 1 1 1 1 1 1 0 1 1 1 1 1 1 0 1 1 1 1 1 0 1 1 1 1 1 1 0 1 1 1 1 0 1 1 1 1 1 
1 0 0 1 1 1 1 1 1 1 1 1 1 1 1 1 1 1 0 1 1 1 1 1 1 1 1 1 1 1 1 1 1 1 1 0 0 1 0 1 
1 0 0 1 1 1 1 1 0 1 1 0 1 1 1 1 1 1 1 1 1 1 1 1 1 1 1 1 0 0 1 1 1 1 1 1 1 1 1 1 
1 1 1 0 1 1 1 1 1 1 1 1 1 1 1 1 1 1 1 1 1 1 1 1 1 1 0 1 1 1 1 1 0 1 1 1 1 0 0 1 
1 1 1 1 0 1 1 1 1 1 1 1 1 1 1 1 1 1 1 1 1 0 1 1 1 1 1 1 1 1 0 1 1 1 1 1 1 1 0 1 
1 1 1 1 1 0 1 1 1 1 1 1 1 1 1 1 1 1 1 1 1 1 1 1 1 1 1 1 1 1 1 1 1 1 1 1 1 1 1 1 
1 1 1 1 1 1 0 1 1 1 1 1 1 1 1 1 1 1 1 1 1 1 1 1 1 1 1 1 0 1 1 1 0 1 1 1 1 1 1 1 
1 1 1 1 1 1 1 0 1 1 1 1 1 1 0 1 0 1 1 1 1 1 1 0 1 1 1 1 1 1 1 1 1 1 1 1 1 1 1 1 
1 1 0 1 1 1 1 1 0 1 0 1 1 1 1 1 1 1 1 0 1 1 1 1 1 1 1 1 1 0 1 1 1 1 1 1 1 1 1 1 
0 1 1 1 1 1 1 1 1 0 1 1 0 1 0 1 1 1 1 1 1 1 1 0 1 1 1 1 1 1 1 1 1 1 1 1 0 1 1 1 
1 1 1 1 1 1 1 1 0 1 0 1 1 1 1 1 1 1 1 1 1 1 1 1 1 1 1 1 1 1 0 1 1 1 1 1 1 1 1 0 
1 1 0 1 1 1 1 1 1 1 1 0 0 1 1 1 1 1 1 1 1 1 1 1 0 1 1 1 1 1 0 0 1 1 1 1 1 1 1 1 
1 1 1 1 1 1 1 1 1 0 1 0 0 1 1 0 1 1 1 1 1 1 1 1 1 1 0 1 1 1 1 1 1 1 1 0 1 0 0 1 
1 1 1 1 1 1 1 1 1 1 1 1 1 0 1 1 1 1 0 1 1 1 0 1 1 1 1 1 1 1 1 1 1 1 1 1 1 1 1 1 
1 1 1 1 1 1 1 0 1 0 1 1 1 1 0 1 1 1 1 1 1 1 1 1 1 1 0 1 1 1 1 1 1 1 1 1 1 0 1 1 
1 1 1 1 1 1 1 1 1 1 1 1 0 1 1 0 1 1 1 1 1 1 1 1 1 1 1 1 1 1 0 0 1 1 1 1 1 1 0 1 
0 1 1 1 1 1 1 0 1 1 1 1 1 1 1 1 0 1 1 1 1 1 1 1 1 1 1 0 1 1 1 1 1 1 1 1 1 1 1 1 
1 1 1 1 1 1 1 1 1 1 1 1 1 1 1 1 1 0 1 0 1 1 0 1 0 1 1 1 1 1 1 1 0 1 1 1 1 1 1 1 
1 0 1 1 1 1 1 1 1 1 1 1 1 0 1 1 1 1 0 1 1 1 1 1 1 1 1 1 1 1 1 1 1 0 1 1 1 1 1 1 
1 1 1 1 1 1 1 1 0 1 1 1 1 1 1 1 1 0 1 0 1 1 1 1 0 1 1 1 1 1 1 1 1 1 1 1 1 1 1 1 
1 1 1 1 1 1 1 1 1 1 1 1 1 1 1 1 1 1 1 1 0 1 1 1 1 1 1 1 0 1 1 1 1 1 1 0 1 1 1 1 
1 1 1 1 0 1 1 1 1 1 1 1 1 1 1 1 1 1 1 1 1 0 1 1 1 1 0 1 1 1 1 0 0 1 1 1 1 1 1 0 
0 1 1 1 1 1 1 1 1 1 1 1 1 0 1 1 1 0 1 1 1 1 0 1 1 1 1 1 1 1 1 1 1 1 1 1 1 1 1 0 
1 1 1 1 1 1 1 0 1 0 1 1 1 1 1 1 1 1 1 1 1 1 1 0 1 1 1 1 1 1 1 1 1 1 1 0 1 1 1 1 
1 1 1 1 1 1 1 1 1 1 1 0 1 1 1 1 1 0 1 0 1 1 1 1 0 1 1 1 1 0 1 1 1 1 0 1 1 1 1 1 
1 1 1 1 1 1 1 1 1 1 1 1 1 1 1 1 1 1 1 1 1 1 1 1 1 0 1 1 1 1 1 1 1 1 1 0 0 1 1 1 
1 1 1 0 1 1 1 1 1 1 1 1 0 1 0 1 1 1 1 1 1 0 1 1 1 1 0 1 0 1 1 1 1 1 1 1 1 1 1 1 
1 1 1 1 1 1 1 1 1 1 1 1 1 1 1 1 0 1 1 1 1 1 1 1 1 1 1 0 1 1 1 1 1 1 1 1 1 1 1 1 
1 1 0 1 1 1 0 1 1 1 1 1 1 1 1 1 1 1 1 1 0 1 1 1 1 1 0 1 0 1 1 1 1 1 1 1 1 1 1 1 
0 1 0 1 1 1 1 1 0 1 1 1 1 1 1 1 1 1 1 1 1 1 1 1 0 1 1 1 1 0 1 1 1 1 1 1 1 1 1 1 
1 1 1 1 0 1 1 1 1 1 0 0 1 1 1 0 1 1 1 1 1 1 1 1 1 1 1 1 1 1 0 1 0 1 1 1 1 1 1 1 
1 1 1 1 1 1 1 1 1 1 1 0 1 1 1 0 1 1 1 1 1 0 1 1 1 1 1 1 1 1 1 0 1 1 1 1 1 1 1 1 
1 1 1 0 1 1 0 1 1 1 1 1 1 1 1 1 1 0 1 1 1 0 1 1 1 1 1 1 1 1 0 1 0 0 1 1 1 1 1 1 
1 1 1 1 1 1 1 1 1 1 1 1 1 1 1 1 1 1 0 1 1 1 1 1 1 1 1 1 1 1 1 1 0 0 1 1 1 1 1 1 
0 1 1 1 1 1 1 1 1 1 1 1 1 1 1 1 1 1 1 1 1 1 1 1 0 1 1 1 1 1 1 1 1 1 0 1 1 0 1 1 
1 0 1 1 1 1 1 1 1 1 1 1 0 1 1 1 1 1 1 1 0 1 1 0 1 0 1 1 1 1 1 1 1 1 1 0 1 1 1 1 
1 0 1 1 1 1 1 1 1 0 1 1 1 1 1 1 1 1 1 1 1 1 1 1 1 0 1 1 1 1 1 1 1 1 1 1 0 0 1 1 
1 1 1 0 1 1 1 1 1 1 1 1 0 1 0 1 1 1 1 1 1 1 1 1 1 1 1 1 1 1 1 1 1 1 0 1 0 0 1 1 
1 0 1 0 0 1 1 1 1 1 1 1 0 1 1 0 1 1 1 1 1 1 1 1 1 1 1 1 1 1 1 1 1 1 1 1 1 1 0 1 
1 1 1 1 1 1 1 1 1 1 0 1 1 1 1 1 1 1 1 1 1 0 0 1 1 1 1 1 1 1 1 1 1 1 1 1 1 1 1 0 

0 0 4 0 0 12 5 3 4 10 8 4 0 0 2 0 8 0 6 0 0 0 0 0 4 3 0 6 0 2 0 0 2 12 9 0 0 3 0 4 
11 0 8 0 0 0 0 13 8 8 0 0 0 0 9 0 14 13 7 14 0 6 0 0 4 0 9 11 0 0 0 0 14 0 10 0 8 5 0 0 
2 0 0 0 0 9 4 0 5 0 0 8 0 14 0 11 0 4 5 0 0 0 0 0 10 0 0 6 0 13 0 0 0 0 0 10 0 0 10 0 
6 13 8 0 0 0 14 0 0 0 0 0 0 4 11 0 0 0 0 0 0 0 3 0 0 0 11 0 0 10 1 0 12 7 0 0 7 6 0 0 
14 8 6 5 0 3 12 0 2 0 0 1 0 0 14 4 6 13 7 1 2 0 12 0 0 0 9 5 0 0 6 12 12 2 0 9 0 4 11 0 
0 0 0 0 0 0 0 3 8 1 0 10 0 1 14 7 0 12 0 6 0 0 0 1 1 0 0 4 0 0 0 0 2 0 0 15 0 0 13 0 
0 0 0 3 0 0 0 5 0 10 0 11 0 0 11 0 8 0 0 0 0 0 7 0 0 4 0 8 0 0 0 0 4 5 11 2 0 0 0 0 
0 0 12 0 0 0 0 0 0 0 0 0 0 0 0 0 10 6 1 0 0 12 0 0 0 8 0 14 7 0 7 0 0 0 2 0 3 0 0 0 
0 0 0 8 0 0 7 11 0 11 9 0 4 0 0 1 8 0 0 0 0 8 4 0 0 0 0 12 0 0 14 0 6 4 0 13 0 0 5 0 
0 0 10 0 0 14 0 0 0 0 5 11 0 0 3 5 11 0 10 11 0 0 3 0 3 0 0 0 13 13 0 0 0 14 0 11 7 0 0 0 
0 0 3 12 6 0 0 0 0 0 0 0 0 0 6 12 0 0 0 0 0 0 11 0 0 14 0 0 0 0 12 0 0 0 0 0 16 13 0 11 
10 0 11 8 11 0 10 0 4 0 0 0 0 4 0 0 14 4 0 12 11 0 0 12 0 0 7 2 0 0 7 5 0 8 0 0 0 11 3 0 
0 11 0 0 0 0 14 13 0 0 0 10 0 0 13 0 12 0 14 6 0 3 0 2 0 0 3 0 12 0 0 0 0 0 13 0 5 0 14 0 
0 0 0 0 0 15 11 13 0 0 0 10 8 0 0 13 0 1 0 7 13 0 0 2 0 5 9 0 0 10 14 0 1 5 0 0 14 0 0 5 
0 14 0 11 6 0 0 0 0 0 7 8 0 10 0 0 1 2 0 0 0 0 13 0 0 1 10 6 0 6 14 9 7 0 0 0 11 10 0 3 
0 0 0 13 10 3 7 8 7 0 0 9 14 6 0 0 6 0 0 1 9 0 5 3 0 0 0 13 3 0 0 0 16 0 0 3 11 0 6 13 
0 0 0 0 9 5 5 8 0 0 14 12 12 2 0 0 0 0 0 12 0 0 5 0 0 0 7 13 0 3 0 0 9 4 0 0 0 0 0 3 
1 3 0 0 0 6 0 0 1 0 0 12 14 0 0 15 8 0 0 0 0 0 0 0 0 4 0 0 0 11 0 9 0 0 0 0 1 0 0 0 
6 0 0 0 0 5 0 0 9 0 0 0 8 0 7 8 0 0 0 0 0 0 0 4 1 0 0 2 0 0 0 13 8 0 7 12 0 3 16 1 
12 0 7 0 0 0 0 11 6 11 9 0 0 0 0 0 0 0 0 0 9 3 7 14 0 0 0 0 11 0 12 5 2 0 1 0 1 14 0 0 
0 0 0 0 0 0 14 0 14 0 11 2 0 0 0 0 0 0 0 2 0 0 0 0 0 13 10 0 13 10 0 2 1 0 2 0 12 8 0 0 
0 0 0 2 0 1 0 0 0 0 8 0 0 0 0 8 13 0 0 0 0 0 0 9 10 5 2 0 0 0 11 0 0 0 6 7 0 0 0 0 
0 0 13 0 10 7 0 4 3 14 12 0 0 0 8 0 4 0 0 0 6 0 0 0 0 0 1 0 0 9 0 3 0 0 9 0 0 0 0 12 
0 0 0 0 0 0 0 0 0 4 4 0 0 2 4 0 5 0 15 9 14 7 14 0 1 0 0 0 0 1 0 0 0 8 0 0 3 14 0 9 
0 0 12 0 0 0 0 7 4 3 0 0 0 0 0 8 0 0 0 0 0 7 0 2 0 0 0 0 10 7 0 0 0 0 14 5 0 8 0 0 
0 6 0 11 0 1 0 0 3 0 0 12 0 12 0 0 0 0 0 5 5 0 5 0 13 0 0 0 0 14 0 0 0 0 0 0 0 0 0 1 
0 0 0 6 0 0 0 0 8 9 0 2 0 0 15 0 0 14 0 0 0 0 0 0 0 3 0 13 0 0 0 0 0 6 13 13 0 13 0 0 
3 1 0 0 11 2 0 14 0 15 3 0 1 0 0 0 0 0 4 0 6 0 0 0 0 0 3 0 0 5 10 0 0 0 3 0 11 13 0 0 
0 0 6 0 0 0 0 3 0 0 0 13 4 0 0 0 0 3 0 0 0 0 0 0 9 0 12 15 0 2 0 6 0 0 0 8 3 11 8 0 
0 16 0 0 7 0 0 14 0 5 0 0 14 8 0 9 0 15 13 0 8 11 0 0 0 0 0 6 0 0 0 0 3 4 0 0 0 8 0 0 
0 11 0 10 0 0 0 2 0 16 0 0 0 10 9 12 7 5 0 1 0 0 13 0 0 0 0 1 12 0 0 3 0 0 5 0 0 0 0 15 
12 11 0 0 0 0 0 0 13 10 0 0 0 0 0 0 0 0 0 0 9 5 8 0 0 0 0 0 9 10 10 0 0 0 0 2 0 0 0 0 
0 0 1 0 0 1 0 9 0 0 0 0 0 0 0 0 0 0 9 12 0 5 3 12 0 12 0 0 0 4 0 0 0 0 0 4 0 0 0 0 
0 0 0 0 7 12 0 0 12 0 10 4 9 1 0 0 0 0 0 0 0 0 0 0 0 0 0 0 0 4 7 0 14 0 0 0 10 0 0 0 
2 0 0 0 1 0 0 0 0 0 12 0 0 0 0 0 14 6 0 0 0 0 0 3 0 0 0 7 0 0 1 1 4 0 0 0 1 0 13 11 
0 14 0 0 0 2 0 7 0 5 0 7 0 0 0 0 0 0 0 2 0 8 0 0 1 3 12 0 0 0 0 0 8 0 4 0 0 0 0 0 
0 0 13 12 1 14 9 0 3 0 0 0 4 0 1 0 0 0 0 0 11 8 0 3 0 2 0 0 7 1 0 13 0 1 0 0 0 0 0 0 
5 0 11 0 0 0 0 2 0 2 0 0 0 0 0 11 11 14 0 0 0 0 0 0 0 3 14 0 0 0 3 9 0 9 7 14 9 0 0 14 
9 6 0 0 15 0 0 3 0 0 0 0 0 9 2 1 0 4 12 8 0 0 0 4 1 14 14 12 0 0 0 12 4 0 1 3 0 0 0 0 
14 0 0 9 0 0 0 0 8 0 0 0 10 6 0 0 0 0 0 0 5 1 0 0 0 14 0 9 1 7 0 0 10 0 3 14 13 11 0 0 
