40

0 0 0 0 1 0 0 0 0 0 0 0 0 0 1 0 0 0 0 1 0 1 0 1 0 0 0 0 0 0 0 0 0 0 0 1 0 0 0 1 
0 0 1 1 0 0 0 0 0 0 0 0 0 0 0 1 1 0 0 1 1 0 1 1 0 0 0 0 0 0 0 0 1 0 0 0 0 1 0 1 
0 1 0 0 0 0 0 0 1 0 0 0 0 0 0 0 0 0 0 0 0 0 0 1 0 0 0 0 0 0 0 0 0 1 0 0 0 0 0 0 
0 1 0 0 0 1 0 0 0 0 0 0 0 0 1 0 0 0 0 0 0 0 0 0 0 1 0 0 0 0 0 1 1 0 0 1 0 0 0 0 
1 0 0 0 0 1 1 1 0 0 0 1 0 0 0 0 0 1 0 0 0 0 0 0 0 1 0 0 0 0 0 1 1 0 1 1 0 0 0 1 
0 0 0 1 1 0 0 0 0 0 0 0 0 1 0 1 0 0 0 0 0 0 1 1 0 0 0 0 0 0 0 0 1 1 0 0 0 1 0 1 
0 0 0 0 1 0 0 0 0 0 0 0 0 0 0 1 0 0 0 0 0 0 0 0 1 0 0 0 0 0 0 0 0 0 0 0 0 0 0 0 
0 0 0 0 1 0 0 0 0 0 0 0 0 0 0 0 0 1 0 0 0 0 0 0 0 0 0 1 1 0 1 0 1 0 0 0 1 1 0 0 
0 0 1 0 0 0 0 0 0 0 0 0 0 0 0 0 0 0 0 0 0 1 0 0 0 0 1 0 0 1 1 0 0 0 1 1 0 1 0 0 
0 0 0 0 0 0 0 0 0 0 0 0 0 1 0 0 0 1 1 0 0 0 0 1 0 0 1 0 0 0 0 0 0 0 0 0 0 0 0 0 
0 0 0 0 0 0 0 0 0 0 0 0 1 0 0 0 0 0 0 0 0 0 1 0 0 0 0 1 1 1 0 0 0 0 0 0 1 1 1 0 
0 0 0 0 1 0 0 0 0 0 0 0 0 1 0 0 1 1 0 0 0 0 0 0 0 0 0 1 0 0 0 1 0 0 0 0 1 0 0 0 
0 0 0 0 0 0 0 0 0 0 1 0 0 0 0 0 0 0 0 0 0 0 0 0 0 0 0 0 1 0 0 0 0 0 0 0 0 0 1 0 
0 0 0 0 0 1 0 0 0 1 0 1 0 0 0 0 0 0 0 0 0 0 0 0 0 0 0 0 0 0 0 1 0 1 0 1 1 0 0 0 
1 0 0 1 0 0 0 0 0 0 0 0 0 0 0 0 0 0 1 1 1 0 0 0 0 1 0 0 0 0 1 0 0 0 0 0 0 0 0 0 
0 1 0 0 0 1 1 0 0 0 0 0 0 0 0 0 1 0 0 0 0 0 0 1 0 0 1 0 0 0 0 0 0 0 0 0 0 0 0 1 
0 1 0 0 0 0 0 0 0 0 0 1 0 0 0 1 0 0 0 0 0 0 0 0 0 0 0 0 0 0 1 1 0 0 0 0 0 1 0 0 
0 0 0 0 1 0 0 1 0 1 0 1 0 0 0 0 0 0 0 0 0 0 0 0 0 0 0 0 0 0 1 0 0 0 0 0 0 0 0 0 
0 0 0 0 0 0 0 0 0 1 0 0 0 0 1 0 0 0 0 0 0 0 0 0 0 1 0 0 0 0 0 0 0 0 1 1 0 0 0 1 
1 1 0 0 0 0 0 0 0 0 0 0 0 0 1 0 0 0 0 0 1 0 1 0 0 0 0 0 0 1 0 0 0 0 0 1 0 0 0 0 
0 1 0 0 0 0 0 0 0 0 0 0 0 0 1 0 0 0 0 1 0 1 0 0 0 0 0 0 0 0 1 1 0 0 0 0 0 0 0 0 
1 0 0 0 0 0 0 0 1 0 0 0 0 0 0 0 0 0 0 0 1 0 0 0 0 0 0 1 0 0 1 0 0 0 0 0 0 0 1 1 
0 1 0 0 0 1 0 0 0 0 1 0 0 0 0 0 0 0 0 1 0 0 0 0 1 0 0 0 0 0 1 0 0 0 0 0 1 1 0 0 
1 1 1 0 0 1 0 0 0 1 0 0 0 0 0 1 0 0 0 0 0 0 0 0 0 0 0 0 1 0 0 0 0 0 0 1 0 0 0 0 
0 0 0 0 0 0 1 0 0 0 0 0 0 0 0 0 0 0 0 0 0 0 1 0 0 0 0 0 1 0 0 1 0 0 0 0 0 0 0 0 
0 0 0 1 1 0 0 0 0 0 0 0 0 0 1 0 0 0 1 0 0 0 0 0 0 0 0 0 1 0 0 0 1 0 0 0 0 0 0 0 
0 0 0 0 0 0 0 0 1 1 0 0 0 0 0 1 0 0 0 0 0 0 0 0 0 0 0 0 0 1 0 0 0 1 0 0 0 0 0 0 
0 0 0 0 0 0 0 1 0 0 1 1 0 0 0 0 0 0 0 0 0 1 0 0 0 0 0 0 0 0 0 0 0 0 0 0 0 0 0 0 
0 0 0 0 0 0 0 1 0 0 1 0 1 0 0 0 0 0 0 0 0 0 0 1 1 1 0 0 0 0 0 0 1 0 0 0 0 0 0 0 
0 0 0 0 0 0 0 0 1 0 1 0 0 0 0 0 0 0 0 1 0 0 0 0 0 0 1 0 0 0 0 0 0 0 0 0 0 0 0 1 
0 0 0 0 0 0 0 1 1 0 0 0 0 0 1 0 1 1 0 0 1 1 1 0 0 0 0 0 0 0 0 0 0 0 0 0 0 0 0 0 
0 0 0 1 1 0 0 0 0 0 0 1 0 1 0 0 1 0 0 0 1 0 0 0 1 0 0 0 0 0 0 0 0 0 0 0 0 1 0 0 
0 1 0 1 1 1 0 1 0 0 0 0 0 0 0 0 0 0 0 0 0 0 0 0 0 1 0 0 1 0 0 0 0 1 0 0 0 0 0 0 
0 0 1 0 0 1 0 0 0 0 0 0 0 1 0 0 0 0 0 0 0 0 0 0 0 0 1 0 0 0 0 0 1 0 1 0 0 1 0 0 
0 0 0 0 1 0 0 0 1 0 0 0 0 0 0 0 0 0 1 0 0 0 0 0 0 0 0 0 0 0 0 0 0 1 0 1 0 0 0 0 
1 0 0 1 1 0 0 0 1 0 0 0 0 1 0 0 0 0 1 1 0 0 0 1 0 0 0 0 0 0 0 0 0 0 1 0 0 0 0 0 
0 0 0 0 0 0 0 1 0 0 1 1 0 1 0 0 0 0 0 0 0 0 1 0 0 0 0 0 0 0 0 0 0 0 0 0 0 1 1 0 
0 1 0 0 0 1 0 1 1 0 1 0 0 0 0 0 1 0 0 0 0 0 1 0 0 0 0 0 0 0 0 1 0 1 0 0 1 0 0 0 
0 0 0 0 0 0 0 0 0 0 1 0 1 0 0 0 0 0 0 0 0 1 0 0 0 0 0 0 0 0 0 0 0 0 0 0 1 0 0 1 
1 1 0 0 1 1 0 0 0 0 0 0 0 0 0 1 0 0 1 0 0 1 0 0 0 0 0 0 0 1 0 0 0 0 0 0 0 0 1 0 

0 22 0 22 0 0 10 0 0 0 2 0 0 0 0 0 0 0 0 0 0 0 0 0 0 0 0 0 0 0 3 0 0 0 0 0 0 0 0 0 
0 0 27 0 0 0 23 0 0 0 0 0 28 0 0 22 0 2 22 0 0 26 0 27 0 0 0 0 0 21 0 0 0 0 0 0 0 0 0 12 
0 0 0 0 0 0 0 0 3 0 0 0 0 0 13 0 0 19 0 0 0 0 0 0 0 0 0 0 0 0 0 0 21 15 0 0 0 0 0 0 
0 0 30 0 0 0 0 0 27 14 0 2 22 0 0 0 0 6 0 0 15 0 0 0 0 0 0 12 0 0 10 20 0 28 18 0 0 0 16 0 
0 22 0 0 0 0 25 0 0 23 0 23 0 0 0 0 0 10 0 0 15 26 0 16 22 0 0 0 0 0 0 0 0 8 0 0 0 0 0 0 
6 0 0 0 0 0 0 0 0 0 26 0 0 0 0 0 17 0 0 21 0 0 0 0 0 0 9 0 0 0 0 0 0 0 0 25 0 0 26 0 
0 0 0 10 0 11 0 0 0 0 0 0 0 0 0 0 14 0 0 0 0 14 0 0 0 0 0 0 0 0 0 0 0 0 10 28 19 0 0 0 
6 0 23 0 0 0 0 0 1 0 0 0 0 0 0 0 0 0 0 0 0 25 15 0 21 0 0 0 0 0 0 0 0 0 0 0 0 10 0 0 
0 28 7 0 0 0 0 0 0 0 0 7 0 0 0 0 0 0 0 21 0 0 0 11 16 0 0 0 0 14 9 0 0 25 3 0 9 0 0 28 
14 0 0 24 0 0 0 0 0 0 0 21 0 0 0 0 12 0 0 0 0 0 0 0 0 5 22 0 0 0 0 0 0 0 10 0 19 0 0 15 
0 0 0 0 0 0 0 0 0 0 0 0 0 0 0 0 0 0 0 0 22 0 0 0 0 0 0 9 0 0 0 0 0 0 0 0 0 0 0 0 
0 0 0 0 0 0 0 0 0 0 0 0 0 0 0 0 19 0 0 0 0 6 0 0 0 0 0 0 27 0 0 9 9 0 0 10 0 0 0 0 
0 0 0 0 0 0 0 0 18 0 31 0 0 0 0 0 2 0 0 0 0 9 0 0 7 0 0 0 0 0 0 0 0 10 0 0 0 0 0 0 
23 0 0 0 0 0 0 0 0 20 27 0 0 0 0 0 0 0 0 0 0 17 19 0 0 1 0 0 0 0 0 13 0 0 0 19 0 20 4 0 
0 0 0 0 0 0 0 1 0 0 0 0 10 0 0 0 0 0 0 0 0 0 0 0 11 0 0 0 0 5 0 23 8 0 0 0 0 0 0 0 
25 0 10 22 0 0 0 0 0 0 11 28 15 0 0 0 0 0 0 0 0 0 0 0 3 25 0 0 21 0 9 0 0 0 0 18 7 0 0 0 
0 23 0 0 0 0 0 0 10 0 0 0 0 0 0 0 0 0 0 0 0 28 0 23 0 0 0 0 0 13 0 0 0 0 0 0 0 0 0 0 
0 0 3 0 25 14 0 0 0 0 0 0 0 4 0 0 0 0 0 0 0 0 0 0 28 0 0 0 0 21 1 0 0 0 1 0 0 26 16 16 
0 0 0 0 0 0 0 0 0 0 0 0 0 0 0 0 0 0 0 0 7 0 20 25 0 0 0 15 0 0 15 0 0 0 20 0 0 0 0 0 
0 0 0 0 0 0 0 0 25 0 0 29 0 0 19 0 9 0 6 0 0 0 0 0 0 1 0 14 1 23 0 0 0 11 0 23 0 0 0 0 
0 0 0 0 0 0 0 0 0 0 22 4 0 0 10 0 0 0 0 19 0 0 0 0 0 0 0 0 0 0 12 0 0 0 0 0 6 0 0 0 
0 0 25 0 0 0 0 0 0 0 5 0 0 0 0 0 0 0 0 0 0 0 0 0 0 0 0 0 0 2 0 23 5 28 0 0 0 0 0 0 
0 0 0 0 28 0 0 7 0 0 0 0 0 24 0 0 0 0 14 0 0 0 0 0 0 14 0 0 0 0 0 0 26 0 23 0 0 0 0 0 
5 0 0 0 0 0 0 0 0 1 0 0 0 0 19 0 0 0 0 0 1 0 0 0 0 0 0 0 13 0 31 0 0 0 0 23 0 0 0 0 
8 3 0 0 0 11 0 0 2 0 0 0 0 0 0 0 0 0 9 0 0 0 0 0 0 0 0 18 0 0 0 25 21 0 0 0 0 0 0 0 
0 0 0 0 2 0 0 0 0 0 0 0 24 12 0 25 0 0 0 25 0 0 0 22 0 0 0 2 0 0 0 0 0 0 23 1 0 0 0 0 
0 0 0 0 0 0 8 0 26 8 0 0 0 0 0 0 0 0 0 0 0 0 0 0 0 0 0 21 0 8 0 0 0 27 0 28 0 0 0 0 
0 0 0 0 26 0 0 0 0 0 0 0 0 0 0 0 0 0 0 0 0 0 0 0 0 0 0 0 0 17 0 0 19 1 0 0 7 0 0 0 
6 0 7 0 7 0 0 14 0 0 0 0 14 0 0 0 0 0 0 0 0 0 0 16 24 0 0 7 0 0 0 0 0 0 0 0 0 7 27 0 
0 0 0 0 15 0 0 0 0 0 0 0 18 0 0 0 0 0 0 23 0 0 0 0 0 0 0 0 0 0 0 0 26 0 0 24 0 0 10 0 
0 0 0 0 24 0 0 0 0 15 0 0 0 0 0 0 0 0 0 8 15 0 0 0 0 12 4 30 0 0 0 27 0 27 0 0 8 0 0 0 
0 4 0 0 0 0 21 24 0 5 0 0 28 10 0 0 0 0 0 0 0 0 0 0 0 0 0 19 0 0 0 0 0 0 0 0 0 0 0 0 
0 0 0 0 0 18 0 10 0 0 0 0 18 0 14 0 0 0 0 5 0 0 0 0 17 10 0 0 0 18 0 6 0 0 0 0 0 8 0 0 
0 0 0 19 0 0 0 0 0 0 0 0 0 0 0 0 0 13 0 0 0 0 7 4 0 0 0 0 0 0 0 1 0 0 0 0 0 0 0 18 
0 14 0 0 2 0 0 0 0 9 0 0 26 0 12 0 0 6 0 21 0 0 0 0 0 0 0 13 0 0 0 0 0 0 0 0 0 0 14 0 
0 15 2 0 0 0 0 0 15 0 0 0 0 0 8 0 0 0 0 0 8 0 0 0 0 0 7 0 0 0 0 0 0 0 0 0 0 0 0 0 
0 0 0 0 0 0 0 0 0 0 0 0 0 0 6 19 0 0 0 0 0 0 0 0 0 0 0 0 0 0 28 0 0 0 0 0 0 26 0 0 
0 0 25 0 16 20 0 0 2 0 0 12 0 0 0 0 0 20 0 0 0 0 0 0 0 0 0 0 0 0 2 0 25 0 0 0 0 0 0 29 
0 0 0 0 0 0 0 0 0 10 0 10 12 0 0 0 20 0 0 0 12 0 23 0 0 0 0 0 0 0 14 0 0 0 0 0 0 2 0 0 
0 17 0 17 0 0 0 0 26 0 0 0 10 0 0 0 1 0 0 0 0 0 0 0 26 0 0 0 0 0 0 0 0 0 0 0 0 22 0 0 
