40

0 0 0 1 1 0 0 0 1 1 0 1 1 0 0 1 0 0 0 0 0 0 0 0 1 0 1 1 0 0 0 1 0 0 0 1 0 0 0 0 
0 0 1 0 0 0 0 0 1 1 0 0 0 0 0 0 0 1 0 1 1 0 1 1 0 0 0 0 0 1 1 0 0 1 0 0 0 0 1 0 
0 1 0 0 0 0 0 0 0 0 0 0 0 0 0 0 0 0 0 0 0 1 0 1 0 0 0 1 1 0 0 0 0 0 1 0 0 0 0 1 
1 0 0 0 0 0 0 0 0 1 1 1 0 0 0 0 0 0 1 0 1 1 1 1 0 0 0 0 0 0 0 0 0 1 1 0 0 0 0 0 
1 0 0 0 0 0 0 0 0 1 0 0 0 0 1 0 0 1 0 0 1 1 0 1 0 0 0 1 0 0 0 0 1 0 1 0 0 1 1 0 
0 0 0 0 0 0 0 0 0 0 0 0 0 0 0 0 0 0 0 0 0 0 0 0 1 0 1 1 0 0 0 1 0 1 0 0 1 0 1 1 
0 0 0 0 0 0 0 0 0 0 0 0 0 0 0 0 0 0 1 1 0 0 0 0 0 0 0 0 0 1 0 0 0 0 0 0 1 0 0 1 
0 0 0 0 0 0 0 0 0 1 0 0 0 0 0 1 0 1 1 0 0 0 0 0 0 0 1 0 0 0 0 0 0 0 0 1 0 0 0 0 
1 1 0 0 0 0 0 0 0 0 0 0 0 0 0 1 0 0 1 0 1 0 0 0 1 0 1 0 1 0 0 1 1 1 0 0 1 0 0 0 
1 1 0 1 1 0 0 1 0 0 1 1 0 1 1 0 0 1 0 1 1 1 0 0 1 0 0 0 0 1 0 0 0 1 0 0 1 1 0 0 
0 0 0 1 0 0 0 0 0 1 0 0 1 0 0 0 0 1 0 0 1 0 0 0 1 0 0 0 0 0 0 0 1 0 1 1 0 0 1 0 
1 0 0 1 0 0 0 0 0 1 0 0 0 1 1 0 0 0 0 1 0 1 0 0 0 1 1 0 1 0 0 0 0 0 1 1 0 0 0 1 
1 0 0 0 0 0 0 0 0 0 1 0 0 0 1 1 0 0 1 0 0 0 0 1 0 0 0 0 0 0 0 0 0 0 0 1 0 0 0 0 
0 0 0 0 0 0 0 0 0 1 0 1 0 0 1 0 0 0 0 0 0 0 1 0 0 1 0 0 1 0 1 0 0 0 1 0 0 0 1 1 
0 0 0 0 1 0 0 0 0 1 0 1 1 1 0 1 0 0 0 0 1 0 1 0 0 0 0 0 0 1 0 0 1 0 0 1 0 1 1 0 
1 0 0 0 0 0 0 1 1 0 0 0 1 0 1 0 1 0 0 0 0 0 1 0 0 0 0 0 0 0 0 0 0 0 0 0 0 1 0 0 
0 0 0 0 0 0 0 0 0 0 0 0 0 0 0 1 0 0 0 0 1 0 1 0 1 0 0 1 0 0 1 0 0 0 0 1 0 0 0 1 
0 1 0 0 1 0 0 1 0 1 1 0 0 0 0 0 0 0 1 1 0 0 0 1 0 1 0 0 0 1 0 0 1 0 0 1 0 0 1 0 
0 0 0 1 0 0 1 1 1 0 0 0 1 0 0 0 0 1 0 0 0 0 0 1 1 0 0 1 0 1 0 0 0 0 0 0 1 0 1 1 
0 1 0 0 0 0 1 0 0 1 0 1 0 0 0 0 0 1 0 0 0 1 1 0 0 1 0 1 0 1 0 0 1 0 0 0 0 0 0 0 
0 1 0 1 1 0 0 0 1 1 1 0 0 0 1 0 1 0 0 0 0 0 0 0 0 0 0 0 1 0 1 1 0 0 0 1 0 1 1 0 
0 0 1 1 1 0 0 0 0 1 0 1 0 0 0 0 0 0 0 1 0 0 0 1 0 1 0 0 0 0 0 0 0 1 1 1 0 1 0 0 
0 1 0 1 0 0 0 0 0 0 0 0 0 1 1 1 1 0 0 1 0 0 0 0 0 1 0 1 0 1 0 0 1 1 0 1 0 0 0 0 
0 1 1 1 1 0 0 0 0 0 0 0 1 0 0 0 0 1 1 0 0 1 0 0 0 0 0 1 0 1 0 0 0 0 1 1 0 0 0 0 
1 0 0 0 0 1 0 0 1 1 1 0 0 0 0 0 1 0 1 0 0 0 0 0 0 1 0 0 0 0 1 0 0 0 0 0 1 0 0 0 
0 0 0 0 0 0 0 0 0 0 0 1 0 1 0 0 0 1 0 1 0 1 1 0 1 0 0 0 1 1 0 1 0 1 0 0 0 0 0 1 
1 0 0 0 0 1 0 1 1 0 0 1 0 0 0 0 0 0 0 0 0 0 0 0 0 0 0 0 1 1 0 0 1 1 0 0 0 0 0 0 
1 0 1 0 1 1 0 0 0 0 0 0 0 0 0 0 1 0 1 1 0 0 1 1 0 0 0 0 1 0 1 1 0 0 0 0 0 1 0 0 
0 0 1 0 0 0 0 0 1 0 0 1 0 1 0 0 0 0 0 0 1 0 0 0 0 1 1 1 0 0 1 0 1 0 1 0 1 0 0 0 
0 1 0 0 0 0 1 0 0 1 0 0 0 0 1 0 0 1 1 1 0 0 1 1 0 1 1 0 0 0 0 0 0 0 0 0 1 1 0 0 
0 1 0 0 0 0 0 0 0 0 0 0 0 1 0 0 1 0 0 0 1 0 0 0 1 0 0 1 1 0 0 0 1 0 0 0 1 1 0 0 
1 0 0 0 0 1 0 0 1 0 0 0 0 0 0 0 0 0 0 0 1 0 0 0 0 1 0 1 0 0 0 0 0 0 0 1 1 0 0 0 
0 0 0 0 1 0 0 0 1 0 1 0 0 0 1 0 0 1 0 1 0 0 1 0 0 0 1 0 1 0 1 0 0 0 1 0 1 0 0 0 
0 1 0 1 0 1 0 0 1 1 0 0 0 0 0 0 0 0 0 0 0 1 1 0 0 1 1 0 0 0 0 0 0 0 0 1 0 0 0 1 
0 0 1 1 1 0 0 0 0 0 1 1 0 1 0 0 0 0 0 0 0 1 0 1 0 0 0 0 1 0 0 0 1 0 0 0 1 0 0 0 
1 0 0 0 0 0 0 1 0 0 1 1 1 0 1 0 1 1 0 0 1 1 1 1 0 0 0 0 0 0 0 1 0 1 0 0 0 0 0 1 
0 0 0 0 0 1 1 0 1 1 0 0 0 0 0 0 0 0 1 0 0 0 0 0 1 0 0 0 1 1 1 1 1 0 1 0 0 1 0 0 
0 0 0 0 1 0 0 0 0 1 0 0 0 0 1 1 0 0 0 0 1 1 0 0 0 0 0 1 0 1 1 0 0 0 0 0 1 0 0 0 
0 1 0 0 1 1 0 0 0 0 1 0 0 1 1 0 0 1 1 0 1 0 0 0 0 0 0 0 0 0 0 0 0 0 0 0 0 0 0 0 
0 0 1 0 0 1 1 0 0 0 0 1 0 1 0 0 1 0 1 0 0 0 0 0 0 1 0 0 0 0 0 0 0 1 0 1 0 0 0 0 

0 0 0 21 0 0 0 0 10 0 0 0 0 1 0 0 0 0 0 3 0 0 0 0 0 0 0 4 0 0 13 0 20 0 0 0 3 0 0 0 
0 0 6 0 0 6 21 14 0 0 0 0 0 0 15 0 0 14 9 0 0 0 0 0 17 0 12 0 0 0 0 8 12 0 0 0 0 10 11 0 
0 0 0 21 0 0 0 8 0 0 0 0 0 0 0 0 0 0 0 0 11 1 3 0 0 0 0 0 0 0 0 0 0 0 0 0 0 0 0 0 
0 0 0 0 0 0 0 0 6 0 0 0 0 0 0 0 0 6 0 0 0 1 0 0 0 0 0 0 0 5 17 10 18 2 11 0 0 0 0 0 
0 0 0 0 0 9 0 0 1 0 0 0 0 0 0 19 0 0 0 6 17 9 0 0 0 0 18 0 0 0 0 0 0 0 0 0 0 0 0 0 
0 0 0 0 5 0 11 0 0 0 0 0 14 17 0 0 0 16 0 0 0 0 0 0 0 0 6 0 0 0 0 0 0 0 0 0 21 21 0 0 
0 0 0 0 0 3 0 0 0 0 0 1 0 0 0 0 0 0 0 0 0 4 20 0 0 0 0 0 0 0 19 0 0 5 0 0 0 0 0 0 
0 0 0 0 0 0 0 0 0 0 3 0 0 0 0 0 0 0 10 0 0 0 0 0 0 0 8 0 0 0 0 0 0 0 0 0 0 0 0 0 
0 0 9 0 0 19 0 3 0 0 0 0 0 3 0 0 0 0 0 0 0 0 20 0 0 0 0 0 0 0 0 0 0 6 0 0 0 0 0 0 
0 0 0 0 0 0 0 6 0 0 0 0 12 7 0 0 11 0 0 3 0 0 0 0 12 0 0 0 8 0 12 0 8 0 0 21 0 0 0 0 
21 0 21 0 7 0 2 0 0 0 0 0 0 0 0 0 0 0 0 0 0 0 0 0 0 11 0 0 0 0 0 0 0 0 0 0 0 1 0 17 
0 0 0 0 6 0 16 0 0 0 13 0 0 0 0 0 14 21 4 0 0 0 18 0 17 0 0 0 0 0 0 0 0 0 14 0 1 0 0 14 
0 0 13 0 0 0 0 0 0 0 0 0 0 0 0 0 0 0 0 0 7 0 0 0 0 0 9 0 0 0 0 12 1 0 0 0 0 4 0 0 
1 5 0 0 0 0 11 7 0 15 0 0 3 0 0 0 0 0 0 0 0 0 0 0 1 3 0 0 0 0 0 0 0 0 0 0 0 0 8 0 
4 0 0 0 0 0 0 0 0 3 0 0 0 0 0 0 21 0 0 0 0 0 0 2 0 0 0 0 0 0 0 0 0 0 0 0 0 5 0 0 
0 0 0 15 0 0 9 0 0 0 0 18 0 0 0 0 1 0 0 0 0 0 13 0 0 17 0 0 6 0 0 0 0 21 0 0 0 4 1 16 
0 0 0 4 0 0 0 0 15 0 2 0 0 0 0 0 0 0 0 0 1 18 0 16 0 0 0 0 0 13 0 0 0 0 0 9 0 20 0 0 
0 7 0 0 0 0 9 0 6 5 0 0 8 4 0 0 0 0 0 0 6 0 0 0 0 4 0 0 3 0 0 0 20 0 0 0 0 0 0 0 
0 0 0 7 0 0 0 0 0 0 0 0 0 0 0 0 10 0 0 6 4 5 0 10 0 0 3 0 2 0 0 7 0 0 0 0 0 2 0 0 
0 0 0 0 0 9 0 0 0 0 0 9 0 0 0 0 0 0 0 0 0 0 0 0 15 0 0 0 21 4 0 0 0 0 0 0 0 0 0 0 
0 0 0 0 0 0 0 0 0 0 0 0 19 0 0 5 0 10 1 18 0 0 0 0 0 0 0 0 0 0 0 0 0 0 0 0 0 0 0 0 
0 1 0 0 0 0 0 0 0 0 0 0 0 0 0 4 0 11 1 0 12 0 0 0 0 0 0 1 0 0 0 0 0 0 11 0 0 0 0 0 
0 0 0 0 0 0 0 0 0 1 0 0 0 4 0 11 9 0 0 1 0 0 0 0 14 10 0 0 0 0 0 0 0 0 0 0 0 0 0 0 
0 0 0 0 16 0 0 0 0 0 0 0 0 0 0 0 0 0 21 0 0 0 0 0 0 0 4 21 0 0 0 0 0 0 4 0 0 0 0 0 
0 0 6 0 16 14 0 0 0 20 13 0 0 0 11 0 0 9 2 0 0 0 0 0 0 0 0 4 19 0 0 0 0 0 0 0 0 0 0 0 
0 0 0 15 0 0 2 0 0 0 9 15 0 11 0 0 0 0 0 0 0 0 0 0 0 0 0 0 0 0 0 0 0 0 0 0 0 0 0 0 
0 0 0 0 0 0 0 4 0 3 6 0 1 17 0 14 0 0 0 14 0 0 5 0 0 0 0 0 0 0 0 0 0 0 1 0 0 0 0 1 
0 0 0 0 14 0 21 0 0 0 8 0 8 0 10 19 12 2 0 8 0 0 0 4 0 0 0 0 10 0 0 0 0 0 5 0 0 2 0 0 
7 0 0 0 0 0 7 0 0 15 0 0 21 0 3 0 15 0 0 0 0 0 0 0 0 0 0 0 0 0 0 5 0 0 0 13 0 0 0 0 
12 0 0 0 0 9 0 0 0 0 0 0 0 0 15 18 0 0 0 21 0 0 0 0 0 0 0 0 0 0 0 0 14 4 21 0 0 0 4 0 
19 0 19 0 1 0 0 0 0 0 0 0 0 0 5 0 0 0 0 0 9 0 12 0 0 12 0 0 0 21 0 0 20 14 12 0 0 0 0 0 
0 16 0 0 7 0 0 6 16 10 0 0 11 0 0 7 18 0 8 0 0 0 0 0 0 0 0 0 0 0 15 0 0 0 0 0 0 0 0 0 
0 0 0 13 4 0 0 0 0 0 0 6 0 21 0 0 0 0 0 0 0 0 5 0 9 0 0 0 0 0 0 0 0 0 0 0 0 11 0 0 
5 11 2 0 0 16 0 0 0 0 0 0 0 17 0 0 0 21 0 0 0 0 0 0 0 0 0 13 0 0 0 0 0 0 0 0 0 0 0 0 
0 0 0 0 7 0 0 0 0 0 0 0 0 0 0 0 0 11 0 0 0 0 0 20 0 0 0 0 0 0 0 0 0 0 0 0 0 0 0 0 
0 20 13 12 4 0 0 0 0 0 0 0 21 0 0 0 0 0 0 0 0 20 0 0 0 0 0 0 0 15 0 0 0 0 9 0 0 0 0 0 
0 9 0 0 0 0 0 0 0 0 19 0 0 0 0 0 0 0 0 8 0 0 0 0 0 0 0 17 0 4 0 0 0 0 0 0 0 0 0 0 
0 0 0 3 19 0 0 0 0 9 0 14 0 0 0 0 0 0 0 0 0 0 0 0 0 0 0 0 0 18 18 0 0 0 0 0 0 0 16 0 
0 0 8 4 0 0 0 0 0 0 0 5 0 0 0 0 0 9 0 4 0 0 0 0 0 0 0 0 0 0 16 2 0 0 0 0 0 17 0 0 
0 6 0 0 0 0 4 0 0 0 0 0 0 0 0 0 0 20 2 0 0 0 0 0 0 3 0 0 2 0 0 0 0 0 0 0 0 0 0 0 
