40

0 1 1 1 1 1 0 1 0 1 0 0 1 0 1 0 1 1 1 0 1 1 1 0 1 1 1 1 1 0 1 0 1 0 0 0 0 0 1 1 
1 0 1 0 0 1 0 0 1 1 1 1 0 0 0 1 0 0 1 0 0 1 1 0 0 1 1 1 1 1 1 0 1 0 0 1 0 1 0 1 
1 1 0 1 0 1 1 1 1 1 1 0 0 0 1 0 0 1 0 1 1 1 1 1 0 1 1 0 0 0 0 1 0 1 0 0 0 1 0 1 
1 0 1 0 1 0 1 1 1 1 1 1 1 0 1 1 1 0 0 0 1 1 1 1 0 1 1 0 1 1 1 1 0 1 0 0 1 1 1 0 
1 0 0 1 0 1 1 0 1 1 1 1 0 1 1 0 0 1 0 1 0 1 0 1 1 0 0 0 1 1 0 0 0 0 1 0 1 1 0 0 
1 1 1 0 1 0 0 1 0 1 0 0 0 1 1 1 1 1 1 0 1 1 0 1 1 1 1 1 0 1 1 1 1 0 0 1 1 1 0 1 
0 0 1 1 1 0 0 0 0 1 1 1 0 1 1 0 1 1 1 0 0 1 1 0 0 0 1 0 1 1 0 1 1 1 1 1 1 1 0 0 
1 0 1 1 0 1 0 0 0 0 1 1 1 1 1 1 1 0 1 0 0 1 0 1 0 1 0 1 1 1 1 1 1 0 0 0 1 0 1 1 
0 1 1 1 1 0 0 0 0 1 1 1 0 1 1 1 1 0 1 0 0 1 1 1 0 0 1 0 1 0 0 1 0 0 1 0 0 1 1 1 
1 1 1 1 1 1 1 0 1 0 1 1 1 0 1 1 0 1 0 1 0 1 1 0 1 1 1 1 1 1 1 1 1 1 1 1 1 1 1 1 
0 1 1 1 1 0 1 1 1 1 0 0 1 0 0 0 1 1 0 0 0 1 1 1 0 0 1 1 1 0 0 1 1 0 1 1 0 1 1 1 
0 1 0 1 1 0 1 1 1 1 0 0 1 1 1 1 0 1 0 1 1 1 1 1 1 0 1 0 1 1 0 0 1 1 0 0 1 1 1 1 
1 0 0 1 0 0 0 1 0 1 1 1 0 0 1 0 0 1 1 1 0 1 1 1 0 1 1 0 0 1 0 0 0 1 0 1 1 1 1 0 
0 0 0 0 1 1 1 1 1 0 0 1 0 0 0 1 0 1 0 0 1 0 1 0 0 0 1 1 1 1 1 1 1 1 1 0 0 1 1 1 
1 0 1 1 1 1 1 1 1 1 0 1 1 0 0 0 0 1 1 0 1 0 0 0 0 1 1 1 1 1 1 1 0 0 1 0 0 1 1 1 
0 1 0 1 0 1 0 1 1 1 0 1 0 1 0 0 1 1 1 1 0 0 0 1 0 1 1 1 1 0 1 0 1 0 1 1 1 1 1 1 
1 0 0 1 0 1 1 1 1 0 1 0 0 0 0 1 0 1 0 0 1 1 0 0 0 0 0 1 1 0 1 0 1 1 1 0 0 1 0 0 
1 0 1 0 1 1 1 0 0 1 1 1 1 1 1 1 1 0 1 1 0 1 0 0 0 1 1 1 0 1 1 0 0 1 0 0 0 1 1 0 
1 1 0 0 0 1 1 1 1 0 0 0 1 0 1 1 0 1 0 0 1 1 1 1 1 1 1 0 0 1 1 0 0 1 0 1 0 1 0 1 
0 0 1 0 1 0 0 0 0 1 0 1 1 0 0 1 0 1 0 0 1 1 0 1 0 0 0 1 0 0 1 1 0 0 1 0 1 0 1 1 
1 0 1 1 0 1 0 0 0 0 0 1 0 1 1 0 1 0 1 1 0 0 1 1 0 0 1 1 1 0 1 1 0 0 1 0 0 0 1 1 
1 1 1 1 1 1 1 1 1 1 1 1 1 0 0 0 1 1 1 1 0 0 0 1 1 0 0 1 1 0 1 0 1 1 0 1 0 0 1 1 
1 1 1 1 0 0 1 0 1 1 1 1 1 1 0 0 0 0 1 0 1 0 0 1 1 0 1 0 0 0 1 0 1 0 0 1 1 0 0 0 
0 0 1 1 1 1 0 1 1 0 1 1 1 0 0 1 0 0 1 1 1 1 1 0 0 1 0 1 1 1 0 0 1 1 1 0 1 1 0 1 
1 0 0 0 1 1 0 0 0 1 0 1 0 0 0 0 0 0 1 0 0 1 1 0 0 1 1 0 1 1 1 0 1 1 1 1 1 1 0 1 
1 1 1 1 0 1 0 1 0 1 0 0 1 0 1 1 0 1 1 0 0 0 0 1 1 0 1 1 1 0 0 0 1 1 1 1 0 0 1 0 
1 1 1 1 0 1 1 0 1 1 1 1 1 1 1 1 0 1 1 0 1 0 1 0 1 1 0 1 1 1 0 1 1 1 0 0 1 1 1 0 
1 1 0 0 0 1 0 1 0 1 1 0 0 1 1 1 1 1 0 1 1 1 0 1 0 1 1 0 0 1 1 1 1 1 0 1 1 1 0 1 
1 1 0 1 1 0 1 1 1 1 1 1 0 1 1 1 1 0 0 0 1 1 0 1 1 1 1 0 0 1 0 1 1 0 0 0 1 1 1 1 
0 1 0 1 1 1 1 1 0 1 0 1 1 1 1 0 0 1 1 0 0 0 0 1 1 0 1 1 1 0 0 1 1 1 1 0 1 1 1 1 
1 1 0 1 0 1 0 1 0 1 0 0 0 1 1 1 1 1 1 1 1 1 1 0 1 0 0 1 0 0 0 0 1 1 0 1 1 1 0 0 
0 0 1 1 0 1 1 1 1 1 1 0 0 1 1 0 0 0 0 1 1 0 0 0 0 0 1 1 1 1 0 0 1 0 1 1 0 0 0 0 
1 1 0 0 0 1 1 1 0 1 1 1 0 1 0 1 1 0 0 0 0 1 1 1 1 1 1 1 1 1 1 1 0 0 1 1 0 1 1 0 
0 0 1 1 0 0 1 0 0 1 0 1 1 1 0 0 1 1 1 0 0 1 0 1 1 1 1 1 0 1 1 0 0 0 0 0 1 1 1 0 
0 0 0 0 1 0 1 0 1 1 1 0 0 1 1 1 1 0 0 1 1 0 0 1 1 1 0 0 0 1 0 1 1 0 0 0 1 0 1 1 
0 1 0 0 0 1 1 0 0 1 1 0 1 0 0 1 0 0 1 0 0 1 1 0 1 1 0 1 0 0 1 1 1 0 0 0 1 1 1 0 
0 0 0 1 1 1 1 1 0 1 0 1 1 0 0 1 0 0 0 1 0 0 1 1 1 0 1 1 1 1 1 0 0 1 1 1 0 0 0 1 
0 1 1 1 1 1 1 0 1 1 1 1 1 1 1 1 1 1 1 0 0 0 0 1 1 0 1 1 1 1 1 0 1 1 0 1 0 0 1 0 
1 0 0 1 0 0 0 1 1 1 1 1 1 1 1 1 0 1 0 1 1 1 0 0 0 1 1 0 1 1 0 0 1 1 1 1 0 1 0 0 
1 1 1 0 0 1 0 1 1 1 1 1 0 1 1 1 0 0 1 1 1 1 0 1 1 0 0 1 1 1 0 0 0 0 1 0 1 0 0 0 

0 0 0 0 18 2 0 2 6 0 16 0 0 0 0 0 0 0 0 4 0 0 0 0 5 0 9 0 0 6 0 0 0 0 0 0 13 0 0 0 
1 0 0 0 0 5 0 0 13 7 0 0 0 1 0 0 0 0 0 0 0 0 0 0 0 0 0 0 0 0 0 12 11 0 4 0 0 0 0 0 
0 0 0 0 0 0 0 11 18 0 0 0 2 2 0 0 16 0 0 0 0 0 0 0 0 0 0 13 0 0 0 0 0 0 0 0 0 0 0 0 
0 0 0 0 0 0 18 13 0 0 0 0 3 0 18 0 0 0 0 0 6 0 0 6 0 1 0 0 14 17 0 0 0 0 0 0 0 0 17 0 
18 0 17 0 0 0 0 0 0 10 0 1 0 0 0 0 0 0 0 0 0 0 0 17 11 0 0 0 8 16 0 0 0 0 1 0 0 0 0 0 
0 0 0 0 0 0 0 0 0 0 0 0 0 0 0 0 0 9 12 0 0 0 0 0 0 0 0 0 10 0 0 13 0 0 0 15 17 3 0 0 
7 0 0 0 0 0 0 0 0 0 0 0 0 0 0 0 0 0 0 18 0 0 0 0 13 0 0 0 0 11 0 0 0 0 0 0 0 4 13 0 
0 0 0 0 0 0 0 0 0 0 0 0 0 18 0 0 1 10 0 0 0 0 19 1 0 0 0 0 13 0 0 0 0 6 0 0 0 5 16 0 
0 0 6 0 12 19 0 0 0 0 0 2 0 20 0 12 0 0 0 0 0 0 0 0 0 12 16 0 0 8 0 0 0 0 0 0 0 5 10 0 
17 0 0 0 0 0 0 0 0 0 14 0 0 0 5 0 0 0 0 0 14 6 0 0 0 0 0 0 6 0 0 0 1 0 0 0 0 0 0 0 
0 0 0 0 0 0 0 0 0 0 0 0 0 0 0 0 0 0 0 5 10 0 0 0 0 0 0 12 0 0 0 0 0 0 0 0 0 0 0 0 
17 0 0 0 0 0 0 0 0 0 0 0 7 0 0 12 0 0 0 0 0 0 0 0 0 0 0 0 0 0 0 0 0 0 0 2 0 0 0 0 
0 0 3 0 0 5 0 0 0 0 0 0 0 0 0 0 0 0 0 18 0 0 0 0 0 0 16 14 7 0 0 0 0 0 0 0 0 18 19 4 
0 0 0 0 0 0 0 0 0 0 18 0 0 0 0 0 0 0 0 0 0 13 14 0 0 0 0 0 0 0 0 9 0 0 6 6 0 0 5 18 
0 0 6 0 0 0 4 0 0 0 0 0 0 0 0 14 0 17 0 0 0 0 0 7 0 0 0 0 0 0 0 0 0 0 15 14 15 0 0 15 
0 0 0 0 0 0 0 0 11 0 0 0 0 0 0 0 0 0 0 0 16 0 0 0 0 0 5 0 0 0 0 0 0 0 8 0 0 0 0 10 
0 0 0 0 0 0 0 5 0 0 0 4 0 0 0 0 0 0 0 1 0 14 0 0 15 0 10 0 0 0 0 0 0 0 0 0 11 0 0 0 
0 18 17 0 0 0 0 0 0 0 0 0 11 0 0 0 0 0 0 15 0 0 17 0 0 9 13 0 0 13 0 0 0 14 0 0 0 0 0 0 
0 0 0 0 0 0 0 0 0 0 0 0 0 0 6 0 2 0 0 0 9 8 0 8 0 0 0 0 15 0 4 0 0 0 0 0 0 0 0 3 
0 4 0 0 17 0 0 0 0 9 0 17 1 0 0 0 0 0 0 0 0 0 10 0 0 5 0 0 1 0 0 0 0 0 0 0 0 0 0 9 
0 0 17 0 0 0 0 7 0 0 0 0 8 0 0 7 0 0 0 0 0 0 0 0 0 0 3 0 0 0 8 0 9 0 0 0 0 4 0 0 
18 0 0 0 0 0 0 0 0 9 0 0 0 0 0 0 0 0 0 0 0 0 0 8 0 0 0 0 0 16 0 1 0 0 0 0 0 0 0 0 
0 0 0 0 0 0 0 0 0 17 0 0 0 0 1 0 0 0 18 0 0 0 0 8 0 0 0 0 0 0 0 0 0 0 0 0 0 0 0 0 
8 9 0 0 0 0 0 0 0 0 0 0 0 0 0 0 0 0 0 0 0 0 0 0 0 16 0 0 0 3 5 0 0 0 0 0 0 0 0 0 
17 0 0 16 0 0 0 0 0 18 0 0 0 0 0 0 3 0 0 0 0 0 0 0 0 0 0 0 0 0 0 0 0 0 0 0 19 0 0 0 
0 0 0 0 9 0 0 0 0 1 0 0 0 0 0 0 0 0 0 0 0 0 0 10 17 0 0 0 2 0 16 0 0 0 0 0 0 0 0 0 
0 0 0 17 0 0 0 0 0 0 0 8 0 0 8 0 0 0 0 0 0 0 0 0 0 0 0 4 0 0 0 0 0 0 10 0 0 0 11 7 
0 0 0 0 0 0 0 0 16 1 0 2 0 0 0 0 0 0 0 0 0 0 0 0 8 0 0 0 0 10 9 0 0 0 0 0 0 0 17 0 
0 7 0 12 0 0 0 14 0 0 0 0 0 16 0 0 0 0 12 0 0 0 0 0 0 15 0 0 0 8 5 12 11 0 1 0 0 0 0 1 
0 0 0 19 0 0 11 2 0 14 0 0 0 0 0 0 0 0 0 0 0 2 0 0 0 0 0 0 0 0 0 0 0 0 0 0 0 9 0 19 
0 0 0 0 0 0 0 0 11 0 0 0 0 0 0 0 5 0 0 0 0 0 0 0 0 0 0 0 14 0 0 0 11 0 12 0 0 0 0 0 
12 0 4 0 4 0 0 0 0 0 15 0 13 0 0 0 0 9 0 0 3 0 0 0 0 14 0 0 0 0 16 0 0 16 0 0 0 0 0 2 
0 12 0 0 0 0 0 0 0 0 0 0 0 0 0 15 18 0 11 0 0 7 0 0 0 0 0 0 0 0 0 12 0 0 0 0 8 0 0 0 
0 0 0 0 0 16 0 0 0 13 0 8 0 11 5 0 0 0 0 0 0 0 4 0 0 0 0 0 11 0 0 0 0 0 0 0 0 7 14 0 
0 10 6 0 0 14 0 0 0 17 9 0 0 0 0 0 0 0 0 0 0 0 0 10 0 0 3 0 0 0 0 0 0 1 0 0 14 18 0 18 
0 0 0 0 18 0 0 15 0 0 14 6 13 0 0 0 0 0 0 0 0 3 0 5 11 0 0 0 0 0 0 0 0 0 0 0 0 0 0 0 
8 0 0 0 14 0 0 0 0 13 0 0 5 0 0 0 0 0 0 0 15 0 0 0 0 16 0 13 0 0 0 0 0 3 0 0 0 12 0 0 
14 0 2 0 0 0 0 0 0 0 0 0 0 15 0 0 0 0 0 0 0 0 0 13 0 0 0 18 0 0 12 0 0 0 0 0 0 0 0 0 
0 5 0 0 0 16 0 0 15 6 0 0 0 0 0 0 0 0 0 0 0 0 0 14 0 0 0 0 0 0 0 0 0 0 0 0 0 0 0 1 
15 0 0 5 0 7 5 0 14 0 0 0 0 0 0 0 0 14 0 0 0 0 0 16 0 14 0 0 0 5 19 8 0 0 0 0 16 0 10 0 
