40

0 0 1 0 0 1 1 0 0 1 0 1 1 0 1 1 1 1 1 0 0 0 1 1 1 0 0 1 0 0 1 0 1 0 0 1 1 1 1 0 
0 0 1 1 0 0 0 1 1 0 0 0 0 0 1 0 1 1 0 1 0 0 0 0 1 0 1 1 0 0 1 0 1 1 0 0 1 1 1 0 
1 1 0 1 0 1 1 1 0 0 0 0 1 0 1 0 1 1 1 0 1 1 0 1 0 1 0 0 0 0 1 0 1 0 0 0 0 1 0 1 
0 1 1 0 0 0 0 0 0 1 1 0 0 1 0 1 0 0 1 1 1 1 0 0 1 1 1 0 0 1 1 0 0 1 1 1 1 1 0 1 
0 0 0 0 0 0 0 1 1 0 0 1 0 1 1 0 1 0 1 1 0 0 0 0 1 0 0 0 0 1 1 0 1 1 1 0 1 0 0 1 
1 0 1 0 0 0 0 0 0 0 0 1 1 1 0 0 1 0 0 0 1 1 1 0 1 0 0 0 0 0 1 1 0 0 1 1 1 0 0 0 
1 0 1 0 0 0 0 1 0 1 0 0 1 1 0 0 0 0 0 1 0 0 0 1 0 0 0 1 1 0 1 0 0 0 0 1 1 0 0 0 
0 1 1 0 1 0 1 0 1 0 0 0 1 0 0 1 0 0 1 0 0 1 1 0 1 0 1 1 0 0 0 1 1 1 1 0 1 0 1 0 
0 1 0 0 1 0 0 1 0 1 1 1 0 0 0 0 1 1 1 0 1 0 1 0 0 1 0 1 0 1 0 0 1 0 0 1 0 0 0 1 
1 0 0 1 0 0 1 0 1 0 1 0 1 1 0 0 0 1 0 0 0 1 1 1 1 1 1 1 1 0 0 1 0 0 0 0 1 1 0 0 
0 0 0 1 0 0 0 0 1 1 0 1 0 0 0 1 0 0 0 1 1 0 0 0 0 0 0 0 0 1 0 0 0 0 0 0 0 0 0 0 
1 0 0 0 1 1 0 0 1 0 1 0 0 0 1 0 1 1 1 0 1 0 0 0 1 1 1 0 1 1 0 1 1 0 1 1 1 0 0 0 
1 0 1 0 0 1 1 1 0 1 0 0 0 0 0 0 1 0 0 0 1 0 1 0 1 0 1 1 0 1 0 0 1 0 1 0 1 1 1 1 
0 0 0 1 1 1 1 0 0 1 0 0 0 0 1 0 1 1 1 1 0 1 1 0 0 0 1 1 1 0 0 0 1 0 1 1 1 0 1 0 
1 1 1 0 1 0 0 0 0 0 0 1 0 1 0 1 0 0 1 1 0 1 0 1 0 1 0 1 0 0 1 1 1 1 1 1 1 0 0 1 
1 0 0 1 0 0 0 1 0 0 1 0 0 0 1 0 0 1 0 0 0 0 0 1 1 0 0 1 0 1 1 0 1 1 0 0 1 0 1 1 
1 1 1 0 1 1 0 0 1 0 0 1 1 1 0 0 0 1 1 0 0 1 1 1 1 1 0 0 1 1 1 1 1 1 0 1 0 1 1 0 
1 1 1 0 0 0 0 0 1 1 0 1 0 1 0 1 1 0 0 1 1 0 1 1 1 0 0 1 1 0 1 0 0 1 1 0 1 1 0 0 
1 0 1 1 1 0 0 1 1 0 0 1 0 1 1 0 1 0 0 0 1 0 0 0 0 1 0 0 1 1 0 1 1 0 0 0 1 0 0 0 
0 1 0 1 1 0 1 0 0 0 1 0 0 1 1 0 0 1 0 0 0 1 0 0 0 1 1 0 0 0 0 1 0 1 0 0 1 0 1 0 
0 0 1 1 0 1 0 0 1 0 1 1 1 0 0 0 0 1 1 0 0 1 1 1 1 1 0 1 1 0 0 0 1 0 0 1 0 0 1 0 
0 0 1 1 0 1 0 1 0 1 0 0 0 1 1 0 1 0 0 1 1 0 0 1 0 0 0 1 1 1 0 1 0 0 1 0 1 1 1 1 
1 0 0 0 0 1 0 1 1 1 0 0 1 1 0 0 1 1 0 0 1 0 0 0 1 1 0 0 1 1 1 0 1 0 0 1 1 0 1 0 
1 0 1 0 0 0 1 0 0 1 0 0 0 0 1 1 1 1 0 0 1 1 0 0 0 1 0 1 0 0 1 1 1 1 1 0 0 1 1 1 
1 1 0 1 1 1 0 1 0 1 0 1 1 0 0 1 1 1 0 0 1 0 1 0 0 0 0 0 1 0 0 1 1 0 1 1 1 0 1 0 
0 0 1 1 0 0 0 0 1 1 0 1 0 0 1 0 1 0 1 1 1 0 1 1 0 0 0 0 0 0 0 1 1 0 0 0 0 1 1 0 
0 1 0 1 0 0 0 1 0 1 0 1 1 1 0 0 0 0 0 1 0 0 0 0 0 0 0 0 1 0 1 0 1 0 1 1 1 1 0 0 
1 1 0 0 0 0 1 1 1 1 0 0 1 1 1 1 0 1 0 0 1 1 0 1 0 0 0 0 0 0 1 1 1 0 0 0 1 0 1 0 
0 0 0 0 0 0 1 0 0 1 0 1 0 1 0 0 1 1 1 0 1 1 1 0 1 0 1 0 0 0 1 0 0 1 0 1 1 0 1 1 
0 0 0 1 1 0 0 0 1 0 1 1 1 0 0 1 1 0 1 0 0 1 1 0 0 0 0 0 0 0 0 1 0 1 1 0 1 1 1 0 
1 1 1 1 1 1 1 0 0 0 0 0 0 0 1 1 1 1 0 0 0 0 1 1 0 0 1 1 1 0 0 0 0 1 0 0 0 0 1 1 
0 0 0 0 0 1 0 1 0 1 0 1 0 0 1 0 1 0 1 1 0 1 0 1 1 1 0 1 0 1 0 0 1 1 0 0 1 0 1 1 
1 1 1 0 1 0 0 1 1 0 0 1 1 1 1 1 1 0 1 0 1 0 1 1 1 1 1 1 0 0 0 1 0 0 1 0 1 0 1 1 
0 1 0 1 1 0 0 1 0 0 0 0 0 0 1 1 1 1 0 1 0 0 0 1 0 0 0 0 1 1 1 1 0 0 0 0 1 1 0 1 
0 0 0 1 1 1 0 1 0 0 0 1 1 1 1 0 0 1 0 0 0 1 0 1 1 0 1 0 0 1 0 0 1 0 0 0 1 0 1 1 
1 0 0 1 0 1 1 0 1 0 0 1 0 1 1 0 1 0 0 0 1 0 1 0 1 0 1 0 1 0 0 0 0 0 0 0 0 1 0 0 
1 1 0 1 1 1 1 1 0 1 0 1 1 1 1 1 0 1 1 1 0 1 1 0 1 0 1 1 1 1 0 1 1 1 1 0 0 0 0 1 
1 1 1 1 0 0 0 0 0 1 0 0 1 0 0 0 1 1 0 0 0 1 0 1 0 1 1 0 0 1 0 0 0 1 0 1 0 0 1 1 
1 1 0 0 0 0 0 1 0 0 0 0 1 1 0 1 1 0 0 1 1 1 1 1 1 1 0 1 1 1 1 1 1 0 1 0 0 1 0 0 
0 0 1 1 1 0 0 0 1 0 0 0 1 0 1 1 0 0 0 0 0 1 0 1 0 0 0 0 1 0 1 1 1 1 1 0 1 1 0 0 

0 0 11 5 5 15 0 0 0 0 8 0 3 0 5 1 0 0 14 14 5 0 7 10 0 2 0 2 0 8 15 0 0 13 11 12 0 2 7 0 
0 0 0 3 9 14 0 0 1 0 0 6 0 2 0 13 0 0 2 0 10 0 6 0 10 11 10 3 10 9 0 0 11 3 0 1 1 0 15 0 
0 0 0 0 11 6 0 14 0 0 0 8 9 6 0 0 0 0 11 13 8 0 0 0 0 0 0 0 3 0 7 2 9 13 0 0 13 5 15 0 
0 0 4 0 0 4 5 0 10 0 13 7 8 6 0 10 0 0 8 2 0 0 0 2 2 0 0 0 10 6 0 0 16 3 0 0 0 10 0 0 
0 0 0 8 0 0 0 16 0 0 0 6 0 0 10 0 0 0 1 13 0 10 3 16 2 0 4 0 0 2 0 13 4 0 0 12 0 0 0 0 
0 0 0 0 5 0 0 8 0 0 0 13 0 0 1 0 0 0 6 0 0 0 5 0 0 0 0 0 13 0 0 0 7 11 14 0 0 0 5 0 
0 0 0 4 0 4 0 10 0 13 0 13 8 5 0 12 0 3 0 0 8 2 0 0 0 0 0 2 0 0 0 0 13 0 0 0 15 16 3 12 
15 0 0 8 7 0 0 0 0 0 0 0 15 14 0 0 0 1 0 13 0 0 0 14 0 8 1 0 0 0 0 10 0 0 0 2 0 0 0 0 
0 8 0 0 0 0 0 4 0 0 0 15 1 2 14 7 0 0 0 0 0 1 10 9 0 13 0 0 0 8 10 0 0 0 0 4 3 0 0 0 
0 0 2 0 0 0 0 0 0 0 0 0 9 12 13 0 6 11 0 1 0 1 0 14 0 6 16 0 0 0 14 0 0 15 0 0 6 6 0 4 
0 0 0 0 15 6 1 0 0 0 0 4 0 0 0 0 0 0 15 0 2 0 8 0 0 1 0 0 6 13 13 0 0 3 0 0 1 10 0 0 
0 0 0 0 0 0 8 7 0 4 0 0 4 8 0 0 3 1 0 0 7 2 0 0 0 3 0 0 0 0 0 0 5 9 0 2 4 0 2 3 
0 0 0 10 0 0 0 15 0 14 4 0 0 0 0 0 16 0 3 0 0 0 0 12 13 0 0 15 0 11 6 5 12 0 0 15 0 15 0 0 
4 8 0 6 11 0 0 0 0 7 0 4 0 0 0 10 16 0 0 0 0 0 8 10 6 0 0 0 4 6 0 9 0 0 4 0 0 11 9 1 
5 0 13 6 0 4 11 14 8 0 0 0 2 0 0 0 0 0 0 0 0 12 0 0 3 0 0 7 0 0 14 0 14 0 16 14 9 0 0 0 
0 0 4 0 15 14 15 0 0 0 10 0 0 5 0 0 0 0 0 0 3 0 0 0 5 0 0 0 0 0 0 10 14 0 0 5 12 0 0 9 
0 0 0 14 0 12 9 0 15 0 9 11 0 3 0 3 0 0 0 0 5 5 0 0 0 0 0 0 0 1 0 0 0 0 3 0 9 4 0 0 
0 6 0 0 0 0 13 0 2 0 0 10 0 0 0 10 0 0 0 0 1 12 3 12 0 0 0 10 0 4 0 0 0 0 0 0 8 0 0 0 
0 13 0 0 9 0 0 0 0 9 0 0 0 0 5 9 0 0 0 0 0 0 3 0 14 0 0 6 0 7 9 0 1 0 0 1 7 0 0 0 
0 14 0 6 11 0 5 0 3 0 0 0 0 7 0 1 1 0 0 0 16 0 0 0 0 0 0 12 10 6 0 0 11 11 9 0 6 7 0 0 
4 1 0 0 3 12 0 0 0 4 0 8 0 0 10 0 0 0 0 0 0 0 0 0 0 0 1 0 0 0 13 0 0 6 0 7 0 0 0 0 
13 15 0 0 5 6 0 6 8 11 0 3 13 9 0 2 0 13 0 0 14 0 0 0 8 0 3 1 0 0 6 0 0 0 0 8 0 0 8 0 
0 0 4 0 0 0 8 0 2 0 6 0 0 14 18 0 0 0 0 0 12 0 0 5 0 0 13 0 1 0 0 0 0 3 0 0 0 0 14 0 
0 9 0 0 8 0 12 15 13 8 0 0 2 0 11 15 0 0 0 0 0 0 0 0 0 0 0 0 0 0 0 0 0 13 0 14 3 0 0 4 
10 0 8 0 0 0 11 13 0 0 3 0 0 0 7 0 0 2 15 0 0 0 0 0 0 0 2 0 0 3 3 7 0 0 1 0 0 0 7 0 
0 2 0 7 0 0 0 3 0 0 2 10 0 0 9 7 0 0 0 10 9 9 4 0 1 0 0 0 0 0 0 4 0 0 0 0 9 0 2 0 
0 0 16 0 0 13 0 0 0 0 0 0 0 0 0 13 0 0 0 0 0 0 0 7 7 0 0 14 0 0 12 0 10 0 9 0 0 13 0 6 
0 13 0 0 0 0 15 1 15 0 8 9 6 0 0 14 14 13 8 0 3 0 9 4 0 0 0 0 13 0 3 0 0 4 0 0 0 0 0 12 
0 0 0 1 0 0 0 2 6 13 0 0 0 0 1 11 4 15 0 14 0 7 7 0 5 6 2 0 0 4 0 10 0 0 0 5 0 0 0 0 
0 15 0 5 0 0 0 0 9 0 0 0 0 0 7 0 11 3 5 9 12 14 2 1 16 0 3 0 0 0 0 6 0 0 0 0 2 0 0 0 
0 13 0 6 0 1 9 0 0 13 0 15 4 0 0 0 4 14 0 4 0 2 14 12 2 0 0 2 0 7 0 4 12 4 1 0 9 7 1 4 
0 0 0 11 0 0 11 0 0 0 0 0 0 6 0 17 0 0 0 0 0 0 0 0 6 0 9 0 5 0 0 0 0 0 0 0 0 0 0 15 
0 2 0 0 15 3 2 5 11 0 0 12 10 0 0 12 0 0 1 10 1 13 0 0 0 0 7 0 0 0 10 0 0 0 0 1 9 0 0 4 
0 0 9 5 0 0 13 0 0 0 0 0 0 4 0 0 8 0 0 0 0 8 1 0 8 0 4 0 7 0 0 0 0 0 0 0 0 0 13 15 
1 0 10 2 12 9 0 0 0 0 0 0 0 6 0 0 0 9 16 1 4 0 0 0 0 0 14 0 0 0 0 0 0 0 0 0 0 0 0 0 
2 0 0 0 0 0 11 2 3 15 0 0 0 0 0 0 0 1 0 7 4 0 10 10 8 0 0 3 0 2 0 0 0 0 0 0 0 3 3 0 
0 0 9 0 0 0 0 0 0 0 0 0 0 0 0 0 6 0 0 0 0 0 15 0 0 16 0 0 0 4 0 0 0 10 7 12 0 0 10 0 
0 4 15 13 0 0 0 6 16 0 5 0 0 0 5 0 0 0 0 0 8 0 0 0 9 0 0 0 0 0 1 0 10 1 2 0 0 0 0 0 
10 0 6 0 0 7 10 13 13 0 13 8 6 10 9 0 0 0 6 0 15 0 0 0 2 0 0 4 0 0 0 13 0 0 0 0 0 0 0 3 
0 0 0 0 0 0 0 0 13 0 17 0 0 0 0 0 2 0 4 2 0 0 0 0 15 0 0 0 14 0 0 0 0 0 0 0 13 0 14 0 
