40

0 0 1 0 0 0 0 0 0 0 0 0 0 0 0 1 0 1 0 1 1 0 0 0 1 0 0 1 0 0 0 1 0 0 0 0 1 0 0 0 
0 0 0 0 0 0 0 1 0 1 1 0 0 0 1 0 1 1 0 0 0 0 0 0 0 0 0 0 0 0 0 0 0 0 0 0 0 0 0 0 
1 0 0 0 0 0 0 0 1 1 0 1 0 0 0 0 0 1 1 0 1 0 0 1 0 1 0 0 1 1 0 0 0 1 1 0 0 0 1 0 
0 0 0 0 0 0 0 0 1 0 0 0 1 1 0 1 0 0 0 0 0 1 0 0 0 1 0 0 0 0 0 1 0 0 0 0 0 0 0 0 
0 0 0 0 0 0 0 0 0 0 0 0 0 1 0 0 0 0 0 0 0 0 1 0 0 0 1 0 0 0 1 0 0 1 0 0 0 0 0 0 
0 0 0 0 0 0 0 0 0 1 0 0 0 0 0 0 0 1 1 0 0 1 0 0 1 0 0 0 1 1 0 0 0 0 0 0 0 0 0 0 
0 0 0 0 0 0 0 1 1 0 0 0 0 1 0 0 0 0 0 0 0 0 0 0 0 1 0 0 1 0 0 0 0 0 0 0 0 0 0 1 
0 1 0 0 0 0 1 0 0 1 0 0 0 0 0 1 0 0 0 0 1 0 0 0 0 0 0 0 0 0 0 1 0 0 0 0 1 0 0 1 
0 0 1 1 0 0 1 0 0 0 1 0 1 0 0 0 0 0 1 0 0 1 0 0 0 1 0 0 1 1 0 0 1 0 1 0 0 0 0 1 
0 1 1 0 0 1 0 1 0 0 1 0 0 0 1 0 1 0 0 0 0 0 0 0 0 0 0 1 0 0 0 0 1 1 0 1 0 0 0 0 
0 1 0 0 0 0 0 0 1 1 0 0 0 0 0 0 0 0 0 1 0 0 0 0 0 1 0 0 1 1 1 0 0 0 0 1 0 0 0 0 
0 0 1 0 0 0 0 0 0 0 0 0 0 0 0 0 0 0 0 0 0 0 0 1 0 0 0 0 0 0 0 0 1 0 0 0 0 0 0 0 
0 0 0 1 0 0 0 0 1 0 0 0 0 0 0 1 0 0 0 1 0 0 0 0 1 0 0 0 0 0 0 0 0 1 0 0 0 0 0 0 
0 0 0 1 1 0 1 0 0 0 0 0 0 0 0 0 0 0 1 1 1 0 0 0 0 0 0 0 0 0 1 0 0 0 0 0 0 0 0 0 
0 1 0 0 0 0 0 0 0 1 0 0 0 0 0 1 1 0 0 0 0 0 0 0 0 0 1 0 0 0 0 0 0 0 0 0 1 0 0 0 
1 0 0 1 0 0 0 1 0 0 0 0 1 0 1 0 0 1 0 0 1 0 0 0 0 1 1 0 1 0 0 1 0 0 0 1 0 0 0 1 
0 1 0 0 0 0 0 0 0 1 0 0 0 0 1 0 0 0 0 0 0 1 1 0 0 0 1 0 0 0 1 0 0 0 1 0 1 0 1 0 
1 1 1 0 0 1 0 0 0 0 0 0 0 0 0 1 0 0 1 1 0 0 1 1 0 0 0 1 0 0 0 0 0 1 0 1 0 0 0 0 
0 0 1 0 0 1 0 0 1 0 0 0 0 1 0 0 0 1 0 0 0 0 0 0 0 0 1 0 0 0 1 1 0 1 0 0 0 0 1 0 
1 0 0 0 0 0 0 0 0 0 1 0 1 1 0 0 0 1 0 0 0 0 1 0 0 0 0 0 0 1 0 0 0 0 0 0 0 0 1 0 
1 0 1 0 0 0 0 1 0 0 0 0 0 1 0 1 0 0 0 0 0 1 0 1 1 0 0 0 0 1 0 0 0 0 0 0 1 0 0 0 
0 0 0 1 0 1 0 0 1 0 0 0 0 0 0 0 1 0 0 0 1 0 0 0 0 0 0 0 0 0 0 0 0 0 0 0 1 0 0 0 
0 0 0 0 1 0 0 0 0 0 0 0 0 0 0 0 1 1 0 1 0 0 0 1 0 0 1 0 0 0 1 0 0 1 0 1 0 1 0 0 
0 0 1 0 0 0 0 0 0 0 0 1 0 0 0 0 0 1 0 0 1 0 1 0 1 1 0 0 0 0 0 1 0 1 0 0 0 0 0 0 
1 0 0 0 0 1 0 0 0 0 0 0 1 0 0 0 0 0 0 0 1 0 0 1 0 1 0 1 1 0 0 1 0 0 0 0 0 0 0 0 
0 0 1 1 0 0 1 0 1 0 1 0 0 0 0 1 0 0 0 0 0 0 0 1 1 0 0 0 0 0 1 0 1 0 0 0 0 0 0 0 
0 0 0 0 1 0 0 0 0 0 0 0 0 0 1 1 1 0 1 0 0 0 1 0 0 0 0 0 0 0 0 0 0 1 0 0 1 1 0 0 
1 0 0 0 0 0 0 0 0 1 0 0 0 0 0 0 0 1 0 0 0 0 0 0 1 0 0 0 0 0 0 0 1 0 0 0 0 0 0 0 
0 0 1 0 0 1 1 0 1 0 1 0 0 0 0 1 0 0 0 0 0 0 0 0 1 0 0 0 0 0 1 0 0 0 1 1 0 1 0 0 
0 0 1 0 0 1 0 0 1 0 1 0 0 0 0 0 0 0 0 1 1 0 0 0 0 0 0 0 0 0 0 0 0 0 0 0 0 0 0 0 
0 0 0 0 1 0 0 0 0 0 1 0 0 1 0 0 1 0 1 0 0 0 1 0 0 1 0 0 1 0 0 1 0 0 0 0 0 0 1 1 
1 0 0 1 0 0 0 1 0 0 0 0 0 0 0 1 0 0 1 0 0 0 0 1 1 0 0 0 0 0 1 0 1 0 0 0 0 0 0 0 
0 0 0 0 0 0 0 0 1 1 0 1 0 0 0 0 0 0 0 0 0 0 0 0 0 1 0 1 0 0 0 1 0 0 0 0 0 0 1 0 
0 0 1 0 1 0 0 0 0 1 0 0 1 0 0 0 0 1 1 0 0 0 1 1 0 0 1 0 0 0 0 0 0 0 1 0 1 1 0 0 
0 0 1 0 0 0 0 0 1 0 0 0 0 0 0 0 1 0 0 0 0 0 0 0 0 0 0 0 1 0 0 0 0 1 0 0 1 1 1 0 
0 0 0 0 0 0 0 0 0 1 1 0 0 0 0 1 0 1 0 0 0 0 1 0 0 0 0 0 1 0 0 0 0 0 0 0 0 0 0 0 
1 0 0 0 0 0 0 1 0 0 0 0 0 0 1 0 1 0 0 0 1 1 0 0 0 0 1 0 0 0 0 0 0 1 1 0 0 0 0 0 
0 0 0 0 0 0 0 0 0 0 0 0 0 0 0 0 0 0 0 0 0 0 1 0 0 0 1 0 1 0 0 0 0 1 1 0 0 0 0 0 
0 0 1 0 0 0 0 0 0 0 0 0 0 0 0 0 1 0 1 1 0 0 0 0 0 0 0 0 0 0 1 0 1 0 1 0 0 0 0 0 
0 0 0 0 0 0 1 1 1 0 0 0 0 0 0 1 0 0 0 0 0 0 0 0 0 0 0 0 0 0 1 0 0 0 0 0 0 0 0 0 

0 0 0 0 0 0 0 0 0 0 11 0 0 0 0 2 0 10 0 0 0 8 0 9 0 5 0 0 0 0 0 0 0 18 0 18 0 0 0 0 
0 0 1 0 18 0 0 0 0 0 0 0 0 0 0 0 0 0 0 7 0 0 2 0 0 0 5 0 0 4 0 0 0 18 0 0 0 0 0 0 
1 6 0 0 0 0 0 0 0 0 0 0 0 11 0 0 0 0 0 14 0 0 0 0 0 0 0 0 0 0 2 2 0 0 0 0 0 0 0 0 
0 0 0 0 0 0 0 0 2 2 18 0 0 0 2 0 4 0 0 0 0 15 0 18 9 0 0 0 0 0 0 0 0 0 0 0 0 17 2 7 
0 11 0 0 0 8 0 0 0 0 0 0 17 18 0 0 0 0 4 8 0 0 0 1 0 0 0 0 0 0 0 1 0 0 0 0 0 0 0 0 
0 0 0 0 3 0 8 0 0 0 0 0 0 1 0 14 16 3 0 0 0 0 0 13 0 0 0 0 0 0 1 0 4 0 0 0 7 7 0 0 
0 0 0 0 0 13 0 0 0 0 0 0 16 0 16 12 0 0 0 2 0 1 0 7 0 0 0 0 0 0 0 0 0 0 0 0 0 0 7 0 
14 0 0 10 0 3 11 0 0 0 0 6 0 0 0 0 15 0 19 12 0 0 0 0 0 0 0 5 0 5 2 12 0 0 0 0 0 0 0 0 
0 0 0 0 0 0 0 14 0 1 0 1 0 0 16 0 0 16 0 0 0 0 0 0 14 0 3 0 0 0 0 0 0 0 13 16 0 0 0 10 
10 1 0 0 0 0 0 0 0 0 4 0 0 0 0 0 0 0 4 0 0 1 0 17 0 16 0 0 0 0 0 0 0 0 0 0 0 0 0 0 
0 0 0 0 0 0 4 0 0 16 0 0 0 0 0 16 0 0 0 13 0 0 0 0 0 0 3 0 0 0 0 0 0 0 15 0 0 0 0 0 
0 0 0 0 0 0 0 0 13 0 0 0 15 6 0 0 8 0 10 0 17 0 0 19 7 18 0 2 0 0 1 0 0 9 0 3 0 0 0 0 
0 11 0 18 0 0 11 0 0 0 0 0 0 0 0 0 0 12 0 0 0 0 9 0 0 14 0 0 0 0 0 0 4 0 0 0 3 12 0 0 
1 0 0 0 0 0 16 0 0 0 0 0 0 0 0 0 1 16 0 0 0 0 0 0 0 0 0 0 0 0 2 0 0 0 0 13 0 0 0 0 
0 0 0 0 0 0 0 4 15 0 0 0 0 0 0 0 0 0 9 0 0 0 0 0 0 0 0 0 0 0 0 0 0 0 0 0 0 0 8 15 
0 0 15 0 0 0 0 0 0 0 0 0 0 0 0 0 0 0 2 0 2 0 0 10 0 17 0 11 0 0 0 0 12 3 0 0 0 0 0 0 
0 18 0 0 0 0 0 0 0 0 0 0 3 0 0 0 0 0 0 0 0 0 0 0 0 0 0 0 0 0 0 0 0 0 0 17 0 17 0 0 
0 6 0 0 0 0 5 0 0 0 0 0 5 11 0 0 0 0 0 0 0 0 0 0 0 0 0 0 0 0 0 9 0 0 6 0 7 0 0 10 
0 0 0 11 0 11 0 3 0 0 0 0 0 1 0 0 0 17 0 0 0 0 11 0 7 0 0 10 0 0 0 0 17 0 0 0 0 0 0 0 
0 0 0 0 0 0 0 18 0 0 0 0 0 0 18 0 0 0 15 0 0 0 0 2 0 0 6 0 0 0 0 0 0 0 0 0 17 0 0 0 
0 0 0 9 9 0 0 0 1 0 0 0 0 0 0 0 10 4 0 0 0 0 0 0 0 0 0 10 1 0 0 0 0 0 0 0 0 0 5 6 
0 0 0 0 0 0 0 3 11 0 0 0 0 3 0 0 0 0 0 0 0 0 0 0 0 0 12 0 13 0 0 0 0 3 0 0 1 0 0 0 
11 0 0 0 0 0 9 0 0 7 0 0 0 12 0 4 18 0 0 0 0 0 0 0 0 0 0 0 0 11 15 0 0 0 0 0 0 14 18 0 
0 0 16 0 0 0 0 0 0 0 2 0 9 0 0 0 0 11 0 0 0 0 3 0 0 7 0 9 3 0 0 0 0 0 0 0 0 0 0 19 
1 0 0 0 0 3 0 0 0 0 0 0 0 0 0 0 8 0 0 0 14 0 0 0 0 0 0 0 0 0 0 0 17 0 0 0 12 0 0 14 
0 2 4 0 0 0 0 0 4 0 0 0 0 0 3 0 0 6 13 0 0 9 0 0 10 0 0 0 0 0 0 0 0 0 8 0 0 0 0 0 
0 0 0 0 0 0 0 0 0 0 17 0 0 0 0 16 0 0 0 0 0 0 0 0 0 17 0 0 10 0 8 0 0 0 10 0 0 0 0 0 
0 0 0 0 0 0 0 0 0 0 0 0 0 0 0 0 0 0 0 0 19 0 0 11 0 0 11 0 0 0 0 0 0 7 0 0 0 0 11 0 
0 0 0 0 0 0 0 0 13 0 0 0 0 0 0 0 0 0 13 0 0 0 0 0 0 0 18 17 0 0 8 0 0 0 0 0 0 0 0 0 
0 0 0 0 0 0 5 0 5 0 0 0 0 0 0 0 0 1 11 5 0 0 0 0 0 0 0 0 0 0 0 1 5 0 0 0 0 0 0 17 
0 0 2 0 0 0 0 0 0 0 0 0 0 0 0 12 11 6 0 0 14 0 0 0 5 0 0 0 0 17 0 0 2 7 0 0 0 0 0 9 
0 0 0 0 2 1 0 0 0 5 0 0 0 0 0 0 0 0 0 0 0 5 0 8 13 0 0 0 9 0 0 0 0 0 0 15 16 8 0 10 
0 0 0 0 0 0 8 0 0 0 0 19 0 0 0 0 0 0 9 0 18 0 0 0 0 9 7 9 0 0 0 0 0 0 0 0 0 0 13 0 
0 18 0 3 0 8 0 0 0 0 0 0 0 0 0 0 6 0 0 0 0 18 0 1 0 0 3 8 14 4 7 0 0 0 0 0 17 12 0 17 
0 0 0 0 0 1 0 0 0 0 0 0 0 0 0 0 8 0 0 0 0 0 10 0 0 0 0 0 0 0 11 0 3 5 0 0 0 0 0 0 
0 11 0 0 11 0 0 15 0 0 0 0 0 8 0 0 0 0 0 0 19 0 0 0 0 8 0 4 0 0 2 0 0 0 0 0 0 12 7 0 
0 0 0 0 0 0 0 0 0 0 0 0 0 0 17 8 0 6 9 0 0 5 16 0 4 0 0 0 0 0 0 0 0 0 0 0 0 0 0 10 
17 13 0 0 0 0 0 0 0 0 0 10 0 0 15 0 0 0 0 7 0 0 0 0 0 0 11 17 0 18 0 0 0 17 0 0 0 0 0 0 
0 0 0 14 0 0 11 0 0 18 0 8 14 0 0 2 0 0 0 0 7 18 0 0 0 3 0 0 0 0 18 0 0 0 0 0 18 0 0 0 
12 0 0 0 5 0 0 0 0 0 0 0 0 0 0 0 10 5 0 0 0 0 0 0 0 11 3 15 0 0 0 0 0 0 0 0 0 0 8 0 
