40

0 1 1 1 1 1 1 1 1 1 1 1 1 1 1 1 1 1 1 1 1 1 1 1 1 1 1 0 0 0 1 1 1 1 1 1 1 1 1 1 
1 0 1 1 1 1 1 1 1 1 1 1 1 1 1 1 1 1 1 1 1 1 1 1 1 1 1 1 1 1 1 1 1 1 1 1 0 1 1 1 
1 1 0 1 1 1 1 0 1 1 1 1 1 1 1 1 1 0 1 1 1 1 1 1 1 1 1 1 1 1 1 1 1 1 1 1 1 1 1 1 
1 1 1 0 1 1 1 1 1 1 1 1 1 1 1 1 1 1 1 1 1 1 1 1 1 1 1 1 1 0 1 1 1 1 1 1 1 1 1 1 
1 1 1 1 0 1 1 1 1 1 1 1 1 1 1 1 1 1 1 1 1 1 1 1 0 1 1 0 1 0 0 1 1 1 1 1 1 1 1 1 
1 1 1 1 1 0 1 1 1 1 1 1 1 1 0 1 1 1 1 1 1 1 1 1 1 1 1 1 1 1 1 1 1 1 1 1 1 1 1 1 
1 1 1 1 1 1 0 0 1 1 1 1 1 1 1 1 1 1 0 1 1 1 1 1 1 0 1 1 1 1 1 1 1 1 1 1 1 1 1 0 
1 1 0 1 1 1 0 0 1 1 0 1 1 1 1 1 1 1 1 1 1 1 1 1 1 1 1 1 1 1 1 1 1 1 1 1 1 0 1 1 
1 1 1 1 1 1 1 1 0 0 1 1 1 1 1 0 1 1 1 1 1 1 1 0 1 1 1 1 0 1 1 1 1 1 1 0 1 0 1 1 
1 1 1 1 1 1 1 1 0 0 0 1 0 1 1 1 1 1 1 1 0 1 1 1 1 1 1 1 1 1 1 1 1 1 1 1 1 1 1 1 
1 1 1 1 1 1 1 0 1 0 0 1 1 1 1 1 1 1 1 1 1 1 1 0 1 1 1 1 1 1 1 1 1 1 1 1 0 1 1 1 
1 1 1 1 1 1 1 1 1 1 1 0 1 1 1 1 1 1 0 1 1 1 1 1 1 1 1 1 1 1 1 1 1 1 1 1 1 1 0 0 
1 1 1 1 1 1 1 1 1 0 1 1 0 1 1 1 0 1 1 1 0 1 1 1 0 1 1 1 1 1 1 1 1 1 1 0 1 1 1 1 
1 1 1 1 1 1 1 1 1 1 1 1 1 0 1 1 1 1 1 1 1 1 1 0 1 1 0 1 0 1 1 1 1 1 1 1 1 1 1 1 
1 1 1 1 1 0 1 1 1 1 1 1 1 1 0 1 1 0 0 1 1 1 1 0 0 1 1 1 1 1 1 0 1 0 1 1 1 1 1 1 
1 1 1 1 1 1 1 1 0 1 1 1 1 1 1 0 1 1 0 1 1 1 1 1 1 1 1 1 1 1 1 1 1 1 1 1 1 1 1 1 
1 1 1 1 1 1 1 1 1 1 1 1 0 1 1 1 0 1 0 1 1 1 1 1 1 1 1 1 1 1 1 1 1 1 1 1 1 1 1 1 
1 1 0 1 1 1 1 1 1 1 1 1 1 1 0 1 1 0 1 1 1 1 1 1 1 1 1 1 1 1 1 1 1 1 1 1 1 1 1 1 
1 1 1 1 1 1 0 1 1 1 1 0 1 1 0 0 0 1 0 1 1 1 1 1 1 1 1 1 0 1 1 1 1 1 1 1 1 1 1 1 
1 1 1 1 1 1 1 1 1 1 1 1 1 1 1 1 1 1 1 0 1 1 1 0 1 1 1 1 1 1 1 1 1 1 1 1 1 1 1 1 
1 1 1 1 1 1 1 1 1 0 1 1 0 1 1 1 1 1 1 1 0 1 1 1 1 1 1 1 1 1 1 0 0 1 1 1 1 1 1 1 
1 1 1 1 1 1 1 1 1 1 1 1 1 1 1 1 1 1 1 1 1 0 1 1 1 1 1 1 1 1 1 1 1 0 1 1 1 1 0 1 
1 1 1 1 1 1 1 1 1 1 1 1 1 1 1 1 1 1 1 1 1 1 0 1 1 1 1 1 1 1 1 0 1 1 1 0 1 1 1 1 
1 1 1 1 1 1 1 1 0 1 0 1 1 0 0 1 1 1 1 0 1 1 1 0 1 1 0 1 1 0 1 1 0 1 1 1 0 1 1 1 
1 1 1 1 0 1 1 1 1 1 1 1 0 1 0 1 1 1 1 1 1 1 1 1 0 1 1 1 1 1 1 1 1 1 1 1 1 1 1 1 
1 1 1 1 1 1 0 1 1 1 1 1 1 1 1 1 1 1 1 1 1 1 1 1 1 0 1 1 1 1 1 1 1 1 1 1 0 1 1 1 
1 1 1 1 1 1 1 1 1 1 1 1 1 0 1 1 1 1 1 1 1 1 1 0 1 1 0 1 1 1 0 1 1 1 1 1 1 1 1 1 
0 1 1 1 0 1 1 1 1 1 1 1 1 1 1 1 1 1 1 1 1 1 1 1 1 1 1 0 1 1 1 1 1 1 1 1 1 1 1 0 
0 1 1 1 1 1 1 1 0 1 1 1 1 0 1 1 1 1 0 1 1 1 1 1 1 1 1 1 0 1 1 1 1 1 1 1 1 1 1 1 
0 1 1 0 0 1 1 1 1 1 1 1 1 1 1 1 1 1 1 1 1 1 1 0 1 1 1 1 1 0 1 1 1 1 1 1 1 1 1 1 
1 1 1 1 0 1 1 1 1 1 1 1 1 1 1 1 1 1 1 1 1 1 1 1 1 1 0 1 1 1 0 1 1 1 1 1 1 1 1 1 
1 1 1 1 1 1 1 1 1 1 1 1 1 1 0 1 1 1 1 1 0 1 0 1 1 1 1 1 1 1 1 0 0 1 1 1 1 1 1 1 
1 1 1 1 1 1 1 1 1 1 1 1 1 1 1 1 1 1 1 1 0 1 1 0 1 1 1 1 1 1 1 0 0 1 1 1 1 1 1 1 
1 1 1 1 1 1 1 1 1 1 1 1 1 1 0 1 1 1 1 1 1 0 1 1 1 1 1 1 1 1 1 1 1 0 1 1 1 1 1 1 
1 1 1 1 1 1 1 1 1 1 1 1 1 1 1 1 1 1 1 1 1 1 1 1 1 1 1 1 1 1 1 1 1 1 0 1 1 1 1 1 
1 1 1 1 1 1 1 1 0 1 1 1 0 1 1 1 1 1 1 1 1 1 0 1 1 1 1 1 1 1 1 1 1 1 1 0 1 1 0 1 
1 0 1 1 1 1 1 1 1 1 0 1 1 1 1 1 1 1 1 1 1 1 1 0 1 0 1 1 1 1 1 1 1 1 1 1 0 1 1 1 
1 1 1 1 1 1 1 0 0 1 1 1 1 1 1 1 1 1 1 1 1 1 1 1 1 1 1 1 1 1 1 1 1 1 1 1 1 0 1 1 
1 1 1 1 1 1 1 1 1 1 1 0 1 1 1 1 1 1 1 1 1 0 1 1 1 1 1 1 1 1 1 1 1 1 1 0 1 1 0 1 
1 1 1 1 1 1 0 1 1 1 1 0 1 1 1 1 1 1 1 1 1 1 1 1 1 1 1 0 1 1 1 1 1 1 1 1 1 1 1 0 

0 0 0 0 0 0 0 0 0 0 0 0 0 6 9 4 0 0 0 1 0 0 0 0 5 0 0 0 0 0 0 12 0 0 0 0 4 0 0 0 
0 0 0 0 0 0 11 0 0 0 0 0 19 0 0 0 0 18 0 0 0 0 0 0 0 0 0 0 0 0 0 1 0 4 0 13 0 0 0 0 
0 0 0 0 0 5 0 0 19 0 11 0 0 7 0 0 0 0 0 0 0 0 0 0 0 0 0 0 0 0 3 0 0 0 0 0 0 17 0 0 
0 0 0 0 0 9 0 1 0 1 0 0 0 0 0 4 0 0 0 12 0 0 0 0 0 0 17 0 0 0 0 0 0 0 0 20 0 0 0 2 
0 0 0 0 0 0 0 0 0 0 0 0 0 0 0 0 0 3 0 0 0 0 0 0 0 0 0 0 0 0 0 0 0 0 0 0 7 0 0 0 
0 0 0 0 0 0 11 0 19 0 0 1 0 20 0 0 0 0 0 14 0 0 2 0 0 0 0 0 1 0 0 0 0 0 0 12 0 0 0 0 
0 12 0 11 0 0 0 0 2 0 1 0 0 0 0 0 0 0 0 0 0 0 0 0 0 19 0 0 0 0 0 9 0 0 1 0 0 0 0 0 
0 0 0 0 0 0 0 0 0 0 15 0 0 0 0 0 0 7 0 0 0 16 0 0 0 0 0 0 0 0 0 4 0 0 0 0 0 0 0 15 
6 0 0 0 0 0 0 12 0 0 0 0 11 0 0 0 0 0 10 0 0 0 0 0 0 0 0 0 0 0 0 0 0 0 0 0 0 0 0 0 
0 0 0 12 0 2 0 4 0 0 0 0 0 0 0 0 6 0 0 3 0 0 0 0 0 0 18 15 12 0 0 16 0 0 0 0 0 0 0 0 
0 7 2 0 0 0 8 0 0 0 0 10 0 0 0 0 0 0 0 0 0 16 3 11 0 0 0 17 0 0 0 0 0 0 0 1 0 0 0 0 
0 0 9 0 0 11 0 0 0 0 0 0 0 0 0 0 11 0 18 19 0 0 0 19 0 0 0 13 0 0 0 2 0 8 0 0 1 0 0 0 
10 5 0 0 0 0 0 0 0 0 4 13 0 0 0 0 0 0 0 0 0 0 0 15 0 0 0 0 0 0 0 0 0 1 0 3 0 0 0 0 
1 0 0 0 16 0 0 0 0 0 0 0 0 0 0 6 0 11 0 8 0 0 0 10 2 0 3 0 0 7 0 0 0 2 0 0 0 0 0 0 
0 0 0 0 0 18 20 0 9 0 0 0 0 0 0 0 0 12 0 9 8 0 7 0 0 0 0 0 0 0 0 0 0 0 0 18 0 0 0 0 
0 0 0 0 0 19 0 0 16 0 14 10 0 16 0 0 0 14 0 0 14 0 11 0 0 0 0 0 0 12 0 0 10 3 2 0 0 0 5 0 
0 0 9 0 0 0 0 17 0 0 0 0 7 0 0 0 0 13 0 0 0 17 0 0 0 0 0 0 0 0 0 0 0 0 13 0 0 0 0 18 
0 0 15 0 0 0 0 0 0 0 11 0 0 0 0 14 0 0 0 18 0 0 0 0 0 13 0 0 19 0 0 0 0 0 0 0 16 12 0 0 
0 0 0 0 3 0 0 0 12 0 13 1 0 0 0 0 0 3 0 0 0 0 0 5 0 0 0 4 0 0 0 0 0 0 0 0 0 0 0 0 
16 0 0 0 0 0 0 0 0 0 1 0 0 0 6 0 0 10 0 0 0 0 0 0 0 0 1 0 0 16 9 0 8 0 0 14 0 0 0 0 
0 0 0 2 0 0 5 0 2 0 0 0 0 13 0 0 0 1 12 0 0 0 0 8 10 0 11 0 0 0 0 3 0 14 0 0 0 0 0 0 
0 0 0 0 0 0 15 0 8 0 15 0 0 0 0 0 3 0 5 8 0 0 0 0 0 0 0 0 0 0 0 0 0 0 0 19 19 0 0 0 
0 0 0 0 0 0 0 0 0 0 0 19 0 0 0 2 0 0 0 0 0 0 0 0 0 0 0 5 0 0 0 0 0 0 19 0 0 0 13 3 
0 0 13 0 0 0 13 0 0 0 0 0 0 0 0 7 6 0 0 0 0 0 0 0 4 0 0 0 0 13 0 0 0 0 0 0 0 9 0 0 
0 0 13 0 0 2 3 13 0 0 0 0 8 18 0 0 0 7 0 15 0 0 0 0 0 0 0 9 0 0 0 0 0 0 0 4 0 5 0 7 
0 0 0 0 0 0 14 0 0 0 11 0 3 0 0 0 0 0 0 0 13 0 0 0 0 0 0 0 0 6 0 0 0 6 10 0 0 0 0 0 
0 11 0 0 0 0 0 0 0 17 0 0 0 0 20 0 0 0 0 0 5 0 0 0 0 0 0 0 0 18 0 0 0 0 8 0 0 0 19 8 
0 0 0 0 0 0 19 0 0 0 6 0 0 16 11 0 0 0 0 7 0 0 0 0 0 0 0 0 0 0 0 0 0 0 8 0 11 0 0 0 
0 15 5 0 0 0 0 0 0 0 1 4 0 0 0 0 13 0 0 0 0 0 0 8 0 15 0 0 0 0 0 0 0 0 14 0 0 0 0 0 
0 0 0 3 7 0 2 0 6 0 15 4 0 0 0 1 2 19 0 0 0 0 12 11 0 4 0 0 0 0 0 19 0 0 0 11 0 0 0 0 
10 0 0 0 0 17 0 0 0 0 0 9 0 0 19 0 0 1 0 0 0 3 0 0 0 0 0 0 0 0 0 18 0 0 0 0 0 0 0 0 
0 0 0 0 13 0 0 0 0 0 0 10 0 5 0 0 0 0 0 0 0 0 9 0 0 16 0 0 0 0 0 0 0 0 8 0 0 0 0 9 
18 0 0 0 0 0 0 0 0 0 0 0 0 0 0 18 0 7 0 0 5 0 0 0 0 0 15 0 4 0 0 0 0 17 0 0 0 0 0 11 
0 0 0 0 0 0 6 14 0 0 0 0 9 0 0 16 0 0 0 4 0 0 0 0 0 0 0 0 0 0 10 0 0 0 0 0 0 0 20 0 
0 0 0 0 0 0 0 1 0 0 2 0 0 0 0 0 0 0 0 0 3 0 0 0 0 0 0 0 0 0 0 15 0 0 0 0 0 0 17 0 
0 0 0 0 0 0 19 0 0 0 0 1 0 0 0 0 0 0 0 0 0 16 0 0 0 0 0 0 0 0 0 0 0 0 0 0 0 0 0 0 
0 0 8 16 19 0 0 10 8 5 0 0 0 0 4 0 14 0 0 0 0 0 11 0 18 0 0 15 3 16 0 0 0 0 0 0 0 0 0 0 
0 0 4 0 0 0 0 0 0 0 12 0 0 0 0 9 0 0 11 0 0 0 8 12 0 0 0 0 12 0 0 0 0 0 0 0 0 0 0 0 
17 0 4 0 0 0 0 7 16 0 0 0 0 0 0 0 0 0 0 0 0 11 0 0 16 12 20 0 4 0 0 0 0 0 0 0 0 0 0 0 
1 0 0 0 0 0 3 0 0 0 0 12 0 0 0 0 0 6 0 12 20 0 13 0 0 0 11 0 0 0 0 0 17 0 0 0 10 0 9 0 
