40

0 1 1 1 1 0 1 0 1 1 0 1 1 1 1 1 1 0 1 1 1 1 1 1 1 1 1 1 1 0 1 1 1 1 1 1 1 1 1 0 
1 0 1 1 0 1 1 1 0 1 1 1 1 1 1 1 0 1 1 1 1 1 1 1 1 1 1 1 1 1 1 1 1 1 1 1 0 1 1 0 
1 1 0 1 0 1 1 1 0 1 1 0 1 1 1 1 1 1 1 1 1 1 0 1 1 1 0 1 1 1 1 1 1 1 1 1 1 0 1 0 
1 1 1 0 1 1 1 0 1 1 1 0 1 1 1 1 1 1 0 1 1 1 1 1 0 1 0 0 1 0 1 1 1 1 0 1 1 1 1 0 
1 0 0 1 0 1 1 1 1 1 1 1 1 1 1 1 0 1 1 1 1 1 1 1 1 1 0 1 1 1 0 1 1 1 1 0 1 1 0 0 
0 1 1 1 1 0 1 1 1 1 1 1 1 0 1 0 1 1 1 1 1 1 1 1 1 1 0 0 1 1 1 0 1 1 1 1 1 1 1 1 
1 1 1 1 1 1 0 1 1 1 1 1 1 0 1 1 1 1 1 1 1 1 1 1 1 1 1 1 1 0 1 1 1 1 1 1 1 1 0 0 
0 1 1 0 1 1 1 0 1 1 1 0 1 1 0 1 1 1 0 1 1 1 1 1 1 1 1 1 1 1 1 1 1 1 0 0 1 1 1 1 
1 0 0 1 1 1 1 1 0 0 1 1 0 1 1 1 1 1 1 1 0 1 1 1 1 0 1 0 0 1 1 1 1 0 0 1 1 0 1 1 
1 1 1 1 1 1 1 1 0 0 1 1 1 1 1 1 1 1 1 1 1 1 1 1 1 1 1 1 0 0 1 1 1 1 1 1 1 1 1 1 
0 1 1 1 1 1 1 1 1 1 0 1 1 1 1 1 1 0 1 1 1 1 1 0 1 1 0 0 0 1 1 1 1 1 1 0 1 1 1 1 
1 1 0 0 1 1 1 0 1 1 1 0 1 1 0 1 1 1 0 1 1 1 1 1 1 1 1 1 1 1 1 1 1 1 0 1 1 0 1 1 
1 1 1 1 1 1 1 1 0 1 1 1 0 1 1 1 0 1 1 1 1 1 1 1 0 1 0 1 1 1 1 0 0 1 1 0 1 1 1 1 
1 1 1 1 1 0 0 1 1 1 1 1 1 0 1 1 1 1 1 1 1 1 1 1 1 1 1 1 1 0 1 0 1 1 1 1 1 1 1 1 
1 1 1 1 1 1 1 0 1 1 1 0 1 1 0 1 1 0 1 1 1 0 1 0 1 1 1 1 1 1 1 1 1 0 0 1 1 1 1 1 
1 1 1 1 1 0 1 1 1 1 1 1 1 1 1 0 1 1 1 1 0 1 1 0 1 1 1 1 1 1 1 1 0 1 1 1 1 1 1 1 
1 0 1 1 0 1 1 1 1 1 1 1 0 1 1 1 0 1 1 0 1 1 1 1 0 0 1 1 0 1 1 1 1 1 1 1 1 1 1 1 
0 1 1 1 1 1 1 1 1 1 0 1 1 1 0 1 1 0 1 1 1 1 1 0 1 1 1 1 0 0 0 1 1 0 1 1 0 1 1 1 
1 1 1 0 1 1 1 0 1 1 1 0 1 1 1 1 1 1 0 1 0 1 1 1 1 0 1 1 1 0 1 0 1 1 1 0 0 0 1 1 
1 1 1 1 1 1 1 1 1 1 1 1 1 1 1 1 0 1 1 0 1 0 1 1 1 1 1 1 0 0 1 1 0 1 1 0 1 1 1 1 
1 1 1 1 1 1 1 1 0 1 1 1 1 1 1 0 1 1 0 1 0 1 1 1 1 1 1 1 1 1 1 1 1 0 1 1 0 1 1 1 
1 1 1 1 1 1 1 1 1 1 1 1 1 1 0 1 1 1 1 0 1 0 1 1 1 1 1 1 1 0 1 0 0 1 1 1 0 1 1 1 
1 1 0 1 1 1 1 1 1 1 1 1 1 1 1 1 1 1 1 1 1 1 0 0 1 1 0 1 1 1 1 1 1 1 1 1 1 1 1 1 
1 1 1 1 1 1 1 1 1 1 0 1 1 1 0 0 1 0 1 1 1 1 0 0 1 1 1 1 1 1 1 1 1 0 0 1 1 1 1 1 
1 1 1 0 1 1 1 1 1 1 1 1 0 1 1 1 0 1 1 1 1 1 1 1 0 1 1 1 1 1 1 1 0 1 1 1 1 1 1 1 
1 1 1 1 1 1 1 1 0 1 1 1 1 1 1 1 0 1 0 1 1 1 1 1 1 0 1 1 0 1 1 1 1 1 1 0 1 1 1 1 
1 1 0 0 0 0 1 1 1 1 0 1 0 1 1 1 1 1 1 1 1 1 0 1 1 1 0 1 1 1 1 1 1 1 1 0 1 1 1 1 
1 1 1 0 1 0 1 1 0 1 0 1 1 1 1 1 1 1 1 1 1 1 1 1 1 1 1 0 1 1 1 1 1 1 1 1 1 1 1 1 
1 1 1 1 1 1 1 1 0 0 0 1 1 1 1 1 0 0 1 0 1 1 1 1 1 0 1 1 0 1 0 1 1 1 1 1 1 1 1 0 
0 1 1 0 1 1 0 1 1 0 1 1 1 0 1 1 1 0 0 0 1 0 1 1 1 1 1 1 1 0 1 1 1 0 0 1 0 0 1 0 
1 1 1 1 0 1 1 1 1 1 1 1 1 1 1 1 1 0 1 1 1 1 1 1 1 1 1 1 0 1 0 0 1 0 1 1 0 1 1 0 
1 1 1 1 1 0 1 1 1 1 1 1 0 0 1 1 1 1 0 1 1 0 1 1 1 1 1 1 1 1 0 0 1 1 0 1 1 1 1 0 
1 1 1 1 1 1 1 1 1 1 1 1 0 1 1 0 1 1 1 0 1 0 1 1 0 1 1 1 1 1 1 1 0 0 1 1 1 1 1 1 
1 1 1 1 1 1 1 1 0 1 1 1 1 1 0 1 1 0 1 1 0 1 1 0 1 1 1 1 1 0 0 1 0 0 1 0 0 1 0 1 
1 1 1 0 1 1 1 0 0 1 1 0 1 1 0 1 1 1 1 1 1 1 1 0 1 1 1 1 1 0 1 0 1 1 0 0 0 1 1 1 
1 1 1 1 0 1 1 0 1 1 0 1 0 1 1 1 1 1 0 0 1 1 1 1 1 0 0 1 1 1 1 1 1 0 0 0 1 0 1 1 
1 0 1 1 1 1 1 1 1 1 1 1 1 1 1 1 1 0 0 1 0 0 1 1 1 1 1 1 1 0 0 1 1 0 0 1 0 0 1 1 
1 1 0 1 1 1 1 1 0 1 1 0 1 1 1 1 1 1 0 1 1 1 1 1 1 1 1 1 1 0 1 1 1 1 1 0 0 0 1 1 
1 1 1 1 0 1 0 1 1 1 1 1 1 1 1 1 1 1 1 1 1 1 1 1 1 1 1 1 1 1 1 1 1 0 1 1 1 1 0 1 
0 0 0 0 0 1 0 1 1 1 1 1 1 1 1 1 1 1 1 1 1 1 1 1 1 1 1 1 0 0 0 0 1 1 1 1 1 1 1 0 

0 0 0 12 0 0 0 0 30 0 0 0 0 0 0 16 0 0 0 1 31 0 0 0 0 0 0 0 0 25 0 20 0 16 0 0 0 0 0 0 
0 0 17 0 22 0 0 0 0 0 10 30 31 0 0 0 0 0 0 0 0 0 0 0 16 0 0 3 0 0 0 0 0 1 0 0 0 0 0 0 
0 19 0 0 0 7 0 0 0 0 0 15 19 0 1 0 0 0 0 0 0 0 0 0 0 0 0 0 0 31 0 0 0 0 0 0 0 0 0 0 
4 9 0 0 0 0 0 0 0 0 0 0 0 0 0 0 7 0 0 0 14 0 0 28 0 0 0 0 0 21 24 0 0 0 0 0 0 0 0 0 
0 0 0 0 0 0 0 0 0 0 0 0 16 0 0 0 0 0 0 0 30 19 0 9 0 0 0 0 0 0 0 0 29 14 0 0 0 0 0 0 
11 0 0 30 29 0 0 0 0 0 0 0 0 15 0 0 0 0 22 0 0 0 0 4 0 0 0 0 32 0 0 0 0 0 0 0 0 0 0 0 
0 18 0 0 0 0 0 0 0 0 0 0 0 0 0 0 0 0 0 0 28 0 0 0 1 11 0 25 0 9 0 0 0 0 0 0 0 26 0 0 
0 12 14 22 0 0 0 0 0 0 0 0 0 0 0 0 22 8 0 0 0 0 0 0 0 0 0 0 0 0 0 0 0 0 0 14 0 0 0 0 
21 17 0 0 0 0 7 0 0 0 0 0 0 0 27 0 0 0 24 11 0 0 0 2 0 0 0 0 0 0 16 4 0 0 0 0 0 0 0 0 
34 0 0 0 0 0 17 0 0 0 6 0 0 0 0 0 0 0 0 0 0 0 0 0 0 0 0 0 0 0 0 0 17 0 2 0 0 0 0 0 
19 0 0 0 0 30 0 23 0 0 0 29 0 0 0 1 0 0 6 0 0 0 0 21 0 0 0 0 0 0 0 9 0 5 0 21 0 0 4 0 
0 0 0 7 0 0 4 0 13 2 0 0 0 0 0 0 0 0 0 28 0 0 0 0 0 0 3 0 0 16 8 0 4 0 23 31 0 10 0 0 
3 0 0 0 0 0 0 0 0 3 3 0 0 0 3 0 0 19 0 0 0 9 0 0 0 2 29 0 0 0 0 0 0 0 0 0 30 0 0 17 
0 0 0 0 0 0 0 9 25 0 0 0 0 0 0 0 0 0 0 0 0 0 0 0 0 18 0 0 0 0 0 0 0 0 0 0 19 0 0 1 
0 0 0 0 0 0 0 0 0 0 0 12 0 30 0 0 0 0 20 0 1 0 0 2 0 0 0 0 0 0 0 0 0 0 0 0 0 0 23 0 
26 7 0 0 0 0 0 0 13 9 0 0 0 0 0 0 0 13 0 0 0 0 15 4 0 23 0 0 25 26 0 0 0 6 24 0 0 0 0 0 
0 0 0 24 0 0 0 0 0 0 0 0 0 0 2 0 0 0 0 0 0 0 3 0 0 0 0 0 25 13 0 0 0 0 0 16 0 0 0 0 
0 7 0 15 0 0 0 0 0 0 0 0 0 0 0 0 0 0 0 0 8 14 0 0 0 0 0 0 0 0 0 0 0 20 22 0 0 0 0 0 
0 0 0 0 0 23 0 0 0 0 0 0 0 0 0 0 0 0 0 0 0 0 0 0 0 0 0 0 0 0 0 0 0 0 21 0 0 3 0 20 
0 0 0 2 0 0 0 0 0 0 0 0 7 0 0 0 0 0 0 0 0 0 0 0 0 0 0 14 0 0 0 0 0 0 0 0 8 0 4 0 
0 5 0 0 0 0 0 6 0 1 0 0 0 0 0 0 0 0 0 0 0 5 0 0 0 0 0 1 0 0 11 0 0 21 11 0 0 0 0 0 
16 0 0 21 24 0 0 0 0 17 0 11 15 0 0 0 19 0 0 0 0 0 0 0 0 14 0 0 0 0 0 0 0 0 0 0 0 0 20 0 
0 0 0 0 0 0 0 0 12 26 0 0 0 0 0 0 0 0 0 20 0 0 0 0 0 0 0 0 0 0 0 0 0 0 17 0 0 0 0 29 
14 0 0 0 0 0 0 0 0 0 26 0 8 0 0 0 0 10 0 0 0 0 4 0 0 0 0 0 0 0 0 0 0 0 12 0 0 0 17 0 
0 0 0 0 0 0 6 30 0 21 0 0 0 0 0 26 30 19 0 0 0 20 0 0 0 10 0 0 0 0 0 0 0 0 0 0 0 0 28 6 
0 0 0 0 0 0 0 0 4 0 0 0 0 0 1 0 0 0 9 18 0 0 0 14 0 0 0 0 0 0 2 0 0 29 30 15 0 0 0 0 
0 0 0 30 0 0 0 8 0 30 0 0 0 0 0 0 0 0 0 0 0 0 0 0 20 0 0 0 11 2 0 0 0 0 0 0 0 0 0 0 
0 0 10 0 0 0 0 17 0 0 0 0 0 0 2 16 0 0 0 0 30 0 0 0 0 0 17 0 17 0 0 0 23 28 0 0 31 16 25 0 
0 0 0 0 0 0 30 0 0 0 0 0 0 0 8 0 0 0 0 28 0 0 0 0 0 0 0 19 0 0 0 0 0 14 0 0 0 0 0 0 
0 0 0 0 30 0 27 0 0 0 0 0 0 0 0 14 0 11 0 0 22 0 0 0 0 0 0 0 0 0 0 0 22 0 0 30 14 0 29 0 
0 12 0 0 0 0 0 21 26 0 3 0 0 0 0 0 0 0 31 25 0 0 1 0 0 0 0 0 0 0 0 0 0 0 12 0 0 23 0 0 
0 0 6 7 6 0 0 0 0 24 0 16 14 0 0 0 0 0 0 29 28 0 0 0 0 0 0 0 0 0 0 0 28 9 0 26 0 0 0 12 
12 21 0 0 0 0 0 0 5 0 1 0 0 0 0 0 0 14 0 0 0 0 0 0 0 14 0 0 0 29 0 0 0 2 0 0 0 0 0 0 
0 9 0 0 0 0 0 3 6 0 0 0 12 0 0 0 0 14 4 0 0 0 0 0 0 0 0 0 0 0 0 0 14 0 10 0 0 0 0 0 
0 0 0 0 0 0 11 19 0 14 17 0 0 0 24 0 0 0 0 10 0 30 0 0 6 0 0 0 0 0 0 0 0 0 0 0 11 0 0 0 
0 0 0 0 4 0 0 0 0 0 0 0 0 0 0 0 0 0 0 0 0 0 0 0 0 0 0 0 0 0 0 0 0 0 4 0 0 11 0 0 
0 21 0 0 23 0 26 0 0 0 0 0 0 0 0 0 0 0 0 0 0 0 0 0 0 0 10 16 0 0 0 0 0 0 0 0 0 0 0 0 
0 0 0 0 11 8 0 0 0 0 0 0 2 0 4 0 0 0 0 0 0 0 0 0 0 4 0 31 0 0 0 0 0 0 0 0 0 0 0 0 
0 0 0 0 0 25 9 16 0 10 0 0 0 0 0 0 24 0 0 0 0 0 0 0 0 10 13 0 0 0 0 0 0 0 0 0 0 1 0 9 
0 0 0 0 0 24 22 0 0 14 0 13 0 0 0 0 0 0 0 0 0 0 0 0 0 0 9 0 14 18 0 0 0 0 0 0 0 0 29 0 
