40

0 1 0 1 1 0 1 1 1 1 1 0 1 0 1 0 1 1 0 1 1 1 0 1 1 1 1 1 1 0 1 1 0 0 1 1 0 0 1 1 
1 0 0 1 1 0 1 1 1 1 0 1 1 1 1 1 0 0 1 1 1 1 1 1 0 1 1 1 1 1 0 1 1 1 0 0 1 1 0 1 
0 0 0 1 0 1 0 1 1 0 1 1 1 1 1 1 1 1 0 0 0 0 1 1 1 0 1 1 1 1 0 1 0 1 1 1 0 0 1 1 
1 1 1 0 1 1 1 1 1 1 1 1 1 0 1 1 0 1 1 1 1 1 1 0 1 0 1 1 0 1 1 1 1 1 1 1 0 1 1 0 
1 1 0 1 0 1 1 1 1 0 1 1 0 1 0 1 1 1 0 0 1 1 0 0 1 1 1 0 1 1 1 1 0 1 1 1 0 1 0 1 
0 0 1 1 1 0 0 1 1 0 1 1 0 1 1 1 0 1 0 1 1 1 1 1 1 0 1 1 1 0 0 1 1 1 1 0 1 0 1 1 
1 1 0 1 1 0 0 1 1 1 1 1 0 1 1 1 1 1 0 1 1 1 1 1 1 0 1 1 1 1 0 1 1 1 1 1 1 1 1 1 
1 1 1 1 1 1 1 0 1 1 1 1 1 1 1 1 0 1 1 0 0 0 0 0 1 1 1 1 1 0 1 1 0 1 1 0 1 1 0 1 
1 1 1 1 1 1 1 1 0 1 1 0 1 0 0 0 1 1 1 1 1 0 1 0 1 1 1 1 1 1 1 0 0 0 1 1 1 1 1 1 
1 1 0 1 0 0 1 1 1 0 0 0 1 1 0 0 0 0 1 1 1 1 1 1 1 1 1 0 1 0 1 1 0 1 1 1 0 1 1 1 
1 0 1 1 1 1 1 1 1 0 0 1 0 1 1 1 1 1 1 1 1 1 1 1 0 0 1 0 0 1 1 0 0 1 1 1 0 0 1 1 
0 1 1 1 1 1 1 1 0 0 1 0 1 1 1 1 0 1 1 1 1 1 0 1 1 1 1 1 1 1 0 0 1 1 1 1 1 1 1 0 
1 1 1 1 0 0 0 1 1 1 0 1 0 0 1 1 1 1 1 0 1 1 1 1 1 0 1 0 0 0 1 1 1 0 1 1 1 0 0 1 
0 1 1 0 1 1 1 1 0 1 1 1 0 0 1 0 0 0 1 0 0 1 0 1 1 0 1 1 1 1 0 1 1 1 0 1 1 0 0 1 
1 1 1 1 0 1 1 1 0 0 1 1 1 1 0 0 0 1 0 0 1 1 0 1 1 1 1 1 1 1 1 1 0 0 0 1 1 0 1 0 
0 1 1 1 1 1 1 1 0 0 1 1 1 0 0 0 1 1 1 1 1 1 1 0 1 1 1 1 1 0 1 1 1 1 1 0 0 0 1 1 
1 0 1 0 1 0 1 0 1 0 1 0 1 0 0 1 0 1 1 0 1 1 1 1 0 0 1 1 0 1 0 0 1 0 1 1 1 1 1 1 
1 0 1 1 1 1 1 1 1 0 1 1 1 0 1 1 1 0 1 0 0 1 1 1 1 1 0 0 0 1 1 1 1 1 0 0 1 0 1 0 
0 1 0 1 0 0 0 1 1 1 1 1 1 1 0 1 1 1 0 1 1 0 1 0 0 0 1 1 1 1 1 1 1 1 1 1 1 1 1 1 
1 1 0 1 0 1 1 0 1 1 1 1 0 0 0 1 0 0 1 0 0 0 0 1 0 1 0 1 1 1 0 1 1 0 1 0 1 0 1 1 
1 1 0 1 1 1 1 0 1 1 1 1 1 0 1 1 1 0 1 0 0 1 0 1 1 1 1 0 1 1 1 1 1 1 1 0 1 1 1 0 
1 1 0 1 1 1 1 0 0 1 1 1 1 1 1 1 1 1 0 0 1 0 0 0 1 1 1 1 0 1 1 1 1 1 1 1 0 1 1 1 
0 1 1 1 0 1 1 0 1 1 1 0 1 0 0 1 1 1 1 0 0 0 0 1 1 0 1 1 1 1 1 0 0 1 1 1 0 0 1 1 
1 1 1 0 0 1 1 0 0 1 1 1 1 1 1 0 1 1 0 1 1 0 1 0 1 0 1 1 1 1 1 0 1 1 1 1 1 1 1 1 
1 0 1 1 1 1 1 1 1 1 0 1 1 1 1 1 0 1 0 0 1 1 1 1 0 1 1 1 1 1 0 0 1 0 0 1 0 0 0 1 
1 1 0 0 1 0 0 1 1 1 0 1 0 0 1 1 0 1 0 1 1 1 0 0 1 0 0 0 1 1 0 1 1 1 0 1 1 1 1 0 
1 1 1 1 1 1 1 1 1 1 1 1 1 1 1 1 1 0 1 0 1 1 1 1 1 0 0 1 0 1 0 0 1 1 1 1 0 1 1 1 
1 1 1 1 0 1 1 1 1 0 0 1 0 1 1 1 1 0 1 1 0 1 1 1 1 0 1 0 1 1 1 1 1 1 1 1 0 1 1 1 
1 1 1 0 1 1 1 1 1 1 0 1 0 1 1 1 0 0 1 1 1 0 1 1 1 1 0 1 0 1 0 1 1 1 1 1 1 0 1 1 
0 1 1 1 1 0 1 0 1 0 1 1 0 1 1 0 1 1 1 1 1 1 1 1 1 1 1 1 1 0 0 1 1 1 1 0 1 1 1 1 
1 0 0 1 1 0 0 1 1 1 1 0 1 0 1 1 0 1 1 0 1 1 1 1 0 0 0 1 0 0 0 1 1 0 1 1 1 0 1 1 
1 1 1 1 1 1 1 1 0 1 0 0 1 1 1 1 0 1 1 1 1 1 0 0 0 1 0 1 1 1 1 0 0 1 0 1 1 0 1 1 
0 1 0 1 0 1 1 0 0 0 0 1 1 1 0 1 1 1 1 1 1 1 0 1 1 1 1 1 1 1 1 0 0 1 1 1 1 1 0 1 
0 1 1 1 1 1 1 1 0 1 1 1 0 1 0 1 0 1 1 0 1 1 1 1 0 1 1 1 1 1 0 1 1 0 0 1 0 0 0 1 
1 0 1 1 1 1 1 1 1 1 1 1 1 0 0 1 1 0 1 1 1 1 1 1 0 0 1 1 1 1 1 0 1 0 0 1 1 1 1 1 
1 0 1 1 1 0 1 0 1 1 1 1 1 1 1 0 1 0 1 0 0 1 1 1 1 1 1 1 1 0 1 1 1 1 1 0 1 1 1 1 
0 1 0 0 0 1 1 1 1 0 0 1 1 1 1 0 1 1 1 1 1 0 0 1 0 1 0 0 1 1 1 1 1 0 1 1 0 1 1 1 
0 1 0 1 1 0 1 1 1 1 0 1 0 0 0 0 1 0 1 0 1 1 0 1 0 1 1 1 0 1 0 0 1 0 1 1 1 0 1 1 
1 0 1 1 0 1 1 0 1 1 1 1 0 0 1 1 1 1 1 1 1 1 1 1 0 1 1 1 1 1 1 1 0 0 1 1 1 1 0 1 
1 1 1 0 1 1 1 1 1 1 1 0 1 1 0 1 1 0 1 1 0 1 1 1 1 0 1 1 1 1 1 1 1 1 1 1 1 1 1 0 

0 0 0 10 0 14 0 0 0 0 0 0 0 0 0 0 0 0 0 4 0 0 0 0 0 0 0 0 0 0 6 0 0 0 5 0 0 0 0 0 
0 0 0 7 0 0 0 0 0 2 0 18 0 0 13 0 0 0 0 0 0 0 2 0 19 0 0 0 0 0 0 0 0 0 0 6 13 0 0 0 
0 0 0 1 0 0 0 21 0 7 21 0 9 0 0 0 0 5 0 0 14 0 0 4 15 0 0 0 19 0 0 0 0 0 0 0 0 0 1 0 
0 0 0 0 0 0 0 2 0 0 0 20 0 0 0 13 0 16 0 0 19 0 0 19 0 0 0 0 0 0 0 0 0 0 0 0 0 0 0 0 
15 0 0 0 0 0 0 19 0 0 0 0 0 0 0 0 0 0 0 0 0 6 2 20 13 0 17 0 0 0 0 0 16 0 0 0 0 0 0 0 
13 0 0 0 0 0 0 0 0 12 0 0 0 0 0 13 16 0 0 0 0 0 1 2 0 0 0 20 7 20 0 0 0 0 0 0 0 0 0 0 
0 3 3 0 0 0 0 0 19 0 0 0 0 0 0 0 0 0 0 0 0 0 0 0 7 5 0 0 0 0 0 0 0 0 19 0 0 0 0 10 
0 0 0 11 1 0 0 0 0 0 2 0 0 0 0 0 0 4 10 0 10 0 4 12 0 0 0 0 0 0 0 0 0 0 0 0 2 0 0 0 
0 0 0 0 0 1 0 0 0 0 0 0 0 0 0 18 0 0 0 0 0 0 0 0 0 12 0 0 0 0 0 0 0 9 0 0 0 0 0 0 
0 0 0 0 0 0 0 0 19 0 0 0 18 0 11 16 0 0 11 0 0 0 0 0 0 0 0 0 15 0 0 0 0 1 0 0 0 0 0 0 
17 0 0 0 0 0 0 5 0 0 0 0 0 0 4 0 0 0 0 0 0 0 0 0 0 0 0 0 0 0 0 14 5 0 19 0 0 0 0 2 
0 0 0 11 10 0 0 0 0 0 0 0 10 0 0 0 0 0 0 0 0 15 0 0 0 12 0 0 0 0 0 15 0 0 0 0 12 13 0 0 
0 0 0 0 0 21 0 0 14 0 0 0 0 0 0 0 0 0 5 0 0 0 0 0 0 0 0 0 0 0 0 0 21 15 0 0 0 0 1 0 
0 0 11 0 0 0 0 0 0 0 13 11 20 0 0 0 0 0 17 0 0 3 0 0 0 0 0 6 0 20 0 6 0 0 0 12 12 0 0 0 
0 0 0 0 0 20 0 0 0 0 0 0 0 0 0 9 0 4 8 0 9 0 19 0 0 0 0 0 0 0 14 0 0 0 0 10 0 0 7 0 
0 0 0 0 0 19 0 9 0 0 11 5 0 0 0 0 0 0 0 0 0 0 14 0 0 0 0 0 0 0 0 21 7 0 0 14 0 0 0 0 
0 0 0 0 20 0 0 0 0 0 0 0 0 4 6 0 0 0 18 18 0 0 0 0 0 0 13 9 20 0 0 0 0 0 0 0 0 0 3 0 
0 0 0 0 0 0 0 0 0 0 0 0 0 8 4 0 0 0 0 0 0 0 0 0 0 0 0 0 0 3 1 12 0 15 0 0 0 0 0 0 
4 0 0 0 0 0 0 0 0 8 0 3 0 0 0 0 0 14 0 0 0 0 8 0 0 0 0 0 0 0 1 4 0 13 12 0 0 0 0 0 
0 0 0 0 0 0 0 0 0 16 0 0 0 0 0 6 14 0 0 0 0 0 11 0 0 0 0 0 0 0 0 0 0 17 0 0 0 0 0 0 
0 0 18 8 0 1 17 0 0 0 0 0 0 0 20 0 17 0 0 7 0 0 0 9 0 0 17 0 20 0 0 0 0 0 0 0 0 0 0 0 
0 0 6 0 0 7 0 0 0 0 0 0 0 0 5 0 0 0 0 0 20 0 0 0 19 0 0 0 0 0 0 0 0 0 0 0 0 0 0 0 
0 0 0 0 0 13 0 4 0 0 0 0 0 0 0 0 20 1 0 0 0 0 0 0 0 12 0 0 0 0 0 1 0 0 0 0 0 0 0 0 
0 0 0 0 0 0 0 0 0 0 0 0 0 0 10 0 0 0 2 0 0 0 7 0 19 0 0 0 0 0 0 0 0 4 0 0 0 0 0 0 
13 6 0 0 0 0 0 0 0 0 0 10 0 0 0 0 0 3 0 0 2 0 0 0 0 0 0 15 0 13 0 0 18 0 0 0 0 0 0 0 
0 16 0 0 0 0 0 15 0 0 0 15 0 0 0 0 0 0 0 0 12 0 8 0 0 0 0 0 4 5 0 0 20 19 19 0 0 0 0 0 
0 6 0 0 0 0 0 0 0 0 0 0 0 11 0 0 0 0 0 0 0 0 0 0 2 0 0 0 12 0 0 0 5 0 0 0 7 0 17 0 
0 0 0 0 0 0 0 1 1 0 0 8 0 0 0 0 0 0 0 1 0 0 6 0 0 0 0 0 0 0 0 0 0 16 0 0 0 0 0 12 
0 0 17 0 0 0 0 9 0 1 0 0 19 0 0 0 0 0 8 0 0 0 21 0 0 0 0 21 0 0 0 0 0 0 0 0 8 2 0 0 
0 1 0 0 0 0 0 1 0 0 0 19 0 0 0 2 6 0 0 0 5 0 0 0 0 0 0 0 0 0 0 0 0 0 8 0 0 0 0 0 
0 16 0 0 0 0 0 19 0 0 0 0 0 0 0 0 9 0 0 0 0 0 0 0 0 0 0 0 0 0 0 0 3 0 0 0 0 12 0 0 
8 0 0 0 3 13 0 0 10 0 0 2 0 0 0 0 0 2 0 0 0 0 0 0 0 0 0 0 0 19 0 0 0 0 0 0 0 0 0 0 
0 0 0 0 0 0 0 0 0 0 0 16 20 0 0 0 0 0 0 0 0 0 7 0 0 0 20 2 20 0 0 0 0 0 0 0 0 0 0 0 
14 0 0 0 0 0 0 0 0 0 0 0 0 0 0 0 0 12 0 0 0 0 0 0 0 0 0 3 0 14 9 0 0 0 0 3 5 0 0 0 
0 0 0 0 0 14 0 10 0 0 17 11 0 19 0 0 18 0 0 16 0 0 0 18 0 0 0 0 0 0 0 0 0 0 0 0 0 0 0 0 
7 0 0 0 0 13 0 0 0 0 2 0 0 0 0 0 0 3 0 0 0 0 0 0 0 1 0 0 2 19 0 0 0 0 0 0 2 0 5 0 
1 0 0 0 0 0 0 0 0 0 3 0 16 0 0 0 0 0 0 0 16 0 0 0 16 0 0 0 0 0 0 0 5 0 0 0 0 0 0 0 
0 0 0 0 0 0 0 0 0 6 12 0 0 0 0 0 18 9 0 0 0 0 3 0 0 2 20 0 8 0 0 3 0 0 4 0 0 0 0 0 
0 0 0 0 12 0 4 0 8 0 5 0 0 18 0 4 0 17 0 0 0 0 10 0 0 0 0 0 13 0 0 0 0 0 0 0 0 0 0 0 
0 0 0 0 0 0 0 0 0 0 0 0 0 15 0 0 0 0 0 0 0 2 0 0 2 0 13 0 0 0 0 0 0 8 0 12 0 0 0 0 
