40

0 1 0 0 1 0 0 1 0 1 0 1 0 0 1 0 0 1 0 0 0 1 1 0 0 0 0 0 0 0 0 0 0 0 0 0 1 1 1 1 
1 0 0 0 1 0 0 1 0 1 0 1 0 0 0 1 0 1 0 0 0 0 1 1 0 0 1 1 1 0 0 0 1 1 0 0 0 1 1 1 
0 0 0 0 1 0 1 1 1 0 0 1 0 0 0 1 0 0 0 1 0 1 1 1 0 0 0 0 0 0 1 0 0 0 1 0 1 0 0 0 
0 0 0 0 1 0 1 0 0 1 1 0 0 0 0 0 1 1 0 1 0 1 1 1 0 0 1 1 1 0 1 1 1 0 0 1 1 1 1 0 
1 1 1 1 0 0 0 1 1 0 0 1 0 1 0 0 0 0 0 0 1 0 0 0 0 0 0 0 0 0 0 0 0 0 1 1 0 1 0 1 
0 0 0 0 0 0 0 0 1 0 0 0 0 0 1 0 0 0 0 0 0 1 0 0 0 1 0 0 1 1 1 0 0 0 0 0 0 0 1 0 
0 0 1 1 0 0 0 0 1 0 0 1 0 1 0 1 0 1 0 1 0 0 0 0 1 1 0 0 0 1 0 0 1 1 0 1 1 1 0 0 
1 1 1 0 1 0 0 0 1 1 0 1 0 0 1 0 1 0 0 1 1 0 1 1 0 0 1 0 1 0 0 0 0 1 0 0 1 1 1 0 
0 0 1 0 1 1 1 1 0 0 1 1 1 1 0 0 0 1 0 0 1 1 0 1 0 1 1 1 0 1 0 1 1 1 0 0 0 1 0 0 
1 1 0 1 0 0 0 1 0 0 1 0 1 0 0 1 0 0 1 0 0 0 0 0 0 0 1 0 1 0 0 0 1 0 0 0 0 1 1 0 
0 0 0 1 0 0 0 0 1 1 0 1 1 0 0 1 0 0 1 0 0 1 0 1 1 0 1 0 0 0 0 0 1 0 0 0 1 0 1 0 
1 1 1 0 1 0 1 1 1 0 1 0 0 0 0 0 1 0 1 1 1 0 0 1 0 0 1 0 1 1 0 0 1 1 0 0 0 1 0 0 
0 0 0 0 0 0 0 0 1 1 1 0 0 1 0 1 0 0 0 1 1 1 0 0 0 1 0 0 0 0 0 0 1 1 0 0 0 1 0 0 
0 0 0 0 1 0 1 0 1 0 0 0 1 0 0 0 0 0 0 0 0 0 0 0 1 0 0 1 0 0 0 1 0 1 1 0 0 0 0 0 
1 0 0 0 0 1 0 1 0 0 0 0 0 0 0 1 1 0 1 0 1 1 0 1 0 0 0 1 1 0 0 0 0 0 1 1 1 1 0 0 
0 1 1 0 0 0 1 0 0 1 1 0 1 0 1 0 0 1 0 0 0 0 1 0 0 0 0 0 0 0 0 1 0 0 0 1 0 0 0 0 
0 0 0 1 0 0 0 1 0 0 0 1 0 0 1 0 0 1 0 0 1 0 0 0 0 1 0 1 1 0 0 0 0 1 0 1 1 1 0 0 
1 1 0 1 0 0 1 0 1 0 0 0 0 0 0 1 1 0 0 1 1 0 0 1 1 1 0 1 1 1 0 0 0 1 0 1 0 0 0 1 
0 0 0 0 0 0 0 0 0 1 1 1 0 0 1 0 0 0 0 0 1 0 1 0 1 0 0 0 1 1 0 0 0 0 0 0 0 0 0 0 
0 0 1 1 0 0 1 1 0 0 0 1 1 0 0 0 0 1 0 0 0 0 0 1 1 1 0 0 0 0 1 0 0 0 0 1 0 0 0 1 
0 0 0 0 1 0 0 1 1 0 0 1 1 0 1 0 1 1 1 0 0 0 0 0 1 0 1 1 0 1 0 0 0 1 0 1 0 0 0 0 
1 0 1 1 0 1 0 0 1 0 1 0 1 0 1 0 0 0 0 0 0 0 0 1 0 1 0 0 0 1 0 0 0 1 0 0 1 0 1 1 
1 1 1 1 0 0 0 1 0 0 0 0 0 0 0 1 0 0 1 0 0 0 0 1 0 0 1 0 0 1 0 0 0 1 0 1 0 0 0 0 
0 1 1 1 0 0 0 1 1 0 1 1 0 0 1 0 0 1 0 1 0 1 1 0 1 0 0 0 1 0 0 0 0 0 1 0 0 1 0 0 
0 0 0 0 0 0 1 0 0 0 1 0 0 1 0 0 0 1 1 1 1 0 0 1 0 0 0 1 1 0 1 1 0 1 0 0 1 0 0 1 
0 0 0 0 0 1 1 0 1 0 0 0 1 0 0 0 1 1 0 1 0 1 0 0 0 0 0 0 1 0 0 0 0 0 0 0 1 1 0 1 
0 1 0 1 0 0 0 1 1 1 1 1 0 0 0 0 0 0 0 0 1 0 1 0 0 0 0 0 0 0 0 0 1 1 0 0 1 1 0 0 
0 1 0 1 0 0 0 0 1 0 0 0 0 1 1 0 1 1 0 0 1 0 0 0 1 0 0 0 1 0 0 0 0 1 0 1 0 1 1 1 
0 1 0 1 0 1 0 1 0 1 0 1 0 0 1 0 1 1 1 0 0 0 0 1 1 1 0 1 0 0 1 0 0 1 0 0 0 1 1 0 
0 0 0 0 0 1 1 0 1 0 0 1 0 0 0 0 0 1 1 0 1 1 1 0 0 0 0 0 0 0 0 0 1 1 0 0 0 0 1 0 
0 0 1 1 0 1 0 0 0 0 0 0 0 0 0 0 0 0 0 1 0 0 0 0 1 0 0 0 1 0 0 0 0 1 0 0 1 0 0 0 
0 0 0 1 0 0 0 0 1 0 0 0 0 1 0 1 0 0 0 0 0 0 0 0 1 0 0 0 0 0 0 0 1 0 0 0 1 1 1 0 
0 1 0 1 0 0 1 0 1 1 1 1 1 0 0 0 0 0 0 0 0 0 0 0 0 0 1 0 0 1 0 1 0 0 0 0 0 1 0 1 
0 1 0 0 0 0 1 1 1 0 0 1 1 1 0 0 1 1 0 0 1 1 1 0 1 0 1 1 1 1 1 0 0 0 0 1 0 0 0 0 
0 0 1 0 1 0 0 0 0 0 0 0 0 1 1 0 0 0 0 0 0 0 0 1 0 0 0 0 0 0 0 0 0 0 0 0 0 0 0 1 
0 0 0 1 1 0 1 0 0 0 0 0 0 0 1 1 1 1 0 1 1 0 1 0 0 0 0 1 0 0 0 0 0 1 0 0 1 0 0 0 
1 0 1 1 0 0 1 1 0 0 1 0 0 0 1 0 1 0 0 0 0 1 0 0 1 1 1 0 0 0 1 1 0 0 0 1 0 0 0 0 
1 1 0 1 1 0 1 1 1 1 0 1 1 0 1 0 1 0 0 0 0 0 0 1 0 1 1 1 1 0 0 1 1 0 0 0 0 0 0 0 
1 1 0 1 0 1 0 1 0 1 1 0 0 0 0 0 0 0 0 0 0 1 0 0 0 0 0 1 1 1 0 1 0 0 0 0 0 0 0 1 
1 1 0 0 1 0 0 0 0 0 0 0 0 0 0 0 0 1 0 1 0 1 0 0 1 1 0 1 0 0 0 0 1 0 1 0 0 0 1 0 

0 0 0 22 0 0 0 20 0 0 0 0 0 11 0 0 1 0 0 0 0 0 0 18 0 0 0 2 0 25 0 21 0 0 0 0 18 0 0 0 
20 0 0 0 0 21 0 28 15 0 0 5 0 0 0 6 0 0 0 0 0 10 0 0 0 0 0 0 0 0 0 0 0 0 0 0 7 0 12 0 
0 0 0 0 0 0 0 0 0 0 0 0 0 2 0 0 16 0 0 4 0 0 0 0 17 0 0 0 0 23 34 0 0 0 0 0 0 0 0 0 
0 0 17 0 0 0 0 15 0 0 0 0 0 22 0 0 0 0 0 10 0 0 0 6 0 0 0 0 0 0 0 0 2 0 0 30 0 23 0 0 
0 25 20 0 0 0 18 0 0 0 0 0 0 0 0 29 0 0 0 0 0 0 0 0 0 0 0 0 0 0 5 0 0 0 0 0 7 0 6 25 
0 0 0 0 0 0 0 0 0 0 3 0 4 0 0 0 0 20 0 0 0 0 17 0 0 0 0 0 0 0 0 17 0 0 2 0 0 0 0 0 
0 0 0 0 0 32 0 0 0 23 0 0 0 14 0 0 0 0 19 0 0 0 0 0 0 0 0 0 0 0 0 0 0 0 0 0 0 18 0 31 
29 0 0 0 0 0 0 0 0 0 0 0 0 0 0 0 0 0 0 0 0 5 0 0 21 0 0 0 0 0 0 0 0 0 0 0 0 13 0 0 
0 0 0 0 0 0 31 0 0 0 0 0 0 0 0 0 0 0 0 0 0 0 31 0 0 19 0 0 0 0 0 0 0 0 0 28 0 29 0 23 
24 0 0 19 0 0 0 1 0 0 0 0 23 0 15 0 12 0 0 0 0 0 0 29 0 0 17 0 0 0 0 0 0 0 0 0 8 26 0 18 
0 0 21 0 0 0 0 0 0 0 0 26 0 27 0 0 0 0 0 0 5 0 0 0 0 0 0 0 28 0 0 0 0 0 9 0 0 0 0 0 
0 0 0 1 25 0 0 0 0 0 0 0 0 0 17 25 0 0 0 0 0 0 0 0 20 0 0 0 0 2 0 13 0 4 0 31 0 0 0 0 
0 0 0 0 0 30 0 0 0 0 0 0 0 0 0 0 0 0 18 0 0 0 0 0 0 0 0 0 0 10 0 0 0 0 0 0 0 0 0 0 
0 0 0 0 0 0 0 0 0 0 0 0 0 0 22 0 0 0 0 0 0 26 0 0 0 0 0 0 0 0 0 0 26 0 0 0 0 0 1 0 
0 0 0 0 0 0 0 0 0 0 0 0 0 0 0 15 0 0 0 0 0 0 0 0 0 0 0 0 0 0 0 12 0 23 0 0 0 0 0 7 
30 0 0 12 0 0 0 0 0 20 0 0 0 0 0 0 0 0 0 0 19 0 0 0 0 0 0 0 0 0 13 0 9 0 0 0 0 23 0 0 
0 0 0 0 0 0 0 0 31 0 0 12 26 0 0 0 0 0 0 0 0 0 6 0 0 0 0 0 0 0 0 5 8 0 0 0 0 0 0 4 
29 0 0 0 0 0 0 0 0 6 0 0 15 0 0 0 0 0 0 0 22 0 0 0 0 0 0 0 2 0 13 21 0 0 0 0 0 0 18 18 
0 0 0 0 19 0 0 0 0 0 0 0 0 0 0 14 8 0 0 0 10 0 0 0 0 0 0 22 0 0 0 0 20 8 27 0 0 0 17 0 
0 0 0 0 0 0 0 0 0 0 0 30 0 0 6 16 0 25 0 0 0 5 7 0 0 0 0 6 7 0 0 4 0 8 0 1 0 10 0 0 
0 13 0 0 0 0 0 5 0 0 0 30 0 0 1 21 0 0 25 0 0 31 0 7 0 0 0 0 0 0 0 0 0 0 0 0 0 0 29 0 
17 0 0 0 0 0 0 0 13 0 0 10 6 0 0 22 0 0 0 0 0 0 0 12 0 0 0 0 0 9 0 0 0 0 0 0 0 0 0 0 
0 0 24 0 31 0 0 0 0 19 2 0 5 0 0 0 0 0 0 13 0 0 0 0 0 0 22 0 0 6 4 23 0 0 5 21 0 24 0 0 
0 0 0 0 0 0 0 4 0 0 0 0 0 5 4 0 0 0 30 7 0 30 0 0 0 0 0 0 0 0 0 10 0 0 0 0 0 0 0 13 
0 0 0 0 0 0 0 0 0 0 0 0 0 0 0 22 0 0 0 0 0 0 0 0 0 0 17 0 0 5 7 0 0 29 0 0 10 13 0 0 
0 0 0 0 0 0 0 0 0 0 25 0 3 26 0 0 0 0 0 21 0 0 0 0 0 0 0 0 6 0 0 0 0 0 26 19 0 0 0 4 
0 0 9 13 0 0 0 0 0 0 0 0 0 0 0 1 0 24 9 4 0 0 0 0 0 0 0 0 0 0 0 5 0 0 0 0 0 0 0 0 
0 0 31 24 0 0 0 0 0 0 0 0 0 0 0 0 0 0 0 31 0 6 0 0 0 0 0 0 0 0 0 0 0 0 0 0 0 0 0 0 
0 0 19 0 0 0 0 0 1 0 0 0 0 15 0 25 0 5 0 0 5 0 0 0 5 29 4 0 0 2 0 0 0 0 0 0 0 0 0 0 
0 0 0 2 0 0 0 29 0 18 0 0 0 0 0 0 0 0 0 0 0 0 5 0 0 4 0 0 0 0 0 0 0 20 14 0 0 0 0 0 
0 0 0 0 0 0 0 0 10 0 0 7 0 5 0 0 10 0 7 0 0 25 0 0 0 0 0 0 0 0 0 24 0 0 0 0 0 0 4 0 
6 0 0 4 0 0 0 0 0 0 0 0 0 0 0 0 0 23 0 3 2 0 32 0 0 0 0 0 13 0 12 0 0 7 0 0 0 0 0 0 
0 0 0 0 0 0 0 0 0 0 19 21 15 0 0 18 0 0 27 4 0 0 0 0 0 0 3 10 0 0 2 13 0 0 0 0 0 0 0 0 
28 0 30 0 28 0 0 0 8 0 0 0 0 0 28 0 0 3 0 0 4 0 0 0 6 0 0 0 0 0 0 30 30 0 0 0 0 12 0 13 
0 0 0 0 0 0 0 0 7 0 0 0 0 0 0 0 24 0 0 0 5 0 0 32 0 0 0 0 0 0 0 0 8 0 0 0 0 7 0 0 
0 14 0 0 0 0 2 0 0 13 0 0 0 0 0 0 0 0 0 0 15 8 0 0 11 0 28 0 0 0 0 23 0 3 0 0 0 0 0 0 
0 0 29 0 0 0 11 25 0 0 0 0 0 0 0 0 0 0 0 0 0 0 0 0 32 0 0 0 0 0 0 4 0 0 0 0 0 0 0 0 
0 0 0 0 0 0 0 0 0 0 0 0 0 0 0 0 0 0 2 0 0 0 0 0 5 0 12 6 0 12 0 0 8 0 0 0 0 0 0 0 
24 23 0 0 0 27 17 0 0 0 0 0 0 0 0 0 18 0 0 5 0 0 0 0 0 0 0 0 10 0 20 0 0 12 18 0 0 0 0 0 
17 0 0 0 0 0 0 9 27 0 18 0 0 0 0 0 0 0 0 0 0 8 0 0 0 0 0 9 0 0 14 25 0 0 0 0 0 0 27 0 
