40

0 1 1 1 1 1 1 0 0 1 0 1 1 1 0 1 1 1 1 0 0 0 1 0 1 1 0 0 0 1 0 1 1 0 0 1 1 1 0 0 
1 0 1 1 1 1 1 1 1 1 1 1 1 1 0 0 0 0 1 0 0 0 1 0 1 0 0 1 0 1 1 0 1 0 1 1 0 0 1 0 
1 1 0 0 0 1 0 1 0 0 1 0 1 1 0 1 0 0 0 1 1 1 0 0 1 1 0 0 0 0 0 1 1 0 0 1 1 1 1 1 
1 1 0 0 0 0 1 1 1 0 1 0 0 0 0 1 0 0 0 1 0 1 1 0 0 1 1 0 1 0 0 0 1 0 1 1 0 0 0 0 
1 1 0 0 0 1 1 1 1 0 1 1 0 1 1 1 0 0 0 0 1 1 0 0 1 0 0 1 0 0 1 0 0 0 0 1 1 1 0 1 
1 1 1 0 1 0 1 0 1 1 0 1 0 0 0 0 0 0 0 0 1 1 1 0 1 0 1 1 1 0 0 1 1 1 1 1 1 0 0 1 
1 1 0 1 1 1 0 1 0 1 0 0 1 1 0 1 1 0 1 1 1 0 1 0 1 1 0 1 1 0 0 0 0 0 1 1 0 1 1 1 
0 1 1 1 1 0 1 0 1 1 1 0 0 1 1 1 0 1 0 0 0 1 1 0 0 1 1 1 0 0 0 0 0 1 1 1 1 0 0 0 
0 1 0 1 1 1 0 1 0 1 1 1 1 0 0 0 1 0 1 1 1 1 1 0 0 0 1 0 1 0 1 1 1 1 1 0 1 1 0 0 
1 1 0 0 0 1 1 1 1 0 1 0 1 0 1 0 0 0 1 0 0 1 1 0 1 1 0 1 1 0 0 0 1 1 1 0 0 0 0 0 
0 1 1 1 1 0 0 1 1 1 0 1 1 1 0 1 1 1 0 0 0 0 1 0 0 0 0 0 1 0 1 0 1 0 1 0 0 1 1 0 
1 1 0 0 1 1 0 0 1 0 1 0 0 1 1 0 1 1 0 0 1 1 0 1 0 0 0 1 0 0 1 0 1 1 0 0 1 0 0 0 
1 1 1 0 0 0 1 0 1 1 1 0 0 1 0 1 0 0 1 1 1 1 1 1 1 1 1 0 0 0 1 1 0 1 1 0 1 1 0 1 
1 1 1 0 1 0 1 1 0 0 1 1 1 0 0 0 1 0 1 1 1 1 1 1 1 0 1 1 1 1 1 1 1 0 1 1 0 0 1 0 
0 0 0 0 1 0 0 1 0 1 0 1 0 0 0 1 1 0 1 1 0 1 1 0 1 1 0 1 1 1 0 1 1 1 0 0 0 1 1 0 
1 0 1 1 1 0 1 1 0 0 1 0 1 0 1 0 1 0 1 0 1 0 1 1 0 0 0 0 0 1 0 1 1 0 0 1 1 0 1 1 
1 0 0 0 0 0 1 0 1 0 1 1 0 1 1 1 0 1 0 0 1 0 1 1 1 0 0 1 0 0 0 0 0 1 0 1 1 0 1 0 
1 0 0 0 0 0 0 1 0 0 1 1 0 0 0 0 1 0 0 0 0 1 1 1 0 1 1 0 1 1 0 1 0 1 0 1 1 0 0 1 
1 1 0 0 0 0 1 0 1 1 0 0 1 1 1 1 0 0 0 1 1 0 0 1 0 1 0 1 1 1 1 0 1 1 1 0 0 0 0 1 
0 0 1 1 0 0 1 0 1 0 0 0 1 1 1 0 0 0 1 0 0 1 0 1 0 1 1 1 0 0 0 1 1 1 0 1 0 0 1 1 
0 0 1 0 1 1 1 0 1 0 0 1 1 1 0 1 1 0 1 0 0 1 0 0 1 0 0 0 0 1 1 0 0 0 1 1 0 0 0 1 
0 0 1 1 1 1 0 1 1 1 0 1 1 1 1 0 0 1 0 1 1 0 1 0 0 1 1 0 0 0 1 1 1 1 0 1 0 1 1 0 
1 1 0 1 0 1 1 1 1 1 1 0 1 1 1 1 1 1 0 0 0 1 0 0 1 0 1 1 1 1 1 1 0 0 0 0 0 1 0 1 
0 0 0 0 0 0 0 0 0 0 0 1 1 1 0 1 1 1 1 1 0 0 0 0 1 1 0 0 1 0 1 0 0 0 0 0 0 0 0 0 
1 1 1 0 1 1 1 0 0 1 0 0 1 1 1 0 1 0 0 0 1 0 1 1 0 0 1 0 0 0 0 1 1 1 0 0 0 1 1 1 
1 0 1 1 0 0 1 1 0 1 0 0 1 0 1 0 0 1 1 1 0 1 0 1 0 0 1 1 1 1 1 1 1 0 1 1 1 0 0 0 
0 0 0 1 0 1 0 1 1 0 0 0 1 1 0 0 0 1 0 1 0 1 1 0 1 1 0 0 0 0 0 0 0 0 1 0 1 0 1 0 
0 1 0 0 1 1 1 1 0 1 0 1 0 1 1 0 1 0 1 1 0 0 1 0 0 1 0 0 0 1 0 0 1 1 0 1 0 0 1 1 
0 0 0 1 0 1 1 0 1 1 1 0 0 1 1 0 0 1 1 0 0 0 1 1 0 1 0 0 0 0 1 1 1 0 0 1 0 1 1 0 
1 1 0 0 0 0 0 0 0 0 0 0 0 1 1 1 0 1 1 0 1 0 1 0 0 1 0 1 0 0 0 0 1 1 0 0 0 0 1 1 
0 1 0 0 1 0 0 0 1 0 1 1 1 1 0 0 0 0 1 0 1 1 1 1 0 1 0 0 1 0 0 1 1 1 1 1 0 0 0 0 
1 0 1 0 0 1 0 0 1 0 0 0 1 1 1 1 0 1 0 1 0 1 1 0 1 1 0 0 1 0 1 0 0 1 1 0 0 1 0 1 
1 1 1 1 0 1 0 0 1 1 1 1 0 1 1 1 0 0 1 1 0 1 0 0 1 1 0 1 1 1 1 0 0 0 1 0 0 0 1 0 
0 0 0 0 0 1 0 1 1 1 0 1 1 0 1 0 1 1 1 1 0 1 0 0 1 0 0 1 0 1 1 1 0 0 0 0 1 1 1 0 
0 1 0 1 0 1 1 1 1 1 1 0 1 1 0 0 0 0 1 0 1 0 0 0 0 1 1 0 0 0 1 1 1 0 0 1 1 0 0 1 
1 1 1 1 1 1 1 1 0 0 0 0 0 1 0 1 1 1 0 1 1 1 0 0 0 1 0 1 1 0 1 0 0 0 1 0 0 0 1 0 
1 0 1 0 1 1 0 1 1 0 0 1 1 0 0 1 1 1 0 0 0 0 0 0 0 1 1 0 0 0 0 0 0 1 1 0 0 1 0 0 
1 0 1 0 1 0 1 0 1 0 1 0 1 0 1 0 0 0 0 0 0 1 1 0 1 0 0 0 1 0 0 1 0 1 0 0 1 0 1 0 
0 1 1 0 0 0 1 0 0 0 1 0 0 1 1 1 1 0 0 1 0 1 0 0 1 0 1 1 1 1 0 0 1 1 0 1 0 1 0 0 
0 0 1 0 1 1 1 0 0 0 0 0 1 0 0 1 0 1 1 1 1 0 1 0 1 0 0 1 0 1 0 1 0 0 1 0 0 0 0 0 

0 0 0 0 0 0 0 0 0 9 0 0 0 0 0 0 0 0 0 19 14 0 0 0 0 0 0 0 0 10 0 0 0 0 0 0 0 0 0 0 
0 0 0 0 0 0 0 0 0 0 0 12 0 0 0 0 20 5 19 12 0 0 0 0 19 0 7 0 0 0 16 0 0 0 14 0 0 0 0 0 
0 0 0 0 0 25 0 0 5 0 0 0 0 0 0 0 0 0 18 0 6 5 0 0 0 0 0 0 0 0 0 0 0 0 0 26 0 0 1 0 
0 19 0 0 0 0 0 0 0 0 0 0 0 0 0 0 0 0 0 15 0 0 13 0 19 3 0 0 0 23 0 0 0 0 0 0 0 17 0 0 
12 0 0 2 0 0 0 0 0 0 0 0 26 0 0 0 0 0 0 21 24 0 5 0 0 0 0 9 5 0 25 0 13 0 0 0 0 0 0 0 
0 0 0 0 0 0 0 0 22 0 0 0 0 0 0 0 0 0 0 0 12 0 0 0 20 21 0 22 0 1 10 0 0 0 5 0 7 0 0 0 
0 0 0 0 0 2 0 0 5 22 18 0 0 0 6 0 0 0 0 0 0 0 0 0 27 0 0 0 0 0 0 0 0 0 0 0 0 0 0 0 
0 1 9 7 0 0 25 0 18 0 0 0 0 9 0 15 0 10 0 0 0 8 0 0 10 0 11 17 0 0 0 0 0 0 0 0 0 0 0 0 
0 0 0 0 5 0 0 9 0 0 0 0 2 0 0 25 0 0 12 0 0 0 0 0 0 0 11 0 0 0 0 0 0 0 0 0 0 0 0 0 
0 0 27 0 21 2 23 0 19 0 0 0 0 13 0 0 0 0 0 0 3 0 14 6 0 0 0 0 0 0 0 0 16 0 0 18 0 0 0 0 
7 0 0 4 15 0 0 0 0 0 0 0 0 17 0 0 0 0 10 0 0 13 0 0 0 0 0 0 0 0 0 0 0 0 22 13 0 0 0 22 
25 0 0 0 0 0 0 7 3 0 0 0 0 0 9 0 0 0 20 0 0 0 0 0 26 0 0 0 0 0 0 1 0 0 0 9 0 0 0 0 
8 9 20 0 0 0 0 0 0 0 0 0 0 0 0 0 0 0 22 27 0 0 0 0 0 0 16 17 0 0 0 0 0 0 0 0 13 6 0 0 
25 22 0 0 23 0 0 0 0 0 12 0 0 0 7 0 0 0 0 0 0 0 0 9 0 0 0 10 0 9 14 16 11 0 17 11 25 0 0 0 
0 2 0 0 9 0 24 6 0 6 0 0 0 0 0 0 21 0 0 17 0 0 0 0 0 0 0 0 0 0 0 0 20 0 0 0 0 0 0 0 
3 0 0 0 3 20 0 18 0 0 0 0 7 0 0 0 0 0 0 0 0 0 4 0 0 23 16 0 0 0 0 0 2 0 20 0 0 0 0 25 
0 27 0 0 0 0 0 0 0 0 8 0 0 0 0 14 0 0 0 0 0 0 0 4 27 0 13 0 0 0 0 0 11 0 0 0 14 0 0 0 
0 0 0 22 0 0 0 0 8 0 0 0 20 0 0 0 0 0 0 0 0 0 0 0 0 0 0 0 0 0 0 0 0 0 0 18 0 0 0 18 
0 0 0 0 0 20 15 0 0 0 2 0 0 0 14 0 23 0 0 0 12 0 0 0 0 0 12 0 0 0 0 0 0 1 0 0 0 0 0 0 
0 0 0 24 0 0 0 0 0 0 0 0 13 0 0 0 0 0 0 0 9 0 0 0 0 26 24 0 1 14 0 0 0 0 0 0 0 0 0 0 
0 0 16 0 26 18 7 0 0 22 9 12 0 0 12 0 19 10 0 0 0 0 6 0 0 0 0 0 0 0 12 0 0 0 0 0 0 0 0 5 
0 0 0 0 4 24 0 0 0 25 0 12 0 0 0 0 0 0 0 0 13 0 22 0 0 0 0 24 2 3 0 0 0 0 0 0 0 0 0 0 
4 0 0 21 0 0 12 0 0 5 0 0 0 0 20 0 0 0 0 0 0 0 0 0 0 0 0 11 0 3 0 7 18 22 7 0 0 22 0 0 
16 0 0 0 0 0 0 0 0 16 0 0 0 0 0 0 26 0 0 3 0 0 0 0 0 0 0 0 0 25 7 0 0 0 0 0 8 25 0 0 
0 0 0 0 0 0 0 0 0 17 0 0 0 10 26 0 0 0 0 0 0 22 0 27 0 26 4 11 0 0 0 0 0 0 0 0 0 22 0 0 
0 0 0 0 0 0 17 20 0 0 0 0 0 0 0 0 11 0 0 0 11 5 0 0 0 0 0 0 0 0 0 13 26 0 1 0 0 0 28 0 
0 0 0 0 10 0 0 0 0 25 0 0 0 0 0 4 0 0 0 0 6 0 0 0 0 0 0 0 0 19 0 0 0 13 0 0 0 2 0 0 
0 0 0 6 0 0 27 0 0 0 0 0 0 0 0 0 0 0 0 0 0 0 0 0 0 2 13 0 0 0 0 11 0 0 0 0 0 0 0 10 
0 0 0 0 0 0 0 10 24 0 0 0 0 0 0 0 8 0 19 0 9 0 0 0 0 0 0 3 0 0 0 0 0 0 0 9 0 0 0 0 
0 0 0 0 0 0 0 21 0 19 0 0 0 0 0 0 0 11 0 0 0 0 0 0 0 0 0 0 0 0 0 0 0 5 0 0 0 0 0 0 
0 0 0 0 0 0 0 25 0 0 0 0 15 0 10 0 0 0 25 22 0 0 0 0 0 0 0 0 0 0 0 0 0 0 0 0 23 0 0 0 
0 0 23 0 0 0 0 0 0 0 0 0 0 0 5 0 0 18 0 0 4 0 17 0 0 0 0 0 0 0 21 0 0 6 0 0 0 0 18 0 
0 0 0 0 0 0 0 0 15 0 0 3 13 0 0 0 0 0 0 0 0 0 0 0 0 0 0 0 0 0 0 0 0 0 0 0 0 0 0 0 
0 0 0 15 0 1 0 1 0 0 0 0 0 2 3 0 0 0 0 0 0 20 0 0 0 0 0 18 0 0 26 0 1 0 0 23 0 0 0 0 
0 0 0 0 0 23 0 9 0 0 6 0 0 0 0 14 0 0 0 7 0 20 14 0 0 0 0 0 0 0 6 0 14 0 0 0 0 0 0 1 
0 0 7 0 0 0 0 0 0 0 0 0 0 0 23 0 0 0 0 0 0 0 27 5 0 0 0 0 22 15 0 0 0 0 0 0 0 8 0 0 
18 0 24 0 0 25 23 0 0 0 17 0 0 12 11 0 6 0 0 0 12 23 0 0 0 0 0 2 0 0 0 11 0 0 0 0 0 0 0 0 
0 0 0 0 26 24 0 0 0 0 20 0 23 22 0 14 0 23 0 0 2 0 0 0 0 0 0 0 0 5 0 0 0 0 0 0 0 0 3 0 
0 0 0 0 0 0 0 0 0 0 0 0 2 9 4 0 0 24 0 25 0 0 0 0 0 0 10 0 24 0 0 0 0 0 8 0 0 0 0 0 
0 0 13 0 0 0 0 0 7 15 0 17 0 0 0 9 0 0 0 3 19 2 0 0 0 0 21 3 0 6 6 0 0 0 0 21 0 17 0 0 
