40

0 1 1 1 1 0 0 0 0 0 0 0 0 0 0 1 0 0 1 1 0 0 1 0 0 0 1 0 1 0 1 0 0 0 0 0 0 0 1 0 
1 0 1 1 0 1 1 0 1 0 0 1 0 1 1 1 1 0 0 1 0 0 0 0 0 1 0 0 0 0 1 0 0 0 1 0 0 1 0 1 
1 1 0 0 0 0 0 0 0 0 1 1 0 0 1 0 0 0 1 0 0 1 0 0 0 1 1 0 0 0 1 0 1 0 1 1 0 0 0 0 
1 1 0 0 0 1 0 0 0 0 0 0 0 1 0 0 0 0 0 0 1 1 0 0 1 1 0 1 1 0 0 1 0 1 1 1 0 0 0 1 
1 0 0 0 0 1 0 0 0 0 0 1 0 0 0 1 0 0 1 0 1 0 0 0 0 0 1 0 0 0 0 1 1 0 0 0 1 0 0 1 
0 1 0 1 1 0 1 1 1 0 1 1 0 1 1 1 0 0 1 1 1 0 0 0 0 1 1 0 1 1 1 0 1 0 1 1 1 1 1 1 
0 1 0 0 0 1 0 1 1 0 0 0 0 0 0 0 0 0 1 1 0 0 1 0 1 0 1 1 0 0 1 1 0 0 1 0 1 0 1 1 
0 0 0 0 0 1 1 0 0 0 0 1 0 0 1 0 1 1 1 0 1 1 1 1 1 0 0 0 0 0 0 0 1 0 1 0 1 0 1 0 
0 1 0 0 0 1 1 0 0 0 0 0 1 0 1 0 0 1 0 1 1 1 0 1 1 1 1 0 0 0 0 0 0 0 1 0 1 0 1 1 
0 0 0 0 0 0 0 0 0 0 0 0 0 0 0 1 1 0 1 0 0 0 0 1 0 0 1 0 0 1 0 0 0 0 0 0 0 0 1 0 
0 0 1 0 0 1 0 0 0 0 0 1 1 0 0 0 0 1 0 0 1 1 0 0 0 0 0 1 1 1 1 1 1 1 0 1 0 0 0 1 
0 1 1 0 1 1 0 1 0 0 1 0 1 0 0 0 1 0 0 1 0 0 0 0 0 1 0 1 0 1 0 0 0 0 1 0 1 0 0 0 
0 0 0 0 0 0 0 0 1 0 1 1 0 0 0 1 0 0 0 0 0 1 0 0 0 0 0 0 1 0 1 1 0 0 1 0 1 0 1 0 
0 1 0 1 0 1 0 0 0 0 0 0 0 0 0 1 0 0 0 1 0 0 1 0 1 0 0 1 0 1 1 1 0 0 0 0 0 1 1 0 
0 1 1 0 0 1 0 1 1 0 0 0 0 0 0 0 0 0 0 0 0 0 1 0 1 1 0 0 1 1 0 0 0 0 1 0 1 0 1 1 
1 1 0 0 1 1 0 0 0 1 0 0 1 1 0 0 1 0 1 0 0 0 0 1 0 0 1 1 0 0 1 1 0 1 1 0 0 0 1 1 
0 1 0 0 0 0 0 1 0 1 0 1 0 0 0 1 0 1 0 0 0 0 0 0 0 1 0 0 0 0 0 1 0 1 1 0 0 1 0 0 
0 0 0 0 0 0 0 1 1 0 1 0 0 0 0 0 1 0 1 0 0 0 0 0 0 0 0 0 0 1 1 0 1 1 0 0 1 0 0 0 
1 0 1 0 1 1 1 1 0 1 0 0 0 0 0 1 0 1 0 1 1 0 1 0 0 0 0 0 0 0 0 0 1 1 0 1 1 0 0 0 
1 1 0 0 0 1 1 0 1 0 0 1 0 1 0 0 0 0 1 0 0 0 1 1 0 0 0 0 0 0 0 0 0 0 0 0 0 0 0 0 
0 0 0 1 1 1 0 1 1 0 1 0 0 0 0 0 0 0 1 0 0 1 1 0 0 0 0 0 0 1 0 1 0 1 1 0 0 0 1 0 
0 0 1 1 0 0 0 1 1 0 1 0 1 0 0 0 0 0 0 0 1 0 0 1 1 1 1 0 1 1 1 1 1 0 0 0 1 0 0 0 
1 0 0 0 0 0 1 1 0 0 0 0 0 1 1 0 0 0 1 1 1 0 0 0 0 0 0 0 0 1 0 0 0 1 0 0 0 0 0 0 
0 0 0 0 0 0 0 1 1 1 0 0 0 0 0 1 0 0 0 1 0 1 0 0 0 1 0 0 0 0 0 0 1 1 1 0 0 0 0 0 
0 0 0 1 0 0 1 1 1 0 0 0 0 1 1 0 0 0 0 0 0 1 0 0 0 0 1 0 0 0 1 0 1 1 0 0 1 0 0 0 
0 1 1 1 0 1 0 0 1 0 0 1 0 0 1 0 1 0 0 0 0 1 0 1 0 0 0 0 1 1 1 0 1 0 1 1 0 0 1 0 
1 0 1 0 1 1 1 0 1 1 0 0 0 0 0 1 0 0 0 0 0 1 0 0 1 0 0 0 0 0 0 0 1 1 0 0 0 0 1 1 
0 0 0 1 0 0 1 0 0 0 1 1 0 1 0 1 0 0 0 0 0 0 0 0 0 0 0 0 0 1 0 0 1 0 1 1 0 1 1 0 
1 0 0 1 0 1 0 0 0 0 1 0 1 0 1 0 0 0 0 0 0 1 0 0 0 1 0 0 0 0 1 0 0 0 0 0 1 0 1 0 
0 0 0 0 0 1 0 0 0 1 1 1 0 1 1 0 0 1 0 0 1 1 1 0 0 1 0 1 0 0 0 1 0 0 0 1 1 1 0 0 
1 1 1 0 0 1 1 0 0 0 1 0 1 1 0 1 0 1 0 0 0 1 0 0 1 1 0 0 1 0 0 0 0 0 0 0 0 0 0 0 
0 0 0 1 1 0 1 0 0 0 1 0 1 1 0 1 1 0 0 0 1 1 0 0 0 0 0 0 0 1 0 0 1 1 1 0 0 1 0 0 
0 0 1 0 1 1 0 1 0 0 1 0 0 0 0 0 0 1 1 0 0 1 0 1 1 1 1 1 0 0 0 1 0 1 1 0 0 1 0 0 
0 0 0 1 0 0 0 0 0 0 1 0 0 0 0 1 1 1 1 0 1 0 1 1 1 0 1 0 0 0 0 1 1 0 0 1 0 1 1 1 
0 1 1 1 0 1 1 1 1 0 0 1 1 0 1 1 1 0 0 0 1 0 0 1 0 1 0 1 0 0 0 1 1 0 0 0 1 1 0 0 
0 0 1 1 0 1 0 0 0 0 1 0 0 0 0 0 0 0 1 0 0 0 0 0 0 1 0 1 0 1 0 0 0 1 0 0 1 0 0 0 
0 0 0 0 1 1 1 1 1 0 0 1 1 0 1 0 0 1 1 0 0 1 0 0 1 0 0 0 1 1 0 0 0 0 1 1 0 1 0 0 
0 1 0 0 0 1 0 0 0 0 0 0 0 1 0 0 1 0 0 0 0 0 0 0 0 0 0 1 0 1 0 1 1 1 1 0 1 0 0 0 
1 0 0 0 0 1 1 1 1 1 0 0 1 1 1 1 0 0 0 0 1 0 0 0 0 1 1 1 1 0 0 0 0 1 0 0 0 0 0 0 
0 1 0 1 1 1 1 0 1 0 1 0 0 0 1 1 0 0 0 0 0 0 0 0 0 0 1 0 0 0 0 0 0 1 0 0 0 0 0 0 

0 0 1 19 0 0 0 0 0 0 0 0 0 0 2 0 0 0 0 10 8 0 0 0 0 0 0 0 0 0 0 0 0 0 0 0 0 0 0 0 
0 0 0 0 0 0 0 7 0 0 12 0 0 4 0 0 0 0 0 0 0 0 0 0 0 0 0 0 0 0 0 0 0 0 0 0 17 15 2 0 
18 0 0 0 0 0 0 0 10 0 0 18 0 3 0 0 0 13 0 0 0 0 0 0 0 7 0 0 0 0 0 0 0 0 0 0 0 0 0 0 
0 8 0 0 19 0 0 0 0 3 0 19 1 0 0 0 0 0 0 0 0 4 16 12 0 0 0 0 0 0 0 0 2 18 0 0 0 0 0 0 
0 0 0 0 0 0 0 0 0 0 0 0 0 0 0 0 0 0 0 0 0 8 3 9 0 0 0 1 0 0 14 0 0 0 0 0 15 0 4 0 
0 0 18 0 0 0 0 12 0 0 0 0 0 0 0 0 0 0 0 0 15 2 0 0 0 0 0 0 0 0 0 0 0 9 0 0 1 0 0 0 
0 0 15 9 0 0 0 0 0 0 0 0 0 10 0 0 2 0 0 0 0 0 0 0 0 17 0 0 0 0 0 0 4 3 0 0 9 18 0 16 
0 0 0 0 20 0 0 0 0 13 0 0 0 0 0 0 0 0 0 0 0 0 0 0 0 0 13 0 18 0 11 0 0 0 0 0 10 0 0 0 
15 0 0 0 0 0 0 0 0 0 0 6 0 0 0 0 0 0 0 0 0 0 0 10 0 0 17 0 0 5 4 2 2 0 0 0 0 13 0 0 
0 0 0 0 0 12 0 0 0 0 0 0 0 0 0 0 0 18 5 14 0 0 5 0 16 12 0 0 0 0 0 0 0 0 15 0 0 0 0 0 
0 0 0 10 0 0 0 0 0 0 0 0 0 0 19 0 3 0 16 0 11 0 0 0 0 1 8 0 0 18 0 0 0 0 0 0 0 0 0 0 
0 5 0 0 19 0 0 0 0 0 0 0 0 7 0 0 13 0 0 0 0 1 0 0 0 20 4 0 0 0 0 0 18 0 0 0 0 0 7 8 
0 0 0 6 10 0 0 3 0 0 0 10 0 0 5 0 5 0 0 0 0 0 6 14 0 0 0 0 0 2 0 0 0 0 19 14 0 10 0 10 
0 0 0 0 2 0 0 0 0 0 0 0 0 0 16 0 0 0 20 5 0 0 8 0 11 0 0 0 8 0 0 11 0 8 0 0 0 0 0 0 
2 0 0 0 0 0 0 0 0 17 0 0 0 0 0 0 20 0 11 20 0 0 0 0 0 16 0 0 0 0 0 0 13 0 0 0 6 0 0 0 
0 0 0 0 0 0 7 0 0 0 0 0 0 14 0 0 0 0 0 0 0 0 0 0 0 0 0 0 0 0 0 4 0 0 1 0 0 0 2 0 
0 0 16 0 0 0 0 13 0 0 3 0 0 0 0 0 0 0 0 0 9 0 0 11 6 0 0 0 0 0 0 0 0 0 0 0 0 0 0 0 
0 0 0 0 0 0 0 0 7 0 0 0 1 0 0 6 0 0 0 0 7 1 2 0 0 0 14 0 0 0 0 0 0 0 0 7 0 0 0 0 
0 0 0 0 0 0 0 0 0 6 8 0 0 0 0 15 0 0 0 0 0 3 0 0 0 0 0 0 8 0 7 0 0 16 11 0 2 0 0 3 
0 0 0 0 0 0 14 2 0 0 0 0 0 0 6 0 13 0 0 0 0 0 0 0 0 0 0 0 0 0 0 0 0 0 0 0 0 0 15 0 
0 0 0 0 0 0 0 0 4 19 0 0 0 0 0 0 0 0 0 0 0 15 0 0 0 0 0 19 0 0 0 1 0 0 0 7 0 8 0 0 
0 0 0 5 2 0 0 0 0 0 0 14 0 0 0 0 0 0 0 0 0 0 0 0 0 9 0 11 0 0 0 13 0 0 0 0 0 1 0 0 
9 0 0 17 0 0 0 0 0 9 0 0 0 15 0 11 15 0 0 0 1 0 0 0 6 0 0 0 0 0 0 0 0 5 11 0 0 0 0 0 
0 0 0 0 0 0 0 0 0 0 0 0 0 0 0 0 0 8 0 0 0 10 4 0 0 0 5 0 0 20 0 0 0 0 0 3 0 0 0 0 
0 19 0 0 0 10 0 0 0 0 0 0 1 0 0 7 5 0 0 9 0 0 21 2 0 0 0 0 8 0 0 0 17 0 0 0 0 7 18 0 
1 6 0 9 0 0 0 18 0 2 0 13 0 0 7 0 0 5 0 0 2 0 0 4 16 0 0 0 0 0 7 0 6 2 8 0 0 0 3 0 
0 15 0 11 0 0 0 0 0 18 0 0 0 0 19 0 0 21 18 11 0 0 0 0 0 0 0 0 0 0 0 0 0 0 0 0 0 0 0 0 
0 18 0 6 0 7 16 0 0 0 19 0 6 0 18 0 17 0 0 0 0 0 0 14 0 0 0 0 0 0 0 0 15 0 0 6 13 14 0 0 
0 0 0 0 0 0 9 17 0 0 0 1 0 0 0 0 0 0 1 0 0 0 0 0 0 18 0 0 0 0 0 0 0 0 0 0 0 0 0 0 
15 0 0 0 0 17 0 0 0 0 10 0 0 0 19 4 0 0 12 0 0 0 0 0 0 0 0 0 0 0 0 0 0 0 3 0 0 0 0 0 
0 0 0 0 0 0 0 0 3 0 0 0 0 11 0 0 0 0 0 0 0 9 0 0 4 16 0 0 0 0 0 0 0 0 8 19 8 0 0 0 
11 0 0 19 0 1 0 0 2 1 0 0 0 0 0 0 0 0 0 0 0 0 0 0 9 0 0 7 11 0 14 0 15 0 0 0 0 0 16 0 
0 0 0 0 0 0 0 2 0 0 0 0 0 0 0 0 0 0 0 0 0 1 0 0 0 0 0 0 0 0 0 0 0 0 0 0 3 0 0 0 
0 0 0 0 0 0 6 17 0 0 0 0 0 0 16 0 17 0 0 0 0 0 18 0 0 0 0 0 0 0 0 0 0 0 0 0 0 17 0 0 
0 0 0 0 0 0 0 0 0 0 0 0 0 0 0 0 0 0 0 10 0 0 0 0 0 0 0 0 0 7 0 0 0 0 0 0 0 18 0 0 
0 0 0 16 0 0 0 0 0 0 0 8 0 0 0 0 0 3 0 0 0 0 0 0 0 0 17 13 0 0 0 0 4 0 0 0 0 6 0 0 
0 0 18 0 0 0 0 0 0 0 0 15 0 0 4 0 0 0 0 15 0 0 18 19 0 0 4 0 0 0 0 0 11 0 0 0 0 0 0 0 
0 0 0 0 0 0 0 0 0 0 0 0 0 0 8 0 1 0 0 0 0 0 0 0 0 0 0 0 0 0 0 14 0 0 0 0 0 0 0 0 
0 0 0 0 0 0 2 0 0 0 18 20 0 5 0 0 0 0 16 0 8 0 12 0 0 0 0 0 0 0 0 0 0 0 0 0 0 8 0 0 
2 0 0 17 0 0 0 0 0 0 20 21 0 0 0 0 7 0 18 0 0 0 0 4 0 0 0 16 0 4 0 0 0 0 0 0 0 0 0 0 
