40

0 0 0 0 0 0 1 0 0 1 0 1 0 0 1 1 0 1 0 1 0 0 0 0 1 1 0 1 0 0 1 0 0 1 0 1 0 0 0 1 
0 0 0 1 1 1 0 0 1 0 0 1 0 1 0 0 1 0 0 1 0 0 0 0 1 0 0 0 0 0 0 0 1 0 0 0 0 0 0 0 
0 0 0 0 0 0 0 0 0 0 1 0 1 1 1 0 0 0 0 0 0 1 0 1 0 0 1 0 0 0 0 0 0 0 0 0 0 0 0 1 
0 1 0 0 0 1 0 1 0 0 0 0 1 0 1 1 0 0 0 1 0 1 0 0 0 0 1 1 0 0 1 0 0 1 1 0 0 0 0 1 
0 1 0 0 0 0 0 1 0 0 0 0 0 0 0 0 0 0 0 0 0 0 0 0 1 1 0 0 0 0 0 0 0 0 0 1 0 0 0 0 
0 1 0 1 0 0 0 0 0 0 1 0 1 0 0 0 1 0 0 0 1 0 0 0 1 1 0 0 0 0 0 0 0 1 1 0 0 0 0 0 
1 0 0 0 0 0 0 1 0 0 0 1 1 0 0 0 1 0 0 0 1 0 1 0 0 0 0 0 0 0 1 0 0 1 0 0 0 1 1 0 
0 0 0 1 1 0 1 0 1 0 0 0 1 0 1 1 0 0 0 0 1 0 0 1 1 0 0 0 1 0 0 0 0 0 0 0 0 0 0 0 
0 1 0 0 0 0 0 1 0 0 0 0 0 1 0 0 0 0 0 0 0 0 0 0 0 0 0 0 0 0 0 1 0 0 0 0 0 0 0 0 
1 0 0 0 0 0 0 0 0 0 0 0 0 0 1 1 0 0 0 0 0 0 0 1 0 0 0 0 0 0 1 0 1 0 0 1 0 0 0 0 
0 0 1 0 0 1 0 0 0 0 0 1 0 1 0 0 0 0 0 0 1 0 0 1 0 0 0 0 0 0 0 0 1 1 0 0 0 0 0 0 
1 1 0 0 0 0 1 0 0 0 1 0 1 0 0 0 1 0 0 0 0 0 0 0 0 1 1 0 0 1 0 0 0 0 0 0 0 0 0 0 
0 0 1 1 0 1 1 1 0 0 0 1 0 0 0 0 1 0 0 0 0 0 0 1 1 0 0 0 1 0 1 0 1 0 0 0 0 0 0 0 
0 1 1 0 0 0 0 0 1 0 1 0 0 0 0 1 0 0 0 0 1 0 0 0 0 0 0 0 0 0 0 0 0 1 0 0 0 1 0 1 
1 0 1 1 0 0 0 1 0 1 0 0 0 0 0 0 1 0 0 1 0 1 0 0 0 0 0 0 0 0 0 0 0 0 0 0 0 0 0 0 
1 0 0 1 0 0 0 1 0 1 0 0 0 1 0 0 0 0 0 0 1 0 0 0 0 1 0 0 0 0 0 1 0 0 0 0 1 1 0 0 
0 1 0 0 0 1 1 0 0 0 0 1 1 0 1 0 0 1 0 0 1 0 0 0 0 0 0 0 0 0 0 0 0 0 0 0 1 0 0 0 
1 0 0 0 0 0 0 0 0 0 0 0 0 0 0 0 1 0 1 1 0 1 1 0 0 0 0 0 0 0 0 1 0 0 0 1 0 0 0 0 
0 0 0 0 0 0 0 0 0 0 0 0 0 0 0 0 0 1 0 0 1 0 0 0 0 0 0 0 0 0 0 1 0 1 1 0 0 1 0 0 
1 1 0 1 0 0 0 0 0 0 0 0 0 0 1 0 0 1 0 0 0 1 0 1 0 0 0 0 0 0 0 0 0 0 0 0 0 0 0 0 
0 0 0 0 0 1 1 1 0 0 1 0 0 1 0 1 1 0 1 0 0 0 0 0 0 0 1 0 0 0 0 0 0 0 0 1 1 0 0 1 
0 0 1 1 0 0 0 0 0 0 0 0 0 0 1 0 0 1 0 1 0 0 0 0 0 0 0 0 0 0 0 0 0 0 0 0 1 0 0 0 
0 0 0 0 0 0 1 0 0 0 0 0 0 0 0 0 0 1 0 0 0 0 0 1 0 0 0 0 0 0 0 0 0 0 1 0 0 0 1 0 
0 0 1 0 0 0 0 1 0 1 1 0 1 0 0 0 0 0 0 1 0 0 1 0 1 1 0 0 0 0 0 1 0 0 0 0 0 0 0 0 
1 1 0 0 1 1 0 1 0 0 0 0 1 0 0 0 0 0 0 0 0 0 0 1 0 0 1 0 0 0 0 0 0 0 1 0 0 1 0 0 
1 0 0 0 1 1 0 0 0 0 0 1 0 0 0 1 0 0 0 0 0 0 0 1 0 0 0 0 0 0 0 0 0 0 0 0 0 0 0 1 
0 0 1 1 0 0 0 0 0 0 0 1 0 0 0 0 0 0 0 0 1 0 0 0 1 0 0 0 0 0 0 0 0 0 0 1 0 0 0 0 
1 0 0 1 0 0 0 0 0 0 0 0 0 0 0 0 0 0 0 0 0 0 0 0 0 0 0 0 1 0 0 0 0 0 0 0 0 0 0 0 
0 0 0 0 0 0 0 1 0 0 0 0 1 0 0 0 0 0 0 0 0 0 0 0 0 0 0 1 0 0 0 0 0 0 0 0 0 0 0 0 
0 0 0 0 0 0 0 0 0 0 0 1 0 0 0 0 0 0 0 0 0 0 0 0 0 0 0 0 0 0 0 0 1 0 0 0 0 0 0 0 
1 0 0 1 0 0 1 0 0 1 0 0 1 0 0 0 0 0 0 0 0 0 0 0 0 0 0 0 0 0 0 0 0 1 0 0 0 0 0 0 
0 0 0 0 0 0 0 0 1 0 0 0 0 0 0 1 0 1 1 0 0 0 0 1 0 0 0 0 0 0 0 0 1 0 0 1 0 0 0 0 
0 1 0 0 0 0 0 0 0 1 1 0 1 0 0 0 0 0 0 0 0 0 0 0 0 0 0 0 0 1 0 1 0 0 0 1 0 0 0 0 
1 0 0 1 0 1 1 0 0 0 1 0 0 1 0 0 0 0 1 0 0 0 0 0 0 0 0 0 0 0 1 0 0 0 0 0 0 1 0 1 
0 0 0 1 0 1 0 0 0 0 0 0 0 0 0 0 0 0 1 0 0 0 1 0 1 0 0 0 0 0 0 0 0 0 0 0 0 0 0 0 
1 0 0 0 1 0 0 0 0 1 0 0 0 0 0 0 0 1 0 0 1 0 0 0 0 0 1 0 0 0 0 1 1 0 0 0 0 1 0 0 
0 0 0 0 0 0 0 0 0 0 0 0 0 0 0 1 1 0 0 0 1 1 0 0 0 0 0 0 0 0 0 0 0 0 0 0 0 0 0 1 
0 0 0 0 0 0 1 0 0 0 0 0 0 1 0 1 0 0 1 0 0 0 0 0 1 0 0 0 0 0 0 0 0 1 0 1 0 0 0 0 
0 0 0 0 0 0 1 0 0 0 0 0 0 0 0 0 0 0 0 0 0 0 1 0 0 0 0 0 0 0 0 0 0 0 0 0 0 0 0 0 
1 0 1 1 0 0 0 0 0 0 0 0 0 1 0 0 0 0 0 0 1 0 0 0 0 1 0 0 0 0 0 0 0 1 0 0 1 0 0 0 

0 0 0 0 0 0 0 0 0 0 0 0 0 0 0 0 0 2 4 0 0 4 0 0 0 0 0 0 0 0 0 0 0 0 0 0 5 0 0 0 
0 0 0 0 0 0 0 1 0 0 0 0 3 0 2 0 0 9 0 1 0 0 0 0 0 0 0 0 0 0 0 7 3 0 3 7 0 0 0 10 
0 0 0 0 0 0 8 4 7 0 0 0 9 4 0 0 0 0 0 0 0 0 0 0 0 0 0 0 0 1 4 5 0 0 1 0 0 0 0 0 
0 0 0 0 0 0 0 0 0 0 2 0 0 0 0 0 0 0 1 0 0 0 0 0 0 0 1 0 5 6 0 0 0 0 7 0 0 0 9 0 
0 0 0 0 0 0 3 0 0 4 1 0 10 0 0 0 1 8 0 0 0 0 0 0 0 0 0 7 0 0 5 0 0 10 0 0 0 0 0 6 
0 0 0 0 0 0 0 0 0 0 0 0 6 0 0 2 0 3 0 0 0 0 0 3 0 11 0 9 0 0 4 0 0 0 0 4 0 0 0 0 
0 0 0 0 5 0 0 0 0 0 0 0 0 0 0 0 4 0 0 0 0 0 2 0 7 0 4 0 0 0 0 0 0 0 4 0 0 0 3 0 
0 0 0 4 0 0 0 0 0 0 3 0 4 0 0 0 0 0 0 0 0 0 0 0 0 0 0 0 10 0 0 0 0 0 7 0 4 0 0 0 
0 0 0 0 0 3 0 0 0 0 5 1 0 0 0 0 0 4 0 0 0 10 0 0 0 0 0 0 0 0 0 0 0 0 0 0 8 0 0 0 
0 0 0 0 0 0 0 10 0 0 0 3 0 0 0 0 0 0 0 0 0 0 0 0 0 10 0 10 0 6 0 0 0 1 0 0 0 3 0 0 
3 0 0 0 1 0 0 0 0 0 0 0 11 0 0 0 0 0 0 1 0 0 0 10 0 0 0 0 0 0 1 0 8 0 0 0 0 3 0 0 
4 0 0 0 0 0 0 11 0 0 0 0 0 0 0 10 5 0 0 0 9 0 0 0 0 0 0 0 0 1 0 3 8 4 0 0 0 0 0 0 
0 7 0 0 0 0 0 0 3 0 0 0 0 0 0 0 1 0 0 0 0 0 3 0 0 0 0 0 0 6 0 0 0 0 9 0 0 0 0 0 
7 0 0 0 0 0 0 0 0 3 0 0 0 0 0 0 0 0 0 0 0 0 0 0 3 9 0 2 0 0 0 0 0 0 0 0 11 0 0 0 
8 0 0 0 3 0 0 1 0 0 0 0 0 0 0 0 8 0 0 0 0 0 0 0 0 0 0 1 0 0 0 0 0 0 7 0 0 0 0 7 
0 0 0 0 0 10 0 0 0 0 0 0 0 0 0 0 0 0 0 0 0 0 0 0 0 1 9 0 0 3 0 0 0 0 0 0 3 0 0 0 
0 0 0 0 0 0 0 0 0 8 11 0 0 2 4 0 0 1 0 0 0 0 8 0 0 0 0 0 0 0 0 7 0 0 0 0 0 0 0 0 
0 0 0 7 0 0 6 2 0 0 0 0 0 0 0 6 0 0 0 2 0 0 0 0 0 0 0 0 6 0 0 0 0 0 0 4 0 4 0 0 
0 0 0 2 0 0 0 0 0 0 0 8 0 6 9 0 7 0 0 0 0 4 1 0 0 0 0 0 10 0 0 0 9 0 10 0 0 0 2 0 
0 0 0 0 0 0 10 0 0 0 0 5 0 0 0 0 0 0 0 0 0 10 0 0 9 0 0 0 1 0 10 10 0 0 0 8 0 6 0 0 
0 2 0 0 0 0 0 0 0 0 0 0 0 0 0 2 0 0 7 0 0 0 0 0 0 0 0 0 0 0 0 2 0 0 0 0 0 0 0 0 
0 0 0 0 0 0 0 0 0 0 2 0 0 0 8 0 0 0 0 0 0 0 0 0 0 3 0 0 11 0 5 0 0 6 0 0 0 0 4 0 
0 0 0 8 7 0 0 7 2 0 6 0 0 0 0 0 0 0 0 2 0 0 0 0 0 0 0 0 0 4 0 0 1 0 0 4 0 0 4 0 
0 0 0 0 0 0 1 0 0 0 0 0 0 0 0 0 0 0 0 0 0 0 0 0 0 0 0 5 10 0 0 0 3 6 0 0 0 0 0 0 
0 4 3 0 0 0 0 0 0 0 0 0 0 0 3 1 0 0 0 0 0 0 9 0 0 0 0 0 0 0 0 0 0 0 0 0 0 0 9 0 
0 0 4 0 4 0 4 0 0 0 0 2 10 0 0 0 9 0 0 0 0 1 0 0 0 0 1 0 0 0 0 0 0 0 0 0 0 0 1 0 
0 0 0 0 4 0 6 0 0 8 0 0 0 0 0 0 0 0 8 0 0 0 0 0 0 0 0 0 0 0 7 0 0 0 0 0 0 0 6 0 
0 7 0 0 0 0 0 3 0 0 0 0 0 0 0 4 0 4 7 0 0 8 0 0 0 0 0 0 0 0 0 0 0 0 0 0 0 0 0 0 
2 0 0 0 7 0 0 0 3 0 10 0 9 10 11 0 0 0 10 1 9 9 0 0 0 0 0 0 0 0 0 0 0 0 0 0 0 0 0 0 
0 7 0 8 0 0 0 8 0 0 0 0 0 0 0 0 0 0 0 0 0 0 0 0 0 0 0 0 0 0 3 0 0 0 0 0 0 11 0 2 
8 9 0 8 0 0 0 0 0 7 0 0 0 0 0 10 0 0 0 6 0 0 0 0 0 0 0 1 2 0 0 0 0 0 0 0 6 0 0 0 
0 0 0 0 0 0 0 0 0 0 0 6 0 0 0 0 0 0 0 0 0 0 0 0 0 0 0 0 7 0 0 0 0 10 6 0 0 0 0 0 
0 0 0 10 0 0 0 0 0 0 3 0 0 0 0 0 0 0 0 0 0 0 0 8 0 0 0 6 0 0 0 0 0 0 0 0 4 0 0 1 
10 0 0 0 2 0 0 0 0 0 0 6 0 1 0 1 0 0 0 0 0 0 9 7 2 0 0 8 0 0 2 0 0 0 0 0 2 4 0 0 
0 0 4 0 0 0 0 3 0 0 0 0 0 0 11 10 0 0 0 0 0 0 8 0 0 0 0 0 0 10 0 0 0 0 0 0 1 0 0 0 
0 9 0 0 0 0 0 0 0 1 0 9 0 0 0 0 0 0 4 0 1 4 0 0 0 0 9 0 11 0 0 5 0 0 0 0 0 0 8 0 
0 0 5 0 0 0 0 0 0 0 0 0 0 3 0 0 0 0 0 0 0 0 0 0 0 7 7 0 0 0 4 0 0 0 0 0 0 0 1 0 
2 0 0 0 0 0 0 0 4 0 0 0 0 0 0 0 0 0 0 0 0 0 0 0 0 0 1 0 0 4 2 0 0 0 1 0 0 0 0 0 
0 0 0 2 0 0 0 0 0 0 0 0 0 0 0 0 0 9 0 0 0 0 0 4 0 0 0 0 0 0 0 6 0 0 0 0 0 0 0 0 
0 0 0 0 7 0 0 0 0 0 0 0 0 0 0 10 0 0 0 0 0 0 0 1 1 0 0 5 0 0 0 0 0 0 7 3 0 2 3 0 
