50

0 0 1 0 1 0 1 0 1 0 0 1 1 0 1 1 0 0 1 0 1 1 0 1 0 1 0 0 1 0 0 1 1 1 1 0 1 0 0 0 0 0 1 0 1 0 0 0 1 1 
0 0 0 1 0 0 0 1 0 0 0 0 1 1 1 1 1 1 1 1 1 1 0 1 0 0 1 0 0 0 1 0 0 1 0 0 1 1 1 1 0 1 1 1 0 1 1 0 0 1 
1 0 0 1 0 0 0 1 0 0 0 1 0 0 0 0 1 0 1 1 1 0 0 0 0 0 0 1 1 0 0 0 1 1 1 1 0 0 1 1 0 1 0 1 0 1 0 0 0 0 
0 1 1 0 1 1 0 1 0 0 0 1 0 1 0 0 1 0 0 1 0 0 1 1 0 1 0 1 0 1 0 0 0 0 1 0 1 0 1 0 0 1 0 1 1 0 1 0 0 0 
1 0 0 1 0 0 1 1 1 0 0 1 1 0 1 0 0 0 0 1 1 0 0 1 1 0 1 0 1 0 0 0 0 0 1 1 1 1 1 0 1 0 1 1 1 0 0 0 1 0 
0 0 0 1 0 0 1 0 0 1 1 0 1 1 1 1 0 1 0 0 1 1 1 1 1 1 0 1 0 1 1 0 1 1 1 1 1 1 0 1 0 1 0 0 0 1 1 0 1 1 
1 0 0 0 1 1 0 0 1 0 1 0 1 1 1 1 0 1 0 1 0 1 0 0 0 1 1 1 1 1 1 1 1 0 0 1 0 0 1 0 1 0 1 1 1 1 0 1 0 0 
0 1 1 1 1 0 0 0 1 0 0 1 0 0 0 0 0 0 1 1 1 1 0 1 1 1 1 0 0 0 0 0 0 0 1 0 1 1 0 0 1 0 0 1 1 0 0 0 1 1 
1 0 0 0 1 0 1 1 0 1 0 1 1 1 1 1 0 1 0 1 0 1 1 0 0 1 0 0 1 0 0 1 1 1 0 0 0 1 1 1 0 0 0 1 1 0 1 0 0 1 
0 0 0 0 0 1 0 0 1 0 0 0 1 0 1 1 1 0 1 0 1 0 0 0 1 1 0 1 1 0 1 1 1 0 0 1 0 0 0 0 0 1 1 1 0 0 1 0 1 0 
0 0 0 0 0 1 1 0 0 0 0 1 0 0 1 1 1 1 1 1 1 1 1 1 0 0 0 0 0 0 0 0 0 1 1 1 1 0 1 1 1 1 0 1 1 0 0 1 0 0 
1 0 1 1 1 0 0 1 1 0 1 0 0 0 0 1 0 0 0 1 0 0 1 1 1 1 1 0 1 0 1 0 0 1 0 0 0 0 0 0 1 1 1 0 1 1 0 0 1 1 
1 1 0 0 1 1 1 0 1 1 0 0 0 0 0 0 0 0 0 0 1 0 1 1 0 1 1 1 1 0 0 1 1 1 1 0 0 1 0 1 0 1 0 0 0 0 1 1 0 1 
0 1 0 1 0 1 1 0 1 0 0 0 0 0 1 1 1 1 0 1 0 0 0 1 1 1 0 1 0 0 1 1 0 1 0 1 0 0 1 0 1 0 1 1 0 0 1 0 1 1 
1 1 0 0 1 1 1 0 1 1 1 0 0 1 0 0 0 0 1 1 0 1 0 1 0 1 0 1 1 0 1 0 1 0 0 0 1 1 1 1 1 1 1 1 1 1 1 1 1 0 
1 1 0 0 0 1 1 0 1 1 1 1 0 1 0 0 0 1 0 0 0 0 1 1 1 0 1 0 1 1 0 0 0 0 0 1 0 1 0 0 1 1 1 1 1 0 1 0 0 0 
0 1 1 1 0 0 0 0 0 1 1 0 0 1 0 0 0 0 0 1 0 1 1 1 1 1 0 1 1 0 0 1 0 1 0 1 0 0 1 1 0 1 1 1 0 1 1 0 0 1 
0 1 0 0 0 1 1 0 1 0 1 0 0 1 0 1 0 0 1 0 1 0 1 1 0 1 0 1 1 1 0 1 0 0 0 1 0 1 1 0 0 1 1 0 0 0 0 1 0 0 
1 1 1 0 0 0 0 1 0 1 1 0 0 0 1 0 0 1 0 1 1 1 0 1 0 0 1 0 1 1 0 1 1 0 0 1 0 0 1 0 0 1 0 0 1 1 1 0 0 0 
0 1 1 1 1 0 1 1 1 0 1 1 0 1 1 0 1 0 1 0 0 1 1 0 0 0 1 1 1 0 1 0 1 0 1 1 0 1 1 0 1 1 1 0 0 1 1 0 1 1 
1 1 1 0 1 1 0 1 0 1 1 0 1 0 0 0 0 1 1 0 0 1 0 1 0 1 0 1 0 1 0 1 0 1 0 0 0 1 1 1 1 1 0 0 1 1 1 1 1 1 
1 1 0 0 0 1 1 1 1 0 1 0 0 0 1 0 1 0 1 1 1 0 0 1 1 1 0 0 1 1 1 0 0 1 0 1 1 0 1 0 1 1 0 1 1 1 1 1 1 0 
0 0 0 1 0 1 0 0 1 0 1 1 1 0 0 1 1 1 0 1 0 0 0 0 1 1 0 1 1 1 0 1 0 0 1 0 1 0 1 0 0 1 0 0 0 1 0 1 0 1 
1 1 0 1 1 1 0 1 0 0 1 1 1 1 1 1 1 1 1 0 1 1 0 0 1 1 0 0 0 0 1 0 0 0 0 0 0 1 1 0 0 0 1 0 1 1 1 0 1 0 
0 0 0 0 1 1 0 1 0 1 0 1 0 1 0 1 1 0 0 0 0 1 1 1 0 0 1 1 0 0 0 1 1 0 0 1 0 0 1 0 0 0 1 0 1 0 1 0 0 1 
1 0 0 1 0 1 1 1 1 1 0 1 1 1 1 0 1 1 0 0 1 1 1 1 0 0 1 1 1 1 0 0 0 0 0 1 0 1 0 1 1 1 0 0 1 1 0 1 0 0 
0 1 0 0 1 0 1 1 0 0 0 1 1 0 0 1 0 0 1 1 0 0 0 0 1 1 0 0 1 0 0 0 0 0 0 0 1 1 1 1 1 1 1 1 0 1 0 0 0 1 
0 0 1 1 0 1 1 0 0 1 0 0 1 1 1 0 1 1 0 1 1 0 1 0 1 1 0 0 1 1 1 1 1 1 0 0 0 1 1 0 0 0 0 1 1 0 0 0 1 1 
1 0 1 0 1 0 1 0 1 1 0 1 1 0 1 1 1 1 1 1 0 1 1 0 0 1 1 1 0 1 1 1 0 1 1 1 1 1 0 0 1 1 0 1 1 0 1 0 1 1 
0 0 0 1 0 1 1 0 0 0 0 0 0 0 0 1 0 1 1 0 1 1 1 0 0 1 0 1 1 0 1 1 1 1 1 0 0 1 0 1 1 0 1 1 1 1 0 1 1 0 
0 1 0 0 0 1 1 0 0 1 0 1 0 1 1 0 0 0 0 1 0 1 0 1 0 0 0 1 1 1 0 0 0 0 1 0 1 0 1 1 0 0 1 0 0 0 0 0 1 1 
1 0 0 0 0 0 1 0 1 1 0 0 1 1 0 0 1 1 1 0 1 0 1 0 1 0 0 1 1 1 0 0 1 0 1 0 1 0 0 1 1 0 0 1 0 0 1 1 1 1 
1 0 1 0 0 1 1 0 1 1 0 0 1 0 1 0 0 0 1 1 0 0 0 0 1 0 0 1 0 1 0 1 0 0 1 0 0 1 0 0 1 1 1 0 1 1 0 0 0 1 
1 1 1 0 0 1 0 0 1 0 1 1 1 1 0 0 1 0 0 0 1 1 0 0 0 0 0 1 1 1 0 0 0 0 1 0 1 0 1 1 0 0 0 1 0 1 1 1 0 0 
1 0 1 1 1 1 0 1 0 0 1 0 1 0 0 0 0 0 0 1 0 0 1 0 0 0 0 0 1 1 1 1 1 1 0 0 0 1 0 1 1 0 0 0 1 1 1 0 1 1 
0 0 1 0 1 1 1 0 0 1 1 0 0 1 0 1 1 1 1 1 0 1 0 0 1 1 0 0 1 0 0 0 0 0 0 0 1 1 1 1 0 1 1 1 0 0 1 0 1 0 
1 1 0 1 1 1 0 1 0 0 1 0 0 0 1 0 0 0 0 0 0 1 1 0 0 0 1 0 1 0 1 1 0 1 0 1 0 0 0 1 1 0 0 1 0 0 0 1 0 0 
0 1 0 0 1 1 0 1 1 0 0 0 1 0 1 1 0 1 0 1 1 0 0 1 0 1 1 1 1 1 0 0 1 0 1 1 0 0 0 0 0 0 1 0 1 1 0 0 1 0 
0 1 1 1 1 0 1 0 1 0 1 0 0 1 1 0 1 1 1 1 1 1 1 1 1 0 1 1 0 0 1 0 0 1 0 1 0 0 0 0 0 1 1 0 1 0 1 1 0 1 
0 1 1 0 0 1 0 0 1 0 1 0 1 0 1 0 1 0 0 0 1 0 0 0 0 1 1 0 0 1 1 1 0 1 1 1 1 0 0 0 0 1 0 1 0 1 1 0 1 0 
0 0 0 0 1 0 1 1 0 0 1 1 0 1 1 1 0 0 0 1 1 1 0 0 0 1 1 0 1 1 0 1 1 0 1 0 1 0 0 0 0 1 0 0 0 1 1 1 0 0 
0 1 1 1 0 1 0 0 0 1 1 1 1 0 1 1 1 1 1 1 1 1 1 0 0 1 1 0 1 0 0 0 1 0 0 1 0 0 1 1 1 0 0 1 1 0 1 0 1 0 
1 1 0 0 1 0 1 0 0 1 0 1 0 1 1 1 1 1 0 1 0 0 0 1 1 0 1 0 0 1 1 0 1 0 0 1 0 1 1 0 0 0 0 1 0 1 1 1 0 0 
0 1 1 1 1 0 1 1 1 1 1 0 0 1 1 1 1 0 0 0 0 1 0 0 0 0 1 1 1 1 0 1 0 1 0 1 1 0 0 1 0 1 1 0 0 1 1 1 0 1 
1 0 0 1 1 0 1 1 1 0 1 1 0 0 1 1 0 0 1 0 1 1 0 1 1 1 0 1 1 1 0 0 1 0 1 0 0 1 1 0 0 1 0 0 0 0 0 0 0 0 
0 1 1 0 0 1 1 0 0 0 0 1 0 0 1 0 1 0 1 1 1 1 1 1 0 1 1 0 0 1 0 0 1 1 1 0 0 1 0 1 1 0 1 1 0 0 1 1 0 0 
0 1 0 1 0 1 0 0 1 1 0 0 1 1 1 1 1 0 1 1 1 1 0 1 1 0 0 0 1 0 0 1 0 1 1 1 0 0 1 1 1 1 1 1 0 1 0 0 1 1 
0 0 0 0 0 0 1 0 0 0 1 0 1 0 1 0 0 1 0 0 1 1 1 0 0 1 0 0 0 1 0 1 0 1 0 0 1 0 1 0 1 0 1 1 0 1 0 0 1 1 
1 0 0 0 1 1 0 1 0 1 0 1 0 1 1 0 0 0 0 1 1 1 0 1 0 0 0 1 1 1 1 1 0 0 1 1 0 1 0 1 0 1 0 0 0 0 1 1 0 1 
1 1 0 0 0 1 0 1 1 0 0 1 1 1 0 0 1 0 0 1 1 0 1 0 1 0 1 1 1 0 1 1 1 0 1 0 0 0 1 0 0 0 0 1 0 0 1 1 1 0 

0 0 0 0 0 0 0 0 1 0 0 0 0 0 0 8 0 17 0 0 0 0 0 0 0 0 0 0 0 0 0 10 0 0 0 0 0 0 11 0 0 0 0 0 19 0 0 0 0 1 
0 0 0 0 0 0 0 0 2 0 7 8 0 0 0 0 0 0 0 0 0 19 0 0 0 2 0 0 0 4 0 0 0 0 0 0 0 0 0 0 5 18 0 0 0 0 0 0 0 12 
0 0 0 19 0 13 0 0 7 0 0 15 0 0 0 0 0 0 0 0 0 0 0 0 4 0 0 0 0 0 0 0 0 0 0 3 0 0 0 0 0 0 0 0 0 12 0 0 3 0 
0 0 0 0 16 0 11 0 0 0 0 3 0 17 14 0 0 0 0 0 0 0 0 0 0 15 16 0 0 0 0 0 0 0 0 19 0 0 11 0 0 4 0 13 0 0 0 0 6 0 
0 0 0 19 0 0 0 0 0 0 0 0 7 11 7 8 0 0 0 0 0 0 0 0 0 0 0 0 15 0 0 0 0 0 0 0 0 0 0 0 0 0 11 0 0 0 0 0 0 0 
0 6 0 0 19 0 0 0 0 0 17 0 0 19 0 0 16 0 0 0 0 0 11 0 0 15 0 0 9 0 0 0 0 0 0 14 0 0 0 0 0 0 0 0 0 0 2 0 0 13 
0 9 8 8 0 0 0 0 2 0 0 0 0 0 14 19 0 0 0 1 0 11 0 0 0 0 0 19 0 0 0 0 0 0 0 0 0 0 0 0 0 0 0 0 0 0 2 0 0 0 
0 0 0 0 13 0 0 0 5 0 0 9 0 0 0 0 0 0 0 0 1 0 0 7 0 0 0 0 0 0 0 0 0 0 0 0 0 0 0 0 0 0 1 0 16 0 12 0 5 0 
0 0 10 0 0 0 16 11 0 0 0 0 0 0 0 0 0 0 0 15 20 0 0 0 0 0 15 0 1 6 0 18 0 0 5 19 0 0 15 0 2 0 6 2 17 0 0 0 0 0 
15 0 0 11 0 0 0 0 0 0 0 0 0 0 14 0 11 5 0 0 5 0 0 0 0 0 14 17 0 17 6 0 0 2 0 0 0 0 0 0 14 0 0 0 0 0 0 0 0 0 
0 0 0 0 2 0 7 0 0 0 0 0 0 0 0 0 14 0 0 0 0 0 0 0 0 0 0 0 0 0 3 0 0 0 0 0 0 0 0 7 0 0 0 0 0 0 0 0 0 0 
0 0 0 0 0 2 0 0 0 0 1 0 0 0 0 0 0 0 0 0 0 0 0 0 0 1 0 0 0 0 0 0 0 12 0 0 0 0 9 0 13 0 0 0 0 0 16 14 0 0 
0 0 0 0 0 1 0 2 0 0 0 0 0 0 0 0 19 2 0 0 0 0 1 0 0 0 0 0 0 9 0 0 0 17 0 0 0 0 0 0 0 0 0 0 0 0 3 0 0 17 
0 12 0 0 0 0 0 0 0 0 3 0 0 0 8 0 0 0 0 0 0 0 12 0 0 0 12 7 0 0 0 0 0 14 0 0 0 0 0 0 0 0 0 0 0 0 0 0 0 0 
0 18 0 3 0 0 0 0 0 16 0 0 2 0 0 0 0 0 0 0 0 19 12 13 0 0 0 0 0 0 0 0 0 1 0 0 0 0 8 0 0 0 0 0 0 0 0 0 0 0 
0 0 0 0 0 0 0 0 0 0 0 0 0 2 0 0 0 0 0 10 0 0 0 0 0 0 0 0 0 8 0 0 0 0 0 0 8 0 17 6 1 0 0 0 0 19 13 0 0 0 
11 17 0 0 7 0 6 0 0 0 0 0 0 0 0 0 0 0 0 0 0 0 0 0 0 0 0 0 14 0 0 0 16 0 0 0 0 0 0 16 0 0 2 0 17 0 2 0 0 0 
0 0 0 5 15 0 0 0 0 0 0 0 0 8 4 18 0 0 0 0 0 0 0 0 1 0 0 0 8 0 0 0 7 14 1 8 0 0 0 0 0 0 0 17 0 0 0 0 0 2 
6 0 0 19 0 0 0 0 0 0 0 17 0 8 18 13 9 0 0 0 0 0 0 0 0 0 0 4 0 0 1 19 0 0 0 0 0 0 2 0 0 9 0 0 11 0 0 0 0 0 
0 0 0 6 12 0 0 0 0 0 0 0 14 0 0 15 0 0 0 0 0 0 0 0 6 9 0 0 0 0 0 7 1 0 0 0 14 0 0 0 0 3 8 11 0 0 0 0 0 5 
0 0 11 0 0 4 0 0 0 0 15 0 0 9 0 0 0 1 0 0 0 0 0 11 0 0 0 5 19 0 0 0 0 2 0 6 0 0 0 6 3 0 0 0 0 0 19 0 16 0 
0 0 0 0 0 0 0 14 0 0 0 0 9 16 14 0 0 0 19 13 0 0 0 0 0 0 0 0 0 0 0 0 0 0 0 17 11 0 0 0 0 9 0 2 0 15 0 0 0 6 
0 0 0 0 6 7 15 0 0 0 0 0 0 0 0 11 18 18 0 2 16 0 0 1 5 0 0 3 0 0 0 0 0 0 0 0 0 17 0 0 0 0 0 0 7 0 0 0 16 0 
16 0 5 7 0 0 0 1 0 0 0 0 0 0 0 0 0 0 0 3 5 19 0 0 0 0 17 0 0 11 0 0 0 0 0 12 0 4 0 7 1 7 5 0 10 0 0 0 0 0 
0 0 0 0 0 20 0 0 0 0 0 13 0 6 0 0 0 12 0 0 15 0 0 0 0 0 0 0 0 0 19 0 0 0 0 0 0 11 0 0 0 0 0 0 13 0 0 10 0 0 
0 0 0 0 0 0 0 0 0 0 0 10 10 0 0 0 0 0 0 0 0 0 0 0 0 0 0 2 0 0 0 0 0 0 0 0 3 0 0 0 0 0 0 13 0 0 4 0 0 0 
0 0 0 6 0 0 6 0 0 0 9 0 0 19 0 0 0 18 0 0 0 0 0 0 0 0 0 0 0 0 0 0 0 0 16 0 11 10 0 0 0 9 0 0 0 0 0 0 0 0 
0 0 0 0 0 0 0 0 0 0 0 0 0 2 0 0 0 0 0 9 0 0 0 0 0 0 11 0 0 0 0 2 11 0 0 0 0 0 0 0 11 0 0 0 0 0 0 0 0 13 
0 16 0 15 0 0 0 0 0 0 0 10 0 20 0 0 0 0 0 0 10 0 0 0 0 0 0 6 0 0 0 0 6 0 0 0 0 0 1 0 0 0 12 9 0 15 0 0 0 0 
0 0 10 0 0 0 15 0 0 0 13 0 0 1 0 0 0 0 5 0 0 0 0 0 0 0 16 0 0 0 0 0 14 1 0 0 5 0 4 0 0 2 0 0 0 0 0 0 0 0 
0 0 0 0 0 0 0 0 0 0 0 0 10 0 6 0 18 0 0 7 0 0 0 4 10 11 0 0 0 0 0 0 0 9 0 0 0 0 0 0 10 0 0 0 0 0 0 0 0 10 
0 16 0 12 0 17 0 0 0 0 0 0 0 0 0 0 0 0 0 0 9 0 0 0 0 0 0 18 0 0 0 0 7 0 0 7 17 0 0 0 0 0 0 0 0 0 2 0 11 0 
0 0 19 0 0 5 13 0 3 0 0 0 0 14 0 0 0 0 11 0 0 3 17 0 0 4 13 0 0 6 9 0 0 0 0 0 19 0 0 0 14 4 0 17 8 2 0 3 0 0 
0 0 0 0 0 0 0 0 0 18 0 0 0 10 0 0 0 0 14 0 0 0 1 19 0 0 0 0 0 3 0 0 2 0 0 0 0 0 0 0 0 0 0 0 0 1 5 6 0 0 
0 0 6 0 0 0 0 0 0 0 15 0 0 0 14 0 0 4 0 0 0 0 0 8 0 0 0 0 0 0 0 0 0 0 0 8 18 0 0 12 0 0 0 0 15 5 0 0 0 0 
2 0 0 0 0 0 13 16 2 0 0 13 11 14 0 0 0 0 0 0 0 0 0 0 0 0 0 0 1 0 0 0 0 0 0 0 11 0 0 0 0 0 0 0 0 0 0 14 3 0 
0 15 0 0 0 0 0 0 0 0 0 0 0 0 0 0 0 2 0 0 0 0 0 0 0 0 3 0 0 0 0 12 0 0 0 10 0 0 0 0 7 0 0 5 0 0 0 0 0 0 
0 0 0 0 0 0 0 12 0 0 0 0 2 0 0 13 0 16 0 0 0 0 0 0 0 0 0 0 0 0 0 0 0 6 0 13 0 0 0 5 0 0 0 0 0 0 0 15 0 0 
0 0 0 0 0 6 10 0 0 3 0 7 0 0 0 0 4 7 3 2 15 0 0 0 0 0 0 18 3 0 0 0 0 0 0 0 0 0 0 0 3 3 0 15 0 0 0 0 0 0 
0 0 0 0 14 0 2 0 16 0 0 0 0 15 11 0 0 10 20 0 4 0 0 0 0 0 11 0 0 0 0 0 0 0 2 0 0 11 0 0 0 0 0 0 0 0 0 0 0 0 
0 3 0 0 0 9 0 0 0 18 3 0 0 0 0 0 0 1 0 8 0 0 18 0 0 0 0 0 4 11 0 0 0 0 0 0 0 0 0 0 0 0 0 0 0 0 0 0 20 0 
0 0 0 0 0 0 0 0 0 0 0 0 0 0 12 0 0 0 0 17 3 0 0 0 0 16 0 0 0 0 0 0 12 0 0 2 1 13 0 18 0 0 0 0 10 0 0 2 15 0 
0 17 4 0 0 0 0 0 0 0 0 16 0 0 0 0 0 0 0 0 0 0 0 19 0 1 0 0 12 0 0 18 0 0 18 0 0 0 0 0 0 0 0 0 0 0 0 0 0 0 
16 0 0 0 0 9 0 0 0 16 0 0 0 0 0 0 0 0 0 0 0 0 0 0 0 0 0 0 0 0 5 0 2 0 0 0 0 0 3 0 0 0 15 0 11 0 0 0 0 0 
0 0 4 0 0 0 0 12 0 0 0 0 0 0 0 0 0 0 18 12 0 6 0 0 11 0 0 0 0 0 0 0 0 0 0 0 0 0 0 11 0 0 0 19 0 0 0 3 0 0 
0 1 0 0 4 0 0 0 0 0 14 0 0 0 19 0 1 0 0 0 0 0 0 0 0 0 0 0 0 0 0 0 18 0 0 0 0 18 0 3 0 0 3 0 0 0 0 0 0 0 
0 0 0 0 5 0 0 4 10 1 0 8 0 0 0 0 12 0 0 0 0 0 0 13 0 0 0 4 2 3 0 0 0 0 0 0 19 0 0 0 0 6 0 0 0 0 0 0 17 14 
0 0 0 0 0 0 0 0 0 0 8 0 0 17 0 6 0 0 0 9 0 0 0 0 0 0 0 8 0 0 0 0 0 0 0 0 0 0 0 0 0 0 10 0 13 0 0 0 0 0 
0 0 2 0 0 0 0 0 0 0 0 0 0 0 0 0 0 0 0 0 0 5 0 0 0 0 0 0 0 0 0 0 0 0 0 0 0 0 0 0 0 0 0 0 0 0 0 10 0 0 
4 4 0 0 11 20 0 0 0 0 0 0 0 0 0 0 0 0 0 0 2 0 0 0 9 0 0 0 19 0 0 0 0 0 0 0 0 0 0 0 0 0 0 0 0 0 11 0 1 0 
