50

0 0 1 1 0 0 0 1 1 1 1 0 1 0 1 0 0 1 0 1 0 0 1 1 0 0 1 0 1 1 1 1 1 1 0 1 0 0 1 1 1 0 1 0 1 1 1 1 1 1 
0 0 1 1 1 1 1 0 1 1 1 1 1 1 0 1 1 1 1 0 1 1 1 1 1 0 1 1 1 0 1 1 1 1 1 1 1 1 1 0 1 1 1 1 1 1 1 1 1 1 
1 1 0 1 1 0 1 0 1 1 1 1 1 1 1 1 0 1 0 0 1 1 1 0 1 1 0 0 0 1 1 1 0 0 1 1 0 1 0 0 0 1 1 1 1 1 0 0 0 0 
1 1 1 0 1 1 1 0 1 1 0 1 0 1 1 1 1 1 1 0 1 1 0 0 1 1 1 0 1 1 0 1 1 1 1 1 1 1 0 0 1 0 0 1 0 1 1 1 0 0 
0 1 1 1 0 1 1 1 1 1 1 1 1 1 1 1 1 1 1 1 1 0 1 1 1 1 1 1 1 1 0 0 0 1 1 0 1 1 1 1 0 0 1 0 1 0 1 1 1 0 
0 1 0 1 1 0 1 1 1 0 0 1 1 1 1 1 1 0 1 1 0 1 1 0 1 1 1 1 0 1 0 0 1 0 1 0 1 0 0 0 1 0 0 1 1 1 0 0 0 1 
0 1 1 1 1 1 0 1 0 0 0 1 0 1 0 1 0 1 0 1 1 1 1 0 0 0 0 1 1 1 1 0 1 1 0 1 0 1 1 0 1 1 1 1 0 1 0 1 1 0 
1 0 0 0 1 1 1 0 0 1 1 0 0 1 1 1 1 1 1 1 1 1 1 1 0 1 1 1 0 1 1 0 0 0 0 1 0 1 1 1 1 0 1 1 1 0 1 1 0 1 
1 1 1 1 1 1 0 0 0 1 0 1 0 1 1 0 1 1 1 0 0 1 1 1 1 1 0 1 1 1 0 1 1 0 1 0 1 1 1 1 1 1 1 1 1 0 1 1 0 1 
1 1 1 1 1 0 0 1 1 0 1 1 1 1 1 1 1 1 1 1 0 1 0 1 0 0 1 1 0 0 0 0 1 1 1 1 0 0 1 1 1 1 1 1 1 1 1 0 0 1 
1 1 1 0 1 0 0 1 0 1 0 1 0 0 1 1 1 1 1 1 0 0 1 1 1 1 0 1 1 1 1 0 1 1 1 0 1 1 1 1 1 1 0 1 1 0 1 1 1 0 
0 1 1 1 1 1 1 0 1 1 1 0 1 1 1 1 1 1 1 0 1 1 1 0 1 0 1 1 0 1 0 1 1 1 1 1 1 1 1 0 1 0 1 0 1 1 0 1 1 1 
1 1 1 0 1 1 0 0 0 1 0 1 0 1 1 1 1 1 1 1 1 1 1 1 1 0 0 1 1 1 1 1 0 1 1 1 1 1 1 0 1 0 0 0 1 0 1 0 1 1 
0 1 1 1 1 1 1 1 1 1 0 1 1 0 1 1 0 0 1 1 1 1 1 1 0 1 1 0 1 1 1 0 1 1 0 0 1 0 0 0 1 0 0 0 1 0 0 0 1 0 
1 0 1 1 1 1 0 1 1 1 1 1 1 1 0 1 1 1 1 0 1 1 1 1 1 1 1 0 0 0 1 0 0 1 1 1 1 0 1 0 1 1 0 1 0 1 1 0 0 1 
0 1 1 1 1 1 1 1 0 1 1 1 1 1 1 0 1 1 0 0 0 1 1 1 0 1 1 1 1 1 0 0 0 1 1 1 0 1 1 1 1 1 1 1 0 1 1 1 1 0 
0 1 0 1 1 1 0 1 1 1 1 1 1 0 1 1 0 1 0 1 1 1 1 0 1 1 1 1 1 1 0 1 1 1 1 1 1 1 0 1 1 0 0 1 1 1 1 0 0 1 
1 1 1 1 1 0 1 1 1 1 1 1 1 0 1 1 1 0 0 1 1 1 1 1 1 0 1 0 1 0 1 1 1 1 1 1 1 1 0 1 1 0 0 0 1 0 0 0 1 0 
0 1 0 1 1 1 0 1 1 1 1 1 1 1 1 0 0 0 0 1 1 1 1 1 1 1 0 0 1 1 1 0 1 0 1 1 1 1 1 1 1 1 1 1 1 1 1 0 0 1 
1 0 0 0 1 1 1 1 0 1 1 0 1 1 0 0 1 1 1 0 1 1 1 1 0 0 1 1 1 0 1 0 1 1 1 1 1 1 0 1 0 0 1 1 1 1 1 0 1 1 
0 1 1 1 1 0 1 1 0 0 0 1 1 1 1 0 1 1 1 1 0 0 0 0 1 1 1 0 1 0 1 0 0 1 1 1 1 1 1 0 1 1 0 1 1 1 1 1 1 0 
0 1 1 1 0 1 1 1 1 1 0 1 1 1 1 1 1 1 1 1 0 0 1 1 1 0 1 0 1 0 0 1 1 0 0 1 1 1 1 1 1 0 1 1 1 0 1 1 0 1 
1 1 1 0 1 1 1 1 1 0 1 1 1 1 1 1 1 1 1 1 0 1 0 0 1 0 1 1 0 1 1 1 0 1 1 1 1 1 0 1 1 1 1 1 0 1 1 1 0 1 
1 1 0 0 1 0 0 1 1 1 1 0 1 1 1 1 0 1 1 1 0 1 0 0 0 1 1 0 0 1 1 1 1 1 1 0 1 1 1 0 1 1 1 0 0 1 0 1 0 1 
0 1 1 1 1 1 0 0 1 0 1 1 1 0 1 0 1 1 1 0 1 1 1 0 0 1 1 1 0 1 1 1 1 0 1 1 0 0 0 1 0 1 0 0 0 1 0 1 1 1 
0 0 1 1 1 1 0 1 1 0 1 0 0 1 1 1 1 0 1 0 1 0 0 1 1 0 1 1 1 0 1 0 1 1 0 1 1 1 1 1 1 1 1 1 0 1 1 0 1 0 
1 1 0 1 1 1 0 1 0 1 0 1 0 1 1 1 1 1 0 1 1 1 1 1 1 1 0 1 1 1 1 1 1 0 0 0 1 1 1 1 1 1 0 1 1 1 1 1 0 1 
0 1 0 0 1 1 1 1 1 1 1 1 1 0 0 1 1 0 0 1 0 0 1 0 1 1 1 0 1 1 1 1 1 1 0 0 1 1 1 1 1 0 0 1 0 1 1 1 1 1 
1 1 0 1 1 0 1 0 1 0 1 0 1 1 0 1 1 1 1 1 1 1 0 0 0 1 1 1 0 1 1 1 0 1 1 1 0 1 1 1 1 0 0 0 0 0 0 1 1 1 
1 0 1 1 1 1 1 1 1 0 1 1 1 1 0 1 1 0 1 0 0 0 1 1 1 0 1 1 1 0 1 1 0 0 1 0 0 1 1 1 1 1 0 0 0 1 1 1 0 0 
1 1 1 0 0 0 1 1 0 0 1 0 1 1 1 0 0 1 1 1 1 0 1 1 1 1 1 1 1 1 0 1 1 1 1 1 1 0 1 0 1 0 0 1 1 1 1 0 1 0 
1 1 1 1 0 0 0 0 1 0 0 1 1 0 0 0 1 1 0 0 0 1 1 1 1 0 1 1 1 1 1 0 1 1 1 1 1 0 0 1 1 1 0 1 1 1 1 1 1 1 
1 1 0 1 0 1 1 0 1 1 1 1 0 1 0 0 1 1 1 1 0 1 0 1 1 1 1 1 0 0 1 1 0 1 0 1 0 1 1 1 0 1 1 0 1 1 1 1 1 1 
1 1 0 1 1 0 1 0 0 1 1 1 1 1 1 1 1 1 0 1 1 0 1 1 0 1 0 1 1 0 1 1 1 0 1 1 0 1 0 1 1 1 0 1 1 1 1 0 1 1 
0 1 1 1 1 1 0 0 1 1 1 1 1 0 1 1 1 1 1 1 1 0 1 1 1 0 0 0 1 1 1 1 0 1 0 1 1 0 1 1 0 1 1 1 0 1 0 1 0 1 
1 1 1 1 0 0 1 1 0 1 0 1 1 0 1 1 1 1 1 1 1 1 1 0 1 1 0 0 1 0 1 1 1 1 1 0 0 0 1 1 1 0 1 1 0 1 0 1 1 1 
0 1 0 1 1 1 0 0 1 0 1 1 1 1 1 0 1 1 1 1 1 1 1 1 0 1 1 1 0 0 1 1 0 0 1 0 0 1 1 1 1 0 1 1 0 1 0 0 1 1 
0 1 1 1 1 0 1 1 1 0 1 1 1 0 0 1 1 1 1 1 1 1 1 1 0 1 1 1 1 1 0 0 1 1 0 0 1 0 0 1 1 1 1 1 1 1 1 0 1 0 
1 1 0 0 1 0 1 1 1 1 1 1 1 0 1 1 0 0 1 0 1 1 0 1 0 1 1 1 1 1 1 0 1 0 1 1 1 0 0 1 0 1 1 0 1 1 1 1 0 0 
1 0 0 0 1 0 0 1 1 1 1 0 0 0 0 1 1 1 1 1 0 1 1 0 1 1 1 1 1 1 0 1 1 1 1 1 1 1 1 0 1 1 1 1 1 1 1 1 0 1 
1 1 0 1 0 1 1 1 1 1 1 1 1 1 1 1 1 1 1 0 1 1 1 1 0 1 1 1 1 1 1 1 0 1 0 1 1 1 0 1 0 0 0 1 0 0 1 1 1 0 
0 1 1 0 0 0 1 0 1 1 1 0 0 0 1 1 0 0 1 0 1 0 1 1 1 1 1 0 0 1 0 1 1 1 1 0 0 1 1 1 0 0 0 0 1 1 0 1 1 0 
1 1 1 0 1 0 1 1 1 1 0 1 0 0 0 1 0 0 1 1 0 1 1 1 0 1 0 0 0 0 0 0 1 0 1 1 1 1 1 1 0 0 0 1 1 1 1 0 1 1 
0 1 1 1 0 1 1 1 1 1 1 0 0 0 1 1 1 0 1 1 1 1 1 0 0 1 1 1 0 0 1 1 0 1 1 1 1 1 0 1 1 0 1 0 0 0 1 1 1 1 
1 1 1 0 1 1 0 1 1 1 1 1 1 1 0 0 1 1 1 1 1 1 0 0 0 0 1 0 0 0 1 1 1 1 0 0 0 1 1 1 0 1 1 0 0 0 1 1 1 1 
1 1 1 1 0 1 1 0 0 1 0 1 0 0 1 1 1 0 1 1 1 0 1 1 1 1 1 1 0 1 1 1 1 1 1 1 1 1 1 1 0 1 1 0 0 0 1 1 1 0 
1 1 0 1 1 0 0 1 1 1 1 0 1 0 1 1 1 0 1 1 1 1 1 0 0 1 1 1 0 1 1 1 1 1 0 0 0 1 1 1 1 0 1 1 1 1 0 1 1 1 
1 1 0 1 1 0 1 1 1 0 1 1 0 0 0 1 0 0 0 0 1 1 1 1 1 0 1 1 1 1 0 1 1 0 1 1 0 0 1 1 1 1 0 1 1 1 1 0 1 1 
1 1 0 0 1 0 1 0 0 0 1 1 1 1 0 1 0 1 0 1 1 0 0 0 1 1 0 1 1 0 1 1 1 1 0 1 1 1 0 0 1 1 1 1 1 1 1 1 0 1 
1 1 0 0 0 1 0 1 1 1 0 1 1 0 1 0 1 0 1 1 0 1 1 1 1 0 1 1 1 0 0 1 1 1 1 1 1 0 0 1 0 0 1 1 1 0 1 1 1 0 

0 0 0 0 0 11 1 13 0 0 14 0 0 7 12 0 12 4 0 9 9 0 0 14 6 0 0 0 0 8 0 0 1 0 0 0 0 0 11 0 0 12 0 0 0 0 15 0 0 13 
0 0 0 0 10 0 15 1 13 10 0 0 0 15 0 13 14 2 0 0 0 0 2 8 8 5 0 0 0 4 0 0 4 11 0 14 10 0 0 13 2 5 0 0 0 13 0 6 5 0 
0 0 0 1 0 0 11 5 0 13 0 0 1 0 9 0 0 0 0 0 0 0 14 11 0 2 2 13 0 5 0 0 0 0 0 0 0 0 0 0 0 0 0 13 2 0 0 0 0 0 
12 11 0 0 0 13 7 3 0 7 2 0 0 0 3 7 0 10 0 0 0 0 0 0 0 2 0 0 0 0 12 0 0 2 13 15 0 0 11 2 3 7 0 7 0 0 12 1 12 10 
2 0 0 0 0 12 0 0 13 4 0 0 0 0 0 0 0 0 11 8 0 0 14 0 0 0 0 0 0 0 13 0 0 0 7 7 13 0 0 0 0 12 0 0 0 0 8 10 0 3 
14 0 0 0 13 0 0 0 0 9 0 0 10 0 0 0 0 0 0 0 16 1 0 4 0 0 0 7 0 0 0 10 0 0 0 11 0 0 14 5 4 7 7 0 0 0 0 0 0 7 
8 0 6 0 0 1 0 6 0 0 0 0 2 2 10 0 0 0 3 9 12 0 0 0 11 0 0 2 14 4 0 0 0 12 3 0 0 0 0 0 0 13 0 14 0 8 6 0 0 0 
10 1 0 0 0 7 0 0 0 8 0 0 0 3 2 0 0 9 12 0 12 8 0 2 0 0 0 11 8 0 7 0 6 0 0 7 3 0 0 0 4 0 0 6 0 0 0 0 14 0 
13 6 8 4 2 0 0 0 0 5 0 8 0 0 0 0 15 0 11 0 0 0 0 0 6 0 0 0 0 7 0 0 0 0 0 0 0 0 0 0 0 5 0 0 7 0 10 10 0 3 
0 0 0 0 10 4 3 13 0 0 0 13 0 0 0 2 0 0 0 3 2 0 10 0 0 0 0 10 0 0 0 0 7 0 0 10 0 0 0 0 0 0 3 0 9 0 0 10 4 5 
0 0 5 0 1 11 3 0 0 0 0 0 0 9 0 3 0 3 0 8 14 0 0 0 0 0 0 1 0 0 9 0 0 0 0 0 0 12 11 0 12 0 0 10 0 0 3 0 8 0 
7 0 9 0 0 1 2 2 2 0 4 0 6 6 0 0 0 0 12 12 8 0 0 1 5 9 0 0 0 0 0 0 0 0 0 0 12 12 9 12 0 0 0 2 10 0 0 0 7 0 
7 0 0 1 7 0 0 12 0 0 0 15 0 11 13 0 0 0 0 0 0 0 6 0 0 0 0 0 5 0 1 0 11 3 0 0 11 0 0 0 0 0 13 13 0 5 0 6 0 0 
2 0 0 0 15 0 13 0 6 0 0 0 0 0 1 0 13 1 0 0 0 2 0 0 0 0 4 0 0 12 0 0 0 2 14 13 0 5 6 0 0 8 0 8 1 0 0 5 0 0 
0 3 0 0 8 0 0 4 13 0 2 12 0 12 0 7 0 0 0 0 6 8 0 0 5 13 0 0 12 0 4 0 14 0 0 1 0 0 4 12 0 0 4 0 0 14 9 10 0 13 
1 14 0 0 0 14 0 0 0 0 10 0 0 0 13 0 0 8 11 12 1 12 0 0 10 0 10 7 9 0 4 0 11 0 0 4 6 0 0 0 4 10 9 0 0 5 0 9 0 4 
0 0 0 0 5 0 0 0 4 10 2 0 0 9 0 2 0 16 14 0 1 8 0 8 0 9 0 4 14 4 0 0 1 6 0 0 8 0 4 0 0 0 2 0 0 0 9 0 1 0 
0 0 0 0 0 0 0 0 0 0 0 0 12 0 9 4 0 0 0 0 0 2 0 0 0 0 0 0 0 3 0 0 0 0 0 0 0 2 12 7 0 0 0 1 0 12 0 5 0 0 
0 0 2 0 11 8 8 10 10 12 10 0 0 0 2 0 11 12 0 0 14 0 0 14 10 3 0 0 0 0 0 14 1 0 2 0 0 10 0 0 5 0 0 0 2 0 7 8 0 8 
0 3 0 0 0 10 0 5 1 0 0 9 11 0 0 13 0 0 0 0 8 0 0 0 4 5 9 0 0 0 0 0 13 0 0 0 0 0 10 0 12 0 14 0 0 2 0 0 0 0 
11 4 0 0 0 7 0 9 1 0 5 14 9 9 0 0 5 0 0 0 0 0 13 2 0 2 0 0 3 11 0 0 6 9 8 0 1 12 0 0 14 0 13 0 3 0 0 0 10 0 
1 0 0 0 0 0 0 0 13 6 0 1 0 9 0 2 0 0 0 0 7 0 0 0 0 0 0 9 6 0 3 0 0 0 1 5 0 0 7 11 0 0 8 1 0 0 6 0 15 4 
0 14 0 0 11 4 9 14 0 5 0 0 11 0 0 0 10 15 1 0 9 0 0 0 0 0 2 0 0 0 0 0 0 0 0 1 0 0 0 7 11 0 0 2 5 0 0 2 0 0 
0 0 4 0 7 13 0 10 0 0 0 1 10 0 0 0 0 0 0 9 0 14 2 0 0 12 11 1 0 0 0 0 5 0 0 0 0 0 0 4 4 8 2 12 12 0 0 0 0 0 
0 0 13 10 8 0 0 0 0 0 14 0 6 6 0 0 0 0 0 0 0 14 0 0 0 0 0 0 0 14 0 0 0 0 0 0 9 0 0 4 0 0 14 10 0 0 11 0 5 13 
10 12 0 11 0 0 0 11 0 0 0 0 0 0 0 1 3 2 9 0 0 0 0 0 0 0 1 1 2 2 0 7 0 0 0 0 0 0 10 0 0 0 0 10 0 0 0 0 0 9 
0 0 5 0 0 14 5 0 12 0 12 0 0 6 0 0 0 0 11 12 11 9 0 0 8 0 0 2 0 0 14 0 0 6 15 0 14 6 8 12 4 0 0 0 4 0 0 12 0 0 
1 12 0 0 0 0 0 0 2 0 0 0 0 0 0 9 1 0 2 14 10 8 8 0 0 0 0 0 11 0 3 6 7 9 6 11 6 0 14 0 7 0 0 0 9 4 0 0 4 9 
0 0 0 0 2 11 0 8 13 2 0 0 0 0 0 0 0 16 0 5 0 0 0 0 0 0 13 0 0 0 0 0 0 0 0 14 0 14 0 9 3 8 0 0 9 11 0 2 0 10 
0 0 0 7 1 0 2 7 7 1 0 0 7 0 11 15 3 0 0 0 0 0 0 7 1 0 0 0 10 0 0 0 5 0 0 11 0 14 3 0 0 0 0 3 0 11 4 0 13 0 
0 0 0 0 0 13 0 0 0 0 0 0 0 0 0 10 6 0 11 1 0 0 0 0 12 2 0 0 0 0 0 0 13 3 14 8 0 0 0 0 0 5 14 3 0 0 13 0 0 15 
0 14 9 1 11 12 12 0 9 6 0 13 0 0 0 0 0 7 7 15 0 3 5 12 7 15 0 0 0 0 0 0 0 0 0 0 0 0 1 0 0 10 0 0 0 11 4 0 10 0 
0 0 14 0 0 0 0 0 3 0 1 1 0 12 0 0 0 0 0 6 0 0 9 0 0 0 0 0 14 9 0 0 0 13 1 4 0 0 0 0 0 0 4 0 0 5 0 0 8 7 
6 0 0 0 5 0 0 5 0 14 2 2 8 0 0 0 0 0 14 0 0 0 7 0 0 0 0 0 0 14 0 0 6 0 2 5 7 8 15 0 4 0 0 0 0 0 0 3 12 0 
1 14 0 13 0 9 0 0 12 0 0 0 0 0 5 0 0 0 3 0 13 10 0 9 15 0 14 0 0 0 7 0 4 0 0 0 12 7 15 5 0 0 0 14 0 1 6 13 0 0 
12 0 0 0 0 0 7 11 4 0 14 0 5 0 8 0 9 0 6 1 9 7 0 0 6 0 0 4 0 7 4 0 10 12 0 0 0 7 3 1 11 0 0 0 0 3 0 0 0 7 
0 0 5 11 14 0 7 0 0 0 0 11 0 0 6 8 10 0 5 0 0 11 0 12 0 5 8 0 2 5 4 12 0 0 16 0 0 8 0 14 7 0 0 0 0 0 0 7 13 0 
0 0 0 0 1 0 3 0 0 0 13 0 3 12 10 0 3 0 12 0 0 0 0 2 3 0 9 0 3 0 0 0 0 0 0 0 0 0 0 0 9 0 4 0 10 6 0 0 13 0 
0 14 1 0 0 0 0 14 0 2 8 0 0 0 0 0 0 0 0 2 0 6 0 0 6 11 10 0 12 3 5 0 0 0 2 4 0 0 0 0 0 0 6 0 9 0 0 0 15 0 
0 0 2 15 8 1 14 0 0 0 1 0 0 1 0 0 0 5 14 0 0 0 13 0 0 10 14 5 11 0 12 0 0 0 3 0 3 13 5 0 1 0 7 10 0 0 3 9 0 0 
0 4 0 0 13 9 0 16 0 0 0 0 0 0 0 0 0 13 2 0 0 0 7 0 0 0 0 7 6 0 0 0 0 0 0 10 0 0 11 0 0 2 0 1 4 0 0 0 0 2 
0 0 9 0 0 0 0 1 10 0 5 0 5 5 13 0 4 0 0 0 0 0 7 0 0 5 0 6 0 0 4 0 0 6 0 0 2 6 5 0 0 0 0 13 0 7 3 12 0 0 
7 7 6 0 0 0 13 3 0 0 0 0 0 0 0 11 0 0 0 10 14 0 0 10 0 0 0 0 0 0 0 10 0 9 0 0 0 0 0 0 0 1 0 0 4 0 2 0 10 11 
2 0 5 0 0 0 1 0 0 0 1 12 0 1 0 11 1 0 0 4 0 0 0 0 0 0 0 0 0 0 7 1 0 0 0 0 0 1 0 14 0 10 2 0 0 3 7 0 13 0 
0 0 0 0 2 0 0 0 9 1 10 0 6 2 11 0 0 0 0 6 5 5 12 0 14 0 8 0 0 0 0 0 0 0 0 12 0 8 0 8 8 0 12 0 0 0 0 13 0 2 
0 0 0 1 0 0 2 0 8 1 0 3 0 0 0 10 10 2 0 16 2 0 0 0 11 0 0 11 3 0 12 13 0 0 0 9 2 7 0 0 0 0 0 2 0 0 0 0 6 0 
7 0 0 0 0 0 0 0 0 8 1 0 3 0 1 0 0 0 0 3 9 0 0 0 0 14 0 0 0 0 0 0 0 0 9 0 0 0 0 8 0 4 14 0 0 1 0 0 0 0 
4 1 0 13 0 0 0 0 0 0 5 0 4 0 1 0 5 0 0 3 2 0 7 0 0 0 0 0 0 12 6 10 0 2 14 0 2 0 0 15 0 7 0 0 0 0 15 0 3 0 
0 0 0 0 12 0 2 3 0 13 0 10 0 3 7 5 0 0 12 0 11 0 0 10 0 0 0 0 9 0 0 12 14 0 0 0 0 6 6 9 0 12 0 10 0 8 6 0 0 0 
0 0 0 11 0 0 0 9 8 0 12 10 11 4 6 10 10 0 2 0 3 0 0 3 0 13 5 0 5 12 0 16 0 8 0 0 9 9 0 13 0 0 9 7 0 8 0 0 0 0 
