50

0 1 0 0 0 1 1 0 1 1 1 1 1 0 1 1 1 1 0 0 1 1 1 1 1 1 1 1 1 1 1 0 1 1 1 1 1 1 1 1 0 1 1 0 1 0 1 0 0 1 
1 0 1 1 1 0 1 1 1 1 1 1 0 1 1 1 1 0 1 1 1 1 1 1 1 1 1 1 1 1 1 1 1 1 0 0 1 1 1 1 1 1 1 1 1 0 0 1 1 0 
0 1 0 0 1 1 1 1 1 1 1 1 1 1 1 1 1 1 1 1 0 1 1 1 1 1 1 1 1 1 1 1 1 1 0 1 1 1 0 1 1 1 1 1 1 0 1 1 1 1 
0 1 0 0 1 1 0 1 1 1 1 1 1 1 1 1 1 1 1 0 1 0 0 1 1 1 1 1 1 1 1 0 1 1 1 1 0 1 1 1 1 1 1 1 1 1 0 1 1 1 
0 1 1 1 0 1 1 1 0 1 0 1 1 0 1 1 1 1 0 0 1 1 1 1 0 0 1 1 1 1 1 1 1 1 0 1 0 1 1 1 1 0 0 1 1 0 1 1 1 1 
1 0 1 1 1 0 1 1 1 0 1 1 1 1 1 1 1 1 1 1 1 1 1 1 1 1 1 1 1 1 1 0 1 0 1 1 1 0 0 1 1 1 1 1 1 1 1 1 1 1 
1 1 1 0 1 1 0 0 0 1 1 0 1 1 1 1 1 1 1 1 1 1 0 1 1 1 1 1 1 1 1 1 1 1 1 1 1 0 0 1 1 1 0 0 0 1 1 1 1 0 
0 1 1 1 1 1 0 0 1 0 1 1 1 1 1 1 1 1 1 1 1 0 1 1 1 1 1 1 0 1 0 1 1 1 1 0 0 1 0 0 1 1 1 1 0 1 0 0 0 1 
1 1 1 1 0 1 0 1 0 1 1 1 0 1 0 1 1 1 1 1 1 1 1 1 1 1 1 0 1 1 1 1 1 1 1 1 0 0 1 1 1 0 1 0 0 0 0 0 1 1 
1 1 1 1 1 0 1 0 1 0 1 1 1 0 1 1 0 0 1 0 1 1 1 1 1 1 1 1 1 0 1 1 1 1 1 1 1 1 1 0 0 1 1 1 1 1 1 0 1 1 
1 1 1 1 0 1 1 1 1 1 0 1 1 1 0 0 1 1 1 1 1 0 0 0 0 1 1 1 1 0 1 0 1 1 1 0 1 1 1 1 1 0 1 1 1 1 0 1 1 1 
1 1 1 1 1 1 0 1 1 1 1 0 1 1 1 1 1 1 1 1 1 1 1 1 1 0 1 1 0 1 1 1 1 1 1 1 1 1 0 1 0 1 1 1 1 1 1 1 1 1 
1 0 1 1 1 1 1 1 0 1 1 1 0 1 1 1 1 1 1 1 0 1 1 1 1 1 1 0 1 0 1 0 1 1 1 1 1 0 1 1 1 1 1 0 1 1 1 0 1 1 
0 1 1 1 0 1 1 1 1 0 1 1 1 0 0 1 1 1 1 1 0 0 1 1 1 1 1 0 1 1 0 1 1 0 1 1 1 1 1 1 0 1 1 1 1 0 1 0 1 1 
1 1 1 1 1 1 1 1 0 1 0 1 1 0 0 1 1 0 1 1 0 1 1 1 1 1 0 1 1 1 1 0 1 1 1 1 0 1 1 1 1 0 1 1 1 1 1 1 1 0 
1 1 1 1 1 1 1 1 1 1 0 1 1 1 1 0 1 1 1 1 1 0 1 1 1 1 0 1 1 0 0 0 1 1 1 1 0 1 0 1 1 1 0 1 1 1 0 1 0 1 
1 1 1 1 1 1 1 1 1 0 1 1 1 1 1 1 0 1 1 1 1 1 1 1 1 1 1 1 1 0 0 1 0 1 1 1 1 1 1 1 0 1 1 1 1 1 1 0 1 1 
1 0 1 1 1 1 1 1 1 0 1 1 1 1 0 1 1 0 1 1 1 0 1 0 1 1 1 0 1 1 1 1 1 0 1 1 1 0 1 0 1 1 1 0 1 1 1 1 1 1 
0 1 1 1 0 1 1 1 1 1 1 1 1 1 1 1 1 1 0 1 1 1 0 1 1 1 1 1 1 1 1 1 1 1 0 1 1 0 1 1 1 0 1 1 0 1 1 1 1 1 
0 1 1 0 0 1 1 1 1 0 1 1 1 1 1 1 1 1 1 0 1 1 0 0 1 1 1 1 1 1 0 1 1 1 1 0 1 1 1 1 0 1 1 1 0 1 0 1 1 1 
1 1 0 1 1 1 1 1 1 1 1 1 0 0 0 1 1 1 1 1 0 0 1 1 1 1 1 1 1 1 1 0 1 1 0 1 0 1 1 0 1 1 1 0 1 1 1 1 1 0 
1 1 1 0 1 1 1 0 1 1 0 1 1 0 1 0 1 0 1 1 0 0 1 1 1 0 1 1 1 0 1 1 0 1 1 1 1 1 1 0 1 1 1 1 0 0 1 1 1 1 
1 1 1 0 1 1 0 1 1 1 0 1 1 1 1 1 1 1 0 0 1 1 0 0 1 1 1 0 1 1 1 1 1 1 1 1 0 1 1 1 1 1 1 1 1 0 1 1 1 1 
1 1 1 1 1 1 1 1 1 1 0 1 1 1 1 1 1 0 1 0 1 1 0 0 1 1 1 1 1 0 1 1 1 1 1 1 1 1 1 1 1 1 0 1 1 0 1 1 1 1 
1 1 1 1 0 1 1 1 1 1 0 1 1 1 1 1 1 1 1 1 1 1 1 1 0 0 1 0 1 1 1 1 1 1 1 1 1 0 1 1 1 1 0 1 1 1 1 1 1 1 
1 1 1 1 0 1 1 1 1 1 1 0 1 1 1 1 1 1 1 1 1 0 1 1 0 0 1 0 1 0 1 0 1 0 1 1 1 1 0 0 1 1 0 1 1 1 1 1 1 1 
1 1 1 1 1 1 1 1 1 1 1 1 1 1 0 0 1 1 1 1 1 1 1 1 1 1 0 1 1 1 0 1 1 1 1 1 1 1 1 1 1 1 0 1 1 1 1 1 1 0 
1 1 1 1 1 1 1 1 0 1 1 1 0 0 1 1 1 0 1 1 1 1 0 1 0 0 1 0 1 1 1 1 1 1 1 1 1 1 0 1 1 1 1 1 1 1 1 1 1 1 
1 1 1 1 1 1 1 0 1 1 1 0 1 1 1 1 1 1 1 1 1 1 1 1 1 1 1 1 0 1 1 1 1 1 1 0 1 1 1 1 0 1 0 1 1 0 0 1 1 1 
1 1 1 1 1 1 1 1 1 0 0 1 0 1 1 0 0 1 1 1 1 0 1 0 1 0 1 1 1 0 0 1 1 0 1 1 0 1 1 1 1 1 1 0 1 1 1 1 1 1 
1 1 1 1 1 1 1 0 1 1 1 1 1 0 1 0 0 1 1 0 1 1 1 1 1 1 0 1 1 0 0 1 1 1 1 1 0 1 1 1 1 1 0 0 1 0 1 1 1 1 
0 1 1 0 1 0 1 1 1 1 0 1 0 1 0 0 1 1 1 1 0 1 1 1 1 0 1 1 1 1 1 0 1 0 0 1 1 1 1 1 0 1 0 1 1 1 1 1 1 1 
1 1 1 1 1 1 1 1 1 1 1 1 1 1 1 1 0 1 1 1 1 0 1 1 1 1 1 1 1 1 1 1 0 1 1 0 1 1 1 1 1 1 1 1 1 1 1 1 1 1 
1 1 1 1 1 0 1 1 1 1 1 1 1 0 1 1 1 0 1 1 1 1 1 1 1 0 1 1 1 0 1 0 1 0 1 0 0 1 0 1 1 1 1 1 1 1 1 0 1 1 
1 0 0 1 0 1 1 1 1 1 1 1 1 1 1 1 1 1 0 1 0 1 1 1 1 1 1 1 1 1 1 0 1 1 0 0 0 1 1 1 0 0 1 1 1 0 1 0 1 1 
1 0 1 1 1 1 1 0 1 1 0 1 1 1 1 1 1 1 1 0 1 1 1 1 1 1 1 1 0 1 1 1 0 0 0 0 1 1 0 1 1 1 1 1 1 1 1 1 1 1 
1 1 1 0 0 1 1 0 0 1 1 1 1 1 0 0 1 1 1 1 0 1 0 1 1 1 1 1 1 0 0 1 1 0 0 1 0 0 1 1 0 0 1 1 1 1 1 1 1 1 
1 1 1 1 1 0 0 1 0 1 1 1 0 1 1 1 1 0 0 1 1 1 1 1 0 1 1 1 1 1 1 1 1 1 1 1 0 0 1 0 1 0 1 1 1 1 0 1 1 0 
1 1 0 1 1 0 0 0 1 1 1 0 1 1 1 0 1 1 1 1 1 1 1 1 1 0 1 0 1 1 1 1 1 0 1 0 1 1 0 1 1 1 0 1 0 1 1 1 0 1 
1 1 1 1 1 1 1 0 1 0 1 1 1 1 1 1 1 0 1 1 0 0 1 1 1 0 1 1 1 1 1 1 1 1 1 1 1 0 1 0 1 0 1 1 1 0 1 1 1 1 
0 1 1 1 1 1 1 1 1 0 1 0 1 0 1 1 0 1 1 0 1 1 1 1 1 1 1 1 0 1 1 0 1 1 0 1 0 1 1 1 0 1 1 1 0 1 0 1 1 1 
1 1 1 1 0 1 1 1 0 1 0 1 1 1 0 1 1 1 0 1 1 1 1 1 1 1 1 1 1 1 1 1 1 1 0 1 0 0 1 0 1 0 1 1 1 1 1 0 1 1 
1 1 1 1 0 1 0 1 1 1 1 1 1 1 1 0 1 1 1 1 1 1 1 0 0 0 0 1 0 1 0 0 1 1 1 1 1 1 0 1 1 1 0 1 1 1 1 1 0 0 
0 1 1 1 1 1 0 1 0 1 1 1 0 1 1 1 1 0 1 1 0 1 1 1 1 1 1 1 1 0 0 1 1 1 1 1 1 1 1 1 1 1 1 0 1 1 1 1 1 1 
1 1 1 1 1 1 0 0 0 1 1 1 1 1 1 1 1 1 0 0 1 0 1 1 1 1 1 1 1 1 1 1 1 1 1 1 1 1 0 1 0 1 1 1 0 1 0 1 1 1 
0 0 0 1 0 1 1 1 0 1 1 1 1 0 1 1 1 1 1 1 1 0 0 0 1 1 1 1 0 1 0 1 1 1 0 1 1 1 1 0 1 1 1 1 1 0 1 1 1 1 
1 0 1 0 1 1 1 0 0 1 0 1 1 1 1 0 1 1 1 0 1 1 1 1 1 1 1 1 0 1 1 1 1 1 1 1 1 0 1 1 0 1 1 1 0 1 0 1 1 1 
0 1 1 1 1 1 1 0 0 0 1 1 0 0 1 1 0 1 1 1 1 1 1 1 1 1 1 1 1 1 1 1 1 0 0 1 1 1 1 1 1 0 1 1 1 1 1 0 1 1 
0 1 1 1 1 1 1 0 1 1 1 1 1 1 1 0 1 1 1 1 1 1 1 1 1 1 1 1 1 1 1 1 1 1 1 1 1 1 0 1 1 1 0 1 1 1 1 1 0 1 
1 0 1 1 1 1 0 1 1 1 1 1 1 1 0 1 1 1 1 1 0 1 1 1 1 1 0 1 1 1 1 1 1 1 1 1 1 0 1 1 1 1 0 1 1 1 1 1 1 0 

0 24 13 0 0 0 0 0 0 0 0 17 0 0 0 0 5 0 0 0 24 0 5 0 18 0 0 0 0 0 0 0 0 17 0 0 0 0 0 0 0 0 11 0 0 0 0 0 9 0 
0 0 0 0 18 0 0 0 0 0 16 0 23 0 0 0 0 0 0 0 0 0 0 0 0 0 0 0 15 0 4 0 11 0 0 0 0 0 0 0 0 0 2 0 0 0 0 0 0 0 
0 0 0 0 4 0 0 0 0 7 0 24 15 0 0 0 0 0 0 0 15 0 0 23 0 0 0 0 0 0 0 0 11 0 0 0 0 0 0 0 0 0 0 0 0 0 0 0 0 0 
26 13 0 0 0 0 0 22 4 0 0 0 0 0 0 0 0 6 0 0 0 14 0 0 0 0 0 0 0 12 0 11 0 0 0 0 0 4 0 11 0 0 0 0 0 0 0 0 17 15 
0 13 0 0 0 0 0 0 0 0 8 0 7 0 0 0 0 0 0 0 0 0 11 0 0 0 0 0 0 0 26 0 20 0 0 0 17 10 0 0 0 26 0 0 1 0 0 0 0 0 
0 0 0 0 0 0 0 14 23 1 0 7 0 0 0 15 0 0 0 0 0 0 0 0 0 26 0 0 6 0 0 0 0 0 0 0 18 0 0 0 0 0 0 13 0 0 0 19 0 0 
0 0 0 0 16 0 0 0 15 0 0 0 0 25 0 0 0 0 0 0 0 0 0 0 0 0 0 0 6 0 0 0 0 0 0 0 0 20 0 0 0 19 24 7 0 0 0 0 0 0 
0 26 0 2 18 0 0 0 0 0 0 0 0 0 0 0 26 0 0 0 17 16 0 0 0 22 0 0 0 0 0 0 0 21 0 0 0 0 0 0 0 14 0 0 0 0 14 0 0 14 
9 0 0 0 0 27 0 0 0 27 0 0 0 0 0 0 6 0 6 0 0 0 0 0 0 0 4 27 0 0 0 0 21 0 0 0 7 0 0 0 0 0 0 0 1 0 0 0 0 0 
0 0 0 0 0 7 0 0 0 0 0 7 0 0 0 24 0 0 0 0 24 0 0 0 0 0 0 16 0 0 0 19 22 17 0 0 0 0 0 0 0 0 0 14 0 0 8 0 0 2 
0 6 13 0 11 0 0 17 0 0 0 0 0 0 0 0 0 0 7 0 23 0 0 0 0 0 10 8 0 0 0 0 0 10 0 0 25 22 0 0 0 0 0 0 27 0 0 12 0 0 
0 0 0 0 0 0 0 0 8 9 0 0 0 0 0 0 0 17 0 0 0 0 2 0 0 0 0 0 13 0 0 0 0 0 0 0 6 10 3 0 0 0 0 0 0 0 0 15 19 0 
0 0 0 2 0 0 0 0 0 0 0 20 0 0 3 0 0 0 19 0 0 0 0 0 0 14 2 0 0 0 0 0 0 0 0 0 0 10 12 0 0 1 0 0 22 0 0 0 0 17 
0 0 0 5 0 28 0 0 0 0 0 0 0 0 0 0 22 0 0 0 0 17 18 0 21 0 0 0 0 0 0 0 0 0 0 0 0 0 0 0 6 0 0 2 27 0 0 0 12 2 
0 0 12 0 0 0 16 0 0 0 0 0 13 0 0 9 0 0 0 0 0 0 0 0 0 0 12 0 0 0 0 0 0 0 0 0 0 0 0 0 0 0 0 0 0 0 0 8 0 0 
0 21 7 10 18 26 0 0 20 26 15 0 0 0 0 0 21 0 0 0 0 12 0 0 0 0 0 0 0 0 0 0 0 26 19 9 26 0 24 0 0 2 0 0 0 0 0 0 8 11 
0 0 0 0 7 0 11 0 0 0 0 0 1 0 0 0 0 0 0 0 0 0 10 0 0 0 0 0 0 8 0 0 0 0 0 0 0 0 0 0 19 0 0 0 19 0 0 0 0 0 
0 0 0 0 0 0 0 23 1 10 0 0 0 0 6 0 0 0 0 0 0 13 0 0 0 0 0 0 19 0 25 0 0 0 0 0 0 0 0 0 0 0 0 0 0 17 0 8 0 2 
0 0 25 14 0 0 0 0 0 0 0 0 0 0 0 0 0 0 0 14 0 0 0 0 0 0 0 0 0 0 0 0 0 0 0 0 0 0 0 0 16 0 0 19 0 0 24 1 0 0 
0 0 25 23 0 17 0 0 0 0 0 0 0 0 0 22 0 0 0 0 0 0 0 0 0 0 0 12 0 0 0 0 11 0 0 0 0 0 0 0 0 0 0 0 0 0 0 26 0 0 
0 0 0 0 0 2 0 28 0 0 0 0 0 0 0 9 0 0 0 0 0 0 22 0 0 1 0 0 0 0 0 0 0 0 16 0 0 16 0 0 0 0 0 0 5 20 6 0 0 0 
0 0 0 0 0 0 10 0 0 0 0 0 0 23 0 0 0 0 0 0 0 0 15 0 0 0 0 0 0 0 0 0 0 0 0 0 0 0 3 0 0 0 23 11 9 0 21 0 0 0 
0 3 0 23 0 0 0 0 0 0 0 0 23 0 0 0 26 0 28 0 0 8 0 0 0 0 0 0 0 0 0 0 0 0 0 0 27 0 0 0 0 0 0 0 0 0 0 0 0 2 
0 0 0 6 0 0 28 0 0 0 0 0 0 0 0 0 6 6 0 0 13 0 0 0 2 0 0 20 0 0 0 0 0 0 0 14 0 24 13 0 0 0 0 9 0 0 0 0 0 27 
0 0 0 0 0 18 0 0 0 0 0 8 0 0 0 7 0 14 0 0 0 0 0 17 0 20 0 0 2 0 0 0 0 0 0 0 0 0 0 0 0 22 24 0 0 0 17 0 0 0 
0 0 0 0 4 0 28 0 0 0 0 10 26 17 0 0 0 0 0 0 0 0 0 0 18 0 0 0 0 0 0 0 16 0 0 0 0 0 0 0 0 0 0 0 0 0 0 0 0 0 
0 0 0 0 0 0 0 0 0 0 0 0 0 0 0 0 0 0 0 0 11 0 0 17 0 0 0 0 17 0 0 0 0 0 0 0 0 19 0 20 0 0 0 0 0 0 0 4 0 0 
0 25 0 0 0 0 0 0 0 0 0 0 0 0 0 0 22 0 0 0 0 15 0 0 9 9 0 0 0 0 0 0 26 0 17 0 0 0 0 0 22 11 0 0 17 0 0 0 0 0 
0 19 0 0 8 9 8 0 0 25 0 0 0 0 0 0 0 0 6 0 0 0 22 0 0 24 0 0 0 27 0 15 24 0 0 0 0 0 0 0 0 0 0 0 0 0 0 0 0 0 
0 0 0 0 0 0 0 23 0 0 0 0 0 0 0 9 0 0 26 9 0 0 0 0 25 0 4 0 0 0 0 0 12 0 0 0 0 0 0 0 25 0 0 0 0 0 0 0 0 0 
0 4 0 14 0 2 0 0 0 0 0 20 3 30 0 0 0 0 0 23 20 6 25 0 0 0 0 0 0 0 0 0 0 16 0 28 0 0 0 0 0 0 0 0 26 0 0 0 0 0 
0 0 0 0 0 18 20 0 0 5 0 0 0 0 0 0 0 0 0 0 0 0 0 0 27 0 0 0 0 25 0 0 14 0 0 0 0 0 0 0 0 18 12 0 1 0 0 0 0 0 
26 0 0 0 0 0 0 0 18 0 0 0 0 0 2 0 0 0 0 0 0 0 0 0 0 0 19 28 0 0 0 0 0 0 26 6 0 21 0 0 0 0 0 0 0 14 0 21 0 17 
0 7 0 0 0 9 0 5 0 0 0 21 0 0 0 0 0 0 0 27 0 0 0 2 0 0 0 0 0 0 0 0 0 0 0 0 0 4 0 0 0 0 0 6 0 0 0 0 0 0 
0 0 0 0 0 0 0 0 0 0 0 0 3 10 24 0 0 0 0 0 0 0 0 0 0 2 21 0 0 0 0 0 0 0 0 10 0 0 0 0 0 14 0 27 0 23 0 0 0 4 
20 0 0 0 27 0 0 0 0 6 0 0 0 0 0 0 0 0 26 0 0 0 0 28 0 9 0 0 0 0 0 7 0 0 3 0 1 0 0 0 0 0 3 0 21 23 0 0 0 0 
0 0 0 0 13 0 16 0 2 0 0 0 0 0 6 0 0 0 0 0 0 26 20 0 8 0 0 23 0 0 20 0 0 0 0 0 0 0 0 0 0 0 0 0 0 0 0 0 0 0 
0 0 0 0 0 0 0 0 24 0 0 0 0 0 0 0 0 0 0 0 0 0 11 27 0 0 0 0 0 0 0 23 0 17 0 0 8 0 0 0 0 0 0 0 3 0 0 0 14 0 
0 8 0 0 0 0 0 27 0 0 0 0 0 0 0 0 0 0 26 0 0 0 0 19 0 0 0 0 19 0 0 7 0 0 0 0 0 0 0 1 0 19 0 0 0 0 19 0 0 0 
26 17 0 1 1 14 0 0 9 0 0 0 0 2 0 0 0 0 14 0 5 0 0 0 0 0 10 0 8 0 0 0 0 21 27 0 0 0 0 0 0 6 9 0 0 26 0 0 0 7 
2 0 0 0 0 0 0 0 7 0 0 0 0 0 6 21 1 9 0 0 0 14 0 0 0 0 0 7 0 26 19 0 0 0 0 0 26 0 0 0 0 0 0 26 0 0 0 0 0 0 
0 0 0 0 25 0 23 21 0 0 16 0 0 0 24 0 0 0 0 0 0 0 20 0 23 0 0 0 21 0 0 26 0 26 26 22 0 0 0 0 0 0 0 0 0 0 22 0 0 0 
0 0 26 10 0 0 16 0 0 0 0 0 0 0 25 5 9 0 0 0 0 0 0 0 24 0 0 0 0 0 0 0 0 0 27 0 27 20 0 0 0 0 0 0 0 0 0 0 0 16 
0 20 1 0 12 0 15 11 0 11 0 0 0 0 0 0 0 0 0 0 0 0 25 0 0 0 16 0 0 0 21 0 0 0 26 0 0 0 0 0 0 0 0 0 20 0 0 0 0 0 
0 0 0 0 0 13 0 2 26 0 2 0 0 0 17 9 0 0 0 26 0 0 0 0 0 0 0 0 0 8 0 0 0 18 0 0 0 0 0 0 0 0 1 0 0 0 0 3 0 0 
0 0 0 0 10 0 0 0 0 3 24 17 0 0 0 0 16 0 0 6 14 0 0 0 0 0 0 0 0 0 0 0 0 0 0 14 0 0 9 0 0 0 2 0 0 0 0 0 0 6 
0 0 0 0 0 0 0 22 21 1 0 0 0 0 0 0 0 0 0 0 0 0 0 15 0 0 0 0 9 0 0 0 0 0 6 0 0 0 0 24 27 0 0 17 0 0 0 0 15 0 
0 0 0 0 0 0 6 0 0 0 6 0 0 0 0 0 0 0 0 0 0 0 0 0 0 0 0 20 0 0 7 17 0 1 0 0 0 0 0 0 0 0 0 0 23 0 0 0 21 28 
3 0 0 0 0 0 0 0 16 0 0 0 24 19 0 0 0 0 0 0 0 23 0 0 0 0 0 0 0 0 0 0 0 0 0 0 0 0 0 21 0 0 0 0 16 0 0 0 0 12 
0 8 0 0 0 0 22 0 3 0 0 0 0 0 0 0 0 0 0 0 0 0 0 13 0 4 0 0 0 0 0 16 2 0 0 0 0 0 0 8 0 7 0 12 0 0 0 0 15 0 
