50

0 1 1 1 0 1 0 1 1 1 1 1 1 1 1 1 1 1 1 0 1 1 1 0 1 1 1 1 1 1 1 1 1 1 1 1 1 1 1 1 0 1 1 1 1 1 1 1 1 1 
1 0 1 1 1 1 1 1 1 1 1 1 1 1 1 1 1 1 0 1 1 1 1 1 1 1 1 1 1 0 1 0 1 0 1 1 1 1 1 1 1 1 1 1 1 0 0 1 1 0 
1 1 0 1 1 1 1 1 1 1 1 1 1 1 1 1 1 1 1 1 1 1 1 1 1 1 1 1 1 1 1 0 1 0 0 1 1 1 0 1 1 1 1 1 1 1 1 1 1 0 
1 1 1 0 1 1 1 0 1 1 1 0 1 1 1 1 1 1 1 1 1 1 1 1 1 1 1 1 1 1 1 1 1 1 0 1 1 0 1 1 1 1 1 1 1 0 1 1 1 1 
0 1 1 1 0 1 0 1 1 1 1 1 1 1 1 1 1 1 1 1 1 1 1 1 1 1 1 1 1 1 1 1 1 1 1 1 1 1 1 1 1 1 1 1 1 1 1 1 1 1 
1 1 1 1 1 0 1 1 0 1 1 1 1 1 1 1 0 1 1 1 1 1 1 1 0 1 1 1 1 1 1 1 1 1 1 1 1 1 1 1 1 1 0 1 1 1 1 1 1 0 
0 1 1 1 0 1 0 1 1 1 1 1 0 1 1 1 1 1 0 1 1 1 1 1 1 1 1 1 1 1 1 1 1 1 1 1 0 0 1 1 1 1 1 0 0 1 1 1 1 0 
1 1 1 0 1 1 1 0 1 1 1 0 0 0 1 0 1 1 1 1 1 1 1 1 1 0 1 1 0 1 1 1 0 1 1 1 1 1 1 0 1 0 0 1 1 1 1 1 1 1 
1 1 1 1 1 0 1 1 0 1 0 1 1 1 1 1 0 1 1 1 1 1 1 1 1 1 1 0 1 1 1 1 1 1 1 1 1 1 1 1 1 1 0 1 1 1 0 0 1 1 
1 1 1 1 1 1 1 1 1 0 1 1 1 1 1 1 1 0 1 1 1 0 0 1 0 1 1 1 1 1 1 1 0 1 1 1 1 1 1 1 1 1 1 1 1 1 1 1 1 1 
1 1 1 1 1 1 1 1 0 1 0 1 1 1 0 1 1 1 1 1 1 1 1 1 1 1 1 1 1 1 1 1 1 1 1 1 1 1 1 1 1 1 1 1 1 1 1 1 1 1 
1 1 1 0 1 1 1 0 1 1 1 0 1 1 1 1 1 1 1 1 1 1 1 1 1 1 1 1 1 1 1 1 1 1 1 1 1 0 1 1 1 1 1 1 1 0 0 1 1 1 
1 1 1 1 1 1 0 0 1 1 1 1 0 1 1 1 0 1 0 1 0 1 1 1 0 1 1 1 1 1 1 0 1 1 1 1 0 1 1 1 1 1 1 1 1 1 1 1 1 1 
1 1 1 1 1 1 1 0 1 1 1 1 1 0 1 1 1 1 1 1 1 1 1 1 1 1 1 0 1 1 1 1 1 1 1 1 1 0 1 1 1 1 1 1 1 1 1 0 1 1 
1 1 1 1 1 1 1 1 1 1 0 1 1 1 0 1 1 1 1 1 1 0 0 1 0 1 1 1 1 1 1 1 1 1 1 1 1 1 1 1 1 1 0 1 0 1 0 1 1 1 
1 1 1 1 1 1 1 0 1 1 1 1 1 1 1 0 1 1 1 0 1 1 0 1 1 1 1 1 1 1 1 1 1 1 1 1 1 1 0 1 1 1 0 1 1 1 1 1 1 1 
1 1 1 1 1 0 1 1 0 1 1 1 0 1 1 1 0 0 1 1 1 0 1 1 1 1 1 1 1 1 1 0 1 1 1 1 1 1 1 1 1 0 1 1 0 1 1 1 1 1 
1 1 1 1 1 1 1 1 1 0 1 1 1 1 1 1 0 0 1 1 1 1 1 1 1 0 0 1 1 1 1 1 1 1 1 1 1 1 1 1 1 1 1 1 1 1 1 1 1 1 
1 0 1 1 1 1 0 1 1 1 1 1 0 1 1 1 1 1 0 1 0 1 0 1 1 0 1 1 1 1 1 1 0 1 1 1 1 1 0 1 1 1 1 1 1 1 1 1 1 1 
0 1 1 1 1 1 1 1 1 1 1 1 1 1 1 0 1 1 1 0 1 1 1 1 1 0 1 1 1 1 1 1 1 1 1 1 1 1 1 1 1 1 1 1 1 1 1 1 1 1 
1 1 1 1 1 1 1 1 1 1 1 1 0 1 1 1 1 1 0 1 0 1 1 1 1 1 1 1 1 1 1 1 1 1 1 1 1 1 1 1 1 1 1 1 1 1 1 0 1 1 
1 1 1 1 1 1 1 1 1 0 1 1 1 1 0 1 0 1 1 1 1 0 0 1 1 1 1 1 1 1 1 1 1 1 1 1 0 1 1 0 1 1 1 1 0 0 1 1 0 1 
1 1 1 1 1 1 1 1 1 0 1 1 1 1 0 0 1 1 0 1 1 0 0 1 1 0 1 0 1 1 0 1 0 1 1 0 1 1 0 1 1 1 1 1 1 1 1 0 1 1 
0 1 1 1 1 1 1 1 1 1 1 1 1 1 1 1 1 1 1 1 1 1 1 0 1 1 0 1 1 1 1 0 1 1 1 1 1 1 1 1 1 1 1 1 1 1 1 1 1 1 
1 1 1 1 1 0 1 1 1 0 1 1 0 1 0 1 1 1 1 1 1 1 1 1 0 1 1 0 1 1 1 1 1 0 1 1 1 1 1 0 1 1 0 1 1 1 1 1 1 1 
1 1 1 1 1 1 1 0 1 1 1 1 1 1 1 1 1 0 0 0 1 1 0 1 1 0 1 1 1 1 1 1 1 0 1 1 1 0 0 1 1 1 1 0 1 1 1 1 1 1 
1 1 1 1 1 1 1 1 1 1 1 1 1 1 1 1 1 0 1 1 1 1 1 0 1 1 0 1 1 0 1 1 1 1 0 1 1 1 1 1 1 1 1 1 1 1 1 1 1 1 
1 1 1 1 1 1 1 1 0 1 1 1 1 0 1 1 1 1 1 1 1 1 0 1 0 1 1 0 1 1 1 1 1 1 1 1 1 1 1 1 1 0 1 1 1 1 1 1 1 1 
1 1 1 1 1 1 1 0 1 1 1 1 1 1 1 1 1 1 1 1 1 1 1 1 1 1 1 1 0 1 1 1 1 1 1 1 1 1 0 1 1 1 1 1 1 1 1 1 1 0 
1 0 1 1 1 1 1 1 1 1 1 1 1 1 1 1 1 1 1 1 1 1 1 1 1 1 0 1 1 0 1 1 1 1 1 1 1 1 1 1 1 1 1 1 1 1 1 1 1 1 
1 1 1 1 1 1 1 1 1 1 1 1 1 1 1 1 1 1 1 1 1 1 0 1 1 1 1 1 1 1 0 1 1 1 1 1 1 1 1 1 1 0 1 1 1 1 1 1 1 1 
1 0 0 1 1 1 1 1 1 1 1 1 0 1 1 1 0 1 1 1 1 1 1 0 1 1 1 1 1 1 1 0 1 0 1 1 1 1 1 0 1 1 1 1 1 1 0 1 1 1 
1 1 1 1 1 1 1 0 1 0 1 1 1 1 1 1 1 1 0 1 1 1 0 1 1 1 1 1 1 1 1 1 0 1 1 0 1 1 0 0 1 1 1 1 1 1 1 1 1 1 
1 0 0 1 1 1 1 1 1 1 1 1 1 1 1 1 1 1 1 1 1 1 1 1 0 0 1 1 1 1 1 0 1 0 1 1 1 1 1 1 1 0 1 1 1 1 1 1 1 1 
1 1 0 0 1 1 1 1 1 1 1 1 1 1 1 1 1 1 1 1 1 1 1 1 1 1 0 1 1 1 1 1 1 1 0 1 1 1 1 0 1 1 1 1 1 1 1 1 1 1 
1 1 1 1 1 1 1 1 1 1 1 1 1 1 1 1 1 1 1 1 1 1 0 1 1 1 1 1 1 1 1 1 0 1 1 0 1 1 1 1 1 1 1 1 0 1 0 1 1 1 
1 1 1 1 1 1 0 1 1 1 1 1 0 1 1 1 1 1 1 1 1 0 1 1 1 1 1 1 1 1 1 1 1 1 1 1 0 0 1 1 0 0 1 1 1 1 0 1 1 1 
1 1 1 0 1 1 0 1 1 1 1 0 1 0 1 1 1 1 1 1 1 1 1 1 1 0 1 1 1 1 1 1 1 1 1 1 0 0 1 1 1 1 1 1 1 1 0 0 1 1 
1 1 0 1 1 1 1 1 1 1 1 1 1 1 1 0 1 1 0 1 1 1 0 1 1 0 1 1 0 1 1 1 0 1 1 1 1 1 0 1 1 1 1 1 1 1 1 0 1 1 
1 1 1 1 1 1 1 0 1 1 1 1 1 1 1 1 1 1 1 1 1 0 1 1 0 1 1 1 1 1 1 0 0 1 0 1 1 1 1 0 1 1 0 1 1 0 1 1 1 1 
0 1 1 1 1 1 1 1 1 1 1 1 1 1 1 1 1 1 1 1 1 1 1 1 1 1 1 1 1 1 1 1 1 1 1 1 0 1 1 1 0 1 1 1 1 1 0 1 1 1 
1 1 1 1 1 1 1 0 1 1 1 1 1 1 1 1 0 1 1 1 1 1 1 1 1 1 1 0 1 1 0 1 1 0 1 1 0 1 1 1 1 0 1 1 1 1 1 1 1 1 
1 1 1 1 1 0 1 0 0 1 1 1 1 1 0 0 1 1 1 1 1 1 1 1 0 1 1 1 1 1 1 1 1 1 1 1 1 1 1 0 1 1 0 1 1 1 1 1 1 0 
1 1 1 1 1 1 0 1 1 1 1 1 1 1 1 1 1 1 1 1 1 1 1 1 1 0 1 1 1 1 1 1 1 1 1 1 1 1 1 1 1 1 1 0 1 1 0 1 1 1 
1 1 1 1 1 1 0 1 1 1 1 1 1 1 0 1 0 1 1 1 1 0 1 1 1 1 1 1 1 1 1 1 1 1 1 0 1 1 1 1 1 1 1 1 0 1 1 0 1 1 
1 0 1 0 1 1 1 1 1 1 1 0 1 1 1 1 1 1 1 1 1 0 1 1 1 1 1 1 1 1 1 1 1 1 1 1 1 1 1 0 1 1 1 1 1 0 1 1 1 1 
1 0 1 1 1 1 1 1 0 1 1 0 1 1 0 1 1 1 1 1 1 1 1 1 1 1 1 1 1 1 1 0 1 1 1 0 0 0 1 1 0 1 1 0 1 1 0 1 1 1 
1 1 1 1 1 1 1 1 0 1 1 1 1 0 1 1 1 1 1 1 0 1 0 1 1 1 1 1 1 1 1 1 1 1 1 1 1 0 0 1 1 1 1 1 0 1 1 0 1 1 
1 1 1 1 1 1 1 1 1 1 1 1 1 1 1 1 1 1 1 1 1 0 1 1 1 1 1 1 1 1 1 1 1 1 1 1 1 1 1 1 1 1 1 1 1 1 1 1 0 1 
1 0 0 1 1 0 0 1 1 1 1 1 1 1 1 1 1 1 1 1 1 1 1 1 1 1 1 1 0 1 1 1 1 1 1 1 1 1 1 1 1 1 0 1 1 1 1 1 1 0 

0 15 0 0 0 0 0 0 0 0 0 0 0 0 8 0 9 0 0 0 0 0 0 0 18 14 0 0 0 28 26 24 0 0 0 0 0 0 0 0 0 14 3 9 7 28 20 0 0 0 
6 0 0 0 0 0 0 0 0 5 0 0 0 0 0 9 0 0 0 0 0 20 0 9 0 0 0 0 0 0 22 0 0 0 0 0 0 0 0 0 29 0 0 8 0 0 0 0 0 0 
0 0 0 24 17 0 8 0 0 0 0 0 0 0 0 0 17 0 0 6 0 18 0 0 0 21 0 14 0 0 28 0 0 0 21 0 0 0 0 0 0 0 25 1 0 0 0 16 27 0 
0 0 0 0 0 0 7 0 0 0 0 0 3 0 0 0 0 0 0 0 0 0 0 15 0 5 26 10 0 0 0 0 0 0 1 0 0 0 0 0 0 0 8 10 0 16 0 0 0 0 
0 0 28 0 0 0 19 0 0 0 0 0 0 0 21 0 0 0 0 0 0 31 0 7 0 0 0 0 20 0 0 0 0 0 0 0 0 0 0 0 3 12 0 0 0 0 0 0 0 0 
0 26 0 0 8 0 0 18 0 0 27 0 0 19 22 12 0 0 0 7 21 0 0 0 0 0 0 18 0 0 0 0 17 6 0 0 0 0 0 0 0 0 0 0 0 0 0 0 0 5 
0 10 0 0 0 0 0 0 0 0 0 0 0 0 0 0 0 0 0 17 0 0 0 22 15 0 0 0 0 0 0 0 0 25 0 0 0 0 0 0 0 0 0 0 0 0 0 0 0 0 
23 0 0 11 0 0 0 0 12 0 19 0 10 0 0 0 0 0 23 0 0 19 0 0 0 0 0 19 27 0 0 0 0 0 0 0 0 0 0 0 0 6 0 0 0 0 0 0 3 0 
0 0 14 15 0 10 0 15 0 0 0 0 0 0 26 0 15 0 0 0 0 0 23 0 0 0 0 0 0 0 0 22 0 0 0 25 0 0 0 24 0 0 0 25 0 0 0 0 0 0 
0 0 19 7 13 0 22 0 0 0 0 10 0 0 0 0 0 0 0 0 0 0 0 0 0 0 18 0 0 0 0 7 0 0 0 0 0 0 0 0 0 0 0 0 0 0 0 0 0 0 
6 0 26 0 5 0 0 0 8 0 0 29 0 6 0 0 5 0 0 0 7 0 0 0 0 0 0 0 0 0 2 2 0 0 10 1 0 0 0 0 0 6 0 0 0 0 0 0 0 0 
0 20 0 0 0 19 0 0 0 0 0 0 0 0 0 23 0 3 0 0 0 5 0 0 0 0 0 0 0 0 0 0 0 26 0 0 0 0 0 0 0 0 9 22 0 0 0 0 12 0 
0 2 0 0 0 0 0 0 0 0 12 0 0 0 24 0 0 0 0 0 0 14 0 0 0 0 0 0 0 0 0 24 0 0 0 0 13 0 0 0 1 0 0 0 0 0 0 0 0 0 
0 8 0 0 12 0 0 0 13 26 0 0 0 0 0 0 0 0 0 0 0 0 0 0 15 0 0 0 0 0 3 0 0 0 0 0 1 0 13 6 0 0 0 12 0 0 0 8 0 0 
0 0 0 0 0 0 0 0 0 6 0 25 0 7 0 28 0 0 0 0 0 0 0 0 0 7 0 0 0 0 0 0 0 0 0 4 11 25 0 0 0 0 9 14 0 0 0 10 0 0 
0 0 0 0 0 0 0 17 0 0 0 0 0 0 0 0 0 0 0 0 0 0 0 0 6 0 5 18 0 0 0 0 0 0 0 0 0 0 0 0 0 0 0 0 0 0 0 0 8 0 
0 0 0 0 7 27 0 21 0 12 29 0 0 0 0 0 0 0 26 23 0 0 27 0 1 21 23 0 0 0 0 0 0 15 0 0 0 0 0 0 0 0 0 0 0 17 0 0 0 9 
0 2 24 0 0 1 0 0 0 27 0 3 0 26 0 0 0 0 11 0 1 0 0 0 18 17 0 2 0 0 0 0 0 0 0 26 0 0 0 0 22 0 0 0 0 0 0 0 23 0 
0 0 0 19 0 0 8 0 7 0 0 0 0 0 0 0 0 0 0 0 0 0 0 0 0 14 0 0 0 0 24 0 0 0 3 0 0 0 1 0 0 0 0 0 0 0 0 0 0 0 
18 0 0 0 0 0 0 0 0 0 0 0 0 0 0 27 0 0 0 0 0 0 0 9 15 0 19 0 12 0 0 0 0 4 2 0 0 0 0 0 0 0 0 25 0 0 0 0 0 0 
0 0 0 0 0 0 3 0 0 0 0 25 15 0 0 16 0 0 0 8 0 0 0 7 13 0 23 0 11 0 0 0 0 0 0 0 9 0 0 0 0 0 0 0 0 0 18 0 0 0 
0 0 0 2 0 0 0 3 0 0 0 0 0 4 0 0 0 1 0 0 0 0 0 0 0 27 0 0 0 0 0 0 13 0 0 0 15 6 0 12 0 15 0 0 0 0 0 0 0 0 
0 0 0 12 26 0 0 4 0 12 0 0 9 0 0 0 0 0 0 0 0 0 0 0 0 4 0 0 0 0 0 17 4 0 0 0 0 0 0 15 0 0 27 0 0 12 0 5 6 12 
0 23 7 0 0 19 0 0 0 19 0 0 29 0 25 0 0 0 18 25 0 20 0 0 0 0 0 0 0 0 0 0 0 2 0 0 0 0 0 0 0 0 0 0 0 0 0 0 0 25 
0 19 0 0 13 0 0 0 7 0 0 0 0 0 0 0 0 15 0 0 19 0 0 6 0 0 6 0 27 2 7 0 2 11 0 0 0 0 0 0 0 0 0 0 0 0 0 0 0 0 
0 0 0 0 5 22 5 0 0 0 0 0 0 0 0 0 0 0 0 17 0 0 15 0 0 0 0 0 0 0 0 0 0 0 0 0 0 0 0 0 0 14 0 23 0 0 0 0 26 9 
0 0 0 0 3 6 0 0 25 0 0 18 0 0 0 0 13 0 0 0 23 0 0 0 0 0 0 9 4 0 0 0 0 0 0 0 0 18 0 0 0 0 0 0 0 0 18 0 0 0 
0 0 13 8 0 0 19 0 0 0 23 0 0 0 0 0 0 0 11 0 0 0 0 22 0 0 15 0 0 0 0 24 8 0 0 0 0 0 1 0 8 0 0 14 0 0 0 0 0 0 
0 0 0 3 0 0 3 0 0 0 0 3 0 0 0 0 0 0 0 0 0 0 0 0 9 0 0 12 0 0 0 0 0 0 20 23 18 0 0 0 3 0 0 0 0 0 0 0 20 0 
5 25 5 0 0 0 9 13 5 0 0 0 0 0 0 2 0 0 0 0 0 2 11 0 0 0 0 0 14 0 0 0 16 0 0 0 0 8 0 0 0 20 0 0 0 0 21 0 0 0 
0 0 0 0 0 0 0 0 0 0 0 0 0 22 0 0 0 0 7 14 11 0 0 0 0 14 17 0 0 0 0 29 0 26 4 23 0 0 26 0 0 0 0 0 0 0 0 0 0 0 
7 0 5 0 10 0 0 0 0 6 0 0 0 0 0 23 0 0 0 11 28 0 0 0 0 0 0 0 15 11 0 0 0 0 0 0 0 0 22 0 0 0 0 0 11 0 0 0 0 0 
0 0 0 0 0 0 0 0 0 3 0 9 0 9 18 0 5 0 0 0 0 0 0 0 25 0 0 0 25 23 0 0 0 0 0 0 0 27 0 0 0 10 0 4 0 0 14 0 0 0 
0 0 0 0 0 0 0 5 10 0 0 3 25 0 0 0 0 0 0 0 0 11 0 0 0 0 0 0 0 0 0 0 0 0 22 0 0 0 1 0 21 0 0 15 0 21 0 0 6 3 
0 0 0 0 0 0 22 0 0 0 0 0 0 0 0 0 0 14 21 10 0 0 0 0 0 0 0 0 25 10 0 0 0 0 0 0 0 0 0 0 0 0 0 0 19 0 0 1 0 0 
0 0 0 0 0 0 0 9 0 29 0 0 0 0 0 0 0 0 0 0 0 29 0 0 0 0 0 0 0 0 0 0 0 0 0 0 13 0 0 0 25 0 6 0 0 22 0 0 0 0 
23 0 0 22 28 30 0 0 0 0 0 0 0 0 0 0 0 0 0 28 0 0 28 0 27 0 0 0 0 0 0 0 0 0 7 0 0 2 0 0 0 27 0 0 0 11 0 0 0 0 
0 0 0 0 0 0 0 0 0 0 25 0 0 0 0 0 0 22 0 0 0 0 0 0 22 0 0 0 0 0 0 0 0 0 0 0 9 0 0 0 0 0 0 0 0 24 0 0 0 0 
0 0 0 20 0 0 0 0 3 0 0 0 0 0 0 0 20 0 0 0 0 0 0 0 0 3 0 0 0 0 6 0 0 0 21 0 0 0 0 9 0 22 11 0 0 3 0 0 0 0 
11 0 0 0 16 0 0 0 0 0 1 0 0 0 0 0 0 14 7 0 0 27 0 9 0 0 0 0 14 0 0 0 0 0 17 0 0 0 0 0 0 0 13 0 0 13 0 0 22 2 
0 0 0 0 0 0 27 0 0 0 0 0 0 0 19 0 0 0 0 1 0 0 0 0 0 0 0 11 22 0 0 0 0 0 0 27 0 0 0 0 0 0 0 4 0 0 10 0 0 0 
0 0 1 0 0 0 0 0 0 17 0 0 0 0 3 0 0 0 0 0 0 0 0 28 3 21 0 21 0 0 5 14 0 0 0 0 0 0 1 0 0 0 0 0 0 0 0 0 0 11 
0 0 8 0 14 0 0 0 0 0 0 0 0 5 0 0 0 0 0 0 0 12 0 0 5 23 0 0 17 0 0 0 0 0 0 2 0 0 0 0 25 0 0 0 19 0 0 0 0 0 
0 0 0 0 25 5 0 0 0 19 0 0 8 0 0 0 0 0 14 0 5 0 28 8 25 0 20 0 0 0 0 0 0 0 21 0 0 0 0 0 0 0 0 0 0 0 0 0 0 0 
0 0 0 0 0 28 6 0 0 0 0 0 0 0 0 0 0 0 18 0 0 0 0 0 0 0 0 0 23 23 0 0 0 0 0 0 7 0 0 0 0 0 0 0 0 0 0 0 0 0 
0 0 0 0 0 9 0 0 0 0 0 0 0 0 24 0 0 0 0 0 17 0 0 0 0 0 0 13 0 21 0 0 0 0 6 0 0 0 0 0 3 0 16 0 0 0 0 7 0 0 
0 0 0 0 24 0 0 0 0 17 0 0 0 0 3 0 0 0 1 0 0 0 5 0 0 4 22 15 0 0 0 0 0 0 0 0 0 17 0 0 0 0 0 0 0 0 0 0 0 9 
0 0 0 0 26 0 0 2 0 0 0 0 14 0 0 0 5 0 0 0 1 21 0 26 0 0 7 0 24 0 13 0 0 0 0 1 0 0 0 8 0 0 0 0 0 0 21 0 0 12 
7 0 0 0 0 0 0 0 8 18 0 0 11 0 0 0 0 1 9 0 0 0 0 0 0 0 0 11 0 0 0 8 0 0 0 0 7 0 0 0 0 13 0 0 0 0 0 24 0 0 
0 0 18 14 0 27 19 0 15 0 0 0 15 0 0 0 0 0 0 0 0 0 0 0 23 0 10 0 0 0 7 0 0 2 11 0 0 26 22 0 0 0 0 5 0 11 0 0 18 0 
