50

0 1 0 0 0 0 0 0 0 1 0 0 0 1 1 0 1 1 0 1 1 0 0 0 0 0 0 1 1 0 1 0 1 0 1 1 0 0 0 0 0 0 1 0 0 0 0 0 0 1 
1 0 1 0 0 0 0 0 0 1 1 0 0 1 1 0 1 0 0 0 0 1 0 0 0 0 0 1 0 0 0 0 1 1 1 0 1 1 1 0 1 0 0 0 0 1 1 0 1 0 
0 1 0 0 0 1 0 0 0 1 1 1 0 0 0 0 0 0 0 0 0 0 0 1 0 1 0 0 0 1 0 0 0 0 0 0 0 0 1 0 0 1 1 1 0 0 0 0 0 0 
0 0 0 0 1 1 1 1 1 1 1 1 0 0 0 1 1 0 0 1 0 1 0 0 0 1 0 1 0 0 0 1 1 0 0 0 0 1 0 1 1 0 1 0 1 0 0 0 0 0 
0 0 0 1 0 0 0 0 1 1 0 0 1 0 1 0 0 0 1 0 1 0 0 0 0 1 1 0 0 0 1 1 1 0 0 0 1 0 1 0 0 0 1 0 0 1 1 0 0 1 
0 0 1 1 0 0 1 1 1 0 0 0 0 1 0 1 0 0 0 1 0 1 1 0 0 0 0 0 0 1 0 1 1 0 0 0 0 1 1 1 0 0 0 1 0 0 0 1 1 0 
0 0 0 1 0 1 0 1 1 1 0 0 0 0 0 0 1 1 0 1 1 0 0 0 0 1 1 1 1 0 1 1 1 0 0 0 1 0 0 1 1 0 1 0 1 0 0 1 0 0 
0 0 0 1 0 1 1 0 0 1 1 0 1 0 1 1 1 0 1 0 0 1 0 1 0 1 0 0 1 0 0 0 1 0 0 1 0 1 1 1 0 1 1 1 0 0 0 1 0 0 
0 0 0 1 1 1 1 0 0 1 1 1 0 0 0 0 0 0 1 0 1 0 0 1 1 0 1 0 0 0 1 0 1 1 0 1 0 1 1 0 0 0 0 0 0 0 1 0 1 1 
1 1 1 1 1 0 1 1 1 0 1 0 0 1 0 0 1 0 1 1 0 0 0 0 1 0 0 1 1 1 0 0 0 1 0 0 1 0 1 1 0 1 1 0 0 0 0 1 1 0 
0 1 1 1 0 0 0 1 1 1 0 1 0 1 0 0 0 0 0 0 0 0 0 0 1 0 0 0 0 0 1 0 1 1 0 1 0 1 0 0 0 0 1 0 0 0 1 1 0 0 
0 0 1 1 0 0 0 0 1 0 1 0 1 1 1 1 1 1 1 1 1 0 1 1 1 0 1 1 0 0 0 1 0 1 1 1 0 1 1 0 0 0 1 0 0 1 0 1 0 0 
0 0 0 0 1 0 0 1 0 0 0 1 0 0 1 0 0 0 0 0 1 1 1 1 0 0 1 0 0 0 0 0 0 0 0 1 0 0 0 0 0 0 0 0 1 1 0 0 0 1 
1 1 0 0 0 1 0 0 0 1 1 1 0 0 1 0 0 0 0 0 0 0 0 0 1 0 0 0 1 0 0 1 1 0 1 1 1 1 0 1 1 1 1 0 0 0 0 0 0 0 
1 1 0 0 1 0 0 1 0 0 0 1 1 1 0 1 0 1 0 0 1 0 0 0 1 1 1 0 0 0 1 0 0 0 1 0 0 0 1 1 1 0 0 1 1 0 0 0 0 1 
0 0 0 1 0 1 0 1 0 0 0 1 0 0 1 0 0 0 1 0 0 1 1 0 1 0 1 0 0 1 1 1 0 1 0 0 0 0 0 1 0 0 1 0 0 1 1 1 1 0 
1 1 0 1 0 0 1 1 0 1 0 1 0 0 0 0 0 0 0 0 0 0 0 1 0 0 0 0 0 1 1 1 1 0 0 0 0 0 0 1 1 1 0 1 1 0 0 1 0 1 
1 0 0 0 0 0 1 0 0 0 0 1 0 0 1 0 0 0 1 1 0 0 1 1 0 0 0 0 0 0 1 0 0 1 0 0 0 1 0 0 1 0 0 1 0 0 0 0 1 0 
0 0 0 0 1 0 0 1 1 1 0 1 0 0 0 1 0 1 0 0 0 1 1 0 1 0 0 1 1 1 1 1 0 1 1 0 0 0 1 0 1 1 1 0 1 1 0 1 0 0 
1 0 0 1 0 1 1 0 0 1 0 1 0 0 0 0 0 1 0 0 0 0 1 0 1 0 0 1 0 1 1 0 1 0 0 0 1 0 1 1 0 0 1 0 1 0 0 0 1 0 
1 0 0 0 1 0 1 0 1 0 0 1 1 0 1 0 0 0 0 0 0 0 1 0 0 1 0 1 0 0 0 0 0 1 0 0 0 1 0 1 1 1 0 1 1 1 1 1 0 1 
0 1 0 1 0 1 0 1 0 0 0 0 1 0 0 1 0 0 1 0 0 0 0 1 1 0 1 1 1 1 1 1 1 0 0 0 1 1 1 0 0 0 0 0 0 1 1 1 0 0 
0 0 0 0 0 1 0 0 0 0 0 1 1 0 0 1 0 1 1 1 1 0 0 1 0 0 1 0 0 0 1 1 0 0 0 0 1 1 0 0 1 0 1 1 0 1 1 1 0 1 
0 0 1 0 0 0 0 1 1 0 0 1 1 0 0 0 1 1 0 0 0 1 1 0 0 1 0 1 0 1 0 0 1 1 1 0 1 1 0 0 1 0 1 1 0 1 1 1 1 1 
0 0 0 0 0 0 0 0 1 1 1 1 0 1 1 1 0 0 1 1 0 1 0 0 0 0 1 1 0 1 0 0 0 1 0 0 0 1 0 0 0 1 1 0 1 1 0 0 0 0 
0 0 1 1 1 0 1 1 0 0 0 0 0 0 1 0 0 0 0 0 1 0 0 1 0 0 1 1 0 0 0 0 1 0 0 1 0 0 0 0 0 1 0 1 1 0 0 0 0 1 
0 0 0 0 1 0 1 0 1 0 0 1 1 0 1 1 0 0 0 0 0 1 1 0 1 1 0 1 0 0 0 0 0 0 0 0 1 0 0 0 0 0 0 1 0 1 0 0 0 0 
1 1 0 1 0 0 1 0 0 1 0 1 0 0 0 0 0 0 1 1 1 1 0 1 1 1 1 0 0 0 0 1 0 0 0 0 0 0 0 0 0 0 0 0 1 0 1 1 0 0 
1 0 0 0 0 0 1 1 0 1 0 0 0 1 0 0 0 0 1 0 0 1 0 0 0 0 0 0 0 1 1 1 0 1 1 0 1 1 0 0 0 1 0 1 0 0 1 1 0 0 
0 0 1 0 0 1 0 0 0 1 0 0 0 0 0 1 1 0 1 1 0 1 0 1 1 0 0 0 1 0 0 0 1 0 0 1 1 0 0 1 0 1 0 0 1 1 1 1 0 0 
1 0 0 0 1 0 1 0 1 0 1 0 0 0 1 1 1 1 1 1 0 1 1 0 0 0 0 0 1 0 0 0 0 1 0 0 0 0 1 1 0 1 0 0 0 0 0 0 0 0 
0 0 0 1 1 1 1 0 0 0 0 1 0 1 0 1 1 0 1 0 0 1 1 0 0 0 0 1 1 0 0 0 0 0 1 0 1 0 1 1 1 0 1 1 1 0 1 0 0 1 
1 1 0 1 1 1 1 1 1 0 1 0 0 1 0 0 1 0 0 1 0 1 0 1 0 1 0 0 0 1 0 0 0 1 0 1 1 0 1 0 0 1 0 0 0 0 1 1 0 0 
0 1 0 0 0 0 0 0 1 1 1 1 0 0 0 1 0 1 1 0 1 0 0 1 1 0 0 0 1 0 1 0 1 0 0 1 0 1 1 1 1 0 0 0 0 0 0 1 1 1 
1 1 0 0 0 0 0 0 0 0 0 1 0 1 1 0 0 0 1 0 0 0 0 1 0 0 0 0 1 0 0 1 0 0 0 0 1 0 1 1 0 1 0 1 0 1 1 0 0 0 
1 0 0 0 0 0 0 1 1 0 1 1 1 1 0 0 0 0 0 0 0 0 0 0 0 1 0 0 0 1 0 0 1 1 0 0 0 0 1 1 0 0 1 0 0 0 0 0 0 1 
0 1 0 0 1 0 1 0 0 1 0 0 0 1 0 0 0 0 0 1 0 1 1 1 0 0 1 0 1 1 0 1 1 0 1 0 0 1 1 0 0 0 1 0 0 0 0 0 0 0 
0 1 0 1 0 1 0 1 1 0 1 1 0 1 0 0 0 1 0 0 1 1 1 1 1 0 0 0 1 0 0 0 0 1 0 0 1 0 1 0 0 0 1 0 1 0 1 0 0 0 
0 1 1 0 1 1 0 1 1 1 0 1 0 0 1 0 0 0 1 1 0 1 0 0 0 0 0 0 0 0 1 1 1 1 1 1 1 1 0 0 0 0 0 0 0 1 1 0 0 0 
0 0 0 1 0 1 1 1 0 1 0 0 0 1 1 1 1 0 0 1 1 0 0 0 0 0 0 0 0 1 1 1 0 1 1 1 0 0 0 0 1 1 0 1 1 0 0 1 1 1 
0 1 0 1 0 0 1 0 0 0 0 0 0 1 1 0 1 1 1 0 1 0 1 1 0 0 0 0 0 0 0 1 0 1 0 0 0 0 0 1 0 1 0 0 0 1 1 1 1 0 
0 0 1 0 0 0 0 1 0 1 0 0 0 1 0 0 1 0 1 0 1 0 0 0 1 1 0 0 1 1 1 0 1 0 1 0 0 0 0 1 1 0 1 0 0 0 0 1 0 0 
1 0 1 1 1 0 1 1 0 1 1 1 0 1 0 1 0 0 1 1 0 0 1 1 1 0 0 0 0 0 0 1 0 0 0 1 1 1 0 0 0 1 0 0 1 0 1 0 1 1 
0 0 1 0 0 1 0 1 0 0 0 0 0 0 1 0 1 1 0 0 1 0 1 1 0 1 1 0 1 0 0 1 0 0 1 0 0 0 0 1 0 0 0 0 0 1 1 1 1 0 
0 0 0 1 0 0 1 0 0 0 0 0 1 0 1 0 1 0 1 1 1 0 0 0 1 1 0 1 0 1 0 1 0 0 0 0 0 1 0 1 0 0 1 0 0 1 1 0 0 0 
0 1 0 0 1 0 0 0 0 0 0 1 1 0 0 1 0 0 1 0 1 1 1 1 1 0 1 0 0 1 0 0 0 0 1 0 0 0 1 0 1 0 0 1 1 0 0 0 1 0 
0 1 0 0 1 0 0 0 1 0 1 0 0 0 0 1 0 0 0 0 1 1 1 1 0 0 0 1 1 1 0 1 1 0 1 0 0 1 1 0 1 0 1 1 1 0 0 1 0 1 
0 0 0 0 0 1 1 1 0 1 1 1 0 0 0 1 1 0 1 0 1 1 1 1 0 0 0 1 1 1 0 0 1 1 0 0 0 0 0 1 1 1 0 1 0 0 1 0 0 0 
0 1 0 0 0 1 0 0 1 1 0 0 0 0 0 1 0 1 0 1 0 0 0 1 0 0 0 0 0 0 0 0 0 1 0 0 0 0 0 1 1 0 1 1 0 1 0 0 0 1 
1 0 0 0 1 0 0 0 1 0 0 0 1 0 1 0 1 0 0 0 1 0 1 1 0 1 0 0 0 0 0 1 0 1 0 1 0 0 0 1 0 0 1 0 0 0 1 0 1 0 

0 11 3 0 0 0 0 0 0 0 0 0 0 0 0 0 2 0 0 0 0 0 0 0 0 0 0 0 0 4 0 15 0 0 0 0 0 0 0 0 0 0 0 0 10 0 0 0 6 0 
0 0 0 0 11 0 0 0 0 0 4 0 0 0 0 0 0 0 6 0 0 0 0 0 0 0 0 0 12 0 0 0 0 0 0 4 0 0 0 0 0 0 21 0 0 16 0 0 0 0 
0 15 0 4 0 0 0 0 0 0 5 0 0 0 0 0 0 0 0 0 7 0 0 17 0 0 0 0 0 0 0 0 0 4 2 0 0 10 0 0 10 0 9 0 0 0 0 0 20 0 
0 1 0 0 0 0 0 0 0 2 5 11 9 0 0 0 0 0 0 17 0 0 0 0 0 0 0 0 9 0 0 0 0 0 0 11 0 0 0 0 0 0 0 0 0 0 0 0 0 0 
0 0 0 0 0 0 0 9 0 0 0 5 0 0 8 0 4 0 0 0 0 0 0 0 0 0 0 0 0 5 0 0 0 0 0 0 0 0 0 0 0 0 0 0 0 0 0 0 0 0 
0 0 0 0 0 0 5 0 8 0 0 0 0 0 0 14 0 0 5 0 0 0 0 0 0 8 0 0 0 0 0 0 0 0 0 0 0 0 0 0 0 0 0 8 0 0 6 0 0 0 
15 0 0 0 0 0 0 0 0 0 0 0 0 0 0 0 0 19 16 13 0 0 0 0 15 0 0 0 0 0 0 0 0 0 11 9 0 0 0 0 0 0 0 0 13 0 0 11 0 0 
0 0 2 0 0 0 0 0 21 0 0 0 0 2 0 0 1 0 0 0 0 0 2 0 0 0 0 0 0 0 0 0 0 0 0 0 0 0 0 2 0 0 0 14 0 0 0 0 0 0 
0 0 0 0 14 12 0 2 0 0 0 0 0 0 0 20 8 0 0 18 21 0 0 0 0 4 0 0 18 0 0 2 16 0 0 0 0 0 0 0 0 0 0 0 0 0 0 0 11 11 
0 0 0 13 0 20 0 0 0 0 0 10 0 0 0 0 0 0 0 0 18 0 0 0 0 0 2 0 0 0 0 0 9 4 0 8 5 0 0 0 0 0 0 16 0 0 0 0 1 0 
0 0 0 0 0 0 0 0 0 0 0 0 0 0 0 0 0 0 0 0 0 0 9 0 0 0 0 0 0 0 0 0 5 0 0 0 14 0 0 0 0 0 16 0 0 0 0 0 0 0 
0 0 0 0 0 17 0 0 0 0 0 0 0 0 3 0 0 2 0 0 0 0 0 0 18 0 0 0 22 0 0 0 0 0 17 3 0 0 18 21 0 0 0 0 0 0 0 0 0 0 
0 0 0 0 0 12 0 0 0 0 0 0 0 0 0 0 0 0 0 16 0 0 0 0 0 0 0 0 0 0 0 0 0 0 0 0 0 0 0 0 0 0 0 0 0 3 0 0 13 0 
0 0 5 0 7 0 0 19 0 0 7 0 0 0 0 2 0 0 0 0 0 11 0 0 0 0 0 0 0 0 0 0 0 0 16 0 0 0 15 0 0 0 0 0 0 0 0 0 10 0 
0 0 0 0 0 0 0 0 0 0 14 0 0 0 0 0 0 0 0 0 10 0 0 0 0 1 0 0 0 0 0 0 6 20 0 0 0 19 0 0 0 0 3 0 20 0 0 0 8 0 
0 0 0 5 0 0 13 0 0 4 0 0 0 0 0 0 0 0 0 0 0 0 0 0 0 0 0 6 0 0 0 0 9 0 0 0 16 0 0 17 0 0 0 0 0 0 0 0 0 13 
0 0 0 0 22 0 0 13 11 0 0 0 0 0 0 0 0 0 0 0 0 0 0 0 0 18 19 10 1 0 0 0 0 0 0 17 0 0 21 0 0 18 0 0 0 0 0 0 9 0 
0 0 0 0 0 0 0 0 0 0 0 0 21 0 0 13 0 0 14 1 8 0 0 19 0 0 2 0 14 9 0 0 0 14 0 0 0 0 19 16 0 0 0 0 0 0 0 9 0 11 
0 0 0 0 0 0 0 0 7 0 0 0 0 1 0 0 14 0 0 0 0 0 0 0 0 0 0 0 0 0 0 0 0 0 0 13 0 14 0 0 0 0 0 0 0 0 17 0 0 0 
0 0 10 0 0 0 5 1 0 1 0 0 0 13 0 16 0 0 0 0 0 0 0 0 0 0 0 13 0 0 0 0 0 0 0 0 5 0 0 15 0 0 0 0 0 0 0 0 0 0 
0 0 0 0 0 15 0 0 0 0 16 0 15 0 0 0 13 0 19 0 0 7 0 0 0 0 0 0 0 0 0 0 0 13 1 0 0 0 0 0 0 0 0 0 0 0 0 0 0 0 
3 15 19 0 0 0 0 0 0 0 0 0 0 0 14 14 0 0 0 1 0 0 0 0 0 0 0 0 0 0 0 0 0 7 0 8 0 0 0 0 0 0 0 0 20 0 0 0 0 0 
0 0 0 0 0 0 0 0 0 0 0 0 19 0 0 0 0 0 0 0 0 3 0 19 0 0 0 0 0 17 0 0 0 0 0 0 11 0 5 0 0 0 9 0 19 0 0 0 20 15 
0 0 0 0 0 0 0 20 0 0 0 0 0 0 0 2 0 0 0 0 0 0 0 0 0 0 0 0 0 0 0 0 0 0 0 0 0 0 0 0 0 0 0 0 0 8 0 0 0 0 
0 0 13 0 0 1 0 0 13 14 0 0 0 0 0 0 0 0 6 14 8 0 0 0 0 0 0 11 0 0 0 12 0 0 0 0 19 0 0 0 0 16 0 3 0 8 0 0 3 0 
0 0 0 0 0 0 0 0 0 19 9 0 0 0 0 0 0 0 0 0 13 0 0 0 0 0 8 3 0 0 0 0 0 0 0 0 0 0 0 0 0 0 0 0 0 0 0 0 0 18 
0 0 0 0 1 0 0 0 0 0 0 0 0 0 0 0 0 17 0 0 0 0 0 0 0 0 0 0 0 0 0 10 0 0 0 0 0 8 0 10 0 0 0 0 0 0 0 0 0 0 
0 20 1 0 0 0 0 0 15 0 0 0 0 7 0 0 0 12 0 0 0 1 0 0 0 0 0 0 0 0 0 0 0 0 0 0 0 0 0 0 0 3 0 0 0 0 0 18 0 0 
0 0 0 0 0 0 0 0 0 16 0 0 0 0 17 12 0 0 7 3 0 16 0 0 0 0 0 0 0 0 0 0 0 0 0 0 0 0 20 0 0 0 0 0 1 0 7 14 0 16 
0 0 0 0 0 0 14 0 0 7 6 0 0 0 0 0 0 1 0 0 0 0 0 0 16 0 0 15 0 0 0 17 0 0 0 0 0 0 15 10 0 0 0 0 0 0 12 0 0 0 
0 0 0 0 7 0 0 0 0 0 5 0 0 0 0 0 0 0 0 0 0 0 0 0 0 0 0 0 13 0 0 0 0 0 0 0 0 2 0 0 21 1 0 14 0 0 0 0 0 0 
0 0 0 0 0 15 0 0 0 0 0 0 0 0 0 0 0 0 0 0 0 0 0 0 0 1 0 0 0 0 1 0 0 0 0 0 0 0 0 0 9 0 0 0 0 0 0 0 0 0 
16 0 0 18 15 0 0 0 0 17 0 17 0 13 0 0 0 11 0 0 0 0 0 17 0 0 0 4 18 20 0 0 0 0 0 0 0 0 5 13 0 0 20 0 0 0 0 0 0 0 
0 0 6 0 0 0 0 0 2 0 0 0 0 0 0 0 0 0 17 5 0 0 0 7 0 0 0 0 0 0 0 0 6 0 0 6 0 0 0 0 0 13 0 0 0 0 0 0 0 0 
0 13 0 0 0 19 0 0 0 17 0 0 0 0 0 0 0 0 0 0 0 0 22 0 0 17 0 3 0 0 10 0 0 0 0 0 0 0 0 0 0 9 0 0 0 0 0 0 2 0 
0 0 22 0 0 0 0 0 0 0 0 0 0 0 0 0 0 13 16 0 0 0 12 0 0 0 0 0 0 0 5 1 0 0 0 0 0 0 0 0 0 0 7 0 0 0 0 0 0 0 
8 0 0 0 5 0 2 0 0 0 0 13 0 0 0 0 0 0 20 10 0 0 0 0 0 0 0 0 0 0 13 0 0 0 0 0 0 0 0 0 0 0 0 0 0 18 0 0 0 0 
0 0 0 11 0 0 0 0 0 0 0 0 12 0 19 0 0 4 13 0 0 0 6 0 0 0 0 2 0 0 0 0 0 0 17 0 0 0 0 0 0 19 0 18 0 0 21 0 0 0 
0 0 13 0 0 2 0 19 0 17 0 10 0 0 0 0 16 11 0 0 0 0 3 0 0 0 2 0 0 0 0 18 0 0 0 0 0 0 0 3 0 3 18 0 0 0 4 0 0 1 
0 6 0 0 0 0 5 15 14 0 0 0 0 6 0 0 0 0 0 15 0 0 0 0 0 0 0 6 0 16 0 0 0 0 0 0 0 0 0 0 0 0 8 1 0 0 5 17 0 15 
0 0 7 0 0 0 0 13 20 0 0 0 19 0 14 18 2 0 0 0 0 0 0 0 0 1 0 0 0 0 0 9 0 0 0 0 0 0 0 20 0 0 0 0 0 0 0 11 3 0 
0 0 0 16 0 11 0 0 0 21 0 9 19 0 0 11 0 15 14 0 0 0 0 10 0 0 0 0 0 0 16 6 0 0 0 0 0 0 0 0 17 0 0 0 12 9 0 0 3 0 
12 15 0 17 0 1 18 0 0 0 0 0 0 0 15 0 0 0 0 0 0 0 0 0 0 0 20 0 0 0 2 0 5 0 0 0 0 0 0 0 0 0 0 0 0 0 0 0 0 0 
0 0 0 0 6 0 0 0 0 1 0 0 0 0 0 0 0 0 0 0 0 0 0 0 10 0 0 0 12 0 0 0 18 0 0 17 0 11 0 0 0 0 0 0 0 0 3 14 0 20 
0 0 0 1 0 0 0 0 0 16 0 0 0 0 0 11 0 0 0 0 0 0 0 0 16 0 0 0 1 8 0 0 0 0 7 0 0 0 1 0 5 13 15 0 0 13 0 0 0 0 
0 0 0 0 0 0 18 0 0 0 0 0 0 0 0 0 0 0 0 10 0 1 23 0 0 0 0 0 0 0 8 0 0 0 0 2 3 0 0 0 1 0 0 0 0 0 0 3 0 0 
0 0 0 0 0 0 0 0 0 0 0 0 0 0 15 0 0 0 9 0 0 4 0 0 0 0 0 0 0 0 0 0 0 12 0 0 7 16 0 18 0 0 0 0 0 6 0 0 12 0 
0 10 0 0 0 0 0 0 13 0 0 0 0 0 21 0 20 0 0 0 6 0 0 0 3 10 7 0 0 0 0 0 0 0 0 0 4 0 0 0 0 0 5 0 0 0 0 0 0 0 
0 0 1 0 0 0 0 16 10 0 0 0 0 0 0 0 0 0 0 0 10 0 0 0 5 0 0 0 0 17 0 9 0 0 0 0 0 0 18 0 11 0 0 0 0 0 0 0 0 0 
0 0 0 0 0 0 0 0 0 14 0 0 0 0 0 0 0 0 20 0 8 0 15 16 0 0 0 0 0 0 0 21 0 0 0 0 0 0 0 0 1 0 13 8 0 0 0 18 0 0 
