50

0 0 0 0 1 0 1 1 1 1 1 0 1 1 1 1 0 1 1 1 1 1 1 1 0 1 1 0 1 1 0 1 1 1 1 0 1 0 0 0 1 1 1 0 0 1 1 0 1 0 
0 0 1 1 0 1 1 0 0 1 0 1 0 1 0 0 1 0 0 1 0 1 0 0 0 1 0 1 1 1 1 1 1 1 0 1 0 1 1 0 0 1 1 1 1 0 1 1 1 0 
0 1 0 0 0 1 1 1 1 1 0 0 1 0 1 0 0 1 1 0 0 1 1 0 0 1 0 0 0 1 0 1 1 1 1 0 1 1 1 1 0 0 1 0 1 1 1 0 1 0 
0 1 0 0 0 1 1 1 1 1 1 1 1 0 1 1 1 1 0 1 1 1 1 1 1 1 1 0 1 0 1 1 0 1 1 1 1 1 0 1 1 1 0 1 1 1 1 1 1 0 
1 0 0 0 0 1 1 0 1 0 1 0 0 0 1 1 1 1 1 0 1 1 1 1 1 0 1 1 1 0 1 1 0 0 0 0 1 0 1 1 1 1 1 1 1 1 0 0 1 1 
0 1 1 1 1 0 0 1 1 1 1 0 1 1 1 1 1 0 1 1 1 1 1 1 1 1 0 1 0 1 0 0 0 1 1 0 0 1 1 1 1 1 1 1 1 1 1 0 1 0 
1 1 1 1 1 0 0 1 1 0 1 1 1 0 1 1 1 1 1 1 0 1 1 0 0 1 1 0 1 1 0 0 1 1 0 1 1 0 0 0 1 1 1 1 1 1 0 0 0 1 
1 0 1 1 0 1 1 0 1 0 1 1 0 0 1 1 1 1 1 1 0 1 1 0 1 0 1 1 1 0 1 0 0 1 1 1 0 1 0 1 1 1 1 1 1 1 1 0 1 0 
1 0 1 1 1 1 1 1 0 1 1 1 0 1 1 1 1 1 1 1 0 1 0 1 1 1 1 1 0 1 1 0 1 0 0 1 1 0 1 1 1 1 1 1 1 1 0 1 0 0 
1 1 1 1 0 1 0 0 1 0 1 0 1 0 1 0 0 1 0 1 1 1 1 0 0 1 1 1 0 1 1 0 1 1 0 1 1 1 1 1 0 0 1 0 1 1 1 0 1 1 
1 0 0 1 1 1 1 1 1 1 0 1 1 0 0 0 1 1 1 1 1 1 0 1 1 0 1 1 0 0 1 1 1 0 0 1 0 1 1 1 1 1 1 1 0 0 1 1 1 1 
0 1 0 1 0 0 1 1 1 0 1 0 0 1 1 1 1 1 1 0 1 1 1 1 1 1 0 1 1 1 1 1 1 1 1 0 1 1 0 1 1 1 1 1 1 1 0 1 0 1 
1 0 1 1 0 1 1 0 0 1 1 0 0 1 0 0 1 1 1 1 1 1 0 1 1 1 1 1 0 1 1 1 0 1 1 1 1 0 1 0 1 0 1 0 0 0 1 0 1 1 
1 1 0 0 0 1 0 0 1 0 0 1 1 0 1 1 1 1 1 1 0 0 1 1 1 1 1 0 0 1 0 0 0 0 1 1 1 1 1 1 1 1 1 1 1 1 1 0 0 1 
1 0 1 1 1 1 1 1 1 1 0 1 0 1 0 1 1 1 1 1 1 1 1 1 0 0 1 0 1 0 1 1 1 1 1 1 1 1 0 1 1 1 1 0 1 1 1 1 1 0 
1 0 0 1 1 1 1 1 1 0 0 1 0 1 1 0 1 1 0 1 0 1 0 0 1 1 1 1 0 1 0 1 0 1 1 1 1 1 0 1 1 0 0 1 1 1 0 1 1 1 
0 1 0 1 1 1 1 1 1 0 1 1 1 1 1 1 0 0 1 1 1 1 0 1 1 1 1 1 1 1 1 1 1 1 1 1 0 1 1 1 1 1 1 1 1 0 1 1 0 1 
1 0 1 1 1 0 1 1 1 1 1 1 1 1 1 1 0 0 1 0 0 1 0 1 1 1 0 1 0 1 1 0 0 1 0 1 0 1 0 0 0 0 1 1 0 0 1 1 1 0 
1 0 1 0 1 1 1 1 1 0 1 1 1 1 1 0 1 1 0 0 0 0 1 0 1 1 0 1 1 0 1 1 1 0 1 0 1 1 0 0 1 1 1 0 1 0 1 1 0 0 
1 1 0 1 0 1 1 1 1 1 1 0 1 1 1 1 1 0 0 0 1 0 1 1 0 1 1 1 1 0 0 1 1 1 0 1 1 0 1 1 1 1 0 0 1 0 0 1 0 0 
1 0 0 1 1 1 0 0 0 1 1 1 1 0 1 0 1 0 0 1 0 1 1 1 0 0 1 1 1 1 0 1 1 1 1 1 1 0 1 1 0 1 1 1 1 1 1 0 1 1 
1 1 1 1 1 1 1 1 1 1 1 1 1 0 1 1 1 1 0 0 1 0 1 0 0 1 1 1 1 1 1 0 1 0 1 1 1 0 1 0 1 1 0 1 1 1 0 1 1 1 
1 0 1 1 1 1 1 1 0 1 0 1 0 1 1 0 0 0 1 1 1 1 0 0 1 1 1 1 1 1 1 1 1 0 1 1 0 1 1 1 1 1 1 1 0 1 1 1 1 1 
1 0 0 1 1 1 0 0 1 0 1 1 1 1 1 0 1 1 0 1 1 0 0 0 1 1 0 1 1 1 1 1 1 1 1 1 1 1 0 1 1 0 1 1 1 1 1 1 1 1 
0 0 0 1 1 1 0 1 1 0 1 1 1 1 0 1 1 1 1 0 0 0 1 1 0 1 1 1 0 1 1 1 0 1 1 1 1 1 0 1 1 1 0 1 0 1 1 1 1 1 
1 1 1 1 0 1 1 0 1 1 0 1 1 1 0 1 1 1 1 1 0 1 1 1 1 0 1 1 0 1 0 1 1 1 0 1 1 1 1 1 0 1 1 1 1 0 1 1 1 0 
1 0 0 1 1 0 1 1 1 1 1 0 1 1 1 1 1 0 0 1 1 1 1 0 1 1 0 1 1 1 1 1 1 1 0 0 1 1 0 1 1 1 1 1 1 1 1 1 1 1 
0 1 0 0 1 1 0 1 1 1 1 1 1 0 0 1 1 1 1 1 1 1 1 1 1 1 1 0 0 0 0 1 1 1 1 1 0 0 1 0 0 1 0 0 1 1 1 0 1 1 
1 1 0 1 1 0 1 1 0 0 0 1 0 0 1 0 1 0 1 1 1 1 1 1 0 0 1 0 0 1 1 0 1 0 0 0 1 1 1 1 1 1 1 1 1 1 0 1 1 1 
1 1 1 0 0 1 1 0 1 1 0 1 1 1 0 1 1 1 0 0 1 1 1 1 1 1 1 0 1 0 1 0 1 1 1 1 1 0 1 1 1 0 1 0 1 1 1 1 0 1 
0 1 0 1 1 0 0 1 1 1 1 1 1 0 1 0 1 1 1 0 0 1 1 1 1 0 1 0 1 1 0 0 0 1 1 1 1 1 1 0 1 1 0 1 1 1 1 1 0 1 
1 1 1 1 1 0 0 0 0 0 1 1 1 0 1 1 1 0 1 1 1 0 1 1 1 1 1 1 0 0 0 0 0 0 0 1 0 1 1 0 1 1 1 1 1 1 0 1 1 1 
1 1 1 0 0 0 1 0 1 1 1 1 0 0 1 0 1 0 1 1 1 1 1 1 0 1 1 1 1 1 0 0 0 1 1 1 1 1 1 0 1 1 1 1 0 1 1 0 1 0 
1 1 1 1 0 1 1 1 0 1 0 1 1 0 1 1 1 1 0 1 1 0 0 1 1 1 1 1 0 1 1 0 1 0 1 1 1 1 1 1 1 1 1 0 1 0 0 1 0 0 
1 0 1 1 0 1 0 1 0 0 0 1 1 1 1 1 1 0 1 0 1 1 1 1 1 0 0 1 0 1 1 0 1 1 0 1 1 1 0 0 0 0 1 0 1 1 1 1 1 0 
0 1 0 1 0 0 1 1 1 1 1 0 1 1 1 1 1 1 0 1 1 1 1 1 1 1 0 1 0 1 1 1 1 1 1 0 1 0 1 1 0 1 0 0 0 1 0 1 0 1 
1 0 1 1 1 0 1 0 1 1 0 1 1 1 1 1 0 0 1 1 1 1 0 1 1 1 1 0 1 1 1 0 1 1 1 1 0 0 1 1 1 1 1 1 1 0 1 1 1 1 
0 1 1 1 0 1 0 1 0 1 1 1 0 1 1 1 1 1 1 0 0 0 1 1 1 1 1 0 1 0 1 1 1 1 1 0 0 0 1 0 0 1 0 0 0 1 1 1 0 1 
0 1 1 0 1 1 0 0 1 1 1 0 1 1 0 0 1 0 0 1 1 1 1 0 0 1 0 1 1 1 1 1 1 1 0 1 1 1 0 1 1 1 1 1 1 1 1 1 1 1 
0 0 1 1 1 1 0 1 1 1 1 1 0 1 1 1 1 0 0 1 1 0 1 1 1 1 1 0 1 1 0 0 0 1 0 1 1 0 1 0 0 1 1 0 0 1 0 1 0 1 
1 0 0 1 1 1 1 1 1 0 1 1 1 1 1 1 1 0 1 1 0 1 1 1 1 0 1 0 1 1 1 1 1 1 0 0 1 0 1 0 0 0 1 1 1 1 0 1 1 0 
1 1 0 1 1 1 1 1 1 0 1 1 0 1 1 0 1 0 1 1 1 1 1 0 1 1 1 1 1 0 1 1 1 1 0 1 1 1 1 1 0 0 1 0 1 1 1 1 1 1 
1 1 1 0 1 1 1 1 1 1 1 1 1 1 1 0 1 1 1 0 1 0 1 1 0 1 1 0 1 1 0 1 1 1 1 0 1 0 1 1 1 1 0 1 1 1 1 1 1 0 
0 1 0 1 1 1 1 1 1 0 1 1 0 1 0 1 1 1 0 0 1 1 1 1 1 1 1 0 1 0 1 1 1 0 0 0 1 0 1 0 1 0 1 0 0 1 0 1 1 1 
0 1 1 1 1 1 1 1 1 1 0 1 0 1 1 1 1 0 1 1 1 1 0 1 0 1 1 1 1 1 1 1 0 1 1 0 1 0 1 0 1 1 1 0 0 0 0 0 0 1 
1 0 1 1 1 1 1 1 1 1 0 1 0 1 1 1 0 0 0 0 1 1 1 1 1 0 1 1 1 1 1 1 1 0 1 1 0 1 1 1 1 1 1 1 0 0 1 1 1 1 
1 1 1 1 0 1 0 1 0 1 1 0 1 1 1 0 1 1 1 0 1 0 1 1 1 1 1 1 0 1 1 0 1 0 1 0 1 1 1 0 0 1 1 0 0 1 0 1 1 1 
0 1 0 1 0 0 0 0 1 0 1 1 0 0 1 1 1 1 1 1 0 1 1 1 1 1 1 0 1 1 1 1 0 1 1 1 1 1 1 1 1 1 1 1 0 1 1 0 1 1 
1 1 1 1 1 1 0 1 0 1 1 0 1 0 1 1 0 1 0 0 1 1 1 1 1 1 1 1 1 0 0 1 1 0 1 0 1 0 1 0 1 1 1 1 0 1 1 1 0 1 
0 0 0 0 1 0 1 0 0 1 1 1 1 1 0 1 1 0 0 0 1 1 1 1 1 0 1 1 1 1 1 1 0 0 0 1 1 1 1 1 0 1 0 1 1 1 1 1 1 0 

0 4 11 0 0 0 0 0 0 0 0 4 0 0 0 0 0 0 0 0 2 0 0 0 0 0 0 0 0 0 0 0 1 0 0 0 4 0 0 0 0 0 0 0 11 0 0 0 0 0 
0 0 0 0 14 0 0 0 0 0 0 0 2 14 0 0 0 0 0 0 20 10 0 0 0 0 0 0 0 0 0 0 0 0 0 0 0 0 0 0 5 0 0 0 17 0 8 1 0 0 
0 0 0 0 0 0 0 0 0 6 0 0 0 0 0 0 0 0 0 0 0 0 13 0 0 0 6 0 0 4 0 0 0 0 0 0 0 0 0 0 0 0 0 17 0 0 0 0 0 0 
0 0 0 0 0 11 0 0 0 0 0 0 0 0 0 0 0 12 0 8 3 0 0 0 0 0 0 0 0 0 0 0 0 12 0 0 2 1 0 0 0 0 9 0 0 0 0 0 0 0 
0 0 0 0 0 0 0 0 13 0 0 0 15 0 9 12 0 0 0 0 0 0 0 0 7 0 0 11 2 0 19 0 11 0 4 0 0 0 0 0 0 0 0 0 0 0 14 0 0 0 
18 0 0 0 0 0 0 14 0 0 0 0 0 2 0 0 0 0 0 0 0 20 0 0 0 0 0 0 0 11 0 0 1 12 6 0 0 0 0 0 0 0 12 0 0 0 0 3 0 0 
0 0 0 13 0 0 0 0 0 0 0 0 0 0 19 0 0 0 11 0 0 0 4 0 0 0 0 0 6 0 0 1 0 9 0 0 0 0 0 0 0 0 0 0 0 6 0 0 0 0 
0 0 7 11 2 0 18 0 0 0 0 0 15 11 16 0 0 0 0 9 0 0 0 19 3 0 0 0 6 0 4 20 0 0 0 0 0 19 0 0 4 0 0 14 0 15 0 0 0 0 
0 0 17 6 0 0 0 0 0 0 0 0 0 20 0 18 0 0 6 0 0 0 0 3 0 0 0 2 0 9 16 0 0 16 5 0 0 0 0 0 0 0 17 4 0 0 0 19 0 0 
0 0 0 0 16 0 0 0 0 0 0 14 0 0 0 0 0 0 0 0 0 5 0 0 0 0 3 0 0 0 0 0 0 14 0 0 0 0 0 0 0 0 0 0 0 0 0 20 0 0 
0 0 5 0 0 0 0 0 0 1 0 0 0 0 0 0 0 0 10 1 0 0 0 0 0 9 9 0 0 0 0 0 0 0 0 0 0 0 8 0 0 0 0 0 0 7 0 1 17 0 
0 0 0 0 0 0 0 0 0 0 0 0 0 2 10 0 0 0 0 18 0 0 0 0 0 17 11 0 0 0 3 0 0 0 0 20 0 0 0 0 0 0 0 0 0 0 0 0 0 0 
0 0 0 19 0 6 6 7 16 0 0 0 0 0 0 9 0 4 16 0 0 0 0 0 0 14 10 0 0 0 0 8 0 0 0 0 0 0 0 4 0 0 0 0 15 0 0 0 0 0 
0 0 10 10 0 0 0 0 0 7 0 0 0 0 0 16 0 0 12 0 0 0 0 0 0 0 0 0 0 20 13 0 0 9 0 0 0 0 13 0 0 9 0 0 0 0 0 0 0 0 
0 0 0 0 0 0 0 0 0 8 10 0 0 0 0 0 0 0 0 0 0 0 0 0 0 0 0 0 10 0 0 0 17 1 0 0 0 9 5 0 0 0 0 0 2 0 0 0 0 0 
0 0 13 0 0 0 0 0 0 17 0 0 0 0 2 0 0 0 11 0 0 0 0 0 0 0 16 0 0 0 0 0 2 0 0 0 0 9 16 0 0 0 0 4 2 0 0 0 0 2 
12 0 7 0 0 0 0 0 0 0 2 0 13 0 0 0 0 0 0 2 0 0 0 0 0 0 1 8 2 0 0 0 0 0 0 0 12 0 4 14 0 0 0 0 0 17 0 0 0 19 
0 0 7 0 0 0 0 0 0 5 0 18 0 0 0 2 1 0 0 8 0 0 0 0 0 1 0 11 0 0 0 0 0 0 0 0 2 6 0 0 0 0 0 0 16 0 0 0 15 0 
0 0 0 11 0 0 0 9 0 0 0 0 0 0 10 9 0 0 0 0 0 0 18 0 0 5 0 0 14 0 0 0 0 7 0 0 0 0 0 0 0 0 0 0 0 0 0 2 0 0 
0 0 12 0 0 14 0 8 0 0 0 0 0 0 17 0 0 0 18 0 0 18 0 0 0 0 0 10 13 0 0 0 0 12 15 0 0 3 0 0 0 0 5 17 0 0 0 0 9 12 
0 18 0 8 0 0 0 0 0 0 7 0 7 0 0 0 0 0 4 0 0 0 0 0 0 0 0 0 0 0 0 0 15 0 0 0 0 0 0 13 0 0 0 0 0 0 0 0 8 0 
0 7 0 0 0 6 0 0 0 4 3 18 0 0 0 0 0 0 0 0 0 0 0 0 8 0 0 0 0 8 0 13 0 0 0 18 0 0 0 0 11 0 10 0 0 0 13 0 0 0 
0 0 0 0 0 2 0 0 0 0 4 16 0 0 20 17 2 0 0 0 0 13 0 0 0 0 15 0 0 0 4 0 0 0 0 2 8 0 0 0 17 0 0 20 0 0 7 0 0 0 
0 0 11 11 0 0 0 13 0 0 0 4 0 0 0 0 0 1 0 8 0 0 0 0 13 0 2 0 0 0 0 0 0 6 0 0 0 0 0 0 0 0 0 0 0 0 0 0 4 0 
0 0 0 0 0 0 12 0 0 0 0 15 0 0 0 0 0 0 0 0 0 0 0 0 0 0 16 0 0 0 0 0 0 0 0 3 0 9 0 0 0 2 0 0 0 0 17 0 10 0 
15 0 0 0 0 0 0 15 0 18 0 19 0 0 0 0 14 0 20 2 0 0 0 0 12 0 6 0 19 0 0 0 16 3 0 0 0 0 0 2 0 0 0 0 0 0 0 0 0 0 
0 0 0 0 0 0 19 0 0 0 0 0 0 4 0 0 0 0 0 1 0 0 0 0 0 0 0 0 0 0 0 0 0 0 0 0 0 0 0 0 4 16 2 11 0 0 0 0 4 0 
1 0 0 14 0 0 0 0 0 0 13 0 0 0 0 0 0 0 0 0 9 0 0 0 0 0 15 0 0 0 0 0 6 0 0 0 17 17 11 0 0 0 9 0 0 0 0 0 0 0 
0 1 0 0 0 0 2 0 2 0 0 0 0 0 0 1 0 0 0 0 0 0 0 0 0 0 15 0 0 5 10 0 0 0 0 0 0 0 10 0 6 0 0 12 18 1 0 0 0 3 
0 0 0 0 0 0 0 0 16 0 0 0 0 0 0 12 0 0 0 0 0 0 14 0 0 0 19 2 0 0 0 0 0 0 16 0 0 0 0 0 0 0 0 0 0 0 0 0 0 19 
0 1 0 0 0 0 0 0 0 0 0 0 0 0 0 0 3 0 0 8 0 0 0 0 0 13 0 0 0 0 0 0 0 0 0 0 0 18 0 0 19 0 0 0 0 0 0 0 3 0 
0 0 0 6 0 8 0 0 0 4 0 0 4 0 0 0 0 17 0 19 0 3 0 3 0 2 0 0 0 0 0 0 0 0 0 0 0 5 0 0 0 10 0 0 18 0 0 12 5 0 
0 0 0 6 0 13 19 16 0 3 0 0 0 4 0 0 16 0 19 0 0 16 0 4 0 0 0 10 0 0 20 0 0 0 6 16 0 0 0 3 15 0 0 0 0 0 0 0 0 0 
0 0 0 0 0 0 0 0 0 0 0 0 0 0 0 0 0 1 5 0 0 0 0 0 0 0 0 3 0 0 0 0 0 0 0 0 0 0 0 4 16 0 0 0 4 7 5 0 0 0 
0 0 0 0 0 14 0 0 0 0 0 2 0 9 0 0 1 0 0 16 0 6 0 0 0 0 0 0 0 0 0 0 0 0 0 0 0 1 0 0 0 0 15 0 0 0 0 8 11 0 
8 0 14 0 0 6 16 0 12 0 0 0 17 0 0 0 0 0 0 0 0 1 0 0 0 16 0 0 12 0 7 0 0 0 0 0 0 0 0 0 0 0 0 16 0 0 0 0 0 0 
0 0 0 0 13 0 0 0 0 0 0 0 0 0 7 5 0 11 0 0 0 0 0 0 0 2 0 0 5 0 0 0 0 19 0 0 0 0 0 0 0 7 0 0 1 0 6 0 0 0 
0 0 0 0 0 0 0 16 17 0 0 0 0 0 0 0 0 1 0 1 0 4 0 17 0 17 0 0 0 0 1 0 0 0 0 0 0 0 0 4 0 0 0 0 0 0 0 0 9 5 
5 0 0 0 9 0 0 15 0 0 0 0 0 9 0 0 0 0 0 0 0 2 0 0 0 0 0 0 17 0 0 0 0 0 0 0 0 0 0 6 0 0 0 0 0 0 0 0 0 0 
7 5 0 0 0 0 0 0 0 0 0 0 0 0 2 10 0 0 0 0 0 0 0 0 0 4 0 0 0 0 12 0 0 0 0 0 0 0 0 0 0 0 0 11 2 0 0 0 0 0 
0 12 0 0 0 0 0 0 11 0 0 0 8 15 0 0 0 0 0 0 0 11 0 0 14 0 2 0 0 20 0 0 0 0 0 0 0 0 0 9 0 0 0 0 0 0 0 0 10 0 
12 0 0 0 0 0 0 0 0 0 3 0 0 0 10 18 14 0 0 0 0 0 0 19 0 20 0 0 6 0 4 0 0 0 0 0 0 0 0 0 0 0 4 0 0 20 10 10 7 0 
0 5 4 0 0 0 0 0 0 0 6 2 0 0 0 0 0 0 9 20 0 0 0 0 0 0 0 0 0 10 20 0 0 0 9 0 0 4 0 0 0 17 0 0 3 0 0 0 0 0 
0 0 0 0 2 0 0 0 0 0 6 0 0 0 19 0 0 0 0 0 0 0 0 0 0 0 0 0 7 0 0 0 0 0 0 0 0 0 12 8 0 0 0 0 19 0 0 0 7 0 
8 0 5 0 4 0 0 0 0 0 6 4 0 6 0 0 0 0 0 0 14 0 0 0 10 0 0 0 0 0 4 0 7 0 0 0 0 14 0 0 0 0 10 0 0 0 0 0 0 0 
0 0 0 0 20 0 0 0 6 0 0 0 0 0 0 0 0 0 0 0 17 0 0 0 0 4 0 0 0 0 0 14 0 0 0 0 0 0 0 0 0 0 3 0 0 0 0 0 0 0 
0 0 0 0 20 16 0 0 0 0 0 10 0 0 0 0 0 0 0 0 0 0 0 0 0 0 0 17 0 0 1 20 8 0 0 0 0 0 0 14 0 0 0 0 0 0 0 0 0 0 
0 0 0 10 0 0 16 0 0 0 0 0 0 8 0 0 0 18 0 0 0 0 0 0 4 0 0 0 0 8 0 0 0 4 0 0 0 4 0 9 0 0 0 0 0 0 0 0 0 0 
0 0 0 14 0 0 0 0 0 0 0 0 0 6 0 0 0 0 0 0 0 0 0 0 0 0 0 1 18 0 0 0 0 12 0 0 0 0 0 0 0 0 14 0 0 0 0 0 0 0 
0 11 17 20 0 0 0 0 0 0 0 0 0 0 0 0 0 0 6 0 0 0 2 0 0 20 0 17 0 0 0 5 0 0 0 0 17 0 0 12 0 0 0 0 2 0 9 0 0 0 
