50

0 1 1 1 1 1 1 1 1 1 0 0 0 1 1 1 1 1 1 1 0 0 0 1 1 1 1 0 0 1 1 0 1 0 1 0 1 1 1 1 1 1 0 1 1 0 1 1 1 1 
1 0 1 0 0 1 1 1 1 1 1 1 1 1 1 1 0 1 0 0 1 1 0 0 1 0 1 1 1 0 1 1 1 1 0 1 0 1 0 0 1 1 0 1 1 0 0 1 1 1 
1 1 0 1 1 1 1 1 1 1 0 1 1 1 0 1 1 0 1 1 0 1 1 1 0 0 1 1 1 1 1 0 1 1 1 1 0 0 0 1 1 0 0 1 0 0 1 1 1 1 
1 0 1 0 0 1 1 0 0 0 1 1 1 1 1 1 1 1 0 1 0 1 1 1 0 1 1 0 1 1 1 1 1 1 1 1 0 1 0 1 0 1 1 0 1 1 1 1 1 0 
1 0 1 0 0 0 1 1 0 0 0 0 1 1 1 0 0 1 1 1 0 0 1 1 1 0 0 1 1 1 1 0 1 1 1 1 1 1 1 0 1 1 1 1 0 0 1 1 1 0 
1 1 1 1 0 0 1 1 1 0 1 0 0 1 1 1 1 1 1 0 1 1 0 1 0 0 0 1 1 0 1 1 1 0 1 1 1 1 1 1 1 1 1 0 1 1 0 0 1 0 
1 1 1 1 1 1 0 1 0 1 1 1 0 0 1 0 1 1 0 0 1 1 0 0 0 1 0 1 0 1 1 1 1 1 1 1 0 1 1 1 1 1 0 1 1 1 1 0 0 1 
1 1 1 0 1 1 1 0 0 0 0 1 1 1 1 1 0 1 1 0 1 1 0 0 0 0 1 0 1 1 0 1 1 1 1 1 1 1 1 0 0 1 0 1 1 1 1 0 1 1 
1 1 1 0 0 1 0 0 0 1 1 1 1 1 1 0 1 1 1 1 1 1 1 1 1 0 1 0 0 0 1 1 1 1 1 1 1 1 1 0 0 0 1 1 1 0 1 0 1 1 
1 1 1 0 0 0 1 0 1 0 0 1 1 1 1 0 1 0 1 1 1 1 1 1 1 1 1 1 1 1 1 1 1 0 1 1 1 0 0 0 1 0 1 1 1 0 0 1 0 1 
0 1 0 1 0 1 1 0 1 0 0 1 0 0 1 1 1 1 0 0 1 0 1 1 1 1 1 0 0 0 0 1 0 0 0 1 1 1 0 1 0 0 0 1 1 1 1 1 1 0 
0 1 1 1 0 0 1 1 1 1 1 0 1 1 1 1 1 1 1 1 1 1 0 0 1 1 1 1 1 1 0 0 0 1 0 1 1 1 1 1 1 0 1 1 1 1 0 0 1 1 
0 1 1 1 1 0 0 1 1 1 0 1 0 1 0 1 0 1 1 1 0 1 1 1 1 1 1 1 1 1 1 1 0 1 1 0 0 1 0 1 1 0 0 1 1 1 1 0 0 0 
1 1 1 1 1 1 0 1 1 1 0 1 1 0 1 1 0 1 1 1 1 0 1 0 0 1 1 1 0 1 0 0 1 0 1 0 1 1 0 1 1 1 1 1 1 1 1 0 0 1 
1 1 0 1 1 1 1 1 1 1 1 1 0 1 0 0 1 0 0 0 1 1 0 0 1 1 1 1 0 1 1 0 1 1 1 1 0 0 1 1 1 1 1 1 1 1 0 1 1 0 
1 1 1 1 0 1 0 1 0 0 1 1 1 1 0 0 1 0 1 1 1 1 1 0 0 1 1 0 1 0 1 0 1 0 0 1 0 0 1 0 1 1 1 1 1 1 1 1 1 1 
1 0 1 1 0 1 1 0 1 1 1 1 0 0 1 1 0 0 1 0 0 1 0 1 0 1 1 1 1 0 0 1 1 1 0 0 1 0 0 1 1 0 1 0 1 0 1 0 1 1 
1 1 0 1 1 1 1 1 1 0 1 1 1 1 0 0 0 0 0 1 0 1 1 1 1 1 0 0 1 1 1 1 1 1 1 0 1 1 1 1 1 0 1 1 1 0 1 1 0 1 
1 0 1 0 1 1 0 1 1 1 0 1 1 1 0 1 1 0 0 0 1 1 0 0 1 0 1 1 1 0 1 1 1 0 0 1 1 0 1 1 0 1 1 1 1 1 0 1 0 1 
1 0 1 1 1 0 0 0 1 1 0 1 1 1 0 1 0 1 0 0 1 1 1 1 0 1 1 1 1 1 1 1 1 1 1 1 1 1 1 1 1 1 1 1 0 1 1 1 1 0 
0 1 0 0 0 1 1 1 1 1 1 1 0 1 1 1 0 0 1 1 0 0 1 1 1 1 0 1 0 0 1 1 0 1 0 1 1 1 0 0 1 0 1 1 0 1 0 1 1 1 
0 1 1 1 0 1 1 1 1 1 0 1 1 0 1 1 1 1 1 1 0 0 1 1 0 0 1 1 1 0 0 1 1 1 1 0 1 1 1 0 1 1 1 1 1 1 1 0 1 1 
0 0 1 1 1 0 0 0 1 1 1 0 1 1 0 1 0 1 0 1 1 1 0 1 0 0 1 1 1 1 0 0 0 0 1 1 1 0 1 0 0 1 1 1 1 1 1 1 1 1 
1 0 1 1 1 1 0 0 1 1 1 0 1 0 0 0 1 1 0 1 1 1 1 0 1 0 0 1 0 1 1 0 1 0 1 0 0 0 1 1 1 0 1 0 1 0 0 0 1 1 
1 1 0 0 1 0 0 0 1 1 1 1 1 0 1 0 0 1 1 0 1 0 0 1 0 1 0 1 1 1 1 0 1 1 1 0 1 0 1 1 1 1 1 1 1 1 1 0 1 0 
1 0 0 1 0 0 1 0 0 1 1 1 1 1 1 1 1 1 0 1 1 0 0 0 1 0 1 1 1 1 0 1 1 1 0 1 1 1 1 1 1 1 1 0 0 1 0 1 1 1 
1 1 1 1 0 0 0 1 1 1 1 1 1 1 1 1 1 0 1 1 0 1 1 0 0 1 0 0 1 1 1 1 1 0 0 1 1 0 1 0 1 1 1 0 1 1 1 0 1 1 
0 1 1 0 1 1 1 0 0 1 0 1 1 1 1 0 1 0 1 1 1 1 1 1 1 1 0 0 1 1 1 1 1 1 1 0 1 0 1 0 1 1 0 1 1 0 1 1 1 1 
0 1 1 1 1 1 0 1 0 1 0 1 1 0 0 1 1 1 1 1 0 1 1 0 1 1 1 1 0 1 1 1 0 0 1 1 1 1 0 1 0 0 1 1 1 0 1 1 1 1 
1 0 1 1 1 0 1 1 0 1 0 1 1 1 1 0 0 1 0 1 0 0 1 1 1 1 1 1 1 0 0 0 1 0 0 0 1 1 1 1 1 0 1 0 1 0 0 0 1 1 
1 1 1 1 1 1 1 0 1 1 0 0 1 0 1 1 0 1 1 1 1 0 0 1 1 0 1 1 1 0 0 1 1 0 1 1 0 0 1 1 1 1 0 0 0 1 1 1 1 1 
0 1 0 1 0 1 1 1 1 1 1 0 1 0 0 0 1 1 1 1 1 1 0 0 0 1 1 1 1 0 1 0 1 1 1 1 1 0 1 0 1 0 1 1 1 0 1 1 0 0 
1 1 1 1 1 1 1 1 1 1 0 0 0 1 1 1 1 1 1 1 0 1 0 1 1 1 1 1 0 1 1 1 0 0 1 1 1 1 1 1 0 0 0 0 1 1 0 0 0 1 
0 1 1 1 1 0 1 1 1 0 0 1 1 0 1 0 1 1 0 1 1 1 0 0 1 1 0 1 0 0 0 1 0 0 1 0 0 0 1 0 0 1 1 0 1 1 1 0 0 1 
1 0 1 1 1 1 1 1 1 1 0 0 1 1 1 0 0 1 0 1 0 1 1 1 1 0 0 1 1 0 1 1 1 1 0 1 0 0 0 1 1 1 1 0 0 0 0 1 1 1 
0 1 1 1 1 1 1 1 1 1 1 1 0 0 1 1 0 0 1 1 1 0 1 0 0 1 1 0 1 0 1 1 1 0 1 0 1 0 1 0 0 0 1 1 1 0 1 1 1 1 
1 0 0 0 1 1 0 1 1 1 1 1 0 1 0 0 1 1 1 1 1 1 1 0 1 1 1 1 1 1 0 1 1 0 0 1 0 0 1 1 1 0 1 1 1 0 1 0 1 1 
1 1 0 1 1 1 1 1 1 0 1 1 1 1 0 0 0 1 0 1 1 1 0 0 0 1 0 0 1 1 0 0 1 0 0 0 0 0 1 1 1 0 1 1 1 0 0 0 1 1 
1 0 0 0 1 1 1 1 1 0 0 1 0 0 1 1 0 1 1 1 0 1 1 1 1 1 1 1 0 1 1 1 1 1 0 1 1 1 0 0 0 1 1 1 1 0 0 1 1 1 
1 0 1 1 0 1 1 0 0 0 1 1 1 1 1 0 1 1 1 1 0 0 0 1 1 1 0 0 1 1 1 0 1 0 1 0 1 1 0 0 1 1 0 1 1 1 1 1 0 0 
1 1 1 0 1 1 1 0 0 1 0 1 1 1 1 1 1 1 0 1 1 1 0 1 1 1 1 1 0 1 1 1 0 0 1 0 1 1 0 1 0 0 1 1 1 1 1 1 1 1 
1 1 0 1 1 1 1 1 0 0 0 0 0 1 1 1 0 0 1 1 0 1 1 0 1 1 1 1 0 0 1 0 0 1 1 0 0 0 1 1 0 0 0 0 0 1 1 0 1 1 
0 0 0 1 1 1 0 0 1 1 0 1 0 1 1 1 1 1 1 1 1 1 1 1 1 1 1 0 1 1 0 1 0 1 1 1 1 1 1 0 1 0 0 1 0 1 1 1 1 1 
1 1 1 0 1 0 1 1 1 1 1 1 1 1 1 1 0 1 1 1 1 1 1 0 1 0 0 1 1 0 0 1 0 0 0 1 1 1 1 1 1 0 1 0 1 1 1 1 1 1 
1 1 0 1 0 1 1 1 1 1 1 1 1 1 1 1 1 1 1 0 0 1 1 1 1 0 1 1 1 1 0 1 1 1 0 1 1 1 1 1 1 0 0 1 0 0 0 1 0 1 
0 0 0 1 0 1 1 1 0 0 1 1 1 1 1 1 0 0 1 1 1 1 1 0 1 1 1 0 0 0 1 0 1 1 0 0 0 0 0 1 1 1 1 1 0 0 1 1 0 0 
1 0 1 1 1 0 1 1 1 0 1 0 1 1 0 1 1 1 0 1 0 1 1 0 1 0 1 1 1 0 1 1 0 1 0 1 1 0 0 1 1 1 1 1 0 1 0 1 0 0 
1 1 1 1 1 0 0 0 0 1 1 0 0 0 1 1 0 1 1 1 1 0 1 0 0 1 0 1 1 0 1 1 0 0 1 1 0 0 1 1 1 0 1 1 1 1 1 0 0 0 
1 1 1 1 1 1 0 1 1 0 1 1 0 0 1 1 1 0 0 1 1 1 1 1 1 1 1 1 1 1 1 0 0 0 1 1 1 1 1 0 1 1 1 1 0 0 0 0 0 0 
1 1 1 0 0 0 1 1 1 1 0 1 0 1 0 1 1 1 1 0 1 1 1 1 0 1 1 1 1 1 1 0 1 1 1 1 1 1 1 0 1 1 1 1 1 0 0 0 0 0 

0 0 0 0 0 0 0 0 0 0 0 0 0 0 0 0 16 0 5 0 0 0 0 0 0 0 0 18 0 13 0 0 0 0 0 0 0 0 0 0 0 0 0 20 0 0 14 13 0 0 
10 0 0 0 0 0 0 0 0 0 0 0 0 0 0 0 0 16 0 12 0 0 0 0 0 0 0 0 9 0 13 0 0 0 0 0 0 0 0 11 0 2 0 0 1 0 9 0 2 0 
0 15 0 0 0 0 0 2 3 0 0 0 0 0 0 0 0 0 0 8 0 0 0 0 0 0 2 11 5 0 0 0 0 0 0 19 12 1 0 9 17 7 0 0 0 0 0 0 3 0 
0 0 0 0 0 1 0 0 0 3 0 0 0 10 0 0 0 0 0 6 0 2 7 0 0 0 0 0 0 0 14 0 4 0 2 0 0 0 0 0 0 0 0 0 0 0 0 0 0 0 
0 0 0 8 0 19 0 0 6 0 0 0 0 0 0 0 0 0 0 0 0 0 0 0 5 0 0 0 0 0 0 0 1 0 0 0 0 0 0 0 0 0 0 0 0 8 0 0 14 0 
17 0 0 5 0 0 3 0 0 0 0 0 0 0 0 0 10 16 19 0 0 0 0 0 0 0 0 0 0 0 0 0 18 0 0 0 0 0 0 0 16 0 10 0 7 16 0 0 0 0 
0 0 12 7 0 0 0 0 0 0 15 0 0 14 8 0 0 0 9 0 5 9 0 0 13 11 0 0 3 0 0 0 0 0 4 0 0 0 0 0 0 0 0 0 0 0 14 0 0 0 
1 12 0 0 0 1 15 0 0 0 12 19 0 3 0 0 0 0 0 11 0 0 0 0 0 3 3 0 0 2 17 0 18 0 0 5 0 0 0 0 0 18 0 0 6 16 0 0 15 3 
0 19 0 0 0 0 0 0 0 0 0 0 0 0 0 0 0 0 0 0 13 0 0 0 0 14 0 0 0 0 0 0 0 0 0 3 0 0 0 0 0 15 0 0 0 0 16 0 0 2 
0 0 0 0 9 0 0 0 4 0 0 0 0 0 0 0 0 0 0 2 0 0 0 0 0 0 0 0 0 0 9 0 0 0 13 0 0 0 0 4 0 9 0 16 0 0 0 0 0 0 
0 18 0 0 0 0 0 0 0 0 0 2 0 0 5 0 0 0 0 0 0 0 0 0 0 0 0 18 0 0 16 0 0 12 0 0 0 0 0 10 0 0 0 14 0 3 3 0 0 3 
0 0 0 0 15 5 0 0 0 0 0 0 0 16 0 16 0 0 0 16 0 15 0 0 0 1 0 5 0 0 6 0 0 0 0 0 0 0 0 0 0 0 4 0 0 0 1 0 0 0 
0 0 0 0 11 0 0 0 0 9 9 0 0 0 0 0 0 0 0 0 0 2 0 0 6 0 10 0 0 0 0 0 0 0 0 0 0 0 0 0 15 0 0 10 0 0 0 0 2 0 
0 0 0 0 0 0 13 0 0 0 0 0 0 0 0 0 0 16 0 0 0 0 0 0 0 0 0 0 0 0 0 0 0 0 13 12 16 16 0 0 4 0 0 5 0 0 0 17 8 0 
0 0 0 0 15 7 0 6 12 0 0 0 0 0 0 16 5 17 0 0 0 0 0 0 0 7 0 0 0 0 0 0 0 0 3 0 0 0 0 0 0 0 0 0 0 0 0 0 0 17 
0 0 0 0 0 0 14 0 7 0 0 1 0 0 0 0 0 0 0 0 0 0 0 0 0 0 10 0 0 0 0 0 18 0 0 15 0 0 0 0 0 0 0 0 0 0 0 0 0 12 
0 0 0 0 16 0 0 0 0 0 0 0 6 0 0 0 0 4 18 0 0 0 0 10 0 0 0 0 11 0 0 0 0 0 4 19 0 16 0 0 0 0 18 11 0 16 6 3 16 0 
0 0 0 0 0 0 0 0 0 0 12 0 0 0 4 0 1 0 0 0 0 0 0 0 18 0 13 0 0 0 0 0 4 0 0 0 0 0 0 0 14 0 0 5 0 0 0 11 11 0 
0 0 0 4 0 0 0 0 0 0 0 0 0 0 0 0 0 5 0 0 0 11 0 19 0 0 2 0 0 0 0 0 0 0 0 17 12 0 0 0 0 0 0 0 0 0 0 9 0 0 
0 0 9 0 15 9 0 0 0 0 0 15 0 0 0 0 0 3 16 0 0 0 0 2 0 0 0 5 13 0 0 0 0 0 0 0 0 0 0 0 6 0 0 0 16 0 0 0 0 0 
0 0 0 0 18 0 0 0 0 0 0 0 0 7 0 0 0 0 0 0 0 0 0 0 0 0 0 11 18 3 0 0 0 0 14 0 8 0 0 0 0 0 0 0 0 0 5 0 0 5 
0 0 0 0 0 0 0 0 0 0 0 13 0 13 0 0 0 0 0 0 1 0 0 0 0 0 0 0 0 0 5 0 14 4 0 0 0 0 0 0 0 0 0 0 0 5 5 0 0 0 
0 0 0 0 5 0 0 0 0 0 0 0 18 0 0 0 0 0 0 0 0 5 0 0 0 8 0 0 0 0 6 0 16 0 0 7 0 1 0 0 0 0 0 0 0 0 0 0 0 0 
0 0 0 0 0 0 9 0 0 0 0 0 0 0 0 0 0 0 0 0 0 0 0 0 0 0 0 0 2 0 0 0 0 0 0 0 0 0 16 0 0 0 0 0 0 0 0 0 0 0 
0 0 0 0 18 0 0 0 0 0 0 0 0 0 0 0 12 0 0 0 11 0 0 0 0 0 18 0 14 0 0 0 0 0 0 0 0 0 0 6 0 0 14 0 0 0 0 0 0 0 
0 0 0 0 0 0 0 0 9 0 0 0 0 0 0 0 0 1 0 8 0 0 0 0 0 0 0 0 8 11 0 0 11 0 0 0 0 0 0 0 0 0 0 0 0 0 0 0 18 0 
0 10 0 0 0 0 0 17 0 16 0 16 0 0 0 0 0 7 0 0 0 0 18 0 0 0 0 0 8 0 0 0 0 0 18 0 0 0 0 0 19 0 0 0 0 0 0 0 0 0 
0 0 0 17 0 1 0 0 6 0 13 0 8 0 0 0 14 0 16 0 0 3 0 11 0 0 0 0 0 0 6 0 15 0 0 0 0 0 0 0 0 0 0 4 9 0 0 13 0 0 
0 0 0 0 9 1 0 0 0 1 0 0 8 0 0 0 0 3 0 0 0 0 0 16 3 13 0 0 0 0 0 0 0 0 1 0 0 0 0 0 0 3 0 0 13 0 0 6 0 19 
0 0 0 0 0 0 0 0 1 17 0 0 0 0 0 1 0 0 2 0 0 0 0 0 12 0 0 0 0 0 5 0 18 0 0 0 0 0 0 2 0 0 10 0 0 0 1 0 13 0 
0 0 0 0 0 0 0 0 17 0 0 0 0 16 0 0 0 0 0 14 0 0 8 0 0 0 0 0 17 0 0 10 0 0 0 0 0 0 2 0 0 0 5 0 0 0 0 0 0 0 
12 0 1 19 0 0 3 0 0 12 1 0 0 0 5 0 0 0 0 18 0 0 0 0 0 0 0 0 0 0 0 0 0 4 0 3 0 0 0 9 0 1 20 0 17 0 0 0 0 0 
18 0 0 10 7 0 0 0 0 0 8 0 0 0 0 0 0 0 0 0 0 0 0 0 0 0 0 12 7 8 0 0 0 0 0 0 18 0 8 0 0 0 5 0 4 0 3 0 0 0 
0 0 12 0 0 0 0 0 0 16 0 0 0 0 0 0 0 0 0 0 0 6 4 12 0 1 0 0 0 0 0 0 0 0 0 0 0 0 0 0 0 0 0 0 0 0 0 0 0 0 
0 0 0 0 4 0 0 0 0 5 0 0 0 2 0 0 5 0 0 0 0 0 0 0 18 0 0 0 0 0 0 0 0 0 0 17 5 4 0 0 0 0 0 0 2 0 0 3 0 14 
1 0 0 0 15 0 0 0 4 0 0 0 0 0 2 0 0 15 1 0 0 0 0 0 0 7 0 0 0 0 0 0 0 11 0 0 0 0 2 0 0 0 0 0 0 0 0 1 0 0 
0 0 0 0 0 12 0 0 7 0 0 0 0 0 0 0 0 10 0 0 0 0 15 4 0 0 0 0 0 0 0 0 0 0 0 0 0 0 3 0 0 0 0 0 0 0 0 0 0 0 
0 0 0 18 0 0 0 11 0 0 0 0 0 0 0 0 0 15 8 4 0 12 0 0 0 0 0 14 10 0 0 0 6 1 0 0 1 0 0 0 0 0 0 13 0 0 0 0 0 0 
0 0 0 0 0 0 3 8 11 0 0 0 0 0 0 0 0 18 0 0 0 0 0 0 1 0 0 0 0 0 0 8 0 13 2 17 0 0 0 0 0 0 0 0 0 5 1 1 0 0 
0 0 0 0 0 0 0 0 14 0 5 0 0 0 0 0 16 0 0 0 0 0 4 0 0 0 15 0 0 0 16 0 19 0 0 0 0 13 16 0 0 0 0 0 0 13 0 0 0 0 
15 0 0 0 0 18 0 0 3 0 0 6 2 0 0 0 0 6 8 0 0 0 0 0 15 0 0 0 0 0 0 4 0 0 3 0 0 6 0 3 0 6 0 14 16 5 11 0 9 5 
7 0 0 0 0 0 5 17 0 13 0 15 12 0 0 4 0 0 0 0 0 0 0 0 0 0 0 0 0 0 0 0 0 0 0 18 0 0 0 0 0 0 4 16 0 3 0 0 0 0 
3 0 12 0 0 0 0 0 0 0 9 0 0 0 18 0 3 0 0 0 0 0 0 0 0 12 5 0 16 16 0 4 0 0 3 10 0 0 0 0 0 0 0 0 8 0 0 11 15 0 
16 0 0 0 13 0 0 3 0 0 0 0 0 0 0 6 11 0 0 15 0 13 0 0 0 0 0 11 0 0 9 0 0 0 0 0 0 0 0 0 0 0 1 0 0 0 0 0 0 0 
0 0 0 0 0 0 0 0 0 10 0 0 0 0 14 0 0 10 0 0 0 0 0 10 0 0 0 10 0 5 16 18 0 0 0 12 12 0 11 1 0 0 12 9 0 11 0 0 19 0 
0 18 9 0 5 0 0 0 0 0 0 1 0 0 0 0 0 0 0 0 0 0 0 0 0 6 0 0 0 0 2 0 0 0 0 0 0 0 0 0 0 0 0 0 0 0 0 0 0 0 
0 0 0 0 0 0 0 0 0 0 0 0 0 0 0 0 0 0 0 0 14 0 0 4 0 13 0 0 0 0 0 0 3 0 0 0 0 0 0 0 0 9 0 0 0 16 0 0 0 0 
0 0 0 0 0 0 2 0 0 0 0 0 0 17 0 0 0 0 0 0 0 12 0 0 0 0 0 0 1 0 0 15 0 0 15 0 13 14 0 14 0 0 0 0 0 4 0 0 0 14 
2 4 0 17 0 0 10 0 16 0 0 0 0 0 0 0 7 0 0 0 0 0 0 0 0 0 0 0 17 8 0 0 0 0 18 0 18 0 9 10 0 0 0 4 4 0 6 0 0 0 
0 4 0 2 0 2 0 8 17 0 0 16 0 0 0 0 0 0 0 0 0 0 0 0 0 3 1 0 14 0 0 0 0 0 0 0 0 0 0 0 0 0 0 0 0 0 0 0 0 0 
