50

0 1 0 1 1 1 0 0 1 1 1 1 0 1 0 1 0 0 1 1 1 1 0 1 0 1 1 1 0 1 0 1 1 1 0 0 1 1 0 1 1 1 1 1 1 1 0 1 0 1 
1 0 1 1 0 0 1 0 1 0 1 1 1 1 1 0 1 1 1 1 0 0 0 1 0 1 1 1 1 1 1 1 1 1 1 1 1 1 1 1 0 1 1 1 1 0 1 0 1 1 
0 1 0 1 0 1 1 0 1 1 1 1 0 0 0 0 0 1 1 1 1 1 0 1 0 0 1 1 0 0 1 0 1 1 1 0 1 1 1 1 0 1 0 1 0 0 1 1 0 1 
1 1 1 0 1 1 0 1 0 1 1 1 0 1 1 0 0 0 0 1 1 0 1 1 1 0 1 0 1 1 1 1 1 0 1 1 1 0 0 1 1 0 0 1 1 1 0 1 1 1 
1 0 0 1 0 1 1 1 1 0 0 0 0 1 0 1 0 1 1 1 0 0 1 1 0 1 0 1 1 1 1 0 1 0 0 1 0 0 0 0 0 0 1 0 0 1 0 1 1 1 
1 0 1 1 1 0 1 0 1 0 1 1 0 0 1 1 1 1 1 1 1 1 1 1 1 0 1 1 1 0 0 1 1 1 1 0 0 1 1 1 1 0 0 1 1 0 1 1 1 0 
0 1 1 0 1 1 0 1 1 1 1 0 0 1 1 1 1 1 0 1 1 1 1 1 1 1 0 0 1 0 0 0 0 0 1 1 0 0 1 1 1 1 0 1 0 0 1 1 1 1 
0 0 0 1 1 0 1 0 1 1 1 1 0 0 1 1 0 0 0 0 1 0 0 0 1 1 0 1 1 0 0 1 1 1 1 0 1 1 0 1 1 0 0 1 1 0 0 1 1 1 
1 1 1 0 1 1 1 1 0 0 1 1 1 1 1 1 1 0 1 1 1 1 0 0 1 1 0 0 0 0 0 0 1 1 0 1 1 0 1 0 0 0 1 1 0 1 1 0 0 0 
1 0 1 1 0 0 1 1 0 0 1 1 0 1 1 1 0 1 0 0 0 1 1 1 1 1 0 0 0 1 1 1 1 1 1 0 0 1 1 0 0 1 1 1 1 0 1 0 1 1 
1 1 1 1 0 1 1 1 1 1 0 1 1 1 1 1 1 0 0 1 0 0 0 1 1 1 1 0 1 1 0 1 1 0 1 0 1 0 1 1 0 1 1 1 1 0 1 1 0 1 
1 1 1 1 0 1 0 1 1 1 1 0 1 0 0 0 1 1 1 1 1 1 0 0 0 0 0 1 0 1 1 0 0 0 1 0 1 1 1 1 1 0 1 0 0 1 1 1 0 0 
0 1 0 0 0 0 0 0 1 0 1 1 0 1 0 1 0 0 0 1 1 0 1 1 1 0 0 1 0 1 0 1 0 1 1 1 0 0 1 1 0 1 1 0 0 1 0 1 1 1 
1 1 0 1 1 0 1 0 1 1 1 0 1 0 1 1 0 1 0 0 1 1 1 0 1 1 1 1 1 1 1 1 1 1 0 1 0 0 1 1 1 0 1 1 1 1 0 1 1 0 
0 1 0 1 0 1 1 1 1 1 1 0 0 1 0 1 1 0 1 1 0 1 1 0 0 1 0 1 1 0 0 1 1 1 1 1 0 1 0 0 1 1 1 0 0 0 1 1 0 1 
1 0 0 0 1 1 1 1 1 1 1 0 1 1 1 0 0 1 0 0 1 1 1 0 0 1 0 0 0 0 0 0 1 0 0 0 1 1 0 1 0 1 1 1 1 0 0 0 1 0 
0 1 0 0 0 1 1 0 1 0 1 1 0 0 1 0 0 1 1 1 1 0 1 0 1 0 0 1 1 0 1 1 0 0 0 1 1 0 1 0 1 0 1 0 1 1 0 0 1 1 
0 1 1 0 1 1 1 0 0 1 0 1 0 1 0 1 1 0 0 1 0 0 1 0 0 1 0 0 1 1 1 1 1 0 0 1 1 0 0 1 1 1 0 0 0 0 1 1 1 1 
1 1 1 0 1 1 0 0 1 0 0 1 0 0 1 0 1 0 0 0 1 1 0 0 1 1 1 1 1 1 1 1 1 1 0 1 0 1 1 0 0 0 1 0 0 1 1 1 0 1 
1 1 1 1 1 1 1 0 1 0 1 1 1 0 1 0 1 1 0 0 1 0 0 1 1 1 1 1 0 1 1 0 0 1 1 0 0 1 1 1 0 1 1 1 0 1 0 0 1 1 
1 0 1 1 0 1 1 1 1 0 0 1 1 1 0 1 1 0 1 1 0 0 1 1 1 1 1 1 1 0 1 0 1 1 1 0 0 1 0 1 1 1 1 1 0 1 0 1 1 1 
1 0 1 0 0 1 1 0 1 1 0 1 0 1 1 1 0 0 1 0 0 0 0 1 1 1 0 1 0 1 1 1 1 0 1 1 0 0 0 1 1 0 1 0 1 1 0 0 1 0 
0 0 0 1 1 1 1 0 0 1 0 0 1 1 1 1 1 1 0 0 1 0 0 0 1 1 0 1 1 0 1 1 1 0 1 0 1 1 1 0 0 1 1 1 0 1 1 1 1 1 
1 1 1 1 1 1 1 0 0 1 1 0 1 0 0 0 0 0 0 1 1 1 0 0 0 1 1 1 1 0 1 1 0 0 1 0 0 1 1 1 0 1 0 0 1 1 0 1 1 1 
0 0 0 1 0 1 1 1 1 1 1 0 1 1 0 0 1 0 1 1 1 1 1 0 0 1 1 0 1 0 0 1 0 1 1 1 1 1 1 1 1 1 1 1 1 1 1 0 0 0 
1 1 0 0 1 0 1 1 1 1 1 0 0 1 1 1 0 1 1 1 1 1 1 1 1 0 1 0 1 1 0 0 0 0 1 0 1 1 0 1 1 1 1 0 1 1 1 1 1 1 
1 1 1 1 0 1 0 0 0 0 1 0 0 1 0 0 0 0 1 1 1 0 0 1 1 1 0 1 0 1 1 1 1 1 1 0 0 1 0 1 1 1 1 1 0 1 0 1 1 1 
1 1 1 0 1 1 0 1 0 0 0 1 1 1 1 0 1 0 1 1 1 1 1 1 0 0 1 0 1 0 1 0 1 0 0 0 0 1 0 1 0 0 0 1 0 1 1 0 0 1 
0 1 0 1 1 1 1 1 0 0 1 0 0 1 1 0 1 1 1 0 1 0 1 1 1 1 0 1 0 0 0 0 1 1 1 0 1 1 0 1 1 1 1 1 0 0 1 1 0 1 
1 1 0 1 1 0 0 0 0 1 1 1 1 1 0 0 0 1 1 1 0 1 0 0 0 1 1 0 0 0 0 1 0 0 0 1 1 1 1 0 1 1 1 1 1 1 1 0 0 1 
0 1 1 1 1 0 0 0 0 1 0 1 0 1 0 0 1 1 1 1 1 1 1 1 0 0 1 1 0 0 0 0 1 0 0 1 1 0 1 1 1 1 1 1 1 0 1 0 1 1 
1 1 0 1 0 1 0 1 0 1 1 0 1 1 1 0 1 1 1 0 0 1 1 1 1 0 1 0 0 1 0 0 0 0 1 0 0 1 1 1 1 0 0 1 0 0 0 0 0 1 
1 1 1 1 1 1 0 1 1 1 1 0 0 1 1 1 0 1 1 0 1 1 1 0 0 0 1 1 1 0 1 0 0 0 0 1 1 1 1 1 1 1 1 1 0 1 0 0 1 0 
1 1 1 0 0 1 0 1 1 1 0 0 1 1 1 0 0 0 1 1 1 0 0 0 1 0 1 0 1 0 0 0 0 0 1 1 0 0 1 1 0 0 1 1 1 1 1 0 1 1 
0 1 1 1 0 1 1 1 0 1 1 1 1 0 1 0 0 0 0 1 1 1 1 1 1 1 1 0 1 0 0 1 0 1 0 0 1 1 1 0 0 0 0 0 1 1 1 0 1 1 
0 1 0 1 1 0 1 0 1 0 0 0 1 1 1 0 1 1 1 0 0 1 0 0 1 0 0 0 0 1 1 0 1 1 0 0 0 1 1 1 1 1 1 1 1 0 0 0 0 1 
1 1 1 1 0 0 0 1 1 0 1 1 0 0 0 1 1 1 0 0 0 0 1 0 1 1 0 0 1 1 1 0 1 0 1 0 0 1 0 0 0 1 1 1 0 0 0 0 1 1 
1 1 1 0 0 1 0 1 0 1 0 1 0 0 1 1 0 0 1 1 1 0 1 1 1 1 1 1 1 1 0 1 1 0 1 1 1 0 1 1 0 1 1 1 1 1 0 1 0 1 
0 1 1 0 0 1 1 0 1 1 1 1 1 1 0 0 1 0 1 1 0 0 1 1 1 0 0 0 0 1 1 1 1 1 1 1 0 1 0 1 1 1 1 1 1 1 0 1 1 0 
1 1 1 1 0 1 1 1 0 0 1 1 1 1 0 1 0 1 0 1 1 1 0 1 1 1 1 1 1 0 1 1 1 1 0 1 0 1 1 0 0 0 1 0 1 1 1 0 1 0 
1 0 0 1 0 1 1 1 0 0 0 1 0 1 1 0 1 1 0 0 1 1 0 0 1 1 1 0 1 1 1 1 1 0 0 1 0 0 1 0 0 1 1 1 1 0 0 1 1 0 
1 1 1 0 0 0 1 0 0 1 1 0 1 0 1 1 0 1 0 1 1 0 1 1 1 1 1 0 1 1 1 0 1 0 0 1 1 1 1 0 1 0 1 1 0 0 0 0 1 1 
1 1 0 0 1 0 0 0 1 1 1 1 1 1 1 1 1 0 1 1 1 1 1 0 1 1 1 0 1 1 1 0 1 1 0 1 1 1 1 1 1 1 0 1 1 1 1 0 0 0 
1 1 1 1 0 1 1 1 1 1 1 0 0 1 0 1 0 0 0 1 1 0 1 0 1 0 1 1 1 1 1 1 1 1 0 1 1 1 1 0 1 1 1 0 0 1 1 1 1 0 
1 1 0 1 0 1 0 1 0 1 1 0 0 1 0 1 1 0 0 0 0 1 0 1 1 1 0 0 0 1 1 0 0 1 1 1 0 1 1 1 1 0 1 0 0 1 1 0 1 1 
1 0 0 1 1 0 0 0 1 0 0 1 1 1 0 0 1 0 1 1 1 1 1 1 1 1 1 1 0 1 0 0 1 1 1 0 0 1 1 1 0 0 1 1 1 0 1 1 1 1 
0 1 1 0 0 1 1 0 1 1 1 1 0 0 1 0 0 1 1 0 0 0 1 0 1 1 0 1 1 1 1 0 0 1 1 0 0 0 0 1 0 0 1 1 1 1 0 1 0 0 
1 0 1 1 1 1 1 1 0 0 1 1 1 1 1 0 0 1 1 0 1 0 1 1 0 1 1 0 1 0 0 0 0 0 0 0 0 1 1 0 1 0 0 1 0 1 1 0 0 1 
0 1 0 1 1 1 1 1 0 1 0 0 1 1 0 1 1 1 0 1 1 1 1 1 0 1 1 0 0 0 1 0 1 1 1 0 1 0 1 1 1 1 0 1 1 1 0 0 0 1 
1 1 1 1 1 0 1 1 0 1 1 0 1 0 1 0 1 1 1 1 1 0 1 1 0 1 1 1 1 1 1 1 0 1 1 1 1 1 0 0 0 1 0 0 1 1 0 1 1 0 

0 1 0 0 0 0 0 3 0 0 0 0 0 0 0 0 2 0 0 0 0 0 0 0 0 18 0 12 0 0 0 0 0 0 0 0 0 0 0 0 0 0 0 0 0 0 0 20 0 0 
0 0 0 6 0 0 18 0 0 0 0 0 0 0 0 0 0 0 1 0 0 0 0 0 18 0 0 0 0 0 0 8 0 0 0 0 0 0 19 13 0 0 0 0 0 0 0 0 0 0 
0 0 0 0 8 0 15 19 0 7 0 0 0 0 0 0 9 0 0 7 0 14 0 19 10 13 3 19 0 2 0 1 0 0 0 0 0 0 0 0 0 0 0 0 0 19 0 0 15 0 
0 0 0 0 0 0 0 0 17 0 0 0 0 0 0 0 0 0 0 1 0 0 3 0 0 0 0 15 18 0 0 0 1 0 0 0 4 0 6 0 0 0 0 0 0 0 0 0 0 0 
0 0 0 0 0 0 2 0 0 0 0 0 0 0 0 0 0 17 0 0 0 0 0 0 0 0 11 16 0 0 0 18 0 0 0 0 0 0 0 7 0 0 0 0 17 2 6 12 12 0 
0 0 4 0 6 0 0 0 0 0 0 0 6 2 20 0 0 0 0 0 0 0 0 0 0 0 0 2 15 10 0 0 0 0 0 0 7 0 0 0 0 19 0 0 4 0 0 0 0 0 
11 0 0 0 0 0 0 0 0 14 14 0 0 0 9 0 0 0 20 0 3 0 5 0 17 0 0 0 0 0 7 0 0 0 16 19 0 0 0 0 0 0 0 0 0 2 0 0 0 0 
0 3 0 0 0 17 0 0 0 0 0 3 0 0 0 0 0 0 0 0 0 18 0 0 0 18 0 0 0 0 0 0 0 0 0 0 0 0 0 0 18 0 0 0 0 0 7 0 11 0 
7 13 0 0 0 14 4 0 0 0 0 0 0 0 0 16 0 0 4 0 0 0 0 7 18 0 0 0 0 0 0 0 0 0 0 0 0 0 0 0 0 0 0 15 0 0 17 0 0 0 
0 0 8 1 7 0 0 0 3 0 0 0 0 0 19 0 10 0 0 0 0 0 17 16 14 0 0 4 0 0 0 0 11 0 0 7 1 0 1 0 0 2 0 19 0 0 0 0 0 0 
0 0 0 0 0 0 0 0 17 0 0 0 0 0 15 0 0 0 0 0 0 0 0 0 0 0 18 0 0 0 1 0 0 20 0 0 0 13 0 0 0 0 11 0 0 9 14 2 12 0 
0 0 0 0 0 0 0 0 0 0 0 0 0 0 0 7 0 0 0 0 0 0 18 0 0 0 0 6 0 14 0 0 0 0 3 0 0 0 0 9 0 0 0 0 0 0 0 0 0 0 
0 0 0 0 2 0 15 8 0 0 0 0 0 0 0 0 0 0 0 0 0 11 2 1 0 0 15 0 0 0 0 0 0 0 0 0 0 0 18 0 0 0 1 0 0 0 0 0 7 0 
0 0 0 0 0 0 0 0 0 0 13 0 0 0 0 0 0 0 7 0 0 0 0 0 0 0 0 0 1 0 11 0 0 0 5 12 0 0 0 0 9 0 0 0 0 0 0 20 0 5 
0 0 0 0 20 0 0 0 0 0 3 0 0 0 0 8 0 0 1 0 0 7 0 3 0 5 0 0 0 0 0 0 7 0 0 0 0 0 0 0 0 0 5 0 0 0 4 0 4 19 
0 12 0 0 0 0 0 0 0 0 14 0 0 0 0 0 12 0 11 0 0 0 0 0 0 0 6 0 0 0 0 0 0 0 0 0 0 4 0 0 0 0 17 10 0 17 0 0 0 0 
0 0 0 0 0 0 0 1 2 0 0 0 0 4 0 18 0 0 0 13 0 0 1 0 0 0 6 0 6 0 9 0 5 0 0 8 0 0 0 0 0 18 0 13 12 0 0 0 0 0 
0 0 0 0 0 0 15 0 1 0 0 0 0 0 0 0 5 0 0 0 0 0 0 0 0 0 0 0 3 0 0 5 0 0 0 0 0 0 0 0 16 0 0 0 0 14 0 1 16 18 
0 0 0 0 0 0 0 0 0 0 0 0 9 0 0 0 0 0 0 0 0 0 1 0 0 18 0 0 0 0 0 0 0 0 0 7 9 0 0 0 0 0 0 4 0 0 0 0 0 0 
8 0 0 0 8 0 0 0 0 0 1 0 0 0 0 0 0 0 0 0 0 0 0 0 0 0 0 0 8 0 0 0 0 0 0 0 0 0 0 0 0 0 2 3 0 0 16 0 0 14 
0 0 0 0 19 0 0 0 0 0 0 15 4 0 0 0 5 0 0 12 0 0 0 6 0 0 0 0 0 0 9 15 1 0 0 0 7 0 0 0 0 0 0 0 14 0 0 0 6 0 
0 0 1 0 0 0 0 0 0 0 0 0 14 0 0 0 14 0 0 9 13 0 0 0 0 0 0 0 0 0 13 0 11 11 0 0 5 0 0 0 0 0 0 20 0 8 0 0 0 0 
16 0 0 9 4 17 0 0 9 0 0 1 0 0 0 0 0 0 0 0 8 0 0 0 7 0 0 0 0 12 0 0 9 16 0 0 19 3 0 0 0 8 0 0 0 0 0 0 0 0 
0 19 0 0 19 0 0 0 0 0 0 0 0 0 0 0 0 0 0 0 0 0 0 0 20 0 0 0 0 16 0 0 0 0 2 0 0 0 0 0 0 15 0 0 0 0 0 0 0 0 
0 0 5 0 0 0 0 0 0 0 5 0 7 13 0 0 0 0 0 0 8 0 8 11 0 0 15 0 0 0 0 0 0 0 0 0 0 0 0 0 0 0 0 0 0 0 12 18 0 0 
11 19 14 0 0 19 3 0 12 0 0 0 0 11 3 0 0 17 0 0 1 13 0 0 0 0 0 0 0 0 0 0 0 0 0 0 0 10 17 0 0 0 16 0 0 0 0 0 0 0 
0 0 0 0 0 0 0 0 0 15 0 0 0 0 0 0 8 0 0 13 0 4 0 19 0 5 0 0 0 0 12 0 10 0 0 3 0 1 11 0 0 0 0 0 0 0 0 7 0 20 
0 8 0 0 0 0 1 0 16 0 0 0 0 0 0 0 0 0 0 0 16 0 0 0 0 0 0 0 0 0 0 0 0 0 8 0 0 0 0 0 6 0 0 0 0 0 0 0 0 0 
11 0 0 0 0 0 0 0 0 0 0 15 3 0 0 0 9 0 0 16 0 0 0 0 0 0 0 0 0 0 0 0 0 0 17 0 0 0 0 0 0 0 0 0 0 0 0 0 20 0 
0 0 0 0 20 9 0 0 0 0 0 14 0 0 0 0 19 0 0 0 0 0 0 17 0 0 0 0 0 0 0 0 15 0 0 0 0 0 0 5 0 0 2 0 1 0 0 0 0 0 
0 0 0 7 0 0 0 0 12 0 0 0 0 0 19 15 0 0 0 0 2 0 19 0 0 18 0 0 18 0 0 0 0 0 0 0 0 0 10 0 0 16 0 0 14 0 3 7 0 0 
0 0 0 5 0 0 0 0 0 0 0 0 15 0 0 0 0 0 12 0 0 8 0 0 10 0 0 0 0 0 0 0 0 0 0 0 16 0 5 0 11 0 8 7 0 0 0 0 0 0 
0 0 16 0 0 0 0 0 0 0 0 0 0 8 0 0 0 6 0 12 0 0 4 0 0 0 0 0 0 0 0 0 0 0 0 0 0 0 20 0 0 0 7 0 0 10 0 0 5 0 
0 0 0 18 0 0 0 0 18 0 0 3 0 0 0 0 0 0 10 0 18 0 18 10 0 17 0 0 0 0 0 0 0 0 0 0 0 0 10 0 0 0 0 9 0 0 0 0 0 0 
0 0 0 0 0 0 0 0 0 0 1 0 12 0 3 16 0 0 2 1 14 0 0 0 0 0 0 0 0 18 0 7 0 0 0 0 0 0 0 18 8 0 0 0 0 2 0 0 0 0 
0 4 0 9 15 1 0 3 0 0 0 0 15 0 17 0 1 0 0 0 0 0 0 0 0 0 0 0 4 0 0 2 0 19 0 0 0 0 0 0 0 0 0 0 0 0 6 0 0 0 
0 0 3 0 13 14 0 0 0 11 0 0 10 0 0 0 0 0 0 0 0 5 11 0 0 3 0 0 0 0 0 0 0 0 0 0 0 9 0 0 0 0 0 0 9 0 0 0 0 0 
0 0 0 0 0 0 0 0 0 14 0 0 0 0 3 0 0 7 0 0 0 0 18 15 0 0 0 6 0 0 0 0 0 0 0 0 0 0 0 0 0 0 0 16 0 0 0 0 0 0 
0 1 0 17 10 10 0 0 0 0 13 0 0 0 0 0 0 0 18 0 1 14 0 0 2 0 0 0 0 0 0 0 0 0 0 0 0 0 0 0 5 0 0 0 0 1 0 0 5 0 
0 0 0 0 0 0 0 11 0 0 0 0 0 0 0 0 15 0 0 0 0 0 0 0 0 0 0 19 0 10 0 0 0 0 0 0 0 6 0 0 0 2 0 0 0 20 0 0 2 0 
0 15 0 0 0 0 0 0 0 0 8 8 0 5 0 0 0 1 0 0 0 8 0 0 0 0 0 0 1 0 0 10 13 11 0 1 0 0 0 0 0 0 0 0 0 0 0 0 0 0 
15 12 0 14 0 0 0 0 0 0 0 18 0 0 0 4 8 0 0 0 0 0 0 0 12 0 0 0 0 9 0 0 0 0 0 17 15 0 0 0 0 0 0 0 0 8 0 0 0 0 
0 0 0 0 0 0 0 0 0 0 0 0 0 0 0 0 0 0 1 0 0 0 0 0 0 0 0 2 0 7 0 0 0 0 1 0 0 0 0 14 0 0 0 0 0 0 0 0 5 0 
0 0 0 0 0 0 0 0 0 0 0 0 0 11 0 0 0 0 0 0 0 7 0 0 0 0 0 0 10 0 0 0 0 0 1 0 0 13 0 0 0 0 0 0 0 8 0 0 11 0 
0 0 0 0 0 0 0 0 0 16 0 0 0 0 0 0 0 9 5 0 0 0 0 0 0 0 1 0 9 15 0 0 0 0 0 16 0 0 0 0 0 0 0 0 0 0 0 0 0 0 
0 0 13 0 0 0 0 13 0 0 0 0 0 0 20 0 0 4 0 0 2 11 0 0 0 0 0 0 1 0 0 14 0 0 0 0 10 0 0 9 0 0 0 2 0 0 0 0 0 0 
0 0 0 0 0 0 12 0 0 16 0 15 1 0 0 0 0 6 0 13 0 0 0 0 16 0 0 0 0 0 0 0 3 0 0 0 0 18 0 0 0 0 0 16 9 0 0 0 0 0 
0 0 0 0 0 0 0 3 0 0 0 0 0 0 0 0 0 0 0 0 0 0 0 0 11 0 0 8 0 0 0 1 0 0 0 0 0 0 0 0 0 0 0 0 1 10 7 0 0 0 
0 0 0 0 0 0 12 13 0 0 0 0 0 0 0 11 0 0 0 0 0 8 0 0 0 0 0 0 0 0 0 0 18 0 0 0 0 0 18 0 0 0 0 5 0 0 4 0 0 0 
0 0 0 0 0 8 6 0 0 3 0 0 0 0 0 0 0 0 0 0 0 16 0 17 0 0 0 0 0 0 0 7 14 0 0 9 0 10 0 0 0 4 0 0 0 0 0 0 4 0 
