50

0 0 0 0 1 1 0 1 0 1 1 0 1 0 0 0 1 0 1 0 0 1 0 0 0 0 0 1 0 1 0 0 1 1 0 0 0 1 0 0 0 0 0 0 1 0 0 0 0 0 
0 0 0 0 1 1 1 0 1 0 0 0 0 0 1 0 0 0 1 1 0 0 0 0 0 1 0 1 1 0 0 0 0 0 0 0 0 0 1 0 1 0 0 1 0 0 1 0 0 1 
0 0 0 1 0 0 0 1 1 1 1 0 0 1 1 0 0 0 0 0 0 1 0 0 0 0 0 1 1 0 0 1 0 0 0 0 1 0 0 1 0 1 1 1 0 0 0 1 0 1 
0 0 1 0 1 0 1 0 0 0 0 0 0 1 0 0 1 1 0 0 0 1 1 0 0 1 1 0 0 0 0 0 0 1 0 1 1 0 1 0 0 0 0 0 1 0 0 0 0 0 
1 1 0 1 0 0 0 1 0 0 1 0 0 0 0 0 0 0 0 0 1 0 1 1 1 1 1 1 0 0 0 0 1 1 0 0 0 0 1 0 0 1 0 0 1 0 0 1 0 1 
1 1 0 0 0 0 0 1 0 1 0 0 0 0 0 0 0 0 1 0 0 1 1 0 0 0 0 0 0 1 0 0 0 0 0 1 1 0 0 0 1 1 0 0 1 1 1 0 0 0 
0 1 0 1 0 0 0 0 0 0 0 0 0 0 1 1 0 0 1 1 0 0 0 0 0 0 0 0 1 0 1 0 1 1 1 0 0 1 1 0 1 0 0 0 0 1 1 1 1 0 
1 0 1 0 1 1 0 0 0 0 0 0 0 1 1 1 1 0 0 1 0 1 0 0 0 0 1 0 0 0 0 0 0 0 1 0 0 0 1 0 0 0 0 1 0 0 1 0 1 0 
0 1 1 0 0 0 0 0 0 1 1 0 0 0 0 0 1 0 0 0 0 0 0 0 0 0 1 0 0 0 1 0 1 0 1 0 0 0 0 1 0 0 0 0 1 1 1 1 0 0 
1 0 1 0 0 1 0 0 1 0 1 1 0 0 0 1 0 0 1 1 1 0 1 1 0 0 1 0 1 0 0 0 1 0 0 0 1 0 0 0 0 1 1 0 0 0 0 0 0 0 
1 0 1 0 1 0 0 0 1 1 0 1 0 0 0 1 0 1 0 0 0 0 0 0 1 0 0 1 0 1 1 0 0 0 0 1 0 0 0 0 1 0 0 1 0 0 0 0 0 0 
0 0 0 0 0 0 0 0 0 1 1 0 1 0 0 0 0 0 1 0 0 1 1 0 0 1 0 0 0 1 1 0 1 0 0 1 0 1 1 0 0 0 1 0 0 0 0 0 0 0 
1 0 0 0 0 0 0 0 0 0 0 1 0 0 0 1 0 0 0 0 0 0 0 0 0 1 0 0 0 0 0 0 1 0 0 1 1 0 1 1 0 1 0 0 1 0 0 0 1 1 
0 0 1 1 0 0 0 1 0 0 0 0 0 0 1 1 0 1 1 0 0 0 0 0 1 0 1 0 0 1 1 0 1 1 1 0 0 0 0 0 0 1 0 1 0 1 1 1 0 0 
0 1 1 0 0 0 1 1 0 0 0 0 0 1 0 0 0 0 0 1 0 0 1 0 0 0 1 0 1 0 1 1 0 0 1 1 0 0 0 1 0 0 0 1 1 0 0 0 0 0 
0 0 0 0 0 0 1 1 0 1 1 0 1 1 0 0 0 0 1 0 0 0 1 0 1 0 0 0 1 1 0 1 1 0 0 1 0 0 0 0 0 0 0 1 0 0 0 0 1 0 
1 0 0 1 0 0 0 1 1 0 0 0 0 0 0 0 0 0 1 1 1 1 1 1 0 0 0 0 0 0 1 0 0 1 1 1 0 1 0 0 0 0 0 0 0 0 0 0 0 1 
0 0 0 1 0 0 0 0 0 0 1 0 0 1 0 0 0 0 0 0 0 0 1 1 0 0 0 0 0 0 0 0 1 0 0 0 0 0 0 0 1 0 0 0 0 0 1 0 0 1 
1 1 0 0 0 1 1 0 0 1 0 1 0 1 0 1 1 0 0 1 1 1 1 0 0 0 1 0 1 0 1 0 0 0 1 0 0 0 0 1 0 1 0 0 0 1 0 0 0 0 
0 1 0 0 0 0 1 1 0 1 0 0 0 0 1 0 1 0 1 0 0 0 0 0 0 0 0 0 1 0 1 0 0 0 0 0 1 0 0 1 0 1 1 1 1 0 1 0 1 0 
0 0 0 0 1 0 0 0 0 1 0 0 0 0 0 0 1 0 1 0 0 0 0 0 1 0 0 0 0 1 1 0 0 0 1 0 1 0 1 0 1 0 1 0 0 0 0 0 0 1 
1 0 1 1 0 1 0 1 0 0 0 1 0 0 0 0 1 0 1 0 0 0 0 0 0 0 1 0 0 0 0 0 0 1 0 0 1 0 0 1 1 0 0 0 0 0 0 0 0 1 
0 0 0 1 1 1 0 0 0 1 0 1 0 0 1 1 1 1 1 0 0 0 0 0 1 0 0 0 0 0 0 0 0 0 0 0 0 0 0 0 0 0 0 0 0 0 0 0 0 0 
0 0 0 0 1 0 0 0 0 1 0 0 0 0 0 0 1 1 0 0 0 0 0 0 0 0 1 1 1 1 0 1 0 0 0 0 0 0 0 0 0 0 1 0 0 0 0 0 0 1 
0 0 0 0 1 0 0 0 0 0 1 0 0 1 0 1 0 0 0 0 1 0 1 0 0 0 1 0 1 0 0 1 1 0 1 0 0 0 0 0 1 0 1 0 0 1 0 1 0 1 
0 1 0 1 1 0 0 0 0 0 0 1 1 0 0 0 0 0 0 0 0 0 0 0 0 0 0 0 0 0 0 0 0 0 0 0 1 0 1 1 1 0 0 0 1 0 0 0 0 0 
0 0 0 1 1 0 0 1 1 1 0 0 0 1 1 0 0 0 1 0 0 1 0 1 1 0 0 0 1 1 0 0 0 1 0 1 1 0 0 0 0 0 0 0 0 1 0 0 0 1 
1 1 1 0 1 0 0 0 0 0 1 0 0 0 0 0 0 0 0 0 0 0 0 1 0 0 0 0 1 0 0 1 0 0 1 0 1 0 0 0 0 0 0 0 0 0 0 0 1 0 
0 1 1 0 0 0 1 0 0 1 0 0 0 0 1 1 0 0 1 1 0 0 0 1 1 0 1 1 0 0 0 0 1 0 0 1 0 1 0 1 0 0 1 1 1 0 0 0 0 0 
1 0 0 0 0 1 0 0 0 0 1 1 0 1 0 1 0 0 0 0 1 0 0 1 0 0 1 0 0 0 0 0 0 0 0 0 0 0 1 0 0 0 0 0 0 0 0 1 0 1 
0 0 0 0 0 0 1 0 1 0 1 1 0 1 1 0 1 0 1 1 1 0 0 0 0 0 0 0 0 0 0 0 0 0 0 0 0 0 0 0 0 0 0 1 0 0 0 0 0 0 
0 0 1 0 0 0 0 0 0 0 0 0 0 0 1 1 0 0 0 0 0 0 0 1 1 0 0 1 0 0 0 0 0 1 0 1 1 1 0 0 0 0 1 0 0 0 1 0 0 1 
1 0 0 0 1 0 1 0 1 1 0 1 1 1 0 1 0 1 0 0 0 0 0 0 1 0 0 0 1 0 0 0 0 1 1 1 1 1 1 1 0 0 0 0 0 1 0 0 0 0 
1 0 0 1 1 0 1 0 0 0 0 0 0 1 0 0 1 0 0 0 0 1 0 0 0 0 1 0 0 0 0 1 1 0 0 0 0 0 1 0 1 0 0 1 0 0 0 1 0 0 
0 0 0 0 0 0 1 1 1 0 0 0 0 1 1 0 1 0 1 0 1 0 0 0 1 0 0 1 0 0 0 0 1 0 0 1 0 1 0 0 1 0 0 1 0 1 0 0 1 1 
0 0 0 1 0 1 0 0 0 0 1 1 1 0 1 1 1 0 0 0 0 0 0 0 0 0 1 0 1 0 0 1 1 0 1 0 1 1 0 0 0 0 0 0 0 1 0 0 0 1 
0 0 1 1 0 1 0 0 0 1 0 0 1 0 0 0 0 0 0 1 1 1 0 0 0 1 1 1 0 0 0 1 1 0 0 1 0 0 0 0 0 0 0 0 0 0 0 0 1 0 
1 0 0 0 0 0 1 0 0 0 0 1 0 0 0 0 1 0 0 0 0 0 0 0 0 0 0 0 1 0 0 1 1 0 1 1 0 0 0 0 0 0 0 1 0 0 0 1 1 0 
0 1 0 1 1 0 1 1 0 0 0 1 1 0 0 0 0 0 0 0 1 0 0 0 0 1 0 0 0 1 0 0 1 1 0 0 0 0 0 1 0 0 0 1 0 0 1 0 0 1 
0 0 1 0 0 0 0 0 1 0 0 0 1 0 1 0 0 0 1 1 0 1 0 0 0 1 0 0 1 0 0 0 1 0 0 0 0 0 1 0 0 1 0 1 0 1 1 0 0 1 
0 1 0 0 0 1 1 0 0 0 1 0 0 0 0 0 0 1 0 0 1 1 0 0 1 1 0 0 0 0 0 0 0 1 1 0 0 0 0 0 0 0 0 0 0 0 0 1 0 0 
0 0 1 0 1 1 0 0 0 1 0 0 1 1 0 0 0 0 1 1 0 0 0 0 0 0 0 0 0 0 0 0 0 0 0 0 0 0 0 1 0 0 1 1 0 0 0 1 0 1 
0 0 1 0 0 0 0 0 0 1 0 1 0 0 0 0 0 0 0 1 1 0 0 1 1 0 0 0 1 0 0 1 0 0 0 0 0 0 0 0 0 1 0 1 0 0 0 1 0 1 
0 1 1 0 0 0 0 1 0 0 1 0 0 1 1 1 0 0 0 1 0 0 0 0 0 0 0 0 1 0 1 0 0 1 1 0 0 1 1 1 0 1 1 0 1 0 0 0 0 0 
1 0 0 1 1 1 0 0 1 0 0 0 1 0 1 0 0 0 0 1 0 0 0 0 0 1 0 0 1 0 0 0 0 0 0 0 0 0 0 0 0 0 0 1 0 0 0 0 0 0 
0 0 0 0 0 1 1 0 1 0 0 0 0 1 0 0 0 0 1 0 0 0 0 0 1 0 1 0 0 0 0 0 1 0 1 1 0 0 0 1 0 0 0 0 0 0 1 0 0 1 
0 1 0 0 0 1 1 1 1 0 0 0 0 1 0 0 0 1 0 1 0 0 0 0 0 0 0 0 0 0 0 1 0 0 0 0 0 0 1 1 0 0 0 0 0 1 0 1 1 0 
0 0 1 0 1 0 1 0 1 0 0 0 0 1 0 0 0 0 0 0 0 0 0 0 1 0 0 0 0 1 0 0 0 1 0 0 0 1 0 0 1 1 1 0 0 0 1 0 0 0 
0 0 0 0 0 0 1 1 0 0 0 0 1 0 0 1 0 0 0 1 0 0 0 0 0 0 0 1 0 0 0 0 0 0 1 0 1 1 0 0 0 0 0 0 0 0 1 0 0 0 
0 1 1 0 1 0 0 0 0 0 0 0 1 0 0 0 1 1 0 0 1 1 0 1 1 0 1 0 0 1 0 1 0 0 1 1 0 0 1 1 0 1 1 0 0 1 0 0 0 0 

0 0 0 1 6 12 0 0 9 0 0 1 0 8 0 9 0 5 0 0 0 0 9 13 11 0 0 2 0 11 16 0 0 0 9 9 0 0 0 5 0 12 0 8 0 0 0 12 5 0 
0 0 5 0 10 12 0 13 0 6 6 2 7 0 0 7 9 0 6 0 14 0 1 0 0 15 0 3 3 1 1 0 11 0 0 3 0 0 0 2 0 12 15 11 0 6 0 0 0 0 
0 0 0 9 1 9 9 8 5 4 0 12 0 0 8 0 0 0 0 0 0 1 2 5 0 6 0 4 0 0 14 8 1 8 6 0 0 0 0 0 0 0 1 4 15 7 14 0 10 9 
14 2 0 0 0 0 0 0 0 0 14 0 12 0 8 0 2 0 0 12 0 9 0 0 0 8 0 6 2 0 2 0 9 0 0 0 0 12 1 0 0 1 0 0 0 4 1 0 7 0 
15 0 1 0 0 0 0 0 0 0 0 0 13 0 0 0 0 0 2 0 10 13 12 0 0 8 0 0 14 0 0 0 0 0 0 0 0 0 0 0 1 14 1 0 0 0 7 5 5 0 
0 0 14 0 0 0 0 0 0 6 0 0 0 0 0 5 1 2 0 0 2 0 13 0 12 9 0 0 10 0 15 11 0 0 0 0 10 0 0 0 0 6 3 4 0 4 1 14 0 10 
0 0 0 10 0 0 0 5 7 6 0 0 0 11 0 7 0 0 0 0 0 0 13 0 8 0 0 14 0 0 0 0 0 6 4 0 0 0 0 0 15 0 0 0 0 0 0 4 16 0 
8 0 14 0 0 7 5 0 0 0 13 5 6 14 0 11 3 5 0 0 0 0 9 0 0 0 11 13 0 0 0 2 14 3 3 0 0 14 0 0 0 0 0 0 0 7 0 14 0 13 
7 5 0 0 0 9 0 0 0 0 0 6 0 0 0 0 0 0 2 0 3 0 11 0 0 1 0 7 1 3 2 3 13 0 0 0 0 0 0 0 10 0 12 0 9 10 0 0 4 6 
0 0 0 0 3 0 0 0 7 0 0 0 0 0 0 13 0 0 0 0 1 0 0 0 0 0 10 0 8 0 0 0 0 0 0 14 0 10 0 0 0 7 15 0 10 0 0 0 3 6 
0 9 0 0 0 0 2 0 2 0 0 0 9 4 0 0 6 0 3 0 0 10 0 0 0 6 10 4 2 2 0 2 0 0 0 0 0 0 0 0 0 0 0 10 0 0 14 11 12 0 
0 1 0 0 0 0 0 0 5 8 0 0 9 6 0 0 0 0 0 8 0 0 15 11 0 0 11 0 0 0 0 0 9 2 5 0 9 6 0 0 0 0 14 3 0 0 0 0 0 0 
3 0 0 0 0 8 4 0 0 12 4 0 0 0 1 0 0 0 0 0 1 7 0 1 0 0 0 0 9 9 0 0 5 1 3 0 4 8 12 0 0 0 2 0 7 9 0 0 7 8 
0 12 4 0 0 0 14 0 0 0 0 0 8 0 8 0 0 0 1 0 2 13 0 0 5 0 0 0 0 12 6 11 0 0 11 14 0 3 2 0 13 10 0 0 0 0 0 0 0 0 
0 0 0 0 0 0 0 0 14 0 0 10 14 0 0 0 0 0 0 0 0 0 11 0 8 0 10 0 0 0 0 9 12 0 0 2 2 2 0 0 0 0 15 0 0 8 8 14 4 15 
0 0 0 3 0 14 5 8 0 0 5 0 9 0 10 0 3 0 0 0 0 0 14 6 13 0 0 6 0 0 14 0 0 3 0 0 12 0 0 0 0 0 1 4 12 0 0 0 0 3 
0 0 2 10 10 0 8 14 2 0 8 0 0 4 0 5 0 5 0 0 0 0 15 0 0 10 0 0 11 13 0 12 4 0 0 0 11 0 0 0 0 0 12 3 0 0 0 14 0 0 
0 0 0 0 16 0 0 5 3 5 0 0 11 0 0 1 15 0 0 0 0 4 7 0 0 13 16 5 0 14 2 0 10 3 0 5 0 0 0 0 0 12 4 0 0 10 0 0 14 7 
0 2 12 0 6 1 0 0 0 0 5 6 0 8 0 15 14 2 0 8 0 0 0 2 0 3 0 0 1 1 0 0 0 2 0 0 0 0 0 15 0 0 0 9 0 0 0 0 0 10 
7 0 1 0 0 0 16 0 1 0 0 2 0 13 0 4 3 0 3 0 0 5 0 0 0 0 0 8 0 0 2 4 10 0 5 0 0 0 0 9 10 8 14 0 6 0 8 8 0 0 
0 0 0 6 4 0 0 0 0 0 2 7 0 0 0 0 12 0 0 0 0 0 0 13 2 0 6 0 0 0 0 0 0 2 8 0 7 0 9 5 0 0 0 0 0 0 0 6 0 10 
0 1 0 11 2 17 3 0 0 0 0 0 12 0 0 0 14 11 0 14 13 0 10 2 0 6 9 0 0 0 8 0 0 5 0 0 0 2 7 0 0 0 9 0 0 12 0 0 0 0 
2 14 9 0 5 7 0 0 0 5 0 0 0 9 0 0 0 4 5 1 0 11 0 0 0 2 0 2 5 7 2 3 10 9 4 0 0 0 0 0 0 8 5 11 0 0 0 16 0 0 
0 0 0 0 0 0 0 0 4 0 4 1 0 13 0 0 0 2 0 13 8 0 14 0 0 14 1 12 2 0 12 0 0 10 0 13 7 0 0 0 3 3 0 0 15 0 5 0 5 0 
9 0 0 0 12 0 6 0 0 0 0 0 3 0 0 0 0 11 0 5 7 2 13 0 0 0 0 0 0 14 8 0 0 0 7 10 14 14 0 0 15 0 8 0 0 0 10 0 0 13 
0 0 14 0 0 0 0 0 11 9 10 0 0 0 12 0 15 1 0 0 0 0 14 0 9 0 0 0 0 10 0 12 1 0 9 0 13 0 0 10 7 0 0 0 5 13 1 0 3 14 
0 0 1 0 5 0 2 5 3 12 0 0 1 0 0 1 0 0 3 0 0 0 0 0 0 0 0 8 12 0 0 10 6 0 0 1 4 0 0 0 9 9 12 0 6 0 0 0 0 0 
0 11 0 0 0 0 8 0 3 0 13 1 1 0 0 0 8 0 0 0 11 0 0 0 0 0 0 0 0 0 0 0 11 5 0 10 0 9 14 0 9 0 3 0 0 12 1 0 0 3 
14 12 5 0 0 10 0 0 0 0 0 0 0 0 0 13 0 0 0 0 7 8 0 0 12 0 7 3 0 0 0 12 5 0 0 0 0 0 0 2 8 0 0 0 15 0 1 0 0 0 
0 0 8 0 0 3 0 10 0 0 0 0 0 13 7 0 0 5 0 0 6 11 1 0 0 0 7 0 0 0 14 0 0 5 0 0 2 0 0 0 0 0 0 0 0 0 0 0 0 0 
12 1 2 0 0 0 0 0 0 0 0 6 0 0 0 0 0 0 8 0 0 0 0 4 0 12 0 7 7 3 0 0 0 0 5 2 11 12 0 14 0 13 0 4 4 0 0 0 0 1 
0 0 0 0 0 11 8 0 5 2 9 0 9 7 0 0 0 0 0 0 0 11 0 0 7 2 0 0 4 9 0 0 0 0 0 4 15 11 0 0 9 15 2 11 0 0 0 4 8 14 
13 0 0 9 1 13 2 0 3 0 1 0 0 0 0 0 0 0 3 5 3 0 0 3 0 0 0 3 9 0 0 14 0 0 8 0 0 14 10 12 5 0 9 0 0 0 0 0 8 0 
12 1 0 0 0 0 0 0 2 0 12 0 0 0 9 6 0 0 0 0 0 12 9 2 0 1 0 9 0 12 13 10 7 0 8 0 0 0 8 0 2 0 2 0 0 5 8 16 0 7 
0 11 0 0 4 5 12 12 7 0 6 0 0 2 0 0 0 5 8 5 10 0 0 0 0 10 0 10 0 0 12 0 2 0 0 0 0 0 0 0 0 12 14 0 0 9 0 2 5 0 
0 9 0 3 0 0 1 0 0 0 0 4 0 12 0 14 0 0 0 0 0 0 0 0 10 0 12 0 13 0 4 0 0 0 5 0 11 13 11 0 0 0 0 0 0 0 0 0 8 2 
0 0 0 13 0 0 10 0 14 0 6 0 0 0 0 11 0 6 0 2 0 0 0 0 3 0 2 0 0 0 0 10 1 2 13 0 0 0 0 0 7 0 0 0 14 0 3 0 1 2 
8 1 5 0 0 2 11 0 10 4 13 8 5 11 2 0 0 0 1 0 14 0 0 0 0 6 9 0 2 0 14 0 0 2 0 9 0 0 7 0 12 4 0 0 11 0 0 9 0 0 
4 0 0 0 8 0 0 5 0 0 16 0 0 6 0 0 3 8 0 3 4 0 10 0 0 12 0 2 0 2 0 0 0 7 0 0 0 0 0 0 2 0 0 0 0 0 4 0 13 6 
7 3 14 4 6 0 3 0 0 15 7 0 0 0 0 0 0 0 13 0 0 0 0 0 0 0 12 8 13 0 12 0 0 0 0 0 0 0 0 0 0 9 0 0 7 0 0 0 0 14 
0 0 0 14 0 1 6 0 6 14 0 7 0 0 0 1 0 0 13 7 12 0 3 0 5 0 0 11 12 0 9 0 2 0 4 0 0 14 0 8 0 0 9 0 9 8 0 0 0 0 
7 0 0 12 0 2 0 0 0 0 7 0 0 0 0 0 7 9 0 13 4 0 8 1 8 14 6 13 0 6 0 0 6 9 0 0 0 7 0 5 6 0 0 14 0 11 10 0 0 0 
8 0 4 0 0 7 0 3 12 4 0 0 1 9 0 12 0 0 0 6 0 0 0 0 0 8 0 0 0 9 0 2 0 0 9 3 7 15 0 13 0 0 0 0 0 4 0 0 8 0 
0 3 0 0 4 0 0 0 5 8 0 0 6 0 9 0 0 0 8 0 0 14 0 4 0 0 0 0 0 0 12 0 0 0 4 0 14 0 0 0 0 0 0 0 0 12 7 0 12 12 
0 0 11 0 0 0 4 9 14 14 0 3 0 4 1 0 0 0 1 0 0 0 0 0 7 11 4 0 0 1 2 13 1 0 0 0 1 0 5 0 2 0 6 0 0 0 0 0 15 10 
9 9 5 0 0 4 0 7 0 8 3 15 10 7 0 2 0 8 6 0 15 8 0 0 0 0 0 0 13 0 0 0 0 0 0 3 3 12 7 7 0 11 0 0 0 0 0 4 0 0 
0 0 0 16 15 0 0 11 0 9 0 12 0 0 0 0 0 0 11 0 2 3 0 0 0 0 0 0 9 0 5 0 3 13 0 13 13 5 2 0 8 1 0 10 0 12 0 9 1 12 
11 0 0 0 0 0 11 0 0 0 0 0 5 2 0 0 0 0 0 0 12 0 2 4 0 0 0 0 9 0 0 1 0 0 13 0 0 2 15 9 0 0 0 0 5 2 5 0 0 15 
0 2 0 0 0 9 0 9 0 0 0 0 0 0 0 0 0 0 0 2 0 0 0 0 0 15 0 10 12 0 8 6 0 0 12 0 10 0 10 0 12 0 0 8 0 0 0 5 0 0 
0 0 14 0 0 0 0 0 0 0 0 11 0 0 0 10 8 0 8 12 12 0 0 0 0 0 6 0 0 0 0 0 0 4 3 1 0 0 11 0 0 0 0 0 0 0 0 0 14 0 
