50

0 0 1 0 0 1 1 1 0 1 0 1 1 1 0 0 1 1 1 0 1 0 0 0 1 1 1 0 1 0 0 0 1 0 1 1 1 1 1 0 0 0 1 1 1 1 1 0 1 0 
0 0 0 1 0 0 1 1 1 1 0 1 0 1 0 0 1 1 0 0 1 0 0 1 0 1 1 0 1 0 1 1 0 0 1 0 1 1 1 1 0 0 0 1 1 1 1 1 0 0 
1 0 0 1 0 0 0 1 1 0 1 1 0 1 0 1 0 0 0 1 1 1 0 0 0 0 1 0 0 0 1 1 0 1 0 0 1 0 0 1 0 0 0 0 0 0 0 0 0 1 
0 1 1 0 0 1 1 0 1 0 0 0 0 1 1 1 0 1 0 0 1 1 1 1 0 0 0 1 1 1 1 1 0 0 1 0 0 0 1 1 0 0 1 0 1 1 0 0 0 0 
0 0 0 0 0 1 1 1 1 1 1 1 1 1 0 1 1 0 1 1 1 0 1 0 1 1 1 0 0 0 0 1 0 0 0 1 1 0 1 1 0 1 1 0 0 1 0 0 1 0 
1 0 0 1 1 0 1 0 1 1 0 0 1 1 0 0 0 0 1 0 0 1 0 0 0 0 0 1 0 1 1 0 1 0 0 0 0 0 0 1 0 1 0 0 0 1 1 1 1 1 
1 1 0 1 1 1 0 1 0 1 0 0 1 0 0 0 1 0 1 0 1 1 1 1 0 1 1 0 0 1 1 1 0 1 1 0 0 0 1 1 0 1 0 1 1 1 0 1 1 1 
1 1 1 0 1 0 1 0 1 1 1 0 0 0 0 0 0 0 0 1 0 0 0 0 0 1 1 0 0 1 0 0 1 1 0 0 1 1 0 1 0 0 0 0 1 0 0 1 0 1 
0 1 1 1 1 1 0 1 0 0 1 0 0 0 0 0 1 0 1 0 1 1 1 1 1 1 1 0 0 0 1 1 1 0 0 0 1 0 1 0 1 1 0 1 1 1 1 0 0 0 
1 1 0 0 1 1 1 1 0 0 0 1 1 1 0 1 1 1 1 1 0 0 0 0 0 1 0 0 0 1 0 1 0 1 1 1 1 1 1 0 1 0 1 1 0 1 1 1 0 1 
0 0 1 0 1 0 0 1 1 0 0 0 0 0 0 0 1 1 1 0 1 1 0 0 0 1 0 1 0 0 1 0 1 1 1 0 0 1 0 1 1 0 1 1 1 0 0 0 0 1 
1 1 1 0 1 0 0 0 0 1 0 0 0 1 0 0 1 1 1 0 1 0 0 0 1 0 0 1 0 1 0 1 0 0 1 1 0 1 0 0 1 1 0 0 1 0 1 1 1 1 
1 0 0 0 1 1 1 0 0 1 0 0 0 0 0 1 0 0 0 1 1 1 0 0 0 0 1 1 1 0 1 1 1 1 1 0 0 0 0 0 1 1 1 1 0 1 0 1 1 0 
1 1 1 1 1 1 0 0 0 1 0 1 0 0 1 0 1 0 1 1 1 1 1 0 0 0 0 1 0 0 0 1 0 1 0 0 0 0 1 0 0 0 1 1 1 1 1 1 0 1 
0 0 0 1 0 0 0 0 0 0 0 0 0 1 0 1 0 1 1 1 0 0 1 0 0 1 1 0 1 0 1 0 1 0 1 0 0 0 1 0 0 1 1 0 1 0 1 1 0 0 
0 0 1 1 1 0 0 0 0 1 0 0 1 0 1 0 1 1 0 1 0 1 1 1 1 1 0 0 1 0 0 0 1 1 1 0 0 0 1 0 0 1 1 0 0 0 0 1 1 0 
1 1 0 0 1 0 1 0 1 1 1 1 0 1 0 1 0 0 1 0 1 1 1 1 0 0 0 1 0 0 0 0 1 1 0 0 1 1 1 0 0 0 1 1 0 0 1 1 1 1 
1 1 0 1 0 0 0 0 0 1 1 1 0 0 1 1 0 0 0 1 1 0 0 1 1 0 0 1 1 0 1 0 1 0 1 1 0 0 1 1 1 0 0 0 1 1 1 1 0 0 
1 0 0 0 1 1 1 0 1 1 1 1 0 1 1 0 1 0 0 1 0 1 0 1 1 1 1 0 0 0 1 0 1 0 1 1 0 1 1 1 0 0 1 0 0 1 0 1 0 0 
0 0 1 0 1 0 0 1 0 1 0 0 1 1 1 1 0 1 1 0 0 0 0 0 1 0 1 0 1 1 0 1 0 0 0 1 0 0 0 0 0 0 1 1 1 0 0 0 1 0 
1 1 1 1 1 0 1 0 1 0 1 1 1 1 0 0 1 1 0 0 0 1 0 1 1 0 1 1 0 1 1 1 0 1 1 0 0 0 1 0 0 1 1 1 0 0 0 0 0 1 
0 0 1 1 0 1 1 0 1 0 1 0 1 1 0 1 1 0 1 0 1 0 0 1 0 1 0 0 1 1 0 1 1 1 0 0 1 1 1 1 0 0 1 1 0 1 1 1 1 1 
0 0 0 1 1 0 1 0 1 0 0 0 0 1 1 1 1 0 0 0 0 0 0 0 1 0 1 0 1 0 1 1 1 0 1 0 0 0 1 0 0 0 0 0 1 1 1 0 1 1 
0 1 0 1 0 0 1 0 1 0 0 0 0 0 0 1 1 1 1 0 1 1 0 0 1 1 1 1 1 1 0 0 1 1 0 1 0 1 0 1 0 1 1 0 1 1 1 1 0 1 
1 0 0 0 1 0 0 0 1 0 0 1 0 0 0 1 0 1 1 1 1 0 1 1 0 1 0 1 0 1 0 1 0 1 0 1 1 0 1 0 1 0 1 1 1 0 0 1 1 0 
1 1 0 0 1 0 1 1 1 1 1 0 0 0 1 1 0 0 1 0 0 1 0 1 1 0 0 1 1 0 0 1 0 1 0 1 1 1 1 1 0 1 1 0 0 0 1 0 1 0 
1 1 1 0 1 0 1 1 1 0 0 0 1 0 1 0 0 0 1 1 1 0 1 1 0 0 0 0 0 0 0 1 1 1 0 0 0 0 1 1 1 0 0 1 0 0 1 1 1 1 
0 0 0 1 0 1 0 0 0 0 1 1 1 1 0 0 1 1 0 0 1 0 0 1 1 1 0 0 1 1 1 0 0 0 0 0 0 1 1 0 0 1 1 0 0 1 0 0 0 1 
1 1 0 1 0 0 0 0 0 0 0 0 1 0 1 1 0 1 0 1 0 1 1 1 0 1 0 1 0 0 0 1 0 1 0 0 1 0 1 0 1 1 0 1 1 0 0 0 1 0 
0 0 0 1 0 1 1 1 0 1 0 1 0 0 0 0 0 0 0 1 1 1 0 1 1 0 0 1 0 0 0 1 0 0 0 1 1 1 0 0 1 0 0 0 1 0 1 0 1 1 
0 1 1 1 0 1 1 0 1 0 1 0 1 0 1 0 0 1 1 0 1 0 1 0 0 0 0 1 0 0 0 1 0 1 1 1 0 1 0 0 0 0 0 0 1 1 0 1 1 1 
0 1 1 1 1 0 1 0 1 1 0 1 1 1 0 0 0 0 0 1 1 1 1 0 1 1 1 0 1 1 1 0 1 1 0 0 0 1 1 1 0 1 0 0 0 0 1 0 1 0 
1 0 0 0 0 1 0 1 1 0 1 0 1 0 1 1 1 1 1 0 0 1 1 1 0 0 1 0 0 0 0 1 0 0 0 0 1 0 1 0 1 0 0 1 0 1 0 0 0 0 
0 0 1 0 0 0 1 1 0 1 1 0 1 1 0 1 1 0 0 0 1 1 0 1 1 1 1 0 1 0 1 1 0 0 0 1 1 0 0 0 1 0 1 1 0 1 1 1 0 1 
1 1 0 1 0 0 1 0 0 1 1 1 1 0 1 1 0 1 1 0 1 0 1 0 0 0 0 0 0 0 1 0 0 0 0 0 0 0 0 0 0 0 1 0 0 0 1 0 1 0 
1 0 0 0 1 0 0 0 0 1 0 1 0 0 0 0 0 1 1 1 0 0 0 1 1 1 0 0 0 1 1 0 0 1 0 0 0 1 1 0 1 1 0 0 0 0 0 0 1 1 
1 1 1 0 1 0 0 1 1 1 0 0 0 0 0 0 1 0 0 0 0 1 0 0 1 1 0 0 1 1 0 0 1 1 0 0 0 1 0 0 1 0 1 1 1 0 1 0 1 1 
1 1 0 0 0 0 0 1 0 1 1 1 0 0 0 0 1 0 1 0 0 1 0 1 0 1 0 1 0 1 1 1 0 0 0 1 1 0 1 0 0 1 0 1 1 1 0 1 0 0 
1 1 0 1 1 0 1 0 1 1 0 0 0 1 1 1 1 1 1 0 1 1 1 0 1 1 1 1 1 0 0 1 1 0 0 1 0 1 0 1 0 0 1 0 0 1 1 0 1 0 
0 1 1 1 1 1 1 1 0 0 1 0 0 0 0 0 0 1 1 0 0 1 0 1 0 1 1 0 0 0 0 1 0 0 0 0 0 0 1 0 1 1 1 1 0 0 0 0 0 0 
0 0 0 0 0 0 0 0 1 1 1 1 1 0 0 0 0 1 0 0 0 0 0 0 1 0 1 0 1 1 0 0 1 1 0 1 1 0 0 1 0 0 1 1 0 1 1 1 1 1 
0 0 0 0 1 1 1 0 1 0 0 1 1 0 1 1 0 0 0 0 1 0 0 1 0 1 0 1 1 0 0 1 0 0 0 1 0 1 0 1 0 0 0 0 0 1 0 1 1 1 
1 0 0 1 1 0 0 0 0 1 1 0 1 1 1 1 1 0 1 1 1 1 0 1 1 1 0 1 0 0 0 0 0 1 1 0 1 0 1 1 1 0 0 0 1 1 1 0 1 0 
1 1 0 0 0 0 1 0 1 1 1 0 1 1 0 0 1 0 0 1 1 1 0 0 1 0 1 0 1 0 0 0 1 1 0 0 1 1 0 1 1 0 0 0 0 1 1 1 0 1 
1 1 0 1 0 0 1 1 1 0 1 1 0 1 1 0 0 1 0 1 0 0 1 1 1 0 0 0 1 1 1 0 0 0 0 0 1 1 0 0 0 0 1 0 0 0 1 0 0 1 
1 1 0 1 1 1 1 0 1 1 0 0 1 1 0 0 0 1 1 0 0 1 1 1 0 0 0 1 0 0 1 0 1 1 0 0 0 1 1 0 1 1 1 1 0 0 0 0 0 1 
1 1 0 0 0 1 0 0 1 1 0 1 0 1 1 0 1 1 0 0 0 1 1 1 0 1 1 0 0 1 0 1 0 1 1 0 1 0 1 0 1 0 1 1 1 0 0 0 0 1 
0 1 0 0 0 1 1 1 0 1 0 1 1 1 1 1 1 1 1 0 0 1 0 1 1 0 1 0 0 0 1 0 0 1 0 0 0 1 0 0 1 1 0 1 0 0 0 0 1 0 
1 0 0 0 1 1 1 0 0 0 0 1 1 0 0 1 1 0 0 1 0 1 1 0 1 1 1 0 1 1 1 1 0 0 1 1 1 0 1 0 1 1 1 0 0 0 0 1 0 0 
0 0 1 0 0 1 1 1 0 1 1 1 0 1 0 0 1 0 0 0 1 1 1 1 0 0 1 1 0 1 1 0 0 1 0 1 1 0 0 0 1 1 0 1 1 1 1 0 0 0 

0 0 0 0 20 0 0 0 0 0 23 21 0 0 13 0 0 0 0 26 0 0 0 0 0 0 0 8 0 5 0 0 0 0 0 0 0 0 0 10 0 0 19 9 0 0 0 1 0 0 
0 0 0 0 0 1 0 0 0 0 0 22 0 0 0 0 0 0 0 0 0 25 0 0 0 0 0 0 0 0 0 0 18 0 0 0 0 0 0 0 0 0 0 0 0 0 0 0 0 0 
10 21 0 13 19 22 0 0 0 0 0 15 0 0 0 0 0 0 0 0 0 0 0 0 0 0 0 0 7 20 0 0 0 0 5 0 0 3 0 0 0 0 0 0 0 0 0 0 0 0 
0 0 7 0 0 0 0 0 19 0 0 0 0 0 0 29 0 0 0 0 0 20 0 0 5 0 0 0 11 19 0 0 0 0 0 0 0 23 0 0 11 0 0 0 0 0 0 0 0 1 
0 0 0 0 0 0 0 0 26 0 0 0 0 0 0 0 26 0 0 0 19 15 0 0 0 0 0 0 0 0 0 0 0 0 0 0 0 0 0 0 0 0 0 0 0 0 11 0 0 0 
0 0 15 0 8 0 16 18 0 0 19 0 0 0 0 0 0 9 0 0 0 0 24 0 1 13 12 28 15 0 0 0 0 3 0 0 0 0 14 0 8 0 0 0 0 0 0 0 0 13 
0 14 0 0 0 0 0 27 0 0 17 16 0 0 20 0 20 0 0 0 0 0 10 0 21 0 20 0 11 0 0 0 0 0 0 4 0 29 0 0 0 12 24 0 0 0 1 0 0 0 
29 0 0 6 0 0 0 0 0 21 27 0 22 23 0 0 0 14 0 0 0 0 0 0 0 0 13 0 2 0 9 15 0 0 0 24 0 0 0 0 17 0 21 0 20 0 11 0 14 0 
0 0 2 0 17 0 18 0 0 0 0 0 11 0 14 1 0 0 0 0 0 9 19 14 0 0 0 19 10 0 0 0 0 0 12 13 0 0 23 0 0 0 0 0 0 0 0 0 0 0 
0 17 0 19 0 0 5 0 0 0 0 26 0 0 0 0 0 0 0 0 0 0 0 0 26 0 1 0 0 0 0 28 18 0 0 0 0 0 6 0 0 0 0 0 8 22 13 12 0 0 
0 0 0 24 0 0 6 0 0 0 0 0 0 0 0 0 0 0 0 0 0 8 0 0 0 0 0 0 0 0 0 27 0 0 0 11 0 27 13 0 0 0 8 0 23 0 0 0 0 0 
0 4 18 0 0 12 0 0 0 0 14 0 0 7 0 14 0 0 0 22 14 0 0 0 0 5 0 0 15 0 0 0 0 3 9 0 0 2 29 28 0 0 0 0 0 0 0 0 0 0 
0 0 0 0 0 0 0 0 0 0 0 0 0 0 0 0 0 0 0 0 0 0 11 0 0 0 0 0 20 26 0 0 0 0 0 22 0 0 0 0 0 13 0 0 0 0 5 0 0 0 
23 0 0 18 0 0 2 0 0 2 0 0 0 0 0 13 0 0 0 0 0 0 0 4 0 0 0 0 15 0 0 0 0 0 0 2 0 0 25 0 0 25 18 0 0 0 0 0 0 0 
9 0 0 0 0 0 0 0 0 17 0 0 0 0 0 0 0 9 29 26 0 4 0 0 23 5 22 0 0 0 0 0 0 0 0 25 0 0 20 1 0 27 0 0 0 0 0 0 0 0 
0 0 26 0 7 0 26 0 0 0 0 0 0 0 0 0 0 0 0 11 1 0 24 2 0 0 1 0 18 26 7 21 0 0 0 28 20 0 0 0 0 0 27 0 0 17 0 0 0 0 
0 0 18 0 10 0 0 0 0 29 11 0 0 0 22 0 0 0 0 0 0 0 3 1 2 0 0 0 0 0 0 17 0 0 0 0 0 0 4 9 25 0 0 0 28 24 0 0 0 0 
0 0 0 0 0 0 0 0 0 0 0 0 0 0 0 0 12 0 0 12 0 0 18 0 0 0 18 0 13 0 0 0 0 0 0 0 0 0 23 0 0 0 0 0 0 5 4 0 10 0 
0 9 0 0 0 0 0 0 0 0 0 0 0 0 0 0 0 0 0 0 0 0 27 0 0 0 23 0 0 0 19 0 0 5 0 0 0 0 1 0 0 0 2 0 0 24 0 17 0 0 
0 0 0 0 0 0 0 0 11 0 0 0 0 0 0 19 0 0 0 0 0 0 0 0 2 0 0 0 0 0 0 0 26 0 0 0 13 0 0 0 12 20 0 12 2 0 14 0 0 13 
0 0 0 0 0 0 15 0 0 0 0 0 0 0 0 0 9 0 0 0 0 13 0 0 0 0 8 0 0 0 11 0 0 0 0 0 0 16 0 1 0 20 0 0 0 2 9 0 0 0 
0 0 0 23 0 0 9 0 0 0 0 0 0 0 0 0 0 0 0 0 0 0 0 0 0 16 0 0 2 0 0 7 0 0 0 0 0 0 0 0 0 0 28 0 0 22 0 0 0 0 
0 0 0 0 0 0 0 15 0 0 0 0 0 0 13 0 27 0 0 0 0 0 0 1 0 0 0 0 0 29 0 0 0 22 0 0 0 0 11 0 0 0 0 0 0 0 1 0 16 6 
0 0 0 0 0 0 0 24 0 0 21 0 4 0 0 0 0 0 9 24 0 0 0 0 0 0 0 0 25 0 0 0 0 0 0 0 29 0 28 0 0 0 0 0 0 0 0 0 0 0 
0 0 0 21 0 0 13 0 0 0 0 0 0 0 0 0 9 0 0 0 12 6 0 0 0 10 0 0 0 0 0 0 0 13 0 0 25 0 0 0 0 0 0 0 10 0 0 0 1 0 
0 0 0 0 0 18 4 26 0 0 19 0 0 0 0 0 0 22 0 22 0 0 28 0 18 0 0 1 0 0 0 0 15 0 0 0 0 13 0 0 0 0 0 20 0 0 0 0 0 17 
0 0 0 7 0 12 26 0 0 0 0 0 0 0 0 27 1 0 0 0 13 0 0 0 0 23 0 27 0 27 0 12 0 0 0 0 0 20 0 0 21 22 0 0 0 11 0 0 0 0 
0 13 0 25 0 0 0 0 0 0 0 23 0 0 0 0 7 0 0 0 0 8 0 23 8 12 0 0 0 0 18 0 0 0 0 0 0 0 0 0 0 0 0 0 20 0 0 0 0 0 
0 0 0 0 0 0 0 18 0 0 0 0 0 0 0 0 18 6 0 0 0 0 0 28 0 0 0 0 0 0 0 0 10 0 0 9 0 4 0 0 0 0 0 0 0 0 0 8 0 0 
0 0 8 0 0 0 0 0 0 11 0 12 0 0 0 0 14 0 0 0 0 0 0 0 0 0 0 0 0 0 23 0 0 0 0 0 3 0 0 0 0 0 0 0 0 0 0 0 0 0 
0 0 0 11 0 0 0 0 0 0 0 0 6 0 6 22 0 0 0 0 0 2 0 13 28 11 0 0 25 0 0 0 0 0 0 0 0 0 0 17 21 20 0 0 0 0 0 0 0 0 
0 0 0 0 0 0 26 19 0 0 0 0 0 0 26 0 0 25 0 0 0 0 0 0 0 15 0 0 0 21 21 0 0 0 0 0 0 22 5 0 0 9 7 0 0 0 0 8 1 0 
0 0 20 0 12 0 0 0 22 0 0 0 5 21 0 0 9 0 25 12 0 7 0 0 0 0 11 0 0 0 0 0 0 6 20 1 0 0 0 0 0 0 0 0 0 0 0 0 15 0 
0 0 0 0 0 0 25 23 0 0 0 0 0 0 0 0 15 0 0 0 0 0 0 0 0 0 17 0 0 0 0 0 0 0 22 17 0 0 0 0 0 0 0 21 0 0 0 0 0 22 
0 0 0 20 0 0 0 22 0 0 0 0 0 13 0 0 0 0 0 0 0 7 0 0 0 8 0 0 0 0 3 0 0 0 0 0 0 0 0 0 0 0 0 0 2 0 0 0 1 16 
0 0 0 0 0 0 0 0 0 19 0 0 0 0 0 0 0 0 0 5 0 0 0 0 0 1 0 0 0 0 0 0 0 0 0 0 22 20 0 11 9 0 0 0 0 0 24 0 0 0 
0 0 0 0 0 0 0 0 0 0 0 0 7 0 0 0 0 0 17 2 0 5 0 0 0 23 25 0 0 0 15 0 0 0 0 0 0 0 0 0 0 0 0 0 0 15 0 0 17 0 
9 0 1 0 0 0 0 0 0 0 0 0 0 0 0 0 0 0 0 0 8 0 0 0 0 0 0 0 0 0 0 0 0 0 0 26 0 0 0 0 0 0 25 0 0 0 0 0 0 0 
5 0 1 8 0 29 0 0 0 18 0 0 0 0 20 0 0 0 0 6 0 2 0 0 0 0 0 0 0 0 0 0 0 0 0 0 0 0 0 5 0 0 0 0 0 0 0 0 0 6 
0 0 0 0 0 0 0 0 0 0 24 0 0 0 23 0 0 0 0 0 0 0 11 16 0 0 0 0 0 0 0 0 0 0 0 27 0 0 0 0 0 0 2 0 0 0 0 0 0 0 
0 6 0 0 12 0 0 0 0 0 0 0 0 0 0 0 5 0 0 0 3 0 24 0 0 18 0 0 0 0 0 0 0 0 0 0 0 0 0 0 0 0 0 0 0 0 0 0 0 0 
0 0 0 0 20 0 19 0 22 0 0 27 0 0 0 0 0 0 12 0 0 0 0 0 0 0 0 0 0 0 0 0 0 0 0 0 0 0 0 0 0 0 0 0 0 9 0 3 0 0 
0 0 0 11 0 0 0 0 0 0 0 0 0 0 24 0 20 0 0 0 0 0 9 5 0 17 0 0 0 17 0 0 0 0 1 0 0 0 20 0 0 0 0 0 0 0 18 0 0 0 
0 0 0 0 8 0 0 8 0 0 0 0 0 0 0 27 0 0 0 0 0 0 0 0 0 0 0 27 0 0 13 0 0 0 7 0 17 0 0 15 0 0 0 0 0 0 0 0 0 11 
0 0 0 0 0 0 0 0 0 0 0 0 0 0 0 0 0 0 0 0 0 2 0 0 2 13 0 0 0 0 0 3 6 0 0 0 0 0 0 0 3 0 0 0 0 0 0 14 1 0 
0 0 9 20 0 0 0 22 0 0 0 0 0 0 0 0 0 0 0 0 0 12 24 25 0 0 0 0 0 0 0 0 19 0 0 7 0 26 24 0 0 0 2 26 0 0 0 0 0 0 
0 0 2 0 0 0 0 0 0 0 9 1 0 0 0 0 0 0 0 0 0 0 0 0 0 0 10 0 0 0 0 0 0 0 0 0 4 16 0 0 0 0 0 0 0 0 0 0 0 19 
0 0 0 0 28 0 23 14 0 28 20 0 2 0 0 0 0 11 0 0 0 21 0 12 0 0 0 0 0 0 0 0 0 0 0 0 0 0 0 0 0 0 0 0 0 0 0 0 0 16 
0 0 0 0 0 0 0 0 0 0 0 0 0 0 0 0 0 0 24 0 0 0 0 0 0 0 0 0 0 0 22 21 5 0 0 0 0 26 27 7 0 0 0 0 0 23 0 0 0 0 
3 0 0 0 0 0 0 6 0 25 0 0 0 0 0 13 0 0 0 0 0 0 0 0 0 9 0 0 0 0 0 0 0 0 0 0 0 0 0 22 0 0 7 0 0 0 0 0 0 0 
