50

0 0 1 1 1 1 1 1 1 1 1 1 1 1 1 1 1 1 1 1 1 1 1 1 1 1 1 1 1 1 1 1 1 1 1 1 1 1 0 0 1 1 1 1 1 1 1 1 1 1 
0 0 1 1 1 1 1 1 1 1 1 1 1 0 1 1 1 1 1 0 0 1 1 1 1 1 1 1 1 1 1 1 0 1 1 1 1 1 1 1 1 1 1 1 1 1 1 1 1 0 
1 1 0 1 1 1 1 0 1 1 1 1 1 1 1 1 1 1 1 1 1 1 1 0 1 1 1 1 1 1 0 1 1 0 1 1 1 1 1 1 1 1 1 1 1 1 1 1 1 1 
1 1 1 0 1 1 1 1 1 1 1 1 0 1 1 1 1 1 1 1 1 1 1 1 1 1 1 0 1 1 1 1 1 1 1 1 1 0 1 1 1 1 1 0 1 1 1 1 1 1 
1 1 1 1 0 1 1 1 1 1 1 1 1 1 1 0 1 1 1 0 1 1 1 0 1 0 1 0 1 0 1 1 1 1 1 1 1 1 1 1 1 1 1 1 1 1 0 1 1 1 
1 1 1 1 1 0 1 1 1 0 1 1 1 1 1 1 1 1 1 1 0 1 1 1 1 1 1 1 1 1 1 1 1 1 1 1 1 1 1 0 1 1 1 1 1 1 1 1 1 1 
1 1 1 1 1 1 0 1 1 1 1 1 1 1 0 1 1 1 0 1 1 1 1 1 0 1 1 1 1 1 1 1 1 1 1 1 0 0 1 1 1 1 1 1 1 1 1 1 1 1 
1 1 0 1 1 1 1 0 0 1 1 1 1 1 1 1 1 1 1 1 1 0 1 1 1 1 1 1 1 1 1 1 1 1 1 0 1 1 1 1 1 1 1 1 1 1 1 1 1 1 
1 1 1 1 1 1 1 0 0 1 1 1 1 1 1 1 0 1 1 0 1 1 1 1 1 1 1 1 1 1 1 1 1 1 1 1 0 1 0 1 1 1 1 1 1 1 1 1 0 1 
1 1 1 1 1 0 1 1 1 0 1 1 0 1 0 1 1 1 0 1 1 1 1 1 1 1 1 1 1 0 1 1 1 1 0 0 1 1 1 1 1 1 1 0 1 1 1 1 1 1 
1 1 1 1 1 1 1 1 1 1 0 0 1 1 1 1 1 1 1 1 1 1 1 1 1 1 1 1 1 1 1 0 1 1 1 1 1 1 1 1 1 1 0 1 1 1 0 1 1 1 
1 1 1 1 1 1 1 1 1 1 0 0 1 0 1 1 1 1 1 1 1 1 1 1 1 1 1 1 1 1 1 1 1 1 1 1 1 0 1 1 1 1 1 0 1 1 1 1 1 1 
1 1 1 0 1 1 1 1 1 0 1 1 0 1 1 1 1 1 1 1 0 1 1 1 1 1 1 1 1 0 1 1 1 1 1 1 1 1 1 1 1 1 1 1 1 0 1 0 1 1 
1 0 1 1 1 1 1 1 1 1 1 0 1 0 1 1 1 1 1 1 0 1 1 1 0 1 1 0 1 1 1 1 1 1 1 1 1 1 1 1 1 1 1 1 1 1 1 1 0 1 
1 1 1 1 1 1 0 1 1 0 1 1 1 1 0 1 1 1 1 1 0 1 1 1 1 1 1 1 1 1 1 1 0 1 1 0 1 1 0 1 1 1 1 1 1 1 1 1 0 1 
1 1 1 1 0 1 1 1 1 1 1 1 1 1 1 0 1 1 1 1 1 1 0 1 1 1 1 1 1 1 1 1 1 1 1 1 1 1 0 1 1 1 1 1 1 1 1 1 1 1 
1 1 1 1 1 1 1 1 0 1 1 1 1 1 1 1 0 1 1 1 1 1 1 1 1 1 0 1 1 1 1 1 1 1 1 0 1 1 1 1 1 1 1 1 1 1 1 1 1 1 
1 1 1 1 1 1 1 1 1 1 1 1 1 1 1 1 1 0 1 0 1 1 1 1 1 1 1 1 1 1 1 1 1 1 1 0 1 1 1 1 1 1 1 1 1 1 1 1 1 1 
1 1 1 1 1 1 0 1 1 0 1 1 1 1 1 1 1 1 0 1 1 1 1 0 1 1 0 1 1 1 1 1 1 1 1 0 1 1 1 0 1 1 0 1 1 1 1 1 1 1 
1 0 1 1 0 1 1 1 0 1 1 1 1 1 1 1 1 0 1 0 1 1 1 1 1 1 1 1 0 1 1 1 1 1 1 1 0 1 1 1 1 1 1 1 1 1 1 0 1 1 
1 0 1 1 1 0 1 1 1 1 1 1 0 0 0 1 1 1 1 1 0 1 1 1 1 1 1 1 1 0 1 1 1 1 1 1 1 0 1 1 1 1 0 1 1 1 1 1 1 1 
1 1 1 1 1 1 1 0 1 1 1 1 1 1 1 1 1 1 1 1 1 0 1 1 1 1 1 1 1 1 1 1 1 1 1 1 1 1 1 1 1 1 1 1 1 1 1 1 1 1 
1 1 1 1 1 1 1 1 1 1 1 1 1 1 1 0 1 1 1 1 1 1 0 0 1 1 1 1 1 1 1 1 1 1 1 1 0 1 0 1 1 1 1 1 1 1 1 1 0 1 
1 1 0 1 0 1 1 1 1 1 1 1 1 1 1 1 1 1 0 1 1 1 0 0 1 1 1 1 1 1 1 1 0 1 1 1 1 0 1 1 1 1 1 1 1 1 1 1 1 1 
1 1 1 1 1 1 0 1 1 1 1 1 1 0 1 1 1 1 1 1 1 1 1 1 0 1 0 1 1 1 1 0 1 1 1 1 1 1 1 1 1 1 1 1 0 1 1 0 1 1 
1 1 1 1 0 1 1 1 1 1 1 1 1 1 1 1 1 1 1 1 1 1 1 1 1 0 1 1 1 1 1 0 1 1 1 1 1 0 1 1 1 1 1 1 1 1 1 1 1 1 
1 1 1 1 1 1 1 1 1 1 1 1 1 1 1 1 0 1 0 1 1 1 1 1 0 1 0 1 1 1 1 1 1 1 1 1 1 1 0 1 1 1 1 1 1 0 1 1 1 1 
1 1 1 0 0 1 1 1 1 1 1 1 1 0 1 1 1 1 1 1 1 1 1 1 1 1 1 0 1 1 1 1 1 1 1 1 1 1 1 1 1 1 1 1 1 1 1 1 0 1 
1 1 1 1 1 1 1 1 1 1 1 1 1 1 1 1 1 1 1 0 1 1 1 1 1 1 1 1 0 0 1 1 1 1 1 0 1 1 1 1 1 1 0 1 1 1 1 1 1 1 
1 1 1 1 0 1 1 1 1 0 1 1 0 1 1 1 1 1 1 1 0 1 1 1 1 1 1 1 0 0 0 1 1 1 1 1 1 1 1 1 1 1 1 1 1 1 1 1 1 1 
1 1 0 1 1 1 1 1 1 1 1 1 1 1 1 1 1 1 1 1 1 1 1 1 1 1 1 1 1 0 0 1 1 1 1 1 1 1 1 1 1 1 1 1 1 1 1 1 0 1 
1 1 1 1 1 1 1 1 1 1 0 1 1 1 1 1 1 1 1 1 1 1 1 1 0 0 1 1 1 1 1 0 1 0 0 1 1 1 1 1 1 1 1 1 1 1 1 1 0 1 
1 0 1 1 1 1 1 1 1 1 1 1 1 1 0 1 1 1 1 1 1 1 1 0 1 1 1 1 1 1 1 1 0 1 1 1 1 1 1 0 1 1 1 1 1 1 1 1 1 1 
1 1 0 1 1 1 1 1 1 1 1 1 1 1 1 1 1 1 1 1 1 1 1 1 1 1 1 1 1 1 1 0 1 0 0 1 0 1 1 1 1 1 1 0 1 1 1 1 1 1 
1 1 1 1 1 1 1 1 1 0 1 1 1 1 1 1 1 1 1 1 1 1 1 1 1 1 1 1 1 1 1 0 1 0 0 1 1 1 1 1 1 1 1 1 1 1 0 1 1 0 
1 1 1 1 1 1 1 0 1 0 1 1 1 1 0 1 0 0 0 1 1 1 1 1 1 1 1 1 0 1 1 1 1 1 1 0 1 1 1 1 1 1 1 1 1 1 1 1 1 1 
1 1 1 1 1 1 0 1 0 1 1 1 1 1 1 1 1 1 1 0 1 1 0 1 1 1 1 1 1 1 1 1 1 0 1 1 0 1 1 1 1 1 1 1 1 1 1 0 1 1 
1 1 1 0 1 1 0 1 1 1 1 0 1 1 1 1 1 1 1 1 0 1 1 0 1 0 1 1 1 1 1 1 1 1 1 1 1 0 1 1 1 1 0 1 1 1 1 1 0 1 
0 1 1 1 1 1 1 1 0 1 1 1 1 1 0 0 1 1 1 1 1 1 0 1 1 1 0 1 1 1 1 1 1 1 1 1 1 1 0 1 1 0 1 1 1 1 1 1 1 0 
0 1 1 1 1 0 1 1 1 1 1 1 1 1 1 1 1 1 0 1 1 1 1 1 1 1 1 1 1 1 1 1 0 1 1 1 1 1 1 0 1 1 1 0 0 1 1 1 1 1 
1 1 1 1 1 1 1 1 1 1 1 1 1 1 1 1 1 1 1 1 1 1 1 1 1 1 1 1 1 1 1 1 1 1 1 1 1 1 1 1 0 1 1 0 1 1 0 1 1 1 
1 1 1 1 1 1 1 1 1 1 1 1 1 1 1 1 1 1 1 1 1 1 1 1 1 1 1 1 1 1 1 1 1 1 1 1 1 1 0 1 1 0 1 1 1 1 1 1 1 1 
1 1 1 1 1 1 1 1 1 1 0 1 1 1 1 1 1 1 0 1 0 1 1 1 1 1 1 1 0 1 1 1 1 1 1 1 1 0 1 1 1 1 0 1 1 1 0 1 1 1 
1 1 1 0 1 1 1 1 1 0 1 0 1 1 1 1 1 1 1 1 1 1 1 1 1 1 1 1 1 1 1 1 1 0 1 1 1 1 1 0 0 1 1 0 1 1 1 0 1 0 
1 1 1 1 1 1 1 1 1 1 1 1 1 1 1 1 1 1 1 1 1 1 1 1 0 1 1 1 1 1 1 1 1 1 1 1 1 1 1 0 1 1 1 1 0 1 1 1 1 1 
1 1 1 1 1 1 1 1 1 1 1 1 0 1 1 1 1 1 1 1 1 1 1 1 1 1 0 1 1 1 1 1 1 1 1 1 1 1 1 1 1 1 1 1 1 0 1 1 1 1 
1 1 1 1 0 1 1 1 1 1 0 1 1 1 1 1 1 1 1 1 1 1 1 1 1 1 1 1 1 1 1 1 1 1 0 1 1 1 1 1 0 1 0 1 1 1 0 0 1 1 
1 1 1 1 1 1 1 1 1 1 1 1 0 1 1 1 1 1 1 0 1 1 1 1 0 1 1 1 1 1 1 1 1 1 1 1 0 1 1 1 1 1 1 0 1 1 0 0 1 1 
1 1 1 1 1 1 1 1 0 1 1 1 1 0 0 1 1 1 1 1 1 1 0 1 1 1 1 0 1 1 0 0 1 1 1 1 1 0 1 1 1 1 1 1 1 1 1 1 0 1 
1 0 1 1 1 1 1 1 1 1 1 1 1 1 1 1 1 1 1 1 1 1 1 1 1 1 1 1 1 1 1 1 1 1 0 1 1 1 0 1 1 1 1 0 1 1 1 1 1 0 

0 0 0 0 0 1 11 0 0 0 0 0 0 0 0 0 0 0 0 0 0 10 10 0 0 0 0 0 0 0 0 0 0 0 0 0 0 0 0 25 0 0 0 0 0 0 0 0 20 0 
0 0 0 0 0 0 0 0 0 0 2 10 0 0 0 18 0 20 0 0 0 10 0 0 0 0 1 0 0 0 0 0 0 0 17 0 17 25 25 0 0 20 0 22 0 5 0 0 0 0 
0 13 0 12 0 0 0 0 7 12 0 6 6 0 0 1 0 0 0 0 4 0 0 12 0 13 0 0 0 25 0 0 0 0 0 0 0 0 0 0 0 4 0 0 0 0 23 0 0 0 
0 0 2 0 0 0 0 0 4 12 0 0 0 0 16 0 0 4 0 0 9 0 0 23 0 7 0 0 0 27 0 6 0 1 0 25 0 0 0 25 23 0 3 18 7 15 8 8 0 0 
0 0 0 0 0 22 0 11 0 0 0 0 0 0 0 0 2 7 23 26 0 16 0 0 0 0 0 0 0 4 14 0 0 0 0 0 13 0 0 0 0 0 0 0 0 0 0 0 0 0 
0 0 0 20 0 0 0 0 0 23 0 0 0 0 0 0 0 0 0 24 0 0 0 0 13 0 0 27 0 14 0 0 0 0 0 0 0 0 0 0 0 0 0 0 0 0 13 0 0 0 
0 0 16 0 0 0 0 0 0 0 0 15 0 0 0 23 0 1 0 11 0 13 0 0 24 17 2 0 0 0 0 0 27 0 0 0 0 0 0 25 0 0 0 9 0 8 0 0 0 0 
0 0 0 0 0 16 0 0 0 0 0 17 17 0 18 0 0 6 0 0 23 0 0 0 0 23 8 17 0 0 0 0 0 0 0 0 0 22 0 0 0 0 0 14 0 1 0 1 0 12 
0 0 0 0 0 24 15 0 0 0 0 0 0 1 0 0 12 0 0 0 0 0 0 0 0 0 9 0 0 0 0 0 0 25 21 0 0 0 0 0 0 14 0 0 0 0 0 0 0 0 
0 12 25 0 14 0 0 0 0 0 0 0 0 0 0 0 0 0 0 0 0 0 0 21 0 15 0 16 0 28 24 0 0 0 0 0 0 0 0 1 0 0 0 0 0 0 0 0 0 0 
0 13 0 0 0 0 0 0 17 17 0 0 0 0 0 0 0 0 17 0 0 25 0 23 13 16 11 0 19 0 0 0 0 0 0 0 9 0 0 5 0 0 0 0 2 0 0 0 0 10 
0 0 4 0 0 0 0 0 0 0 5 0 26 0 0 0 0 0 0 0 0 0 0 25 0 0 0 0 0 0 0 0 27 0 23 0 0 0 25 0 0 0 0 4 11 0 0 25 25 0 
3 0 0 0 0 11 11 0 0 0 0 0 0 0 0 0 0 0 0 0 0 0 0 18 0 0 0 0 24 0 0 0 0 8 0 0 0 0 16 0 0 0 0 0 0 0 0 0 0 26 
23 0 22 0 0 0 0 0 0 0 0 4 8 0 0 15 11 0 0 0 0 0 0 0 0 0 0 26 6 0 19 0 0 17 0 0 0 0 26 0 0 4 0 0 0 0 0 0 0 0 
0 0 0 1 0 0 0 0 0 0 0 0 0 10 0 15 0 0 0 0 0 26 0 0 0 0 11 0 0 0 0 2 0 0 0 0 0 0 0 25 0 11 0 0 26 0 0 0 0 0 
0 0 0 0 1 0 0 8 0 0 0 0 0 0 0 0 0 6 0 5 0 0 0 28 0 0 18 9 6 0 0 0 0 0 0 0 0 0 0 3 0 0 0 0 2 27 0 0 0 0 
0 0 0 0 0 0 0 0 1 0 12 0 0 0 0 0 0 0 0 8 0 0 0 8 27 0 0 0 0 0 0 0 11 0 0 0 4 0 0 0 0 0 0 0 0 0 0 0 7 0 
6 17 0 10 4 0 0 0 0 0 0 18 0 0 0 0 14 0 0 0 0 0 0 0 0 0 0 0 0 0 6 0 20 0 10 0 0 4 4 0 13 0 0 0 0 7 0 3 0 0 
0 0 0 0 0 0 0 0 0 26 0 0 13 0 0 19 0 0 0 0 0 11 18 0 0 0 0 0 0 0 0 0 0 0 0 0 0 0 0 0 0 0 4 0 8 0 0 17 0 0 
0 0 8 28 0 8 12 0 0 0 0 0 11 0 0 0 0 0 0 0 0 0 21 0 14 0 0 0 0 0 28 19 0 0 0 0 0 0 0 8 0 14 0 0 0 4 0 0 0 8 
0 0 0 20 0 2 0 0 0 0 0 9 0 13 0 0 10 0 0 0 0 0 0 13 0 0 0 0 0 0 9 0 0 27 0 0 0 0 0 0 0 0 0 0 0 16 0 20 0 12 
0 0 0 0 0 0 0 0 0 0 0 5 27 0 0 0 0 0 0 0 0 0 0 8 0 0 0 0 0 0 0 0 0 0 0 0 21 0 0 23 24 0 0 0 0 0 0 0 0 0 
0 0 0 1 0 21 0 23 0 10 0 0 0 2 0 0 0 12 4 0 0 0 0 0 7 0 0 0 0 0 0 1 0 8 0 0 0 0 0 0 0 0 0 0 0 0 0 0 0 19 
0 0 0 0 0 0 0 0 0 0 0 0 11 0 0 0 0 0 0 0 0 0 1 0 0 22 0 23 0 0 8 0 0 0 0 0 0 0 0 0 0 0 20 0 0 16 0 0 0 0 
23 24 0 0 21 0 0 27 0 26 0 0 0 0 0 0 0 22 0 22 0 29 9 16 0 0 26 16 0 0 0 25 0 0 0 0 17 0 17 0 24 0 0 0 0 19 0 27 0 0 
25 0 0 0 0 0 0 0 0 0 23 19 0 0 0 0 0 0 0 0 11 0 0 0 0 0 0 0 0 0 0 0 0 0 0 0 0 0 0 0 0 3 0 0 1 0 0 11 0 0 
0 24 0 0 14 0 0 0 0 0 0 0 18 0 0 0 0 4 25 0 0 0 0 0 0 0 0 0 0 0 0 18 3 0 0 21 0 0 0 0 0 7 18 14 27 0 0 8 0 1 
4 0 0 0 0 0 0 0 0 23 0 0 0 0 10 0 0 0 0 21 0 0 0 0 0 0 15 0 0 0 0 0 8 0 0 7 0 0 0 3 0 0 0 25 0 0 0 0 0 0 
0 14 0 0 0 0 0 0 8 5 0 0 0 0 0 0 0 0 0 0 0 0 0 0 0 0 0 0 0 28 0 0 0 0 0 0 0 0 0 0 0 0 24 0 0 0 0 0 0 20 
0 15 10 0 13 0 0 0 0 0 0 0 0 15 0 0 5 12 0 0 0 0 0 0 0 0 27 0 0 0 16 0 20 0 10 3 2 0 0 0 0 6 22 7 0 0 0 0 0 1 
0 9 0 0 29 0 0 0 0 0 0 0 0 0 0 0 0 20 0 0 26 0 0 0 0 0 0 5 0 0 0 0 0 27 0 0 0 9 0 0 0 0 0 0 20 1 0 12 0 0 
0 0 0 0 0 0 0 0 0 1 4 0 0 0 0 0 0 0 0 0 23 0 0 0 0 0 0 0 0 0 13 0 0 0 0 27 8 0 20 0 18 16 0 7 13 0 0 0 0 0 
0 0 0 0 0 0 0 0 0 0 0 0 0 0 0 0 0 0 17 0 0 0 0 0 0 0 0 0 0 6 0 4 0 0 0 0 0 0 23 0 0 0 3 0 0 0 11 22 0 0 
0 26 10 0 13 0 0 0 10 0 0 0 0 0 0 0 0 0 0 0 0 0 0 0 4 0 2 0 0 0 0 27 0 0 0 0 0 0 0 0 0 0 0 0 0 0 22 0 18 22 
0 0 0 13 0 9 8 0 0 0 0 0 0 22 0 0 0 0 0 15 0 0 0 0 0 0 0 0 0 9 0 0 0 0 0 10 19 0 0 0 19 13 3 0 0 24 0 0 0 0 
0 0 0 18 0 25 13 0 0 0 21 0 0 0 10 0 0 0 0 0 0 0 21 25 0 0 0 0 0 0 0 0 0 0 0 0 0 0 0 0 0 22 3 20 0 0 0 0 0 6 
14 0 13 0 0 0 0 0 0 0 0 26 0 2 0 0 5 0 0 24 0 0 0 0 0 0 0 27 0 0 0 0 0 0 13 0 0 0 0 0 0 0 0 0 18 0 0 0 0 0 
9 0 0 0 0 0 0 0 0 0 26 0 20 0 0 11 0 20 0 0 0 0 0 0 10 0 0 0 0 0 0 0 0 0 27 26 27 0 0 0 0 0 0 0 0 14 0 0 0 7 
0 24 0 0 0 0 0 0 0 0 26 0 27 25 0 0 0 0 0 0 0 5 0 0 0 4 0 18 0 0 0 0 0 0 0 8 0 0 0 0 0 4 20 0 13 0 0 0 0 0 
0 0 22 10 0 0 0 0 0 0 0 0 0 0 0 0 0 0 0 4 6 0 0 0 0 0 15 18 0 19 0 19 3 0 0 0 0 0 0 0 0 12 22 0 11 0 0 0 0 0 
0 0 0 0 0 0 0 0 0 0 0 0 0 0 0 0 0 0 0 0 9 0 0 0 0 0 0 0 0 25 0 0 0 0 0 0 0 1 0 0 0 0 0 0 0 0 0 0 0 0 
0 0 0 0 22 17 0 0 0 0 0 0 16 5 0 23 0 0 0 0 26 0 0 0 8 22 0 0 0 1 0 0 1 15 0 0 0 0 0 0 9 0 0 0 0 24 0 0 0 0 
0 0 26 0 0 0 0 0 0 0 0 0 18 0 25 0 0 0 10 0 22 0 0 2 18 0 0 0 0 5 0 0 0 19 0 0 0 0 0 0 0 0 0 0 0 0 0 0 0 0 
8 0 15 0 0 0 0 0 0 19 0 0 0 0 0 15 0 0 0 12 0 0 0 16 0 6 0 0 0 0 2 12 0 0 0 0 0 0 2 0 0 0 0 0 0 0 0 0 0 0 
1 0 15 0 6 0 0 24 0 0 0 0 0 0 0 0 0 0 0 0 0 0 0 17 0 0 0 0 0 0 0 0 0 0 0 0 22 22 0 0 0 0 26 0 0 0 11 0 0 0 
0 0 0 1 0 0 0 2 0 0 0 0 0 0 0 0 0 0 0 0 0 0 0 0 0 0 17 0 0 0 0 0 21 0 19 0 0 0 0 0 0 0 4 0 25 0 0 0 0 4 
0 0 0 0 0 14 2 0 3 0 0 0 0 0 0 0 0 0 0 0 0 0 11 0 0 0 0 0 0 0 0 0 20 0 0 0 0 0 0 0 0 0 0 0 0 0 0 0 0 0 
0 0 0 0 0 0 0 0 0 14 0 0 0 0 22 2 0 0 0 0 0 15 0 0 0 0 0 0 0 0 0 3 0 0 0 0 0 0 25 7 4 6 0 9 0 0 0 0 23 0 
0 0 0 1 0 0 0 0 8 0 0 0 0 0 0 5 0 0 0 0 0 0 0 0 0 0 24 0 0 0 0 0 12 0 0 0 0 0 0 7 22 6 6 0 0 0 0 0 0 9 
24 18 0 0 0 0 0 0 0 0 0 0 15 5 0 0 0 0 0 0 0 0 21 0 0 0 5 2 0 0 22 27 0 0 0 0 0 0 26 0 0 0 0 16 0 0 4 17 0 0 
