50

0 1 1 0 0 0 1 0 1 1 0 1 1 1 1 0 1 1 1 1 1 0 1 1 1 1 0 1 1 1 1 1 0 1 1 1 0 1 1 0 1 1 0 0 1 1 1 1 1 1 
1 0 1 1 0 1 0 1 1 0 1 1 0 0 1 0 1 1 0 1 0 0 1 0 1 1 1 1 1 0 0 1 1 1 1 1 1 1 1 0 1 0 1 1 0 0 1 1 1 1 
1 1 0 0 0 1 0 1 1 1 0 0 1 1 0 1 1 1 1 1 1 1 0 0 1 0 1 1 1 1 1 0 1 1 1 0 1 0 0 1 0 1 1 0 1 0 1 0 1 1 
0 1 0 0 1 1 0 1 1 1 1 0 1 1 1 0 1 1 1 1 1 1 1 0 0 1 1 0 0 1 1 0 1 0 1 1 0 0 1 0 0 1 1 1 1 1 1 1 1 1 
0 0 0 1 0 1 1 1 1 0 1 0 1 0 0 1 1 1 0 0 0 1 1 1 1 1 1 1 1 0 0 1 1 0 1 1 1 0 1 1 1 1 1 0 0 0 1 0 0 0 
0 1 1 1 1 0 1 1 1 0 0 1 0 1 0 1 1 1 1 1 1 1 1 0 0 1 1 1 1 0 0 1 1 1 1 1 1 0 1 1 1 1 1 1 1 1 1 0 1 1 
1 0 0 0 1 1 0 0 1 0 1 1 1 1 0 1 0 0 1 1 1 1 1 1 1 0 1 0 1 1 1 1 0 1 0 1 0 1 0 1 0 1 1 1 0 1 0 1 1 1 
0 1 1 1 1 1 0 0 1 1 1 1 1 0 1 0 1 1 1 1 0 1 1 1 0 1 1 1 1 1 0 1 0 0 1 0 1 0 1 0 0 0 1 0 1 0 1 1 0 1 
1 1 1 1 1 1 1 1 0 0 1 1 1 1 0 0 1 0 0 0 1 0 1 1 1 0 1 1 1 1 1 0 0 0 1 0 0 1 1 1 0 1 1 1 1 0 0 1 0 1 
1 0 1 1 0 0 0 1 0 0 0 0 1 0 0 1 1 1 0 1 1 1 1 0 0 1 1 1 0 1 1 1 0 1 1 1 1 0 1 1 0 0 1 1 0 1 1 0 1 1 
0 1 0 1 1 0 1 1 1 0 0 1 1 0 1 0 1 1 0 1 1 1 0 0 1 1 1 1 1 1 1 1 1 1 0 0 1 0 1 1 1 0 1 1 1 1 1 0 1 1 
1 1 0 0 0 1 1 1 1 0 1 0 1 1 1 1 1 1 1 1 1 0 1 0 1 1 0 1 0 0 0 1 1 1 0 0 1 1 1 1 0 0 1 0 1 1 0 1 1 1 
1 0 1 1 1 0 1 1 1 1 1 1 0 1 1 1 1 0 0 1 1 1 1 1 1 1 1 0 1 1 1 0 1 0 1 1 1 1 1 0 1 1 0 1 1 1 1 1 1 1 
1 0 1 1 0 1 1 0 1 0 0 1 1 0 1 0 1 1 1 1 0 0 1 1 1 1 1 1 1 1 0 1 1 1 1 1 0 1 1 0 0 1 0 1 0 1 0 0 0 0 
1 1 0 1 0 0 0 1 0 0 1 1 1 1 0 1 0 1 0 1 1 0 1 1 1 0 1 1 1 1 1 1 0 1 1 1 0 1 1 1 1 0 1 1 0 1 0 0 1 0 
0 0 1 0 1 1 1 0 0 1 0 1 1 0 1 0 0 1 1 0 1 0 1 1 0 1 1 1 0 0 1 1 1 1 1 1 1 1 1 1 0 1 1 1 1 1 0 1 1 0 
1 1 1 1 1 1 0 1 1 1 1 1 1 1 0 0 0 1 1 1 0 0 0 1 1 1 1 1 1 1 0 1 1 1 1 1 1 1 1 0 1 1 1 0 1 0 1 0 1 0 
1 1 1 1 1 1 0 1 0 1 1 1 0 1 1 1 1 0 1 0 1 0 1 0 0 1 1 0 1 1 1 1 1 1 1 1 0 1 1 1 0 0 0 1 0 1 0 1 1 1 
1 0 1 1 0 1 1 1 0 0 0 1 0 1 0 1 1 1 0 1 0 0 0 1 1 1 0 0 1 1 1 1 1 1 0 1 0 1 1 1 0 1 1 1 1 0 0 1 0 1 
1 1 1 1 0 1 1 1 0 1 1 1 1 1 1 0 1 0 1 0 1 1 1 1 1 1 1 1 1 1 1 0 1 1 0 1 1 1 1 1 0 1 1 0 1 0 1 1 1 0 
1 0 1 1 0 1 1 0 1 1 1 1 1 0 1 1 0 1 0 1 0 0 1 1 1 0 1 1 1 1 1 0 1 1 1 1 0 0 1 1 1 0 0 1 0 1 1 0 1 1 
0 0 1 1 1 1 1 1 0 1 1 0 1 0 0 0 0 0 0 1 0 0 1 0 0 1 1 0 1 1 1 1 0 0 0 1 1 0 0 0 1 1 1 1 0 1 1 1 0 1 
1 1 0 1 1 1 1 1 1 1 0 1 1 1 1 1 0 1 0 1 1 1 0 1 1 0 1 1 1 1 1 1 1 0 1 1 1 0 0 1 1 1 1 1 0 1 1 1 0 1 
1 0 0 0 1 0 1 1 1 0 0 0 1 1 1 1 1 0 1 1 1 0 1 0 1 1 1 1 1 0 1 0 1 0 0 1 0 0 0 1 1 1 1 1 1 1 0 1 0 1 
1 1 1 0 1 0 1 0 1 0 1 1 1 1 1 0 1 0 1 1 1 0 1 1 0 1 1 1 0 0 1 1 1 0 1 1 0 0 1 1 1 0 1 1 1 0 1 0 1 1 
1 1 0 1 1 1 0 1 0 1 1 1 1 1 0 1 1 1 1 1 0 1 0 1 1 0 1 1 1 1 1 0 1 1 1 0 1 1 1 1 0 1 1 1 1 0 1 0 1 0 
0 1 1 1 1 1 1 1 1 1 1 0 1 1 1 1 1 1 0 1 1 1 1 1 1 1 0 1 1 1 1 1 1 0 1 1 1 1 1 1 1 1 1 1 0 1 0 1 1 1 
1 1 1 0 1 1 0 1 1 1 1 1 0 1 1 1 1 0 0 1 1 0 1 1 1 1 1 0 0 1 1 0 0 0 0 1 0 0 1 1 1 1 0 0 1 1 0 0 0 0 
1 1 1 0 1 1 1 1 1 0 1 0 1 1 1 0 1 1 1 1 1 1 1 1 0 1 1 0 0 0 1 1 1 0 1 1 0 1 0 1 0 0 1 0 1 1 1 0 1 1 
1 0 1 1 0 0 1 1 1 1 1 0 1 1 1 0 1 1 1 1 1 1 1 0 0 1 1 1 0 0 1 0 1 1 1 0 1 0 1 1 1 0 1 1 1 1 0 0 1 1 
1 0 1 1 0 0 1 0 1 1 1 0 1 0 1 1 0 1 1 1 1 1 1 1 1 1 1 1 1 1 0 1 1 0 0 1 0 1 0 1 0 1 1 0 0 1 0 1 1 1 
1 1 0 0 1 1 1 1 0 1 1 1 0 1 1 1 1 1 1 0 0 1 1 0 1 0 1 0 1 0 1 0 1 1 1 1 1 0 0 1 1 1 1 1 1 1 1 1 1 1 
0 1 1 1 1 1 0 0 0 0 1 1 1 1 0 1 1 1 1 1 1 0 1 1 1 1 1 0 1 1 1 1 0 0 1 1 1 0 1 1 1 1 1 0 0 0 1 1 1 1 
1 1 1 0 0 1 1 0 0 1 1 1 0 1 1 1 1 1 1 1 1 0 0 0 0 1 0 0 0 1 0 1 0 0 0 1 1 1 1 1 0 0 1 1 1 0 1 1 1 0 
1 1 1 1 1 1 0 1 1 1 0 0 1 1 1 1 1 1 0 0 1 0 1 0 1 1 1 0 1 1 0 1 1 0 0 1 1 1 1 0 1 1 0 0 0 1 0 0 0 0 
1 1 0 1 1 1 1 0 0 1 0 0 1 1 1 1 1 1 1 1 1 1 1 1 1 0 1 1 1 0 1 1 1 1 1 0 1 1 1 0 1 0 1 1 1 1 1 1 1 1 
0 1 1 0 1 1 0 1 0 1 1 1 1 0 0 1 1 0 0 1 0 1 1 0 0 1 1 0 0 1 0 1 1 1 1 1 0 0 1 1 0 1 1 1 1 1 0 0 0 1 
1 1 0 0 0 0 1 0 1 0 0 1 1 1 1 1 1 1 1 1 0 0 0 0 0 1 1 0 1 0 1 0 0 1 1 1 0 0 1 1 0 1 1 1 0 1 0 1 1 1 
1 1 0 1 1 1 0 1 1 1 1 1 1 1 1 1 1 1 1 1 1 0 0 0 1 1 1 1 0 1 0 0 1 1 1 1 1 1 0 1 1 1 0 1 1 1 0 1 0 1 
0 0 1 0 1 1 1 0 1 1 1 1 0 0 1 1 0 1 1 1 1 0 1 1 1 1 1 1 1 1 1 1 1 1 0 0 1 1 1 0 0 0 0 0 0 1 0 1 1 1 
1 1 0 0 1 1 0 0 0 0 1 0 1 0 1 0 1 0 0 0 1 1 1 1 1 0 1 1 0 1 0 1 1 0 1 1 0 0 1 0 0 1 0 1 0 1 1 1 0 0 
1 0 1 1 1 1 1 0 1 0 0 0 1 1 0 1 1 0 1 1 0 1 1 1 0 1 1 1 0 0 1 1 1 0 1 0 1 1 1 0 1 0 1 0 0 1 0 0 1 0 
0 1 1 1 1 1 1 1 1 1 1 1 0 0 1 1 1 0 1 1 0 1 1 1 1 1 1 0 1 1 1 1 1 1 0 1 1 1 0 0 0 1 0 1 0 0 1 1 1 1 
0 1 0 1 0 1 1 0 1 1 1 0 1 1 1 1 0 1 1 0 1 1 1 1 1 1 1 0 0 1 0 1 0 1 0 1 1 1 1 0 1 0 1 0 1 0 0 0 1 0 
1 0 1 1 0 1 0 1 1 0 1 1 1 0 0 1 1 0 1 1 0 0 0 1 1 1 0 1 1 1 0 1 0 1 0 1 1 0 1 0 0 0 0 1 0 1 1 0 0 1 
1 0 0 1 0 1 1 0 0 1 1 1 1 1 1 1 0 1 0 0 1 1 1 1 0 0 1 1 1 1 1 1 0 0 1 1 1 1 1 1 1 1 0 0 1 0 0 0 1 0 
1 1 1 1 1 1 0 1 0 1 1 0 1 0 0 0 1 0 0 1 1 1 1 0 1 1 0 0 1 0 0 1 1 1 0 1 0 0 0 0 1 0 1 0 1 0 0 1 0 0 
1 1 0 1 0 0 1 1 1 0 0 1 1 0 0 1 0 1 1 1 0 1 1 1 0 0 1 0 0 0 1 1 1 1 0 1 0 1 1 1 1 0 1 0 0 0 1 0 0 1 
1 1 1 1 0 1 1 0 0 1 1 1 1 0 1 1 1 1 0 1 1 0 0 0 1 1 1 0 1 1 1 1 1 1 0 1 0 1 0 1 0 1 1 1 0 1 0 0 0 1 
1 1 1 1 0 1 1 1 1 1 1 1 1 0 0 0 0 1 1 0 1 1 1 1 1 0 1 0 1 1 1 1 1 0 0 1 1 1 1 1 0 0 1 0 1 0 0 1 1 0 

0 0 0 0 6 0 0 0 0 10 0 15 0 2 0 0 0 0 0 0 0 24 13 0 0 0 26 15 30 0 0 0 11 13 0 0 0 0 0 0 0 0 28 0 0 0 0 9 29 0 
0 0 0 0 0 10 0 0 0 0 7 0 30 0 0 0 14 0 15 0 0 0 0 0 0 0 0 0 0 0 0 14 0 0 1 0 0 0 0 0 6 0 0 0 0 0 0 0 28 0 
0 0 0 0 0 18 0 0 25 0 0 0 0 15 0 1 0 0 0 0 0 0 0 0 22 0 0 0 18 0 0 0 0 0 0 0 0 0 0 0 0 0 0 0 3 0 22 0 0 0 
0 21 0 0 0 0 0 0 6 0 0 0 0 0 0 0 0 0 0 0 0 11 0 0 15 0 5 24 0 0 29 0 19 0 0 0 0 0 0 0 0 0 0 6 16 14 0 0 22 0 
0 0 0 9 0 0 0 0 11 0 0 16 0 0 17 0 0 0 0 0 0 0 0 21 0 0 0 0 0 0 0 0 0 10 0 0 0 0 23 0 0 0 0 0 0 0 0 0 13 0 
0 11 0 0 0 0 0 0 10 0 0 0 0 17 0 0 16 0 29 0 0 0 0 0 4 0 0 0 0 0 9 0 0 0 1 0 0 0 0 0 0 17 0 0 0 0 0 0 0 0 
0 0 11 29 0 30 0 0 0 0 0 0 0 0 0 0 0 0 0 0 8 0 0 15 0 6 0 0 0 0 5 0 0 0 0 0 0 28 0 0 0 0 0 0 0 0 0 24 0 0 
0 0 0 0 0 0 0 0 0 0 0 0 0 0 0 0 0 0 0 0 0 0 0 0 0 0 0 26 13 0 0 0 0 0 6 0 29 0 11 0 0 0 0 0 0 0 0 19 0 0 
0 0 0 0 0 0 0 0 0 0 0 0 0 0 0 0 29 1 0 0 0 0 0 0 0 0 0 0 0 22 0 0 0 0 0 31 6 0 0 0 0 0 0 0 0 0 13 0 0 0 
18 2 0 0 0 0 0 0 25 0 0 0 20 0 0 0 2 0 0 0 0 9 20 29 0 0 0 21 0 0 0 0 0 24 0 0 0 0 0 0 0 0 20 0 8 0 0 0 0 0 
0 0 0 27 0 17 4 0 23 0 0 0 0 0 13 24 0 0 0 0 0 0 0 2 0 0 19 0 0 0 0 0 0 0 0 0 0 28 25 0 0 0 0 0 0 0 0 0 0 0 
0 0 0 0 0 19 0 0 0 19 0 0 0 0 24 0 0 0 28 0 0 0 0 0 0 8 12 0 0 0 9 0 10 0 0 0 0 24 0 0 0 7 0 0 0 0 0 0 0 0 
0 0 0 0 17 0 0 0 0 0 11 0 0 0 0 0 0 0 4 0 0 0 0 0 0 10 4 0 29 0 0 0 0 0 0 0 21 0 0 0 24 0 0 0 0 0 0 0 0 0 
0 0 0 0 0 15 0 0 31 0 0 0 0 0 0 10 0 0 0 0 0 17 0 0 0 0 0 21 28 2 0 0 0 0 0 0 0 0 0 12 0 0 0 28 3 0 0 0 0 0 
15 0 0 23 0 0 0 0 0 0 0 0 0 0 0 0 0 0 0 0 0 0 0 0 5 0 0 0 0 15 0 0 0 20 5 0 0 8 0 15 0 0 0 0 5 21 0 0 0 0 
0 0 0 0 0 0 0 0 0 0 0 0 16 0 0 0 0 0 0 0 0 0 18 0 0 0 0 0 0 0 0 0 0 0 0 0 0 0 0 0 0 0 0 30 28 0 0 0 0 2 
0 0 25 0 11 1 7 0 0 16 0 0 0 0 29 0 0 0 0 0 0 0 0 22 0 0 30 0 0 0 0 12 13 12 0 0 0 0 0 0 0 0 0 0 0 0 0 0 0 0 
14 0 0 0 0 0 0 23 8 8 23 0 0 0 0 0 0 0 30 0 0 0 0 0 16 0 0 0 15 0 0 0 4 0 0 0 0 0 0 0 0 28 0 17 0 0 0 5 0 0 
0 0 0 0 0 0 0 0 4 0 0 0 0 15 6 0 0 0 0 0 0 0 0 0 0 0 0 29 0 0 0 0 0 5 0 0 0 3 5 0 0 31 0 0 0 0 0 30 0 0 
0 0 0 0 0 0 0 0 0 0 0 0 0 27 0 0 0 0 0 0 0 0 0 0 0 0 0 0 0 12 0 0 0 0 9 0 31 0 14 0 0 0 23 7 11 0 0 0 0 8 
27 21 0 0 0 0 0 0 0 0 0 0 0 0 0 0 0 0 0 0 0 0 0 0 0 0 0 0 0 0 0 0 0 0 14 0 0 0 4 0 26 0 0 0 0 0 0 0 0 0 
0 30 0 0 0 0 0 0 0 26 0 0 0 0 0 0 0 26 0 0 0 0 0 0 7 0 0 0 0 0 0 0 0 0 0 2 6 0 0 0 0 0 0 0 0 0 0 0 26 0 
0 0 27 19 0 0 0 0 2 0 0 0 0 0 23 0 0 0 0 0 0 0 0 0 0 16 0 0 15 0 32 0 0 0 25 0 0 0 8 0 0 0 0 0 0 0 22 12 0 0 
0 0 2 0 0 0 0 0 0 0 0 0 0 0 0 0 1 1 0 18 0 0 0 0 0 0 0 0 6 0 0 0 0 11 0 0 0 0 0 0 8 0 0 0 0 5 0 0 0 0 
18 0 0 14 0 0 1 0 0 0 0 0 0 0 0 0 0 0 0 0 0 0 16 0 0 0 0 0 0 0 0 9 20 0 4 0 0 0 0 0 21 12 27 11 0 0 0 23 0 0 
0 0 0 0 0 4 0 0 24 0 27 0 0 0 26 20 0 0 0 0 17 5 0 0 0 0 0 0 0 0 0 0 0 0 0 0 0 9 0 0 7 18 0 0 0 24 0 0 0 0 
0 0 0 0 0 26 0 21 0 0 0 0 25 15 25 0 0 0 0 0 0 19 0 0 28 0 0 23 0 0 0 0 0 19 0 0 0 0 0 0 23 0 0 19 0 0 1 8 0 0 
0 0 0 0 0 0 0 0 0 23 29 0 5 0 0 0 0 0 0 24 0 0 0 28 28 14 0 0 0 0 0 0 0 0 0 0 0 0 0 0 0 0 0 32 0 0 0 0 0 0 
0 0 0 0 10 0 0 17 21 0 0 0 0 0 0 0 21 0 4 0 0 0 0 0 0 0 0 16 0 0 0 0 0 0 0 22 7 0 0 0 0 0 0 25 0 0 0 0 0 0 
0 0 0 0 0 26 0 0 0 0 0 0 0 0 0 0 0 0 0 0 0 0 30 0 0 0 0 5 4 0 0 0 0 0 5 0 0 21 15 0 0 0 0 0 0 4 0 0 0 0 
0 0 0 0 1 0 13 0 30 0 0 0 0 0 0 2 0 28 0 0 17 0 0 0 10 0 0 0 0 0 0 0 0 0 20 0 0 0 0 0 0 0 14 10 0 0 0 29 0 0 
0 0 26 0 0 0 21 0 0 0 0 13 0 0 0 0 0 0 0 8 0 0 0 0 0 0 0 0 0 0 0 0 0 12 0 0 0 0 0 0 0 0 0 0 0 30 30 0 0 18 
3 12 0 0 27 0 0 0 24 0 0 0 0 0 0 0 0 0 0 0 0 0 13 0 0 0 0 0 20 8 0 0 0 0 0 0 0 0 0 0 19 15 0 0 0 0 0 8 19 0 
0 0 0 9 0 0 0 0 0 0 0 22 5 4 4 0 13 0 0 0 0 24 0 0 22 0 0 0 0 0 5 0 0 0 0 0 0 25 0 0 0 0 0 0 0 0 0 0 0 0 
0 0 0 0 0 0 0 0 29 1 0 0 10 0 5 0 2 0 0 8 0 5 0 0 0 0 0 0 0 0 0 0 0 0 0 0 25 0 23 0 0 4 0 0 7 0 0 0 0 0 
1 6 0 0 8 0 0 12 0 25 0 0 0 0 0 0 0 0 0 0 0 1 6 0 0 0 13 0 0 0 0 0 0 0 0 0 0 0 0 0 0 0 0 0 0 0 0 0 15 0 
0 0 0 0 0 8 0 0 0 0 0 0 0 0 0 0 0 0 0 0 0 0 0 0 0 0 0 0 0 0 0 0 0 0 24 0 0 0 0 1 0 0 0 0 0 0 0 0 11 26 
0 0 0 2 0 0 0 0 0 15 0 0 0 0 0 0 0 0 0 0 0 0 0 0 0 0 22 12 0 0 9 0 0 0 0 0 15 0 0 0 0 12 0 0 0 0 14 6 0 0 
0 0 0 0 0 0 0 31 0 0 0 0 0 7 2 0 0 0 0 0 23 0 28 0 18 0 0 0 0 0 0 0 0 0 0 17 1 0 0 0 0 0 0 0 22 10 0 0 10 0 
0 0 1 0 0 0 0 0 0 0 0 0 0 0 0 0 0 0 0 0 0 0 0 0 0 0 2 0 0 8 0 0 0 0 24 0 0 3 13 0 0 0 0 0 0 0 4 0 0 0 
0 1 0 0 0 0 0 0 27 0 0 0 0 0 26 0 5 0 7 0 3 0 0 0 0 1 0 21 0 0 0 0 0 9 28 0 0 0 0 0 0 31 0 27 0 0 0 0 0 0 
0 22 0 0 31 16 0 31 0 0 0 0 0 1 0 0 0 0 0 0 0 0 0 0 0 0 0 0 0 0 0 0 16 20 0 0 24 0 0 0 3 0 0 0 28 0 0 0 0 23 
0 0 15 0 0 0 0 0 0 0 19 1 0 0 27 0 0 23 0 0 0 0 0 27 0 7 0 0 27 0 2 3 0 18 0 5 0 0 14 0 0 0 0 0 7 0 0 15 0 0 
0 0 0 0 3 6 0 0 0 0 0 0 0 0 0 0 0 0 8 20 0 25 0 24 0 0 0 0 0 0 0 0 0 0 0 0 0 0 0 0 0 0 8 0 0 0 13 0 0 0 
6 0 0 0 0 0 0 0 0 0 0 0 3 0 0 0 0 0 9 0 0 29 0 0 0 0 0 0 0 9 0 0 0 0 0 0 0 0 28 0 0 0 0 0 0 9 0 0 0 0 
0 0 19 19 26 0 0 0 0 27 0 0 0 0 0 14 0 0 0 0 7 0 0 11 0 0 0 0 16 0 8 0 0 0 0 12 0 0 0 0 0 0 0 0 0 0 6 0 20 0 
0 14 0 22 0 13 0 12 0 8 0 0 0 0 13 14 0 0 0 0 0 0 0 32 0 0 0 0 0 0 0 0 29 15 0 23 0 0 0 0 0 0 0 0 0 0 0 0 0 0 
0 0 0 20 0 0 12 0 0 0 0 0 0 0 0 0 0 0 12 0 0 29 0 0 0 0 0 0 0 0 0 19 0 0 0 0 0 0 13 14 0 0 0 0 10 0 0 0 0 18 
0 0 0 0 0 0 0 0 0 4 0 0 0 0 0 0 0 0 26 0 0 0 0 0 0 0 0 0 5 0 0 0 0 0 0 0 0 0 0 28 0 0 13 0 24 0 0 0 0 27 
0 23 0 0 0 0 0 0 0 0 0 9 0 0 14 0 0 0 28 0 0 14 24 0 0 15 0 0 0 0 0 0 0 21 0 0 0 0 28 0 0 0 0 0 0 0 0 0 0 0 
