50

0 1 0 1 1 1 1 1 1 1 0 1 1 1 1 1 1 1 1 1 1 1 1 0 1 1 1 1 1 1 1 0 0 1 1 1 0 1 1 1 1 1 1 1 1 1 1 1 0 1 
1 0 1 0 1 0 1 0 1 1 1 1 0 1 1 1 0 1 1 1 1 1 1 1 0 1 1 1 1 1 1 1 1 1 0 1 0 1 0 1 1 1 1 1 1 1 0 1 1 0 
0 1 0 1 1 1 1 1 0 1 1 1 0 1 1 1 1 1 1 0 1 1 1 1 1 1 0 1 1 1 0 1 1 1 1 1 1 1 1 1 1 1 1 1 1 1 0 1 1 1 
1 0 1 0 1 0 0 1 1 1 0 0 0 0 1 1 1 1 1 0 1 1 1 0 1 1 1 1 1 1 1 1 1 1 1 1 1 1 1 1 1 1 1 1 1 1 1 1 0 1 
1 1 1 1 0 1 1 1 1 1 1 1 1 1 1 0 1 0 1 1 1 0 1 1 0 1 1 1 1 1 1 1 1 1 1 1 1 1 1 1 1 1 1 1 1 1 0 1 1 1 
1 0 1 0 1 0 1 1 1 1 1 1 1 0 0 1 1 0 0 1 1 1 1 1 1 1 1 1 1 1 1 1 0 0 0 1 1 1 1 0 0 1 1 1 1 1 1 1 1 1 
1 1 1 0 1 1 0 1 1 1 1 1 1 1 1 1 1 0 0 1 1 1 1 1 1 1 1 1 0 1 1 1 1 1 1 1 1 0 1 1 1 1 1 1 1 1 1 1 1 1 
1 0 1 1 1 1 1 0 1 1 0 1 0 1 1 1 1 1 1 1 1 1 1 1 1 1 1 1 1 1 1 1 1 1 1 1 1 0 1 1 0 1 1 1 1 1 1 1 1 1 
1 1 0 1 1 1 1 1 0 0 1 1 1 1 0 1 0 1 1 1 1 1 1 1 1 1 1 1 0 1 1 1 0 1 1 0 1 1 1 1 1 1 0 1 1 1 1 1 0 1 
1 1 1 1 1 1 1 1 0 0 1 1 0 1 1 1 1 1 0 1 1 1 1 0 1 1 1 1 1 1 0 1 1 1 1 1 1 1 1 1 1 1 1 1 1 1 1 1 1 1 
0 1 1 0 1 1 1 0 1 1 0 0 1 1 1 0 1 1 0 1 1 0 1 1 0 1 0 1 0 1 1 0 0 1 1 1 1 1 1 1 1 1 1 1 1 1 1 1 1 1 
1 1 1 0 1 1 1 1 1 1 0 0 1 0 1 1 1 1 1 0 1 1 1 1 1 1 1 0 1 1 0 1 1 0 1 0 0 0 1 1 0 1 1 1 0 1 1 1 0 1 
1 0 0 0 1 1 1 0 1 0 1 1 0 0 1 0 0 1 1 1 1 1 1 1 1 1 1 1 1 1 1 1 1 1 1 1 1 0 1 0 1 1 1 0 1 1 0 0 0 0 
1 1 1 0 1 0 1 1 1 1 1 0 0 0 1 0 0 1 1 1 1 1 1 1 1 1 1 1 1 1 1 1 1 1 1 0 1 1 0 1 1 1 1 1 0 1 1 1 1 1 
1 1 1 1 1 0 1 1 0 1 1 1 1 1 0 1 1 1 1 1 0 0 1 0 1 1 1 1 0 1 1 1 1 1 0 1 1 0 1 1 1 1 1 1 1 1 1 1 0 1 
1 1 1 1 0 1 1 1 1 1 0 1 0 0 1 0 1 1 1 0 1 1 1 1 1 1 0 1 1 1 1 1 1 1 1 1 1 0 1 1 1 1 0 1 0 1 1 1 1 0 
1 0 1 1 1 1 1 1 0 1 1 1 0 0 1 1 0 1 1 1 1 1 0 1 0 1 0 1 1 1 1 1 1 0 1 1 1 1 1 1 1 1 1 1 1 1 0 1 1 1 
1 1 1 1 0 0 0 1 1 1 1 1 1 1 1 1 1 0 0 1 1 1 1 1 1 1 1 1 1 0 1 1 1 1 1 1 0 1 1 1 1 1 1 1 1 0 1 1 1 1 
1 1 1 1 1 0 0 1 1 0 0 1 1 1 1 1 1 0 0 0 0 0 1 1 1 1 1 1 0 0 0 1 1 1 1 1 1 1 1 1 1 1 1 1 1 1 1 1 1 1 
1 1 0 0 1 1 1 1 1 1 1 0 1 1 1 0 1 1 0 0 1 1 1 1 1 1 1 1 1 1 1 0 0 0 1 0 1 1 1 1 0 1 1 1 1 1 1 1 1 1 
1 1 1 1 1 1 1 1 1 1 1 1 1 1 0 1 1 1 0 1 0 0 1 1 1 1 1 1 1 1 1 1 0 1 1 1 1 0 1 1 0 0 1 0 1 1 1 1 1 1 
1 1 1 1 0 1 1 1 1 1 0 1 1 1 0 1 1 1 0 1 0 0 1 1 1 0 1 1 1 1 1 1 1 1 1 1 0 0 1 1 1 1 0 1 1 1 1 1 0 0 
1 1 1 1 1 1 1 1 1 1 1 1 1 1 1 1 0 1 1 1 1 1 0 1 1 1 0 1 1 1 1 1 1 1 1 0 1 1 1 0 0 0 0 1 1 1 0 1 1 1 
0 1 1 0 1 1 1 1 1 0 1 1 1 1 0 1 1 1 1 1 1 1 1 0 1 1 1 1 1 1 1 1 1 0 1 0 1 0 1 0 1 1 1 1 1 1 1 1 1 1 
1 0 1 1 0 1 1 1 1 1 0 1 1 1 1 1 0 1 1 1 1 1 1 1 0 1 1 0 1 0 1 1 1 1 1 1 1 1 1 1 0 1 1 1 1 1 1 1 1 1 
1 1 1 1 1 1 1 1 1 1 1 1 1 1 1 1 1 1 1 1 1 0 1 1 1 0 0 1 1 1 1 1 1 1 1 0 1 1 1 0 1 0 1 1 1 1 1 1 1 1 
1 1 0 1 1 1 1 1 1 1 0 1 1 1 1 0 0 1 1 1 1 1 0 1 1 0 0 1 1 1 1 1 1 1 0 1 1 0 1 1 1 0 1 1 1 1 0 1 1 1 
1 1 1 1 1 1 1 1 1 1 1 0 1 1 1 1 1 1 1 1 1 1 1 1 0 1 1 0 1 1 1 1 1 1 0 1 1 1 1 1 1 1 1 0 1 1 1 1 1 1 
1 1 1 1 1 1 0 1 0 1 0 1 1 1 0 1 1 1 0 1 1 1 1 1 1 1 1 1 0 1 0 1 1 1 0 1 1 1 1 0 1 0 1 1 1 1 1 1 0 1 
1 1 1 1 1 1 1 1 1 1 1 1 1 1 1 1 1 0 0 1 1 1 1 1 0 1 1 1 1 0 1 1 1 1 1 1 1 1 1 1 1 0 1 1 1 1 1 1 1 1 
1 1 0 1 1 1 1 1 1 0 1 0 1 1 1 1 1 1 0 1 1 1 1 1 1 1 1 1 0 1 0 1 0 0 0 1 1 1 1 1 1 1 0 0 0 1 1 1 1 1 
0 1 1 1 1 1 1 1 1 1 0 1 1 1 1 1 1 1 1 0 1 1 1 1 1 1 1 1 1 1 1 0 1 1 1 0 1 0 1 1 1 1 1 1 1 0 1 1 0 1 
0 1 1 1 1 0 1 1 0 1 0 1 1 1 1 1 1 1 1 0 0 1 1 1 1 1 1 1 1 1 0 1 0 1 1 0 1 0 1 1 0 1 1 1 1 1 0 1 1 1 
1 1 1 1 1 0 1 1 1 1 1 0 1 1 1 1 0 1 1 0 1 1 1 0 1 1 1 1 1 1 0 1 1 0 1 1 0 0 1 1 1 1 1 1 1 0 1 1 1 0 
1 0 1 1 1 0 1 1 1 1 1 1 1 1 0 1 1 1 1 1 1 1 1 1 1 1 0 0 0 1 0 1 1 1 0 1 1 1 1 0 0 1 1 1 1 1 1 1 1 1 
1 1 1 1 1 1 1 1 0 1 1 0 1 0 1 1 1 1 1 0 1 1 0 0 1 0 1 1 1 1 1 0 0 1 1 0 1 0 0 1 0 0 1 1 0 1 1 1 1 1 
0 0 1 1 1 1 1 1 1 1 1 0 1 1 1 1 1 0 1 1 1 0 1 1 1 1 1 1 1 1 1 1 1 0 1 1 0 0 1 0 0 1 1 1 1 0 0 1 0 1 
1 1 1 1 1 1 0 0 1 1 1 0 0 1 0 0 1 1 1 1 0 0 1 0 1 1 0 1 1 1 1 0 0 0 1 0 0 0 1 1 1 1 1 0 1 1 1 0 1 1 
1 0 1 1 1 1 1 1 1 1 1 1 1 0 1 1 1 1 1 1 1 1 1 1 1 1 1 1 1 1 1 1 1 1 1 0 1 1 0 1 1 1 1 1 1 0 1 1 1 1 
1 1 1 1 1 0 1 1 1 1 1 1 0 1 1 1 1 1 1 1 1 1 0 0 1 0 1 1 0 1 1 1 1 1 0 1 0 1 1 0 1 0 1 1 0 1 1 1 1 1 
1 1 1 1 1 0 1 0 1 1 1 0 1 1 1 1 1 1 1 0 0 1 0 1 0 1 1 1 1 1 1 1 0 1 0 0 0 1 1 1 0 1 1 0 0 1 1 0 1 1 
1 1 1 1 1 1 1 1 1 1 1 1 1 1 1 1 1 1 1 1 0 1 0 1 1 0 0 1 0 0 1 1 1 1 1 0 1 1 1 0 1 0 1 0 1 1 1 1 1 1 
1 1 1 1 1 1 1 1 0 1 1 1 1 1 1 0 1 1 1 1 1 0 0 1 1 1 1 1 1 1 0 1 1 1 1 1 1 1 1 1 1 1 0 1 1 0 0 1 0 1 
1 1 1 1 1 1 1 1 1 1 1 1 0 1 1 1 1 1 1 1 0 1 1 1 1 1 1 0 1 1 0 1 1 1 1 1 1 0 1 1 0 0 1 0 0 1 0 1 1 1 
1 1 1 1 1 1 1 1 1 1 1 0 1 0 1 0 1 1 1 1 1 1 1 1 1 1 1 1 1 1 0 1 1 1 1 0 1 1 1 0 0 1 1 0 0 1 1 1 1 0 
1 1 1 1 1 1 1 1 1 1 1 1 1 1 1 1 1 0 1 1 1 1 1 1 1 1 1 1 1 1 1 0 1 0 1 1 0 1 0 1 1 1 0 1 1 0 1 1 1 1 
1 0 0 1 0 1 1 1 1 1 1 1 0 1 1 1 0 1 1 1 1 1 0 1 1 1 0 1 1 1 1 1 0 1 1 1 0 1 1 1 1 1 0 0 1 1 0 1 1 1 
1 1 1 1 1 1 1 1 1 1 1 1 0 1 1 1 1 1 1 1 1 1 1 1 1 1 1 1 1 1 1 1 1 1 1 1 1 0 1 1 0 1 1 1 1 1 1 0 1 1 
0 1 1 0 1 1 1 1 0 1 1 0 0 1 0 1 1 1 1 1 1 0 1 1 1 1 1 1 0 1 1 0 1 1 1 1 0 1 1 1 1 1 0 1 1 1 1 1 0 1 
1 0 1 1 1 1 1 1 1 1 1 1 0 1 1 0 1 1 1 1 1 0 1 1 1 1 1 1 1 1 1 1 1 0 1 1 1 1 1 1 1 1 1 1 0 1 1 1 1 0 

0 15 0 0 0 0 0 0 1 0 16 12 0 0 0 0 11 0 0 0 29 0 0 0 0 0 0 0 0 1 0 0 0 0 0 0 0 25 29 0 0 0 0 0 0 25 0 0 0 0 
0 0 0 0 0 16 0 0 0 0 0 0 0 0 0 0 0 31 0 0 10 0 0 16 0 0 0 0 3 17 0 0 0 0 0 0 1 0 0 0 0 0 0 0 0 0 0 20 0 0 
0 4 0 0 0 0 0 4 23 21 0 0 9 0 0 0 0 0 0 0 0 0 0 0 27 0 0 0 0 0 29 0 0 0 0 0 0 6 0 9 0 0 0 15 0 0 12 0 24 0 
0 0 0 0 0 0 0 0 8 0 17 0 0 0 0 0 0 0 0 0 5 0 0 9 0 31 0 21 0 0 0 0 0 0 0 27 0 0 7 0 0 0 0 0 0 0 0 0 0 0 
16 0 0 0 0 0 0 0 0 0 0 0 0 0 0 4 16 0 0 0 0 0 0 21 0 13 0 0 14 0 4 0 4 28 0 2 0 0 7 0 0 23 3 7 9 0 0 0 4 9 
0 0 0 0 0 0 0 0 0 0 0 30 0 0 0 0 0 0 0 0 0 0 0 0 0 16 27 0 0 0 0 4 13 0 0 11 0 12 0 0 0 0 0 0 0 0 0 17 0 0 
0 0 0 0 0 0 0 0 0 0 0 0 0 2 31 22 0 0 0 0 0 0 5 23 16 0 0 0 0 0 0 0 16 30 27 0 0 0 0 0 6 0 0 0 0 0 0 0 0 0 
0 0 0 0 0 0 0 0 0 0 22 0 0 31 0 0 0 0 0 0 5 0 0 0 0 0 0 25 0 0 0 0 6 0 0 2 29 0 0 0 0 19 0 0 0 0 0 0 0 0 
0 0 3 0 0 0 0 30 0 7 3 12 0 0 0 0 0 0 0 0 0 19 0 16 0 12 0 0 0 0 0 0 23 0 0 0 0 0 0 0 0 15 0 0 0 16 0 0 0 8 
16 0 0 0 0 11 0 0 29 0 2 14 24 0 2 0 0 0 0 0 0 0 13 0 0 0 0 30 0 0 0 2 0 0 4 0 0 0 0 0 0 0 0 0 0 0 1 0 0 0 
0 0 0 0 0 0 26 0 0 0 0 0 0 0 0 0 9 0 0 17 0 12 30 0 0 5 0 0 0 0 0 2 0 28 0 0 0 0 0 0 0 0 24 0 0 0 0 0 0 0 
0 22 11 23 0 0 0 0 0 17 0 0 21 0 0 0 0 0 0 15 0 0 0 0 0 0 0 0 0 0 0 0 0 0 10 0 22 0 0 7 0 0 0 0 0 0 6 0 0 1 
23 0 0 0 0 0 0 0 0 4 0 0 0 0 29 0 0 0 0 0 0 0 9 0 0 0 0 0 0 0 0 0 0 0 0 0 0 21 0 0 0 0 0 0 0 25 0 5 0 0 
0 0 0 9 0 2 0 21 14 0 7 0 27 0 0 0 0 0 0 0 0 0 0 0 2 0 0 0 0 0 31 0 0 0 7 0 0 0 5 0 0 0 0 0 0 0 0 0 0 25 
0 0 0 0 24 0 0 0 22 0 0 0 0 0 0 0 0 0 0 21 0 0 0 0 0 0 9 6 0 29 11 20 0 9 0 0 11 0 0 0 0 0 0 0 0 0 22 0 0 0 
0 0 0 0 0 0 0 0 0 16 7 0 0 0 16 0 0 0 0 0 0 0 0 11 0 0 0 13 0 0 0 0 0 0 1 0 0 0 0 0 0 0 0 9 0 17 0 0 0 0 
0 0 0 0 20 9 13 0 0 0 0 0 13 0 31 0 0 23 0 0 0 0 0 1 0 0 0 0 0 8 0 0 0 0 0 0 0 0 0 24 0 0 0 0 10 0 0 0 0 0 
0 0 0 0 0 29 1 0 20 15 11 0 19 0 0 0 0 0 0 0 0 6 0 0 0 0 0 30 0 0 2 0 0 0 0 0 0 0 0 0 0 0 0 0 0 13 0 0 0 11 
0 0 19 12 0 0 12 0 0 0 0 0 0 0 0 0 0 24 0 0 0 29 0 24 0 7 0 0 0 0 0 0 0 0 0 0 2 0 0 12 0 20 0 0 26 0 0 0 0 27 
11 0 0 0 17 0 0 0 6 0 0 0 0 1 0 0 0 0 0 0 0 19 0 30 0 0 0 0 0 0 0 0 0 0 0 0 0 8 0 0 0 0 0 14 15 0 0 0 0 0 
0 0 0 0 0 0 0 0 0 30 2 0 0 0 24 0 0 0 0 0 0 0 0 0 0 0 0 26 0 3 0 8 0 0 0 0 0 0 7 0 0 0 0 0 0 0 0 19 0 0 
27 0 21 0 0 0 25 0 0 0 0 0 0 30 0 15 0 0 8 0 0 0 0 0 26 0 0 0 5 30 0 0 27 0 0 0 0 0 14 0 10 14 0 0 0 0 0 0 0 0 
0 0 0 0 0 0 0 0 0 0 0 0 0 0 0 0 1 0 0 0 16 20 0 0 0 28 0 0 0 0 0 0 29 0 0 4 25 0 0 0 0 0 0 0 0 0 0 19 0 0 
0 1 0 0 0 0 0 0 0 0 0 0 0 11 0 0 0 0 0 0 7 0 27 0 0 24 0 0 3 0 0 22 0 0 0 0 9 0 0 0 0 0 17 0 9 0 0 5 0 0 
0 0 2 0 0 0 0 7 0 0 0 2 0 0 0 0 0 0 0 0 0 0 0 0 0 0 0 0 3 0 0 0 0 0 0 0 0 0 0 0 0 0 0 0 0 0 12 0 0 0 
0 0 0 0 0 0 0 0 26 0 0 1 0 18 0 0 0 0 0 0 0 0 0 27 0 0 23 0 0 0 0 26 0 0 0 22 15 0 5 0 0 0 0 0 0 0 0 0 0 0 
25 0 0 0 0 26 0 0 0 0 0 19 0 0 0 0 0 0 0 0 0 0 30 0 31 0 0 0 0 5 0 0 0 0 0 0 18 23 0 0 0 0 0 0 0 20 0 0 0 0 
0 0 0 0 0 0 0 0 10 0 0 0 0 0 5 0 0 19 0 10 2 0 0 0 0 11 0 0 22 0 0 15 0 7 0 0 0 0 0 0 0 0 0 0 29 0 0 0 0 17 
0 0 0 0 0 0 0 0 0 0 0 0 21 26 27 0 4 0 0 0 0 0 0 0 0 0 0 0 0 0 0 10 0 0 0 0 0 8 23 0 20 0 0 0 5 0 0 22 0 0 
0 0 0 0 0 0 29 29 0 0 0 0 11 24 0 0 0 18 0 0 0 0 0 0 0 0 0 0 10 0 0 0 0 0 0 0 0 13 0 0 0 5 19 3 0 0 0 0 0 0 
1 0 0 0 0 0 0 0 0 0 0 0 15 0 0 0 0 0 0 0 0 19 0 0 0 0 0 0 0 27 0 0 0 0 0 0 0 31 0 0 29 0 0 0 0 0 0 0 0 0 
0 0 0 4 28 0 0 0 0 0 13 0 0 0 22 0 0 0 0 0 0 0 0 0 0 0 21 0 0 0 18 0 0 0 0 0 3 0 0 0 2 27 0 29 0 0 0 0 0 0 
0 0 17 0 0 14 0 0 0 11 12 0 0 0 0 18 16 0 0 0 0 0 0 0 0 0 0 0 0 0 0 26 0 0 0 0 0 0 0 24 4 0 0 0 0 0 0 0 1 0 
0 0 25 0 0 0 0 6 0 0 0 0 5 0 0 0 0 0 0 0 0 0 18 27 0 27 0 19 11 0 0 3 0 0 0 8 0 0 0 0 0 0 0 0 0 0 0 16 0 0 
0 0 0 0 0 0 0 0 0 22 0 0 0 0 0 0 22 24 0 0 13 11 0 0 0 10 0 0 0 0 0 0 0 28 0 0 0 0 0 0 0 0 10 0 24 0 3 0 22 0 
0 0 0 0 0 0 23 0 12 0 0 0 7 0 0 0 17 0 17 0 0 0 0 0 0 27 30 0 0 11 24 0 1 0 2 0 0 0 0 0 0 0 0 0 0 0 0 30 0 0 
3 21 0 25 3 0 0 0 0 0 0 0 0 0 0 0 0 0 0 0 0 0 0 0 0 0 0 3 0 1 0 0 25 0 0 0 0 13 0 0 0 0 0 5 0 0 0 0 0 0 
0 0 0 8 0 0 0 0 0 0 0 0 3 0 0 0 0 0 0 0 0 0 0 15 0 30 0 18 0 0 0 0 0 0 27 0 0 0 0 11 0 0 0 0 0 26 0 12 0 25 
0 25 0 0 0 2 0 3 0 0 0 0 0 0 0 0 0 0 0 0 0 0 0 0 0 0 0 0 9 0 0 0 0 0 0 0 19 0 0 0 0 15 11 0 0 0 0 0 0 0 
0 18 0 0 0 0 0 0 0 0 0 20 0 0 0 0 0 0 0 2 0 0 0 0 0 0 8 0 0 0 26 0 16 8 0 0 0 0 0 0 0 0 0 27 0 0 23 0 0 0 
0 0 0 0 0 0 0 0 0 0 15 0 0 25 0 0 0 1 0 20 0 0 0 0 0 0 0 0 0 0 0 0 0 0 0 0 0 17 0 0 0 0 0 0 0 0 0 0 0 1 
11 18 0 0 28 0 0 22 0 0 4 0 0 0 0 0 0 0 0 0 0 0 0 1 22 0 0 0 0 0 0 0 0 0 0 17 0 12 0 0 0 0 0 0 0 0 0 0 0 0 
1 0 0 0 0 0 0 0 0 0 0 0 0 0 0 24 27 0 21 0 22 19 9 0 0 0 0 23 15 0 0 5 0 0 0 0 0 30 0 19 0 0 0 0 22 0 6 0 0 0 
0 0 0 0 0 23 0 0 0 0 25 6 0 0 0 0 0 16 0 0 30 0 0 0 0 0 0 0 0 0 0 0 0 0 0 0 6 0 0 0 0 0 0 0 0 0 0 0 0 0 
31 0 0 0 0 0 0 0 0 0 0 24 0 0 0 0 0 0 0 0 7 8 0 15 16 27 0 0 0 0 0 30 0 0 0 0 1 16 0 0 0 0 0 0 0 0 0 0 0 0 
13 0 0 0 0 0 0 0 0 0 0 0 0 0 0 19 9 0 2 0 0 0 0 0 0 4 0 0 7 0 0 0 0 0 21 0 0 0 0 0 0 0 15 0 0 0 0 0 0 0 
0 0 0 0 0 0 0 0 0 0 0 0 0 0 0 0 0 0 0 0 0 0 6 1 0 0 0 6 0 0 0 0 0 0 0 0 0 11 0 0 9 0 0 2 0 0 0 0 0 1 
0 0 0 0 0 0 0 21 3 0 21 0 0 0 5 0 0 0 0 0 16 29 0 0 0 22 18 0 9 0 0 0 0 0 0 0 17 0 0 0 0 0 18 0 0 0 0 0 0 0 
0 0 17 0 0 0 0 27 0 0 0 0 0 0 13 0 23 0 0 0 0 0 0 0 0 0 0 0 0 0 0 0 0 0 0 0 0 0 0 0 2 0 0 0 0 0 20 0 0 0 
7 2 0 0 0 0 0 0 0 0 0 14 20 25 9 0 0 0 0 19 0 0 0 0 25 0 0 0 0 0 0 2 0 0 0 2 0 0 29 0 0 0 0 29 0 0 0 0 0 0 
