50

0 0 1 1 1 0 0 0 0 0 1 0 0 0 1 0 0 0 1 0 1 0 0 0 1 0 1 0 0 0 1 0 1 0 1 1 1 0 1 1 1 0 0 1 1 0 0 1 1 1 
0 0 1 0 1 1 1 0 1 0 1 1 0 1 1 0 1 1 0 0 0 0 0 0 0 1 1 0 0 0 1 0 1 1 1 1 0 0 0 0 1 0 1 0 0 0 0 0 1 0 
1 1 0 0 0 1 1 1 1 0 0 0 0 1 1 1 0 0 0 1 1 1 0 0 1 0 1 1 1 0 0 1 0 0 0 0 1 1 1 0 1 0 0 0 1 0 0 0 0 1 
1 0 0 0 0 1 1 0 0 1 1 0 1 1 1 1 1 1 1 1 0 1 0 0 1 0 0 0 1 0 1 0 1 0 0 0 0 1 0 1 0 0 1 0 0 0 0 1 1 0 
1 1 0 0 0 0 1 1 1 1 0 1 1 1 0 0 0 1 0 1 1 0 1 1 1 1 1 1 1 0 1 0 1 0 0 0 1 1 1 1 0 1 0 1 1 0 1 1 0 1 
0 1 1 1 0 0 1 0 1 1 1 1 1 0 1 0 0 1 0 0 0 0 1 0 0 1 1 1 0 1 1 1 0 0 1 1 1 0 0 0 0 0 0 0 1 0 1 0 1 1 
0 1 1 1 1 1 0 1 0 0 0 1 1 1 1 0 1 1 0 1 0 0 0 1 0 1 0 0 0 1 1 1 1 1 1 1 1 0 0 0 1 1 0 1 0 1 0 1 1 1 
0 0 1 0 1 0 1 0 0 0 0 0 1 0 1 1 1 1 0 1 1 1 1 0 0 1 1 1 0 1 0 0 0 1 1 1 0 0 1 0 0 1 1 1 0 1 0 1 1 0 
0 1 1 0 1 1 0 0 0 0 0 0 0 0 1 0 1 0 0 0 0 1 1 0 0 0 1 0 0 0 1 1 0 1 1 0 0 1 1 0 0 1 0 0 1 0 0 1 0 0 
0 0 0 1 1 1 0 0 0 0 1 0 1 1 1 1 0 1 1 0 0 1 0 0 0 1 0 0 1 0 0 1 0 1 0 1 0 1 0 1 1 1 0 1 1 1 1 0 1 0 
1 1 0 1 0 1 0 0 0 1 0 0 1 0 1 1 1 0 0 0 0 0 0 1 0 1 1 1 1 1 0 0 1 1 0 1 1 1 0 0 1 1 1 1 0 1 0 0 0 1 
0 1 0 0 1 1 1 0 0 0 0 0 1 1 1 0 0 1 0 1 1 1 1 0 1 1 1 0 0 0 0 0 0 1 1 1 0 1 0 1 1 0 1 1 1 0 0 0 1 0 
0 0 0 1 1 1 1 1 0 1 1 1 0 1 1 0 0 1 1 1 1 1 1 1 1 0 1 1 0 1 0 1 0 1 1 0 0 0 0 0 0 1 1 1 0 1 1 1 0 0 
0 1 1 1 1 0 1 0 0 1 0 1 1 0 0 1 0 1 1 0 0 1 1 0 1 1 1 0 0 0 1 0 0 1 1 0 1 0 0 1 1 1 0 0 0 0 1 1 0 1 
1 1 1 1 0 1 1 1 1 1 1 1 1 0 0 0 0 0 0 0 1 0 0 0 1 0 0 1 0 0 0 0 1 0 1 1 1 1 0 0 0 0 0 1 1 0 1 1 0 1 
0 0 1 1 0 0 0 1 0 1 1 0 0 1 0 0 0 1 1 1 0 1 1 0 0 0 1 1 1 1 1 1 1 0 0 1 0 0 0 1 0 0 1 1 0 0 0 1 0 0 
0 1 0 1 0 0 1 1 1 0 1 0 0 0 0 0 0 0 1 0 0 0 0 0 1 0 0 1 0 0 1 1 1 0 0 0 1 0 0 1 1 0 0 1 0 0 0 1 0 0 
0 1 0 1 1 1 1 1 0 1 0 1 1 1 0 1 0 0 0 1 0 1 1 0 0 1 1 1 1 1 0 0 0 1 1 0 1 0 0 1 1 1 1 0 0 1 1 1 1 1 
1 0 0 1 0 0 0 0 0 1 0 0 1 1 0 1 1 0 0 0 0 1 1 0 0 0 0 0 0 0 1 1 1 1 0 1 0 0 0 1 1 0 1 1 1 0 0 1 1 1 
0 0 1 1 1 0 1 1 0 0 0 1 1 0 0 1 0 1 0 0 1 0 0 0 0 0 1 1 0 1 1 1 1 0 0 0 0 0 1 1 1 0 1 1 0 1 0 1 0 0 
1 0 1 0 1 0 0 1 0 0 0 1 1 0 1 0 0 0 0 1 0 0 1 0 0 0 1 1 0 1 1 0 1 0 1 1 0 0 0 0 0 0 0 0 1 0 0 1 1 1 
0 0 1 1 0 0 0 1 1 1 0 1 1 1 0 1 0 1 1 0 0 0 1 1 1 0 0 0 1 1 1 1 0 1 1 0 0 0 0 1 1 0 0 0 1 0 1 1 0 1 
0 0 0 0 1 1 0 1 1 0 0 1 1 1 0 1 0 1 1 0 1 1 0 0 1 0 1 0 1 1 0 1 1 0 1 0 1 1 0 1 1 0 0 0 1 1 1 0 1 0 
0 0 0 0 1 0 1 0 0 0 1 0 1 0 0 0 0 0 0 0 0 1 0 0 0 1 0 1 1 0 1 0 0 0 1 1 0 1 0 0 0 0 0 0 0 1 0 1 1 0 
1 0 1 1 1 0 0 0 0 0 0 1 1 1 1 0 1 0 0 0 0 1 1 0 0 1 0 0 1 1 0 1 0 0 1 1 0 0 1 0 0 1 1 0 1 0 0 1 1 1 
0 1 0 0 1 1 1 1 0 1 1 1 0 1 0 0 0 1 0 0 0 0 0 1 1 0 0 0 1 1 0 0 0 0 0 0 1 0 1 1 0 0 0 0 1 0 0 0 0 1 
1 1 1 0 1 1 0 1 1 0 1 1 1 1 0 1 0 1 0 1 1 0 1 0 0 0 0 1 1 1 0 0 0 0 1 1 0 1 0 0 0 1 1 0 0 0 0 0 1 0 
0 0 1 0 1 1 0 1 0 0 1 0 1 0 1 1 1 1 0 1 1 0 0 1 0 0 1 0 0 1 1 0 1 1 1 1 1 1 1 1 1 0 0 0 0 1 1 0 1 1 
0 0 1 1 1 0 0 0 0 1 1 0 0 0 0 1 0 1 0 0 0 1 1 1 1 1 1 0 0 0 0 0 0 0 0 1 0 1 0 0 1 0 0 0 0 0 0 1 0 1 
0 0 0 0 0 1 1 1 0 0 1 0 1 0 0 1 0 1 0 1 1 1 1 0 1 1 1 1 0 0 0 1 1 1 0 0 0 1 0 1 1 0 1 0 0 0 1 0 1 0 
1 1 0 1 1 1 1 0 1 0 0 0 0 1 0 1 1 0 1 1 1 1 0 1 0 0 0 1 0 0 0 1 1 0 0 1 1 1 1 1 1 1 0 1 0 1 1 1 0 1 
0 0 1 0 0 1 1 0 1 1 0 0 1 0 0 1 1 0 1 1 0 1 1 0 1 0 0 0 0 1 1 0 0 1 1 0 0 0 0 1 0 1 0 1 0 0 1 0 0 0 
1 1 0 1 1 0 1 0 0 0 1 0 0 0 1 1 1 0 1 1 1 0 1 0 0 0 0 1 0 1 1 0 0 1 1 0 0 0 1 0 1 1 1 0 1 1 0 0 1 1 
0 1 0 0 0 0 1 1 1 1 1 1 1 1 0 0 0 1 1 0 0 1 0 0 0 0 0 1 0 1 0 1 1 0 0 1 1 0 0 1 1 1 0 1 0 1 0 1 0 1 
1 1 0 0 0 1 1 1 1 0 0 1 1 1 1 0 0 1 0 0 1 1 1 1 1 0 1 1 0 0 0 1 1 0 0 0 0 0 1 1 0 1 1 0 0 1 1 0 0 1 
1 1 0 0 0 1 1 1 0 1 1 1 0 0 1 1 0 0 1 0 1 0 0 1 1 0 1 1 1 0 1 0 0 1 0 0 0 0 1 1 0 1 0 0 0 0 1 1 1 0 
1 0 1 0 1 1 1 0 0 0 1 0 0 1 1 0 1 1 0 0 0 0 1 0 0 1 0 1 0 0 1 0 0 1 0 0 0 0 1 1 0 1 0 1 1 1 1 0 0 0 
0 0 1 1 1 0 0 0 1 1 1 1 0 0 1 0 0 0 0 0 0 0 1 1 0 0 1 1 1 1 1 0 0 0 0 0 0 0 0 0 0 0 1 0 0 0 0 1 0 0 
1 0 1 0 1 0 0 1 1 0 0 0 0 0 0 0 0 0 0 1 0 0 0 0 1 1 0 1 0 0 1 0 1 0 1 1 1 0 0 1 1 1 0 1 0 0 1 1 0 1 
1 0 0 1 1 0 0 0 0 1 0 1 0 1 0 1 1 1 1 1 0 1 1 0 0 1 0 1 0 1 1 1 0 1 1 1 1 0 1 0 0 0 0 0 0 1 1 1 1 0 
1 1 1 0 0 0 1 0 0 1 1 1 0 1 0 0 1 1 1 1 0 1 1 0 0 0 0 1 1 1 1 0 1 1 0 0 0 0 1 0 0 1 0 0 0 0 0 1 0 0 
0 0 0 0 1 0 1 1 1 1 1 0 1 1 0 0 0 1 0 0 0 0 0 0 1 0 1 0 0 0 1 1 1 1 1 1 1 0 1 0 1 0 0 0 0 0 0 0 1 0 
0 1 0 1 0 0 0 1 0 0 1 1 1 0 0 1 0 1 1 1 0 0 0 0 1 0 1 0 0 1 0 0 1 0 1 0 0 1 0 0 0 0 0 1 0 1 1 1 1 0 
1 0 0 0 1 0 1 1 0 1 1 1 1 0 1 1 1 0 1 1 0 0 0 0 0 0 0 0 0 0 1 1 0 1 0 0 1 0 1 0 0 0 1 0 1 0 0 0 1 1 
1 0 1 0 1 1 0 0 1 1 0 1 0 0 1 0 0 0 1 0 1 1 1 0 1 1 0 0 0 0 0 0 1 0 0 0 1 0 0 0 0 0 0 1 0 1 0 1 1 1 
0 0 0 0 0 0 1 1 0 1 1 0 1 0 0 0 0 1 0 1 0 0 1 1 0 0 0 1 0 0 1 0 1 1 1 0 1 0 0 1 0 0 1 0 1 0 1 1 1 0 
0 0 0 0 1 1 0 0 0 1 0 0 1 1 1 0 0 1 0 0 0 1 1 0 0 0 0 1 0 1 1 1 0 0 1 1 1 0 1 1 0 0 1 0 0 1 0 0 1 0 
1 0 0 1 1 0 1 1 1 0 0 0 1 1 1 1 1 1 1 1 1 1 0 1 1 0 0 0 1 0 1 0 0 1 0 1 0 1 1 1 1 0 1 0 1 1 0 0 0 0 
1 1 0 1 0 1 1 1 0 1 0 1 0 0 0 0 0 1 1 0 1 0 1 1 1 0 1 1 0 1 0 0 1 0 0 1 0 0 0 1 0 1 1 1 1 1 1 0 0 0 
1 0 1 0 1 1 1 0 0 0 1 0 0 1 1 0 0 1 1 0 1 1 0 0 1 1 0 1 1 0 1 0 1 1 1 0 0 0 1 0 0 0 0 1 1 0 0 0 0 0 

0 0 0 0 9 0 0 11 10 0 0 0 8 0 0 0 0 0 0 0 0 0 0 0 0 21 0 25 0 2 0 0 0 0 0 0 13 0 0 28 0 0 0 0 0 0 0 0 0 3 
6 0 0 0 0 13 0 23 0 0 9 26 0 0 0 0 0 12 0 0 0 9 0 0 0 0 0 0 0 16 0 0 0 19 0 0 0 18 0 13 0 0 0 0 19 19 0 3 4 0 
0 0 0 0 3 0 0 2 0 0 0 0 0 0 6 0 0 22 0 0 0 0 17 0 0 0 0 0 0 24 21 0 0 0 0 0 0 0 0 8 0 0 0 0 0 17 0 0 0 0 
0 0 0 0 0 0 0 0 0 16 0 0 0 28 0 0 17 0 0 1 0 0 10 0 0 0 0 0 24 17 0 0 0 0 0 0 0 0 3 0 0 0 0 0 26 0 0 10 0 0 
0 0 0 0 0 0 0 0 0 0 0 0 0 0 0 0 0 0 6 0 0 0 0 0 0 13 0 0 0 0 0 0 0 26 0 28 0 0 0 0 0 0 0 7 4 0 0 17 0 3 
0 0 0 0 0 0 0 0 0 0 0 0 0 0 0 6 0 0 1 0 0 0 0 0 0 0 3 0 0 0 0 27 0 0 0 22 0 7 0 0 0 0 4 26 2 0 0 0 0 0 
13 25 0 0 0 0 0 13 0 0 11 0 0 0 0 0 0 0 0 0 0 28 0 0 0 19 18 0 16 0 0 0 0 0 0 2 24 0 0 0 0 0 0 0 0 0 3 0 0 0 
0 0 15 8 0 0 19 0 0 0 0 0 20 0 0 0 0 0 0 27 0 27 0 0 0 23 10 0 0 0 0 0 0 0 0 0 0 0 0 0 0 0 0 0 16 22 0 0 0 25 
19 0 20 0 0 0 0 0 0 0 0 0 0 12 26 0 0 0 15 23 0 0 0 0 0 0 17 3 12 0 7 0 6 0 0 0 0 0 18 5 0 0 8 0 13 24 0 0 0 0 
0 0 0 0 16 19 0 0 18 0 11 0 0 0 0 27 0 0 6 9 0 0 0 20 0 4 0 0 0 4 0 0 0 0 0 2 5 0 0 27 27 0 10 0 0 0 0 12 0 0 
0 2 0 20 22 2 0 28 0 0 0 14 0 0 0 0 0 0 0 0 0 0 23 0 12 0 0 0 1 0 0 0 0 0 0 0 19 0 0 0 0 0 0 7 0 0 4 0 7 0 
0 0 18 0 0 0 0 0 0 0 0 0 0 15 0 0 0 0 0 0 0 0 0 0 0 0 1 0 0 0 0 0 0 0 0 0 0 0 0 0 0 0 0 0 0 2 0 0 0 23 
0 0 0 0 0 6 10 0 0 0 0 0 0 0 0 0 0 0 0 25 0 25 0 16 0 0 0 26 0 14 0 23 0 0 0 0 0 0 0 0 17 0 9 9 0 23 0 0 0 0 
0 5 0 2 13 0 0 0 0 0 17 0 0 0 15 0 0 0 0 0 0 0 0 0 0 0 0 0 0 0 0 0 0 0 0 0 0 0 0 6 0 0 21 0 0 8 0 0 13 19 
0 14 19 0 0 0 0 0 0 0 0 0 0 0 0 0 0 0 17 0 24 2 0 0 0 0 21 0 0 16 0 0 0 2 0 17 0 0 0 0 0 0 15 18 0 0 13 0 0 23 
0 0 24 0 25 0 0 0 0 20 0 0 25 0 0 0 0 0 0 0 0 0 24 0 0 0 0 0 10 0 0 0 0 2 0 0 0 0 0 2 0 0 0 25 0 0 0 0 0 0 
7 0 0 0 0 0 0 0 0 0 0 0 10 0 0 0 0 0 0 0 2 0 0 13 0 0 0 0 25 0 25 0 0 0 0 0 0 0 0 0 0 0 0 12 0 0 0 0 0 27 
0 0 0 0 0 0 0 0 0 0 0 0 0 0 0 0 0 0 1 0 0 0 0 0 0 0 0 0 28 0 0 0 13 0 0 0 0 21 0 0 0 0 23 0 20 0 0 0 0 0 
0 0 0 11 0 0 0 0 0 0 0 20 0 21 0 0 0 0 0 0 6 0 0 3 0 0 0 0 0 0 0 0 26 0 0 0 20 0 0 0 0 21 0 14 23 0 0 0 0 0 
15 0 0 27 0 0 1 0 0 0 0 0 0 0 0 2 28 0 28 0 0 0 14 6 0 0 0 8 0 0 0 13 0 0 0 0 0 0 0 0 1 0 0 0 0 19 0 0 2 0 
0 0 0 0 0 0 24 0 0 2 0 19 20 0 0 0 0 0 0 0 0 0 4 6 0 0 0 0 0 0 0 0 20 0 2 0 0 10 0 0 0 21 25 0 0 0 0 0 0 22 
0 0 0 0 0 0 20 0 0 0 0 0 0 0 0 0 0 0 0 0 0 0 0 6 0 8 0 0 0 0 21 0 0 2 0 0 0 0 0 0 17 0 0 0 0 0 0 0 0 0 
0 0 14 3 0 0 0 0 0 0 0 0 0 17 0 2 0 0 0 0 0 0 0 0 0 0 17 0 0 0 0 0 0 0 0 0 0 0 0 0 18 0 0 0 0 0 0 0 0 0 
0 0 0 0 24 0 0 0 0 0 0 12 0 0 26 0 10 0 0 0 0 0 0 0 0 0 0 0 0 0 0 0 15 0 27 0 0 11 0 5 0 0 0 18 0 1 0 0 0 0 
0 5 0 0 7 0 12 0 4 0 0 0 0 1 0 0 0 0 0 0 0 0 0 0 0 0 0 0 0 0 0 0 0 0 0 14 10 0 0 0 0 0 0 0 0 0 0 0 0 0 
0 0 0 9 0 0 0 0 0 0 0 0 20 0 0 0 0 0 0 0 0 0 12 0 0 0 0 18 0 12 0 0 0 24 0 0 0 0 23 1 8 3 0 0 0 0 0 0 13 0 
0 0 7 0 21 1 0 0 0 0 18 0 0 0 0 0 0 10 5 0 5 0 0 0 6 9 0 0 0 0 0 15 0 0 0 5 22 5 11 0 0 0 5 0 0 0 0 0 0 18 
0 0 17 0 0 23 22 0 0 0 0 0 0 0 6 0 0 0 0 11 0 0 0 0 0 0 25 0 0 0 0 0 0 0 0 0 0 0 0 0 0 0 0 0 0 0 0 0 0 0 
0 0 0 0 0 0 0 0 0 0 0 0 0 25 0 1 4 0 0 0 0 0 0 0 22 0 0 0 0 0 12 0 0 0 24 28 0 0 0 6 0 0 0 3 0 25 1 0 0 0 
3 0 0 0 0 0 8 0 0 8 0 20 0 0 0 0 22 0 0 0 0 0 12 0 0 0 0 0 0 0 0 0 13 0 0 0 0 0 0 0 0 0 0 0 0 0 0 0 0 25 
0 0 23 25 0 0 29 0 0 0 0 0 27 0 19 21 0 0 0 16 0 0 0 0 0 24 0 0 0 5 0 0 0 0 0 0 0 0 4 0 1 0 0 0 23 14 0 20 0 25 
0 17 27 0 0 0 0 0 0 6 0 0 0 0 0 0 0 0 0 17 0 0 9 0 0 0 0 0 0 21 0 0 20 0 0 12 19 0 18 0 25 0 0 0 5 0 6 15 0 0 
0 0 0 0 20 0 0 0 0 0 12 0 11 0 0 0 19 0 0 0 0 0 0 0 0 18 0 0 0 0 27 0 0 0 0 0 0 0 0 0 0 0 0 0 26 5 12 0 0 0 
0 27 0 0 0 0 0 0 0 0 12 0 0 6 0 0 0 0 0 0 7 0 0 0 0 26 0 0 0 0 0 6 0 0 23 0 0 0 12 0 0 0 25 0 0 10 0 0 0 0 
0 0 0 0 5 0 0 0 0 19 0 0 19 0 9 0 10 0 2 0 0 0 0 0 0 0 0 0 0 4 0 0 12 0 0 0 0 0 0 0 0 0 0 0 0 0 0 0 14 0 
0 0 0 0 0 0 18 0 0 0 24 0 0 0 12 0 0 0 0 0 0 27 0 0 0 0 0 0 0 0 0 0 0 0 0 0 11 0 0 0 0 0 24 0 22 0 0 0 0 0 
0 0 0 0 0 0 6 0 0 0 1 0 0 0 0 0 0 0 0 0 0 18 0 7 0 0 0 0 0 0 0 0 21 7 0 7 0 0 0 4 0 0 0 16 0 0 0 0 0 5 
0 0 0 0 0 26 0 0 0 0 0 26 23 26 0 0 0 0 0 0 0 0 0 0 0 0 0 0 25 0 19 0 11 0 0 0 0 0 0 0 0 3 0 0 0 0 0 0 0 0 
0 12 5 0 0 0 0 21 5 12 0 17 12 0 0 0 0 0 0 0 0 1 9 0 0 0 0 0 0 15 19 0 0 0 0 27 13 0 0 0 1 0 7 0 8 8 15 0 0 10 
0 0 0 16 9 0 0 0 0 0 2 0 0 0 0 0 28 0 12 0 0 0 25 6 0 0 0 0 0 0 0 0 0 0 0 0 0 25 0 0 0 0 27 0 0 23 0 0 0 11 
0 0 0 0 0 0 0 0 3 0 0 8 0 0 0 0 0 20 0 4 0 0 0 0 0 13 0 0 0 0 0 25 0 0 0 0 0 0 0 0 0 0 13 21 0 0 0 0 4 0 
0 0 0 0 25 12 0 6 0 23 0 0 0 0 0 0 0 0 0 26 0 0 0 0 6 1 0 0 25 0 19 0 0 7 0 0 0 0 17 0 0 0 0 0 20 12 0 16 11 1 
0 19 20 0 0 0 0 0 0 0 0 0 10 24 0 0 0 0 0 15 0 0 0 0 0 0 0 0 2 0 0 0 4 26 0 0 0 0 0 0 15 0 0 0 0 16 27 0 24 12 
0 20 0 0 0 0 2 0 0 0 22 0 5 14 0 0 0 0 0 21 0 0 0 0 0 0 0 0 0 0 0 0 0 0 0 17 0 0 0 0 0 0 0 0 0 0 0 0 5 0 
0 12 0 0 0 7 0 0 20 4 0 8 0 0 0 0 8 0 0 0 0 0 0 0 0 0 0 2 0 0 0 0 0 0 0 0 0 0 0 0 0 22 0 0 0 0 8 0 0 0 
0 0 0 0 0 0 25 0 0 0 0 0 0 0 0 0 0 0 0 0 0 2 0 0 0 0 17 0 0 0 0 0 0 0 0 0 0 0 23 0 0 0 0 0 0 0 0 0 0 0 
19 0 22 0 0 0 0 0 0 0 0 17 0 0 0 0 0 0 0 0 0 9 0 0 15 0 0 10 0 0 0 26 0 0 0 0 0 0 0 0 0 0 0 0 26 0 0 0 0 0 
0 0 18 0 0 22 0 14 0 0 0 0 0 0 0 0 0 0 0 0 0 0 13 0 0 12 0 10 0 0 0 0 0 0 0 0 0 23 11 0 0 0 0 0 7 0 9 0 0 0 
0 0 0 0 0 0 5 0 0 0 0 0 0 0 0 0 0 0 0 0 0 0 0 0 0 0 0 0 0 4 0 0 0 0 0 18 0 11 14 0 0 13 5 0 0 0 0 0 0 20 
0 0 0 0 0 0 0 0 0 0 22 0 0 8 0 0 23 25 0 0 0 0 0 2 22 0 29 0 16 0 6 0 19 0 0 0 0 5 0 0 10 0 0 0 0 0 0 1 0 0 
