50

0 0 0 0 0 0 0 0 0 0 0 0 0 0 1 0 0 0 0 0 0 0 1 0 0 0 1 0 0 0 1 0 0 0 0 0 0 0 0 0 1 0 0 0 0 1 0 0 0 0 
0 0 0 0 0 0 0 0 1 1 0 1 0 1 0 0 0 0 0 0 1 0 0 0 0 0 0 0 1 0 0 0 0 0 0 1 0 0 1 0 1 0 1 0 0 0 0 0 1 0 
0 0 0 0 0 0 0 1 0 0 0 0 0 0 0 1 0 0 0 0 1 1 0 0 0 0 0 0 0 0 1 1 1 0 0 0 0 0 0 1 0 0 0 0 1 0 0 1 0 0 
0 0 0 0 0 0 0 0 0 1 1 0 0 0 0 0 0 1 0 0 0 1 0 1 0 1 1 0 0 1 0 1 0 0 1 0 0 0 0 0 0 0 0 0 0 0 0 0 0 0 
0 0 0 0 0 0 0 0 1 0 1 1 1 0 0 0 0 1 0 0 0 0 0 0 0 0 0 0 0 0 0 0 0 1 1 0 0 1 0 0 1 0 0 0 0 0 0 0 0 0 
0 0 0 0 0 0 1 0 0 0 0 1 1 0 1 0 0 0 0 0 0 0 0 0 0 1 0 0 0 0 0 0 0 0 0 1 0 0 0 0 0 0 0 0 1 0 1 0 0 1 
0 0 0 0 0 1 0 1 0 1 0 0 0 0 1 1 0 1 1 0 0 0 1 0 0 1 0 0 0 0 0 0 1 0 1 0 0 0 0 1 0 0 0 0 1 0 0 0 0 1 
0 0 1 0 0 0 1 0 0 0 0 0 1 0 0 1 0 0 0 0 0 0 0 1 0 1 0 0 0 0 0 0 0 1 0 1 0 0 0 0 0 0 0 0 0 0 0 1 1 0 
0 1 0 0 1 0 0 0 0 0 0 0 0 0 0 0 0 0 1 1 0 1 0 0 0 0 0 0 1 0 0 1 0 0 1 0 0 0 1 1 0 0 0 0 0 0 0 0 1 0 
0 1 0 1 0 0 1 0 0 0 0 0 1 0 0 0 0 0 0 1 0 0 1 0 0 1 0 1 1 0 1 1 1 0 0 0 0 0 0 0 0 0 0 0 0 0 0 1 0 0 
0 0 0 1 1 0 0 0 0 0 0 0 0 0 1 1 0 0 1 0 0 0 0 0 1 1 0 0 0 0 0 0 1 0 0 0 1 0 0 0 1 0 0 0 0 0 0 0 0 0 
0 1 0 0 1 1 0 0 0 0 0 0 0 0 0 0 0 0 1 0 1 0 0 0 0 0 0 0 0 1 0 0 0 0 0 0 0 1 1 0 0 1 1 1 0 0 1 1 0 0 
0 0 0 0 1 1 0 1 0 1 0 0 0 0 1 1 1 0 0 0 0 0 1 0 0 0 0 0 1 0 0 0 0 0 0 0 0 0 0 0 0 0 0 0 0 0 0 0 0 0 
0 1 0 0 0 0 0 0 0 0 0 0 0 0 0 0 1 1 0 0 0 1 0 0 0 0 1 0 0 0 0 0 0 0 0 0 1 0 0 0 0 0 0 0 0 0 1 0 0 0 
1 0 0 0 0 1 1 0 0 0 1 0 1 0 0 1 0 0 0 1 0 0 0 0 1 0 0 0 0 0 0 0 0 0 0 0 1 0 0 0 0 1 0 0 0 1 1 0 1 0 
0 0 1 0 0 0 1 1 0 0 1 0 1 0 1 0 0 0 0 0 0 0 0 0 0 0 0 0 0 0 0 0 0 0 0 1 0 0 0 1 0 1 0 1 0 0 0 1 1 0 
0 0 0 0 0 0 0 0 0 0 0 0 1 1 0 0 0 0 0 0 0 1 0 0 0 1 0 1 1 0 0 0 0 0 0 0 0 0 0 0 1 0 0 0 0 0 0 0 0 0 
0 0 0 1 1 0 1 0 0 0 0 0 0 1 0 0 0 0 1 0 0 0 0 1 0 1 1 1 0 1 0 0 0 0 0 1 0 0 1 1 0 0 1 0 0 0 0 0 0 0 
0 0 0 0 0 0 1 0 1 0 1 1 0 0 0 0 0 1 0 1 1 0 0 1 0 0 0 0 0 0 0 1 1 0 0 0 0 0 0 0 0 0 0 0 0 0 0 0 1 1 
0 0 0 0 0 0 0 0 1 1 0 0 0 0 1 0 0 0 1 0 1 0 0 0 0 0 0 0 0 1 0 1 0 0 0 0 1 0 0 0 0 0 0 0 0 0 0 0 1 0 
0 1 1 0 0 0 0 0 0 0 0 1 0 0 0 0 0 0 1 1 0 0 0 0 0 0 0 0 0 0 0 0 0 0 0 1 0 0 1 0 0 0 0 1 0 1 0 0 0 0 
0 0 1 1 0 0 0 0 1 0 0 0 0 1 0 0 1 0 0 0 0 0 0 0 0 0 0 0 0 0 1 0 1 0 0 0 0 0 1 0 0 1 0 0 0 0 1 1 0 0 
1 0 0 0 0 0 1 0 0 1 0 0 1 0 0 0 0 0 0 0 0 0 0 0 0 0 0 0 0 0 0 0 0 1 0 0 0 0 0 0 0 0 0 0 0 0 0 0 0 0 
0 0 0 1 0 0 0 1 0 0 0 0 0 0 0 0 0 1 1 0 0 0 0 0 0 0 0 1 0 0 0 0 0 0 0 0 0 0 0 0 1 0 0 1 0 0 0 0 0 1 
0 0 0 0 0 0 0 0 0 0 1 0 0 0 1 0 0 0 0 0 0 0 0 0 0 0 0 0 0 0 0 0 0 0 0 0 0 1 0 0 1 0 1 0 0 1 0 0 1 0 
0 0 0 1 0 1 1 1 0 1 1 0 0 0 0 0 1 1 0 0 0 0 0 0 0 0 0 0 0 0 0 1 0 0 0 1 0 0 0 0 0 0 1 0 0 1 0 0 0 0 
1 0 0 1 0 0 0 0 0 0 0 0 0 1 0 0 0 1 0 0 0 0 0 0 0 0 0 0 0 0 0 0 1 0 0 1 1 0 1 0 0 0 1 0 0 1 0 0 0 1 
0 0 0 0 0 0 0 0 0 1 0 0 0 0 0 0 1 1 0 0 0 0 0 1 0 0 0 0 1 0 0 0 0 0 0 0 0 0 0 0 0 1 0 1 1 0 1 0 0 0 
0 1 0 0 0 0 0 0 1 1 0 0 1 0 0 0 1 0 0 0 0 0 0 0 0 0 0 1 0 0 1 0 0 0 0 1 0 0 0 0 0 0 0 0 0 0 0 1 1 0 
0 0 0 1 0 0 0 0 0 0 0 1 0 0 0 0 0 1 0 1 0 0 0 0 0 0 0 0 0 0 1 0 0 1 0 0 0 1 1 0 0 0 0 0 0 1 1 0 0 1 
1 0 1 0 0 0 0 0 0 1 0 0 0 0 0 0 0 0 0 0 0 1 0 0 0 0 0 0 1 1 0 0 1 0 0 0 1 0 0 0 0 0 0 0 1 0 0 1 0 0 
0 0 1 1 0 0 0 0 1 1 0 0 0 0 0 0 0 0 1 1 0 0 0 0 0 1 0 0 0 0 0 0 0 0 0 0 0 0 0 0 0 0 0 0 0 0 0 0 0 1 
0 0 1 0 0 0 1 0 0 1 1 0 0 0 0 0 0 0 1 0 0 1 0 0 0 0 1 0 0 0 1 0 0 1 0 0 0 1 1 0 0 0 0 0 0 0 0 1 0 0 
0 0 0 0 1 0 0 1 0 0 0 0 0 0 0 0 0 0 0 0 0 0 1 0 0 0 0 0 0 1 0 0 1 0 1 0 0 0 0 0 0 0 0 0 0 0 0 0 0 0 
0 0 0 1 1 0 1 0 1 0 0 0 0 0 0 0 0 0 0 0 0 0 0 0 0 0 0 0 0 0 0 0 0 1 0 0 1 0 0 1 1 0 0 1 1 0 0 0 0 0 
0 1 0 0 0 1 0 1 0 0 0 0 0 0 0 1 0 1 0 0 1 0 0 0 0 1 1 0 1 0 0 0 0 0 0 0 0 1 1 1 1 0 1 0 0 0 0 1 0 0 
0 0 0 0 0 0 0 0 0 0 1 0 0 1 1 0 0 0 0 1 0 0 0 0 0 0 1 0 0 0 1 0 0 0 1 0 0 0 0 1 0 0 0 1 0 0 0 0 1 0 
0 0 0 0 1 0 0 0 0 0 0 1 0 0 0 0 0 0 0 0 0 0 0 0 1 0 0 0 0 1 0 0 1 0 0 1 0 0 0 1 0 0 1 1 0 0 0 0 0 0 
0 1 0 0 0 0 0 0 1 0 0 1 0 0 0 0 0 1 0 0 1 1 0 0 0 0 1 0 0 1 0 0 1 0 0 1 0 0 0 0 0 0 1 0 0 0 0 0 0 0 
0 0 1 0 0 0 1 0 1 0 0 0 0 0 0 1 0 1 0 0 0 0 0 0 0 0 0 0 0 0 0 0 0 0 1 1 1 1 0 0 1 0 0 0 0 0 0 0 0 0 
1 1 0 0 1 0 0 0 0 0 1 0 0 0 0 0 1 0 0 0 0 0 0 1 1 0 0 0 0 0 0 0 0 0 1 1 0 0 0 1 0 0 0 1 0 0 1 1 0 0 
0 0 0 0 0 0 0 0 0 0 0 1 0 0 1 1 0 0 0 0 0 1 0 0 0 0 0 1 0 0 0 0 0 0 0 0 0 0 0 0 0 0 0 0 0 1 0 1 0 0 
0 1 0 0 0 0 0 0 0 0 0 1 0 0 0 0 0 1 0 0 0 0 0 0 1 1 1 0 0 0 0 0 0 0 0 1 0 1 1 0 0 0 0 1 0 0 0 0 0 0 
0 0 0 0 0 0 0 0 0 0 0 1 0 0 0 1 0 0 0 0 1 0 0 1 0 0 0 1 0 0 0 0 0 0 1 0 1 1 0 0 1 0 1 0 0 0 1 0 0 0 
0 0 1 0 0 1 1 0 0 0 0 0 0 0 0 0 0 0 0 0 0 0 0 0 0 0 0 1 0 0 1 0 0 0 1 0 0 0 0 0 0 0 0 0 0 1 0 0 0 1 
1 0 0 0 0 0 0 0 0 0 0 0 0 0 1 0 0 0 0 0 1 0 0 0 1 1 1 0 0 1 0 0 0 0 0 0 0 0 0 0 0 1 0 0 1 0 0 0 0 0 
0 0 0 0 0 1 0 0 0 0 0 1 0 1 1 0 0 0 0 0 0 1 0 0 0 0 0 1 0 1 0 0 0 0 0 0 0 0 0 0 1 0 0 1 0 0 0 0 0 0 
0 0 1 0 0 0 0 1 0 1 0 1 0 0 0 1 0 0 0 0 0 1 0 0 0 0 0 0 1 0 1 0 1 0 0 1 0 0 0 0 1 1 0 0 0 0 0 0 0 1 
0 1 0 0 0 0 0 1 1 0 0 0 0 0 1 1 0 0 1 1 0 0 0 0 1 0 0 0 1 0 0 0 0 0 0 0 1 0 0 0 0 0 0 0 0 0 0 0 0 0 
0 0 0 0 0 1 1 0 0 0 0 0 0 0 0 0 0 0 1 0 0 0 0 1 0 0 1 0 0 1 0 1 0 0 0 0 0 0 0 0 0 0 0 0 1 0 0 1 0 0 

0 0 0 0 0 0 0 0 25 0 0 0 0 0 0 0 18 0 0 0 0 0 0 0 0 0 6 0 0 0 0 1 0 0 13 0 12 0 0 0 11 13 0 0 11 0 0 21 0 0 
0 0 0 0 15 0 0 0 0 0 28 0 0 0 0 0 19 0 0 0 1 0 0 0 0 0 0 0 19 0 0 0 0 0 0 0 0 0 0 0 0 0 0 0 0 0 0 0 0 6 
0 0 0 1 0 0 0 0 0 0 0 0 8 0 0 0 3 0 7 0 1 0 0 0 3 0 0 0 0 0 0 0 0 0 0 0 0 0 0 0 0 0 6 0 0 0 0 0 17 5 
0 26 0 0 0 0 0 0 0 21 0 0 0 0 0 0 0 0 17 0 0 0 0 0 0 12 0 0 10 0 0 0 0 0 0 0 0 0 0 3 9 6 0 0 0 0 0 0 0 0 
7 0 0 0 0 0 0 0 0 0 0 11 0 0 3 28 0 2 0 0 0 0 28 0 17 0 0 28 0 2 0 0 25 0 0 0 0 0 0 20 0 0 0 0 0 7 0 11 2 0 
0 0 0 0 0 0 18 4 0 0 0 0 0 0 0 0 0 0 0 0 0 0 0 0 0 0 0 0 0 0 0 14 0 0 14 0 0 0 0 0 0 0 0 0 10 0 0 0 0 0 
0 0 10 12 0 0 0 18 25 6 0 0 0 0 0 0 0 0 6 0 0 3 0 0 0 0 23 0 14 0 0 0 0 7 4 0 13 0 0 10 28 0 0 0 0 24 0 0 0 0 
0 0 0 0 0 0 0 0 0 0 0 0 8 0 4 0 21 5 0 0 0 0 0 0 0 9 0 0 0 26 0 1 0 0 0 13 0 0 0 0 0 0 8 0 1 0 0 0 0 0 
0 4 15 0 0 0 29 19 0 0 0 0 0 0 0 0 0 0 23 9 0 0 18 0 3 0 0 20 0 0 9 26 0 0 9 12 0 0 13 0 0 0 0 0 0 0 0 0 1 0 
11 0 4 0 3 0 0 0 25 0 0 0 0 0 0 0 0 0 0 0 8 0 4 29 17 0 0 28 0 22 27 7 0 0 0 0 0 0 0 0 0 0 0 22 22 0 0 4 0 0 
0 2 0 25 0 0 0 0 25 12 0 0 0 0 0 0 0 0 0 13 0 0 0 0 17 0 0 0 0 0 0 0 0 0 0 0 23 0 0 0 0 0 0 0 20 3 0 0 0 3 
0 25 0 8 0 0 1 0 0 0 0 0 8 12 0 28 0 0 19 0 0 0 0 15 0 19 0 0 0 0 0 0 0 0 0 0 0 0 11 0 0 0 0 0 0 0 0 0 13 0 
0 0 29 0 0 0 0 0 0 0 0 0 0 0 0 0 23 0 0 0 0 0 17 0 0 15 0 0 0 0 0 0 21 26 0 0 0 0 0 0 0 11 0 0 0 0 0 0 0 0 
0 0 0 0 0 0 0 0 0 0 0 0 0 0 0 0 0 0 0 0 0 0 7 0 0 0 0 0 0 0 0 20 0 0 0 0 0 0 0 0 0 26 26 13 23 0 0 0 0 0 
0 0 0 0 11 0 0 0 0 0 0 0 8 9 0 0 0 0 1 0 0 0 0 0 0 0 0 0 0 0 0 0 0 0 0 0 0 0 0 0 0 0 0 0 0 25 0 0 15 0 
0 0 0 0 1 0 11 0 0 0 0 7 0 0 0 0 0 0 0 0 0 21 0 0 0 21 0 0 0 0 0 0 9 0 0 0 0 0 0 0 0 0 14 0 0 0 21 18 20 0 
0 0 0 0 0 0 0 13 0 0 0 0 0 0 0 0 0 0 1 0 20 24 0 0 0 0 0 0 7 0 0 0 0 0 11 0 0 0 0 0 0 30 13 11 0 0 0 0 1 0 
0 0 0 0 20 0 0 26 19 8 0 0 0 0 0 0 0 0 16 0 11 0 0 0 0 0 0 0 0 0 0 0 0 0 0 0 0 0 0 0 0 0 0 0 0 15 0 0 7 23 
0 2 13 0 0 21 0 0 0 0 0 0 0 0 0 16 0 0 0 5 22 0 0 0 0 0 0 0 0 0 0 0 0 18 0 0 0 0 0 8 23 0 0 0 0 25 0 0 0 0 
0 0 0 0 0 0 0 0 0 0 0 0 13 0 24 0 0 0 0 0 6 17 0 0 0 14 0 0 0 0 0 0 0 0 0 0 0 0 0 0 0 0 0 0 0 2 8 0 0 0 
3 0 0 21 0 0 17 0 0 0 0 0 0 0 0 0 0 0 28 17 0 0 0 0 0 0 0 0 0 13 0 4 1 0 0 0 0 11 0 0 0 16 19 0 0 0 0 0 0 0 
0 0 0 0 0 5 25 0 0 6 0 0 0 0 12 0 0 0 15 0 12 0 0 0 21 0 0 0 0 0 0 22 0 0 1 0 0 0 15 0 0 0 0 0 0 5 24 0 16 0 
0 4 0 0 0 0 21 0 0 26 0 27 0 0 9 0 0 17 0 0 0 0 0 0 0 9 0 0 0 0 0 28 26 0 0 9 0 0 0 0 0 0 0 0 0 0 0 0 2 1 
0 21 0 0 0 0 0 0 0 0 0 0 0 0 0 0 28 0 0 0 11 0 0 0 0 16 0 0 0 20 0 0 0 0 17 0 28 0 0 0 0 0 0 0 0 0 27 30 0 0 
0 6 0 0 0 0 0 0 0 0 0 0 0 6 0 0 7 0 0 16 0 0 0 0 0 0 0 0 0 0 0 0 16 0 0 0 11 0 0 0 0 0 28 0 0 0 0 0 0 0 
10 0 0 3 18 0 0 0 0 0 0 9 0 0 0 0 2 0 16 0 0 17 26 12 0 0 0 0 0 11 10 0 0 21 0 20 0 20 0 0 0 0 0 0 0 0 0 26 0 0 
0 0 0 0 0 20 0 0 0 0 0 0 0 0 0 0 7 0 0 0 0 0 0 0 21 0 0 0 20 0 5 0 0 0 0 0 16 12 23 0 0 0 0 0 22 0 0 0 0 0 
0 12 0 0 0 0 0 1 0 0 5 0 0 0 0 0 0 18 0 0 0 0 4 0 0 17 0 0 0 0 0 0 0 0 0 0 0 20 0 0 0 0 15 0 0 0 0 0 0 20 
0 0 23 0 0 23 0 0 0 0 0 0 0 0 21 0 0 0 0 0 0 0 23 0 9 0 7 0 0 0 0 27 0 0 0 0 0 0 0 0 16 0 0 0 27 0 0 3 0 0 
10 0 0 0 0 0 14 0 0 0 0 0 0 12 0 0 0 0 0 0 0 0 6 4 0 0 0 0 7 0 0 0 0 0 7 22 0 0 0 0 0 0 0 0 0 0 0 0 0 0 
0 0 0 0 0 0 0 0 0 0 1 0 21 0 0 0 24 0 0 27 0 0 0 0 0 0 0 0 0 0 0 0 25 0 0 0 0 16 0 8 0 0 14 0 0 1 0 0 0 10 
0 0 0 0 9 0 0 0 0 27 0 19 0 0 0 0 0 14 0 0 0 0 0 0 0 0 14 0 0 10 0 0 0 0 0 0 0 0 0 0 0 20 0 11 0 0 19 0 0 0 
0 0 0 0 0 23 0 22 0 0 0 0 5 0 0 0 0 0 0 0 0 0 0 11 0 0 0 0 0 0 0 0 0 0 0 0 0 15 0 0 0 14 0 0 0 0 0 3 0 0 
0 0 0 0 12 0 0 21 0 0 20 0 26 0 24 0 0 9 0 0 0 0 0 24 0 0 0 0 0 0 13 0 0 0 18 0 15 0 0 0 0 0 0 0 0 0 0 0 19 0 
0 0 0 0 0 0 0 0 14 0 0 0 0 0 24 5 12 0 25 0 0 0 0 25 0 0 0 0 14 0 0 0 0 0 0 0 0 0 5 0 0 0 0 0 26 0 0 10 0 0 
1 0 0 0 0 0 0 25 0 0 0 0 0 0 0 0 0 0 0 0 0 0 0 17 0 0 3 0 0 17 0 0 0 0 0 0 0 0 0 2 0 0 0 0 0 0 0 29 0 25 
0 0 0 0 0 15 0 24 0 18 0 28 0 20 0 0 0 0 0 26 8 0 29 0 28 18 0 0 24 12 0 4 0 0 0 19 0 0 0 0 11 3 0 0 0 0 0 14 1 0 
0 0 23 28 0 0 0 10 0 0 0 0 0 11 0 0 0 0 0 0 0 0 0 15 15 25 0 0 0 0 0 29 0 0 0 0 0 0 0 0 0 0 0 0 17 0 14 0 4 0 
0 0 0 0 22 0 0 11 14 0 0 26 0 0 0 0 0 0 0 12 0 24 22 0 0 13 0 13 18 0 17 0 0 0 0 0 11 0 0 0 0 0 25 6 0 28 12 0 0 22 
0 0 0 0 0 0 0 15 23 0 0 0 0 2 0 0 0 0 0 0 0 0 0 7 0 0 0 0 0 0 0 0 0 0 0 0 0 20 0 0 0 0 0 0 0 0 0 0 0 0 
0 0 0 15 1 0 0 0 0 0 0 0 0 0 0 0 22 3 1 0 0 11 0 14 0 24 0 0 0 0 0 0 0 0 4 0 0 11 0 0 0 26 0 2 8 0 0 7 0 0 
0 18 0 0 19 0 0 0 10 0 0 0 0 0 0 0 0 0 0 0 0 0 0 0 23 0 0 0 7 0 28 27 17 0 2 21 0 0 0 19 0 0 0 0 0 0 4 0 0 0 
0 1 0 0 0 0 0 0 21 0 0 0 0 0 0 22 0 0 0 0 0 0 0 15 0 0 0 0 0 0 0 0 0 0 0 0 10 0 0 0 0 0 0 0 0 0 0 0 20 0 
0 0 0 0 0 0 0 13 0 25 0 10 0 0 0 0 0 0 0 0 0 25 0 0 0 0 5 14 0 0 0 0 0 0 0 25 0 0 11 0 0 0 0 0 0 0 0 0 0 0 
0 15 0 0 8 29 0 0 0 0 15 21 0 0 0 0 0 0 0 0 0 0 0 0 27 20 0 2 0 0 0 0 24 0 1 0 0 0 0 0 0 0 0 0 0 0 0 0 24 0 
18 0 0 0 0 11 0 0 0 0 0 0 0 0 0 0 0 0 0 0 21 0 0 0 0 0 15 0 0 0 0 0 0 0 0 23 0 0 5 0 0 0 0 0 0 0 3 0 24 0 
28 0 0 9 0 25 0 0 0 0 22 0 0 9 0 0 6 0 0 19 18 0 0 0 9 20 0 0 7 0 0 0 0 0 0 0 0 0 0 0 0 0 0 0 0 0 0 0 0 0 
0 23 0 0 0 0 0 0 0 20 16 0 0 0 0 0 1 0 0 0 0 0 0 0 0 0 0 0 0 0 0 23 0 0 0 0 0 0 0 0 0 0 0 0 5 10 0 0 29 0 
0 13 16 0 5 0 0 0 0 0 0 0 0 0 0 0 14 0 0 0 0 0 0 0 0 15 0 24 0 0 8 20 0 0 0 0 0 0 0 0 0 0 0 0 0 0 0 0 0 0 
0 0 0 0 0 0 0 0 0 0 0 0 0 0 14 0 0 2 27 0 0 0 22 0 0 0 0 8 27 0 4 0 0 0 0 0 0 0 0 20 0 0 0 0 17 5 0 0 17 0 
