50

0 1 0 1 1 1 0 1 0 0 0 1 1 0 1 0 1 1 1 0 1 0 1 1 1 1 1 1 1 0 1 1 1 0 1 0 1 1 0 1 0 0 0 1 1 0 1 1 0 0 
1 0 0 0 1 0 1 1 0 1 1 1 0 1 0 1 1 0 1 0 1 1 0 0 0 0 0 1 1 1 0 1 1 0 1 1 0 1 0 0 0 0 1 0 0 1 1 1 1 0 
0 0 0 1 1 1 1 1 0 0 0 1 0 1 0 1 1 1 1 1 1 0 1 1 0 1 1 1 1 0 1 1 1 1 1 1 0 0 1 1 1 1 0 1 0 1 0 1 0 0 
1 0 1 0 1 1 1 1 1 1 1 0 0 0 0 0 0 1 1 0 1 1 1 0 1 1 0 0 0 1 1 0 1 0 1 1 0 1 1 0 0 0 1 1 0 0 1 1 1 0 
1 1 1 1 0 1 0 1 0 0 1 0 0 0 0 0 0 1 1 1 1 0 1 0 0 1 1 1 0 0 0 1 1 0 0 0 0 1 0 1 0 1 0 0 1 0 1 1 0 1 
1 0 1 1 1 0 0 1 1 0 1 1 0 1 1 0 1 0 1 0 0 0 1 0 1 1 1 0 1 1 1 1 1 0 1 0 1 1 1 1 0 1 0 0 1 0 0 0 0 1 
0 1 1 1 0 0 0 0 1 1 1 0 0 1 1 1 0 1 0 0 1 0 0 1 0 0 0 0 1 1 0 1 0 1 1 0 0 0 0 0 1 1 1 0 0 0 0 0 0 0 
1 1 1 1 1 1 0 0 0 0 1 0 0 1 0 1 0 1 1 0 0 0 1 0 1 1 1 0 0 1 1 1 1 0 1 1 1 0 0 0 1 1 0 0 0 1 0 1 1 0 
0 0 0 1 0 1 1 0 0 0 1 0 0 1 0 0 1 0 0 1 1 1 1 1 1 0 0 0 1 0 1 0 0 1 1 0 1 0 0 0 1 1 0 1 0 1 0 1 1 0 
0 1 0 1 0 0 1 0 0 0 1 1 0 0 1 0 1 0 1 0 0 0 1 1 0 0 0 1 1 1 0 0 1 0 0 1 0 1 1 0 0 1 0 0 1 0 1 1 0 1 
0 1 0 1 1 1 1 1 1 1 0 0 0 1 0 1 1 1 1 0 0 1 1 0 1 0 0 1 0 1 0 0 0 0 1 1 0 1 0 0 1 1 1 1 0 1 1 1 0 1 
1 1 1 0 0 1 0 0 0 1 0 0 0 0 0 1 1 1 0 1 1 0 0 0 1 0 1 1 1 0 1 0 0 0 1 0 0 0 1 1 1 1 1 0 0 0 1 1 0 1 
1 0 0 0 0 0 0 0 0 0 0 0 0 0 0 1 1 0 1 1 1 0 1 0 1 0 1 0 0 0 0 0 0 0 0 0 0 0 1 1 1 1 1 0 1 1 0 0 0 0 
0 1 1 0 0 1 1 1 1 0 1 0 0 0 1 1 1 1 0 1 1 0 1 1 0 1 1 0 0 0 1 1 1 0 1 0 1 1 0 0 1 0 0 1 0 0 0 0 0 0 
1 0 0 0 0 1 1 0 0 1 0 0 0 1 0 0 0 1 0 0 1 1 0 1 0 0 0 1 0 0 0 0 1 1 1 1 0 1 1 1 0 1 0 0 1 0 1 0 0 0 
0 1 1 0 0 0 1 1 0 0 1 1 1 1 0 0 0 0 0 0 0 0 0 1 0 1 0 0 1 1 1 0 0 1 0 0 1 0 1 0 1 0 1 1 1 0 0 1 0 1 
1 1 1 0 0 1 0 0 1 1 1 1 1 1 0 0 0 1 1 1 0 1 0 1 0 1 1 1 0 1 1 1 1 0 0 1 1 1 1 0 1 0 1 0 1 0 1 0 1 0 
1 0 1 1 1 0 1 1 0 0 1 1 0 1 1 0 1 0 1 0 0 0 0 0 0 0 1 1 0 0 0 0 0 0 0 0 0 1 1 0 1 1 1 1 1 1 1 0 0 1 
1 1 1 1 1 1 0 1 0 1 1 0 1 0 0 0 1 1 0 0 1 0 1 0 0 1 0 1 1 0 1 1 0 0 0 1 1 1 0 1 1 0 1 0 1 1 0 0 0 0 
0 0 1 0 1 0 0 0 1 0 0 1 1 1 0 0 1 0 0 0 1 0 0 0 1 0 0 0 0 0 1 1 1 1 0 1 0 0 0 0 0 0 0 0 1 1 0 0 1 1 
1 1 1 1 1 0 1 0 1 0 0 1 1 1 1 0 0 0 1 1 0 0 1 0 1 0 0 0 0 1 1 0 0 1 1 0 0 1 1 1 1 0 0 0 1 1 1 1 1 0 
0 1 0 1 0 0 0 0 1 0 1 0 0 0 1 0 1 0 0 0 0 0 0 0 0 1 0 1 0 0 1 0 1 1 0 0 1 1 1 0 1 0 1 1 0 1 0 1 1 0 
1 0 1 1 1 1 0 1 1 1 1 0 1 1 0 0 0 0 1 0 1 0 0 1 1 1 0 1 0 0 1 0 1 1 1 1 1 1 1 1 1 1 1 1 0 1 0 1 1 1 
1 0 1 0 0 0 1 0 1 1 0 0 0 1 1 1 1 0 0 0 0 0 1 0 0 0 1 0 1 0 0 1 1 1 1 0 0 0 0 1 1 0 1 0 1 0 0 1 1 1 
1 0 0 1 0 1 0 1 1 0 1 1 1 0 0 0 0 0 0 1 1 0 1 0 0 0 0 1 0 1 0 0 1 1 0 1 1 0 0 0 1 1 1 0 1 0 0 1 1 1 
1 0 1 1 1 1 0 1 0 0 0 0 0 1 0 1 1 0 1 0 0 1 1 0 0 0 0 0 1 1 1 1 1 0 1 1 1 1 1 0 0 0 1 1 0 1 1 0 0 0 
1 0 1 0 1 1 0 1 0 0 0 1 1 1 0 0 1 1 0 0 0 0 0 1 0 0 0 0 1 1 0 0 1 0 1 0 0 1 1 1 0 0 1 1 1 0 0 0 1 1 
1 1 1 0 1 0 0 0 0 1 1 1 0 0 1 0 1 1 1 0 0 1 1 0 1 0 0 0 0 0 0 0 0 1 1 1 1 1 0 0 0 1 1 1 0 1 1 0 1 1 
1 1 1 0 0 1 1 0 1 1 0 1 0 0 0 1 0 0 1 0 0 0 0 1 0 1 1 0 0 1 1 0 0 0 0 0 0 0 0 1 0 1 1 0 1 0 0 0 0 0 
0 1 0 1 0 1 1 1 0 1 1 0 0 0 0 1 1 0 0 0 1 0 0 0 1 1 1 0 1 0 1 0 0 1 1 1 0 1 1 1 0 0 0 0 0 0 0 0 0 0 
1 0 1 1 0 1 0 1 1 0 0 1 0 1 0 1 1 0 1 1 1 1 1 0 0 1 0 0 1 1 0 1 0 1 0 0 1 1 0 1 1 0 1 0 1 1 0 1 1 1 
1 1 1 0 1 1 1 1 0 0 0 0 0 1 0 0 1 0 1 1 0 0 0 1 0 1 0 0 0 0 1 0 1 1 1 1 0 0 1 1 1 1 1 1 0 0 1 1 0 0 
1 1 1 1 1 1 0 1 0 1 0 0 0 1 1 0 1 0 0 1 0 1 1 1 1 1 1 0 0 0 0 1 0 1 1 1 1 0 1 0 0 0 1 1 0 1 0 1 0 1 
0 0 1 0 0 0 1 0 1 0 0 0 0 0 1 1 0 0 0 1 1 1 1 1 1 0 0 1 0 1 1 1 1 0 0 0 1 0 0 0 0 1 0 1 1 1 0 1 0 1 
1 1 1 1 0 1 1 1 1 0 1 1 0 1 1 0 0 0 0 0 1 0 1 1 0 1 1 1 0 1 0 1 1 0 0 0 0 1 0 1 0 0 0 1 0 0 1 0 0 1 
0 1 1 1 0 0 0 1 0 1 1 0 0 0 1 0 1 0 1 1 0 0 1 0 1 1 0 1 0 1 0 1 1 0 0 0 0 0 0 0 1 1 0 1 1 0 0 0 1 0 
1 0 0 0 0 1 0 1 1 0 0 0 0 1 0 1 1 0 1 0 0 1 1 0 1 1 0 1 0 0 1 0 1 1 0 0 0 0 1 1 0 0 0 0 0 0 0 1 1 0 
1 1 0 1 1 1 0 0 0 1 1 0 0 1 1 0 1 1 1 0 1 1 1 0 0 1 1 1 0 1 1 0 0 0 1 0 0 0 0 0 0 1 1 0 0 1 1 1 1 0 
0 0 1 1 0 1 0 0 0 1 0 1 1 0 1 1 1 1 0 0 1 1 1 0 0 1 1 0 0 1 0 1 1 0 0 0 1 0 0 1 0 1 1 0 1 1 1 1 1 0 
1 0 1 0 1 1 0 0 0 0 0 1 1 0 1 0 0 0 1 0 1 0 1 1 0 0 1 0 1 1 1 1 0 0 1 0 1 0 1 0 1 1 0 0 0 1 1 1 1 0 
0 0 1 0 0 0 1 1 1 0 1 1 1 1 0 1 1 1 1 0 1 1 1 1 1 0 0 0 0 0 1 1 0 0 0 1 0 0 0 1 0 1 1 0 1 1 0 1 0 1 
0 0 1 0 1 1 1 1 1 1 1 1 1 0 1 0 0 1 0 0 0 0 1 0 1 0 0 1 1 0 0 1 0 1 0 1 0 1 1 1 1 0 1 0 0 0 1 1 0 1 
0 1 0 1 0 0 1 0 0 0 1 1 1 0 0 1 1 1 1 0 0 1 1 1 1 1 1 1 1 0 1 1 1 0 0 0 0 1 1 0 1 1 0 1 0 1 1 0 1 0 
1 0 1 1 0 0 0 0 1 0 1 0 0 1 0 1 0 1 0 0 0 1 1 0 0 1 1 1 0 0 0 1 1 1 1 1 0 0 0 0 0 0 1 0 0 0 0 0 1 0 
1 0 0 0 1 1 0 0 0 1 0 0 1 0 1 1 1 1 1 1 1 0 0 1 1 0 1 0 1 0 1 0 0 1 0 1 0 0 1 0 1 0 0 0 0 0 1 0 0 0 
0 1 1 0 0 0 0 1 1 0 1 0 1 0 0 0 0 1 1 1 1 1 1 0 0 1 0 1 0 0 1 0 1 1 0 0 0 1 1 1 1 0 1 0 0 0 1 0 1 0 
1 1 0 1 1 0 0 0 0 1 1 1 0 0 1 0 1 1 0 0 1 0 0 0 0 1 0 1 0 0 0 1 0 0 1 0 0 1 1 1 0 1 1 0 1 1 0 1 0 1 
1 1 1 1 1 0 0 1 1 1 1 1 0 0 0 1 0 0 0 0 1 1 1 1 1 0 0 0 0 0 1 1 1 1 0 0 1 1 1 1 1 1 0 0 0 0 1 0 1 1 
0 1 0 1 0 0 0 1 1 0 0 0 0 0 0 0 1 0 0 1 1 1 1 1 1 0 1 1 0 0 1 0 0 0 0 1 1 1 1 1 0 0 1 1 0 1 0 1 0 1 
0 0 0 0 1 1 0 0 0 1 1 1 0 0 0 1 0 1 0 1 0 0 1 1 1 0 1 1 0 0 1 0 1 1 1 0 0 0 0 0 1 1 0 0 0 0 1 1 1 0 

0 0 0 0 2 0 0 0 0 0 0 0 0 0 0 0 0 0 0 0 0 0 10 0 0 1 0 0 0 4 14 0 0 1 0 0 0 0 0 8 14 0 11 0 0 0 0 0 0 0 
0 0 0 9 0 0 0 0 15 7 0 5 0 0 0 7 19 0 4 0 0 0 0 0 5 0 0 19 0 0 0 0 0 0 0 0 0 13 0 0 0 0 0 0 0 0 0 0 14 0 
0 0 0 12 11 0 0 0 7 0 0 0 0 0 3 0 0 13 12 0 0 0 5 0 13 19 0 0 0 0 0 0 0 7 0 0 0 16 9 0 0 0 5 0 0 0 0 0 18 0 
0 0 0 0 0 4 0 0 0 0 10 0 2 0 0 0 0 0 0 0 0 0 0 0 0 14 0 0 0 0 0 7 0 5 0 0 13 0 0 0 0 7 0 0 0 0 0 0 0 0 
4 10 0 0 0 0 0 0 0 0 0 0 19 0 0 0 0 0 0 0 0 0 5 0 0 0 0 0 0 0 0 0 0 0 0 0 0 4 18 0 0 10 0 0 0 0 0 0 0 17 
11 0 0 0 0 0 5 0 0 0 0 0 12 0 7 14 0 0 0 0 0 0 0 16 0 0 0 0 0 0 7 0 0 0 0 8 12 0 5 20 6 0 0 2 0 6 0 0 0 0 
0 0 3 0 0 0 0 0 0 0 0 0 7 0 0 15 0 0 0 20 0 0 16 0 0 0 1 8 0 1 13 14 0 0 0 0 0 0 17 0 0 0 0 5 0 0 14 0 0 0 
3 0 0 0 0 0 5 0 0 10 0 0 0 0 15 4 0 0 17 0 0 0 0 0 0 0 0 10 0 0 0 0 2 0 2 0 0 5 0 0 0 0 0 0 0 0 0 0 0 18 
0 0 0 0 0 0 8 0 0 0 0 0 0 7 0 6 0 0 0 16 0 0 0 0 0 0 0 0 0 0 0 0 0 0 0 0 0 0 0 0 0 0 0 17 0 0 0 0 0 0 
0 1 0 0 0 0 0 0 18 0 1 0 0 12 1 0 0 4 0 0 0 16 0 0 0 8 0 0 0 15 0 0 0 0 0 0 1 0 0 0 0 0 0 0 14 0 0 14 0 15 
0 0 0 0 7 0 0 0 0 0 0 0 6 0 0 0 0 0 0 8 0 6 0 0 0 0 1 0 0 0 0 0 5 0 18 0 0 0 17 0 0 3 0 0 0 0 0 0 0 0 
10 0 5 0 0 4 0 0 9 0 0 0 0 0 0 0 0 0 0 14 0 0 4 19 0 0 0 5 0 0 0 0 0 0 0 0 0 0 0 0 0 0 0 0 0 0 0 1 19 0 
0 0 14 0 0 0 0 6 0 15 0 0 0 7 1 0 0 0 0 0 0 0 0 0 0 0 0 0 0 10 0 0 0 0 0 0 9 0 0 19 0 0 15 0 7 0 12 0 0 0 
0 0 0 0 0 0 0 0 16 0 2 0 3 0 0 0 0 0 0 0 4 3 0 0 9 0 15 0 0 0 14 0 0 0 0 0 1 0 0 0 0 0 0 0 0 0 0 3 0 0 
3 0 0 0 0 0 0 7 0 0 0 0 15 0 0 11 0 0 0 0 0 0 0 0 0 0 0 0 0 0 0 0 0 0 0 0 0 4 0 12 0 0 0 14 0 0 2 3 14 0 
0 0 0 0 15 0 1 0 0 0 0 0 0 0 0 0 0 0 0 8 0 0 0 2 0 3 0 0 0 0 0 17 0 10 0 10 0 0 0 16 15 0 0 12 0 0 0 0 0 5 
0 0 7 0 0 0 0 0 15 0 15 0 0 4 0 0 0 0 15 15 0 19 8 0 0 0 0 12 0 18 0 0 5 0 0 0 0 0 0 0 0 0 0 0 0 0 0 18 1 0 
0 11 20 0 0 0 0 0 0 0 11 0 10 0 0 0 6 0 0 0 0 10 0 0 14 0 0 13 0 1 1 0 0 0 17 0 0 14 0 0 0 0 0 0 0 0 0 0 0 0 
0 0 0 0 0 0 0 5 0 0 0 0 0 0 0 0 15 0 0 0 10 0 0 11 0 0 0 0 0 0 0 0 0 0 0 14 0 0 0 0 0 8 19 0 0 0 6 0 0 0 
0 20 0 0 0 5 8 0 0 0 0 0 0 0 0 0 0 8 0 0 0 0 0 0 0 5 7 0 0 0 0 0 0 0 0 5 0 0 0 18 0 0 0 0 0 0 0 0 0 0 
18 0 0 0 0 0 9 0 0 17 0 0 0 0 0 0 0 0 1 11 0 0 0 0 0 0 9 9 5 0 0 0 0 0 2 0 0 0 0 0 0 0 0 0 0 6 0 0 0 0 
0 0 19 0 0 0 0 15 0 0 0 0 0 0 0 0 0 0 2 0 0 0 0 0 0 0 0 9 3 4 0 0 0 0 15 0 18 13 0 0 0 0 0 0 0 0 0 0 0 3 
0 0 0 0 14 0 17 0 0 0 0 0 0 0 0 17 0 0 0 0 0 4 0 0 0 0 17 0 0 13 0 0 0 2 0 0 0 0 0 0 3 0 0 0 6 18 0 0 16 6 
0 0 0 0 0 11 0 0 0 0 9 0 0 0 0 15 10 0 4 7 0 0 0 0 0 0 4 0 5 1 0 5 0 0 0 9 0 8 0 5 9 0 15 0 0 0 4 9 14 4 
5 0 0 0 0 0 1 0 3 0 0 0 0 0 3 0 0 17 0 0 0 0 6 0 0 2 0 0 0 0 0 10 0 0 0 0 0 12 0 0 11 0 0 20 0 0 3 0 0 0 
0 0 0 0 0 0 0 0 0 0 0 0 10 0 0 0 0 0 0 4 0 0 8 18 0 0 0 0 0 0 0 0 0 0 0 0 0 14 0 0 0 17 0 0 0 0 0 0 0 2 
0 0 0 0 9 0 0 0 0 13 17 6 0 1 1 0 0 0 19 0 0 0 1 0 0 0 0 0 0 5 0 0 1 0 0 0 0 0 14 0 0 0 0 0 9 16 0 0 0 2 
0 0 0 0 0 0 0 17 0 0 0 0 0 0 0 0 0 0 0 19 4 0 0 0 0 0 2 0 0 0 0 18 0 6 12 0 0 0 16 0 20 4 0 0 0 0 0 0 0 17 
0 0 0 0 0 0 0 0 10 0 0 0 0 0 0 0 10 0 0 0 0 0 0 0 0 0 0 0 0 10 2 0 0 0 0 0 0 0 0 0 0 0 0 6 0 15 0 0 0 0 
0 0 0 0 0 0 0 0 0 0 16 0 0 0 0 5 0 0 0 0 0 0 7 8 0 0 0 0 0 0 0 7 15 0 0 12 0 11 19 0 0 2 5 0 4 0 8 0 0 2 
0 0 0 0 0 3 0 0 0 0 0 0 0 0 17 0 0 0 0 5 0 0 19 0 10 0 0 0 0 0 0 0 12 0 0 0 0 0 0 0 0 0 0 0 2 0 18 0 0 0 
0 0 0 0 0 0 0 0 0 5 0 0 0 0 0 0 0 20 0 13 18 0 3 0 0 0 4 0 12 0 0 0 0 7 0 0 0 0 0 0 0 0 18 0 0 0 0 0 0 0 
0 0 0 0 0 0 7 0 0 0 0 0 0 6 0 0 3 0 14 0 0 0 0 0 0 14 0 0 0 0 0 0 0 0 0 0 0 3 0 0 0 11 0 1 0 0 0 0 0 0 
0 0 0 0 0 0 0 14 0 8 0 0 0 8 0 0 0 0 19 3 0 0 0 7 2 0 0 0 0 19 8 0 0 0 4 0 17 0 0 0 0 12 7 0 0 0 0 16 0 0 
0 0 0 0 14 0 0 0 0 0 0 0 3 0 0 0 0 0 0 0 0 0 0 0 0 0 0 0 12 0 0 0 15 0 0 0 9 0 0 0 9 0 0 0 0 0 0 0 0 0 
0 0 0 0 0 0 7 0 3 1 0 0 0 0 5 0 0 0 0 0 0 0 0 0 0 0 0 0 0 0 0 0 5 0 10 0 0 0 12 0 0 0 0 10 0 0 0 0 14 0 
0 0 0 12 0 0 0 0 0 0 9 0 0 0 0 0 11 0 0 11 0 8 0 8 16 0 0 0 0 8 0 0 1 0 12 11 0 0 0 0 0 19 0 0 0 0 13 0 0 0 
0 0 0 0 6 0 0 0 0 0 0 0 0 0 0 0 14 0 0 0 0 0 0 0 0 0 0 0 5 0 6 0 0 0 20 0 0 0 0 0 15 0 0 0 0 0 19 0 0 0 
0 0 0 0 0 5 0 16 11 0 0 0 0 0 0 0 0 0 0 0 0 0 11 2 0 0 0 0 0 12 0 15 0 0 0 0 0 0 0 0 0 0 19 0 0 0 0 0 0 0 
17 0 0 0 0 0 0 0 0 0 0 3 10 0 0 0 0 0 0 0 0 0 0 11 0 3 0 0 0 0 0 0 0 0 0 0 12 5 0 0 0 0 15 0 17 0 8 0 5 0 
0 0 0 0 18 0 0 0 0 0 0 0 0 0 0 0 0 0 0 14 0 14 0 15 0 5 12 0 0 0 0 3 0 8 11 0 0 0 0 0 0 0 3 0 0 6 0 3 0 0 
0 0 5 0 0 15 0 0 0 0 19 0 0 0 0 6 0 7 0 1 1 0 0 0 0 0 0 0 9 19 0 0 4 0 0 0 0 9 0 0 12 0 0 0 17 0 8 20 0 10 
0 9 0 0 0 0 13 0 0 0 0 0 0 0 0 5 1 0 0 0 0 0 0 0 3 17 0 0 0 0 0 0 0 16 0 2 3 0 0 0 0 0 0 0 0 0 0 0 6 0 
0 0 0 0 0 0 0 0 0 0 0 0 0 0 0 0 13 3 0 0 0 0 0 0 0 0 8 0 0 0 0 0 0 0 0 0 0 0 0 0 0 0 11 0 1 0 3 0 0 0 
9 0 0 0 0 0 0 0 12 0 0 4 0 0 0 0 0 0 0 8 0 0 0 0 0 0 0 0 0 0 0 0 0 0 8 15 0 0 0 1 0 0 0 0 0 0 0 0 0 0 
0 0 14 0 0 7 0 0 0 7 5 0 8 0 18 0 0 0 0 12 0 0 0 13 0 0 0 0 10 7 0 8 0 0 0 0 0 0 0 0 0 0 0 0 0 0 0 0 0 0 
0 0 0 0 0 0 0 0 11 0 0 0 0 0 0 0 0 0 0 0 4 0 0 0 0 0 0 0 0 0 3 8 0 0 0 6 11 0 0 0 0 15 0 9 16 0 0 0 0 0 
0 0 0 0 0 9 0 0 0 0 10 0 0 0 0 0 0 6 0 0 17 0 0 0 0 0 0 0 0 0 0 10 0 13 0 0 0 0 1 0 14 0 0 9 0 0 0 0 0 0 
18 17 0 0 0 15 6 9 0 18 0 0 10 0 8 0 0 0 9 0 6 0 0 0 0 0 5 0 0 4 0 0 0 10 0 0 0 1 0 0 0 0 0 0 0 0 0 0 0 0 
0 0 0 0 0 0 0 0 0 0 0 0 7 0 0 0 0 0 0 0 0 0 0 0 0 2 0 14 0 0 0 5 0 0 0 0 1 12 0 0 0 0 0 0 0 0 0 0 0 0 
