50

0 1 1 0 1 1 1 0 0 0 1 0 0 0 1 0 0 1 0 1 0 0 0 0 0 0 1 1 1 0 0 0 0 1 0 0 0 0 1 0 0 1 1 0 1 0 1 0 1 0 
1 0 0 0 1 0 1 1 0 1 1 1 0 0 0 0 1 1 0 0 1 0 1 0 0 1 1 0 0 0 0 1 1 0 1 1 1 1 0 0 1 0 1 0 0 0 1 0 0 0 
1 0 0 0 1 0 0 0 0 1 0 1 1 0 1 0 1 1 0 0 1 1 1 1 1 0 1 0 1 0 0 0 1 1 0 1 0 0 0 0 0 0 1 0 0 0 1 0 1 0 
0 0 0 0 1 0 0 1 1 0 0 1 1 0 1 1 1 1 0 1 1 0 1 0 1 1 1 0 1 0 0 0 0 0 0 1 0 0 1 0 0 0 0 1 1 1 0 0 0 0 
1 1 1 1 0 1 0 1 0 1 1 0 0 0 0 1 1 0 0 1 0 0 1 0 1 1 0 0 0 1 1 0 0 0 1 0 0 1 1 0 0 1 0 1 0 1 1 0 1 0 
1 0 0 0 1 0 0 0 0 0 1 1 0 0 0 1 1 1 1 0 0 1 0 0 0 1 0 1 1 0 1 0 0 1 1 1 0 0 0 0 0 0 1 0 0 1 1 1 1 0 
1 1 0 0 0 0 0 0 0 0 0 1 0 0 1 0 1 0 1 1 1 0 1 0 0 1 0 0 1 0 1 1 1 1 0 1 1 0 0 0 1 0 0 0 0 1 0 1 0 0 
0 1 0 1 1 0 0 0 1 0 0 0 0 0 1 1 0 0 1 0 0 0 0 0 0 0 1 0 1 0 0 0 0 0 0 0 0 1 1 0 0 0 0 0 1 0 0 1 0 0 
0 0 0 1 0 0 0 1 0 0 1 0 0 0 0 0 1 0 1 0 0 0 1 0 1 0 0 0 1 0 0 1 0 0 1 1 1 0 0 0 0 0 1 1 1 1 1 0 1 1 
0 1 1 0 1 0 0 0 0 0 0 0 0 0 0 0 0 0 0 0 1 1 0 0 1 0 0 0 1 0 0 0 0 0 1 0 0 0 1 0 0 1 0 0 0 1 1 0 0 0 
1 1 0 0 1 1 0 0 1 0 0 0 0 0 1 0 0 0 0 0 1 0 1 0 1 0 0 0 1 0 1 0 1 1 0 0 0 0 0 1 0 1 0 0 1 1 1 0 0 0 
0 1 1 1 0 1 1 0 0 0 0 0 1 0 1 0 1 1 1 0 1 0 1 0 0 1 0 0 0 1 0 0 1 1 1 0 0 1 0 1 0 1 0 0 1 1 1 1 1 0 
0 0 1 1 0 0 0 0 0 0 0 1 0 1 0 0 0 0 0 0 0 0 0 1 0 0 0 1 0 0 0 0 1 0 1 1 0 0 0 0 0 0 1 0 1 1 0 0 0 1 
0 0 0 0 0 0 0 0 0 0 0 0 1 0 0 1 1 0 0 1 0 0 1 1 1 1 1 1 1 0 0 1 0 0 0 1 0 0 0 0 1 0 1 0 0 0 0 0 0 0 
1 0 1 1 0 0 1 1 0 0 1 1 0 0 0 0 1 0 1 0 0 0 0 0 0 1 1 0 0 0 0 0 0 0 0 1 1 0 1 1 0 1 1 0 0 1 1 0 1 0 
0 0 0 1 1 1 0 1 0 0 0 0 0 1 0 0 0 0 1 0 0 0 0 0 0 0 0 1 1 0 0 0 1 0 1 0 1 1 1 0 0 0 0 0 0 0 0 1 1 0 
0 1 1 1 1 1 1 0 1 0 0 1 0 1 1 0 0 0 1 1 0 1 0 1 0 0 0 0 0 1 0 0 1 0 1 0 0 1 0 0 0 0 0 1 0 1 1 0 0 1 
1 1 1 1 0 1 0 0 0 0 0 1 0 0 0 0 0 0 1 1 0 0 0 0 1 0 0 0 0 1 0 0 0 0 0 1 1 1 0 0 0 0 1 1 0 0 1 0 0 0 
0 0 0 0 0 1 1 1 1 0 0 1 0 0 1 1 1 1 0 0 1 0 1 0 1 1 0 0 0 0 0 1 0 0 1 1 0 1 0 1 0 0 0 0 1 0 1 1 0 0 
1 0 0 1 1 0 1 0 0 0 0 0 0 1 0 0 1 1 0 0 0 0 0 1 1 1 0 1 1 0 1 0 0 1 0 0 0 1 0 1 1 0 1 0 1 0 0 0 1 0 
0 1 1 1 0 0 1 0 0 1 1 1 0 0 0 0 0 0 1 0 0 0 0 1 0 1 0 0 0 1 0 0 0 0 0 0 1 0 1 0 1 0 0 1 0 0 1 0 1 0 
0 0 1 0 0 1 0 0 0 1 0 0 0 0 0 0 1 0 0 0 0 0 0 0 0 1 1 0 0 0 1 0 0 1 0 1 0 0 1 1 0 0 1 0 1 0 0 0 1 0 
0 1 1 1 1 0 1 0 1 0 1 1 0 1 0 0 0 0 1 0 0 0 0 0 0 0 0 1 1 0 1 0 0 0 0 1 1 1 1 0 0 0 0 0 1 0 0 0 0 0 
0 0 1 0 0 0 0 0 0 0 0 0 1 1 0 0 1 0 0 1 1 0 0 0 0 0 0 0 0 0 1 0 1 0 1 0 0 0 1 1 0 0 1 0 1 0 0 0 0 1 
0 0 1 1 1 0 0 0 1 1 1 0 0 1 0 0 0 1 1 1 0 0 0 0 0 0 1 0 1 0 0 0 0 0 0 0 0 0 0 1 1 0 0 1 0 0 1 0 0 0 
0 1 0 1 1 1 1 0 0 0 0 1 0 1 1 0 0 0 1 1 1 1 0 0 0 0 0 1 1 1 1 0 0 1 0 0 0 0 0 0 0 1 1 0 0 1 1 0 1 0 
1 1 1 1 0 0 0 1 0 0 0 0 0 1 1 0 0 0 0 0 0 1 0 0 1 0 0 1 0 1 0 0 1 0 1 0 0 1 0 1 0 1 0 0 0 1 1 0 1 0 
1 0 0 0 0 1 0 0 0 0 0 0 1 1 0 1 0 0 0 1 0 0 1 0 0 1 1 0 0 0 1 0 0 0 0 1 0 1 1 0 1 1 1 0 0 0 0 0 1 0 
1 0 1 1 0 1 1 1 1 1 1 0 0 1 0 1 0 0 0 1 0 0 1 0 1 1 0 0 0 1 1 1 0 0 0 1 0 0 0 0 0 1 0 1 1 1 1 0 0 1 
0 0 0 0 1 0 0 0 0 0 0 1 0 0 0 0 1 1 0 0 1 0 0 0 0 1 1 0 1 0 1 1 0 1 0 1 0 1 1 0 1 1 1 0 0 1 1 1 0 0 
0 0 0 0 1 1 1 0 0 0 1 0 0 0 0 0 0 0 0 1 0 1 1 1 0 1 0 1 1 1 0 0 0 0 0 0 0 1 0 1 0 0 0 1 1 0 1 1 0 1 
0 1 0 0 0 0 1 0 1 0 0 0 0 1 0 0 0 0 1 0 0 0 0 0 0 0 0 0 1 1 0 0 1 1 1 1 1 0 1 0 0 1 0 0 0 0 0 0 1 1 
0 1 1 0 0 0 1 0 0 0 1 1 1 0 0 1 1 0 0 0 0 0 0 1 0 0 1 0 0 0 0 1 0 0 0 1 0 1 0 1 0 0 1 0 1 0 0 1 0 0 
1 0 1 0 0 1 1 0 0 0 1 1 0 0 0 0 0 0 0 1 0 1 0 0 0 1 0 0 0 1 0 1 0 0 1 1 0 0 0 0 0 1 0 0 0 0 1 0 0 1 
0 1 0 0 1 1 0 0 1 1 0 1 1 0 0 1 1 0 1 0 0 0 0 1 0 0 1 0 0 0 0 1 0 1 0 0 1 0 0 0 1 0 0 0 1 0 0 0 0 1 
0 1 1 1 0 1 1 0 1 0 0 0 1 1 1 0 0 1 1 0 0 1 1 0 0 0 0 1 1 1 0 1 1 1 0 0 0 0 1 1 0 0 1 0 0 1 0 1 0 0 
0 1 0 0 0 0 1 0 1 0 0 0 0 0 1 1 0 1 0 0 1 0 1 0 0 0 0 0 0 0 0 1 0 0 1 0 0 0 0 0 1 0 0 0 1 1 0 0 1 1 
0 1 0 0 1 0 0 1 0 0 0 1 0 0 0 1 1 1 1 1 0 0 1 0 0 0 1 1 0 1 1 0 1 0 0 0 0 0 0 0 1 1 0 1 0 1 0 0 1 0 
1 0 0 1 1 0 0 1 0 1 0 0 0 0 1 1 0 0 0 0 1 1 1 1 0 0 0 1 0 1 0 1 0 0 0 1 0 0 0 1 1 0 0 1 1 0 0 1 1 0 
0 0 0 0 0 0 0 0 0 0 1 1 0 0 1 0 0 0 1 1 0 1 0 1 1 0 1 0 0 0 1 0 1 0 0 1 0 0 1 0 0 1 0 1 1 1 1 1 0 0 
0 1 0 0 0 0 1 0 0 0 0 0 0 1 0 0 0 0 0 1 1 0 0 0 1 0 0 1 0 1 0 0 0 0 1 0 1 1 1 0 0 0 0 1 1 0 0 1 0 0 
1 0 0 0 1 0 0 0 0 1 1 1 0 0 1 0 0 0 0 0 0 0 0 0 0 1 1 1 1 1 0 1 0 1 0 0 0 1 0 1 0 0 0 0 0 0 0 1 0 0 
1 1 1 0 0 1 0 0 1 0 0 0 1 1 1 0 0 1 0 1 0 1 0 1 0 1 0 1 0 1 0 0 1 0 0 1 0 0 0 0 0 0 0 1 1 0 0 0 1 1 
0 0 0 1 1 0 0 0 1 0 0 0 0 0 0 0 1 1 0 0 1 0 0 0 1 0 0 0 1 0 1 0 0 0 0 0 0 1 1 1 1 0 1 0 0 0 1 1 1 0 
1 0 0 1 0 0 0 1 1 0 1 1 1 0 0 0 0 0 1 1 0 1 1 1 0 0 0 0 1 0 1 0 1 0 1 0 1 0 1 1 1 0 1 0 0 1 1 1 1 0 
0 0 0 1 1 1 1 0 1 1 1 1 1 0 1 0 1 0 0 0 0 0 0 0 0 1 1 0 1 1 0 0 0 0 0 1 1 1 0 1 0 0 0 0 1 0 0 1 0 0 
1 1 1 0 1 1 0 0 1 1 1 1 0 0 1 0 1 1 1 0 1 0 0 0 1 1 1 0 1 1 1 0 0 1 0 0 0 0 0 1 0 0 0 1 1 0 0 0 1 1 
0 0 0 0 0 1 1 1 0 0 0 1 0 0 0 1 0 0 1 0 0 0 0 0 0 0 0 0 0 1 1 0 1 0 0 1 0 0 1 1 1 1 0 1 1 1 0 0 0 0 
1 0 1 0 1 1 0 0 1 0 0 1 0 0 1 1 0 0 0 1 1 1 0 0 0 1 1 1 0 0 0 1 0 0 0 0 1 1 1 0 0 0 1 1 1 0 1 0 0 1 
0 0 0 0 0 0 0 0 1 0 0 0 1 0 0 0 1 0 0 0 0 0 0 1 0 0 0 0 1 0 1 1 0 1 1 0 1 0 0 0 0 0 1 0 0 0 1 0 1 0 

0 0 0 0 0 24 0 0 8 9 0 0 0 0 26 0 0 1 0 0 0 0 0 0 0 0 0 0 0 0 0 3 0 22 0 0 0 0 0 0 27 0 0 0 0 0 0 12 0 0 
0 0 10 0 0 0 0 0 31 0 0 7 0 0 0 0 0 0 2 0 13 0 4 0 0 0 0 0 0 0 30 0 0 0 0 0 28 0 10 0 0 0 0 0 0 0 9 0 0 0 
0 0 0 0 0 0 0 0 0 0 0 0 0 0 0 0 0 0 0 0 0 12 0 0 8 0 0 0 0 0 0 0 0 0 0 0 0 0 0 25 0 0 0 0 0 0 0 0 0 0 
0 0 16 0 5 0 0 0 0 0 0 0 0 0 0 11 0 0 0 0 0 0 0 0 0 0 0 0 9 0 0 24 32 0 0 0 0 0 0 17 0 15 0 0 0 0 0 22 0 0 
0 0 0 0 0 0 0 0 15 0 0 0 3 0 0 0 0 0 29 0 26 17 0 24 0 0 0 0 0 0 0 26 0 18 0 0 0 0 0 14 0 0 0 12 0 0 0 0 0 0 
0 0 0 0 0 0 0 31 0 0 0 0 0 0 0 0 16 0 0 0 0 0 23 6 0 0 21 0 0 0 0 0 2 0 0 0 0 0 0 0 0 0 0 32 0 0 2 15 0 0 
5 0 17 0 0 0 0 0 0 0 0 0 1 0 0 0 0 0 0 0 27 0 4 0 1 8 0 0 0 0 0 12 0 3 0 0 0 0 2 0 23 0 0 0 11 0 0 0 0 0 
0 0 0 0 0 0 16 0 0 0 0 0 0 0 0 0 20 20 7 0 0 0 0 0 0 0 11 0 28 0 0 2 0 0 0 0 0 0 0 0 0 6 0 0 0 0 0 0 0 0 
0 0 0 0 0 0 0 0 0 0 0 10 0 25 0 20 0 28 3 24 0 0 8 0 0 0 0 0 0 0 0 7 11 17 0 27 23 0 15 0 24 0 0 0 0 0 0 0 0 0 
0 0 0 0 0 0 0 0 19 0 6 0 0 0 0 0 0 0 27 0 0 0 0 0 0 0 22 0 0 0 0 0 0 0 0 23 0 0 0 0 0 0 0 0 0 0 0 0 0 0 
0 0 0 27 16 0 0 0 9 0 0 0 0 0 0 0 26 0 0 0 0 2 0 0 0 0 0 0 0 8 13 0 0 0 0 0 14 0 0 0 0 0 0 0 0 0 0 0 0 0 
0 0 0 0 0 1 0 22 23 0 28 0 3 0 0 0 0 0 0 0 0 0 19 0 0 11 0 0 0 0 0 0 4 0 0 0 0 15 0 25 0 2 0 0 0 0 0 0 3 0 
0 0 10 0 0 19 0 0 0 7 0 0 0 0 0 0 0 0 6 23 0 10 0 0 0 0 0 0 0 21 15 0 0 0 0 0 0 0 0 0 0 0 0 9 0 0 0 0 0 0 
0 10 10 0 0 0 0 0 0 0 0 0 0 0 0 0 0 0 0 0 0 0 0 0 0 0 0 0 0 0 0 0 0 5 18 0 0 0 0 0 5 0 0 0 0 0 0 12 18 0 
18 0 0 0 0 0 0 3 0 0 0 0 0 0 0 0 0 25 0 0 2 0 0 0 0 0 0 0 0 0 0 0 0 0 0 0 0 0 0 0 19 0 0 0 0 0 0 11 0 0 
0 0 0 0 0 0 0 0 12 0 0 0 4 0 0 0 0 0 0 0 0 0 0 0 0 0 0 0 0 3 0 0 8 10 0 0 0 0 30 0 0 0 0 29 0 5 0 0 0 0 
0 10 0 21 17 0 0 0 0 0 0 0 30 28 1 0 0 22 0 13 3 28 0 0 0 11 0 3 0 0 1 0 0 0 0 7 0 0 0 0 0 26 4 0 0 5 0 0 0 0 
0 0 0 1 0 13 0 0 0 0 0 0 0 0 0 26 13 0 0 0 0 21 0 0 0 31 0 0 0 0 0 5 0 0 0 0 0 0 27 0 23 12 0 0 0 0 0 0 26 14 
0 0 0 0 0 0 0 12 0 0 0 20 12 0 0 0 0 0 0 0 2 0 0 0 0 0 0 8 0 11 0 0 0 0 0 0 0 0 0 0 0 0 10 0 0 0 0 0 0 0 
0 0 0 30 4 0 0 0 0 0 0 0 0 0 0 0 17 0 0 0 0 0 0 26 0 0 0 0 0 0 25 0 0 0 0 0 0 0 16 0 0 0 0 0 0 0 0 0 19 0 
0 27 0 0 0 4 0 0 0 26 0 6 0 0 0 0 28 0 0 0 0 0 0 0 5 0 20 0 0 0 0 0 0 0 0 0 0 28 0 12 0 21 0 0 0 0 16 0 0 0 
0 0 0 0 15 0 11 10 0 0 9 0 0 0 0 0 0 15 0 0 0 0 9 24 0 0 0 17 16 0 0 0 19 0 0 25 1 27 0 0 0 0 0 0 0 0 0 0 0 9 
0 0 0 0 24 0 19 0 0 0 0 0 0 0 0 0 0 24 0 22 0 0 0 0 0 0 0 0 0 0 0 15 0 0 0 0 0 0 0 0 0 0 0 0 0 0 21 0 0 0 
0 3 0 0 0 0 0 0 9 0 0 0 0 0 0 0 0 27 0 0 0 0 0 0 0 12 0 0 0 0 0 0 0 11 0 0 0 0 15 0 0 0 0 0 12 7 0 20 0 0 
3 0 0 0 0 11 0 21 15 0 0 14 0 0 0 0 1 0 0 0 0 0 0 0 0 22 8 0 0 0 0 0 0 0 0 0 0 0 26 0 0 0 0 0 0 0 0 0 0 0 
0 0 0 2 0 0 23 19 0 0 0 0 0 0 0 0 0 0 0 0 0 0 0 0 0 0 0 0 0 18 5 0 0 3 0 0 0 0 0 0 0 0 0 0 0 0 9 0 0 0 
0 0 0 0 0 0 0 0 0 0 0 0 0 12 0 0 0 0 0 0 0 0 0 0 0 0 0 0 0 8 0 0 0 0 0 0 0 0 0 12 0 0 4 0 0 0 0 0 28 0 
0 20 0 0 13 0 0 0 0 0 25 0 0 0 0 16 0 0 0 0 2 0 22 0 0 0 0 0 0 0 27 0 26 0 2 21 0 0 11 0 0 0 17 0 2 0 0 26 0 0 
0 0 0 0 0 1 0 2 0 0 0 18 0 0 16 0 28 0 0 0 0 0 26 0 0 16 5 0 0 0 20 0 0 0 0 14 0 0 0 0 10 0 0 0 0 0 0 21 0 0 
0 0 0 0 10 0 0 12 0 0 0 0 0 25 1 0 0 0 0 0 0 26 0 0 4 0 0 0 0 0 0 0 0 0 0 0 0 0 0 7 0 0 0 0 0 0 21 0 0 0 
24 11 0 0 0 29 0 26 0 0 0 9 0 0 0 0 0 0 0 0 22 0 5 0 0 0 0 0 21 0 0 8 0 0 0 0 0 0 0 21 29 0 0 17 0 0 0 0 0 0 
0 0 13 17 0 21 0 0 0 0 0 1 0 0 0 0 0 0 24 24 0 0 0 0 0 0 0 14 0 0 0 0 6 0 27 0 29 0 0 0 0 15 0 0 0 0 0 0 0 0 
0 0 0 1 0 30 0 22 0 18 0 22 0 0 0 0 0 0 0 0 0 2 0 15 0 31 0 15 0 0 0 0 0 0 0 0 0 0 0 17 0 31 0 0 0 18 0 18 0 0 
8 0 0 0 0 0 0 0 0 0 27 0 0 0 0 0 0 0 0 0 0 0 21 0 0 0 0 0 14 0 0 0 0 0 11 11 0 0 0 0 0 0 12 27 10 0 0 0 0 0 
18 19 0 0 0 0 31 0 0 0 0 0 0 0 0 0 0 0 10 0 10 0 0 0 0 0 0 16 11 30 6 29 0 0 0 0 0 0 0 0 0 0 0 0 0 0 0 0 0 0 
0 0 0 19 0 0 0 0 0 0 0 0 0 0 0 0 0 0 0 0 0 0 0 0 0 12 7 0 0 0 8 0 24 0 0 0 0 22 0 0 0 0 0 0 0 0 0 0 0 0 
0 0 11 0 1 0 0 26 0 0 2 0 0 0 0 25 0 0 0 0 0 7 0 0 0 0 0 0 0 6 19 0 22 0 0 0 0 0 0 0 0 0 0 24 0 0 28 18 0 28 
0 14 0 0 0 0 0 0 2 0 0 0 14 0 16 0 0 0 0 0 0 0 0 0 0 0 0 0 21 0 0 0 0 0 0 0 0 0 0 0 0 17 28 12 12 0 0 0 0 18 
0 0 14 29 0 0 0 0 0 20 0 0 0 0 0 0 0 0 0 6 0 0 11 0 0 8 0 9 4 0 0 0 25 0 6 0 0 0 0 0 0 0 0 0 0 23 0 0 0 0 
0 30 0 0 15 0 0 0 0 0 0 0 1 0 28 0 0 0 0 0 0 0 0 0 0 0 22 0 0 0 0 31 0 0 5 5 0 20 0 0 0 0 0 0 0 0 0 0 0 0 
0 0 0 0 0 8 29 0 17 0 10 0 8 11 0 0 0 0 2 0 0 0 0 0 0 1 0 0 5 0 0 0 0 0 2 0 0 0 0 0 0 0 0 0 22 0 0 0 0 0 
4 3 18 0 26 0 0 0 8 0 1 0 0 0 2 0 16 20 0 0 17 0 0 2 6 0 0 0 0 0 0 0 0 0 0 0 0 0 0 0 0 0 10 0 21 0 26 28 0 0 
0 0 0 0 0 0 0 0 3 0 0 20 0 4 0 0 0 0 0 0 0 0 0 4 3 0 0 0 6 0 0 0 0 0 0 4 0 0 22 0 0 0 0 0 0 0 0 0 0 0 
0 16 0 0 0 0 0 0 14 25 21 0 0 1 0 0 0 0 29 2 0 0 0 0 0 0 0 0 0 0 0 0 0 0 20 0 0 0 0 0 0 0 0 0 0 20 0 0 0 0 
0 0 0 0 0 0 0 0 10 0 0 28 0 0 1 0 0 0 0 0 0 0 5 0 0 0 0 0 0 13 0 0 0 0 7 4 0 0 0 0 0 0 0 0 0 0 0 0 12 0 
0 17 0 4 0 5 0 0 0 18 0 0 6 0 0 0 0 0 21 24 0 0 0 0 0 0 0 0 0 0 0 5 0 0 0 0 20 0 0 0 0 0 0 0 0 0 7 17 23 5 
27 0 0 0 26 0 0 0 0 0 0 13 0 0 0 0 0 0 0 0 0 0 15 0 15 0 27 0 0 0 0 0 0 0 31 0 0 13 16 26 0 0 0 23 0 0 0 0 21 0 
0 0 0 0 0 0 0 0 0 0 0 0 0 0 13 19 0 0 31 0 0 0 0 0 0 0 24 0 26 12 0 0 0 0 0 12 0 0 12 0 0 0 0 0 0 3 0 0 0 0 
0 0 0 0 0 0 0 0 30 0 0 0 0 0 8 0 0 0 0 12 0 0 0 0 0 0 0 0 0 0 0 0 0 0 0 8 0 22 0 0 7 27 0 26 0 11 0 0 0 0 
0 0 0 0 0 0 0 4 2 0 15 0 0 0 19 22 0 11 0 0 0 0 0 0 0 0 26 10 0 0 0 12 0 21 0 0 0 0 0 2 25 0 0 0 0 0 0 0 0 0 
