50

0 0 1 1 1 1 1 0 1 1 0 1 1 1 0 0 1 0 1 1 1 0 1 1 1 1 1 1 1 1 1 1 1 0 1 0 0 1 1 1 1 0 1 1 1 1 1 1 1 1 
0 0 1 1 1 1 0 1 1 1 1 1 1 1 0 1 1 1 1 0 1 1 1 1 1 1 1 1 1 1 1 1 1 1 1 1 0 1 1 0 0 1 1 1 1 1 1 1 1 1 
1 1 0 1 1 1 0 1 0 0 0 1 1 0 1 1 1 1 1 0 0 1 0 1 1 1 0 1 0 1 1 1 1 1 1 1 1 1 1 1 1 1 1 1 1 1 0 0 1 1 
1 1 1 0 1 1 1 1 1 1 1 1 1 1 1 1 1 1 1 1 1 1 1 0 1 0 1 1 0 1 0 1 1 1 0 0 0 1 1 1 0 1 1 1 1 1 0 1 1 0 
1 1 1 1 0 1 1 1 0 1 1 1 1 0 1 0 1 1 1 1 1 1 1 1 1 1 0 1 0 1 0 1 0 1 0 1 1 1 1 1 1 1 1 1 1 1 1 1 0 1 
1 1 1 1 1 0 1 1 1 0 1 1 1 1 1 1 0 0 1 1 1 1 1 1 1 0 1 1 0 1 1 1 1 1 1 1 1 1 1 1 1 1 1 0 1 1 1 1 0 1 
1 0 0 1 1 1 0 1 0 1 1 0 1 1 0 0 1 1 1 1 0 1 1 1 1 1 1 1 0 1 1 1 1 1 1 1 1 1 1 1 1 1 1 1 1 1 1 1 1 0 
0 1 1 1 1 1 1 0 0 1 1 1 1 1 1 1 0 1 1 1 1 1 1 1 1 1 1 1 1 1 1 1 1 0 0 1 1 1 1 1 0 1 1 1 0 1 1 0 1 1 
1 1 0 1 0 1 0 0 0 1 1 0 1 1 1 1 1 1 1 1 1 1 1 1 1 1 1 1 1 1 1 1 1 1 1 1 1 1 1 1 1 1 1 1 1 1 1 1 1 1 
1 1 0 1 1 0 1 1 1 0 1 1 1 1 1 0 1 1 1 1 0 0 0 1 1 0 1 1 1 1 1 1 1 0 1 1 1 1 0 1 1 1 1 1 1 1 1 1 1 1 
0 1 0 1 1 1 1 1 1 1 0 1 1 1 1 1 0 1 1 1 1 1 1 0 1 1 1 1 1 1 1 1 1 1 1 1 1 0 0 1 1 1 1 1 1 0 0 1 1 0 
1 1 1 1 1 1 0 1 0 1 1 0 1 0 1 1 1 0 1 1 1 1 1 1 0 1 1 1 1 1 1 1 1 1 1 1 1 0 0 1 0 1 1 1 1 1 1 1 0 1 
1 1 1 1 1 1 1 1 1 1 1 1 0 0 1 1 0 1 1 1 0 1 1 1 1 1 1 1 1 1 1 1 1 1 1 1 1 1 1 1 0 1 1 1 1 0 1 1 0 1 
1 1 0 1 0 1 1 1 1 1 1 0 0 0 1 1 1 1 1 1 1 1 1 1 0 1 0 0 1 1 0 1 1 1 1 1 0 0 1 1 1 1 1 1 1 1 0 1 1 0 
0 0 1 1 1 1 0 1 1 1 1 1 1 1 0 1 1 1 1 0 0 1 1 1 1 0 0 1 1 1 1 1 1 1 0 0 1 1 1 1 1 1 1 1 0 1 0 0 0 1 
0 1 1 1 0 1 0 1 1 0 1 1 1 1 1 0 1 1 1 1 1 1 1 0 1 1 0 1 1 1 1 1 1 1 1 1 1 0 1 1 0 1 1 0 1 1 1 0 1 0 
1 1 1 1 1 0 1 0 1 1 0 1 0 1 1 1 0 1 1 1 0 1 0 1 1 1 1 0 0 1 0 1 1 1 1 0 1 1 1 0 0 1 1 1 1 1 1 1 1 0 
0 1 1 1 1 0 1 1 1 1 1 0 1 1 1 1 1 0 1 1 1 1 1 1 0 1 1 0 0 1 1 1 1 0 1 0 1 0 1 1 1 1 1 1 1 1 1 1 0 1 
1 1 1 1 1 1 1 1 1 1 1 1 1 1 1 1 1 1 0 1 1 1 1 1 1 1 1 1 1 0 1 1 1 1 1 0 1 0 0 0 1 0 1 1 1 1 1 1 0 1 
1 0 0 1 1 1 1 1 1 1 1 1 1 1 0 1 1 1 1 0 0 1 1 1 1 0 1 1 1 1 1 0 0 1 0 1 1 1 1 1 1 1 1 1 1 0 1 0 1 1 
1 1 0 1 1 1 0 1 1 0 1 1 0 1 0 1 0 1 1 0 0 1 0 0 1 1 1 1 1 0 1 0 0 1 1 1 1 1 1 1 1 0 1 1 1 1 0 1 1 1 
0 1 1 1 1 1 1 1 1 0 1 1 1 1 1 1 1 1 1 1 1 0 1 0 1 1 1 1 1 0 1 1 1 1 1 1 1 1 1 1 1 1 0 1 0 1 1 1 0 0 
1 1 0 1 1 1 1 1 1 0 1 1 1 1 1 1 0 1 1 1 0 1 0 1 1 1 1 0 0 1 1 1 1 1 1 1 1 0 1 0 1 1 1 1 0 1 1 1 1 0 
1 1 1 0 1 1 1 1 1 1 0 1 1 1 1 0 1 1 1 1 0 0 1 0 1 1 0 1 1 1 1 1 1 1 1 1 1 1 1 1 1 1 1 1 1 1 1 1 1 1 
1 1 1 1 1 1 1 1 1 1 1 0 1 0 1 1 1 0 1 1 1 1 1 1 0 0 1 1 0 1 0 0 1 1 0 0 1 1 1 0 1 1 1 1 1 1 1 0 1 0 
1 1 1 0 1 0 1 1 1 0 1 1 1 1 0 1 1 1 1 0 1 1 1 1 0 0 1 0 1 0 1 1 1 1 1 1 1 1 1 1 1 1 1 1 1 1 1 1 1 1 
1 1 0 1 0 1 1 1 1 1 1 1 1 0 0 0 1 1 1 1 1 1 1 0 1 1 0 0 0 1 1 1 1 0 1 1 1 0 1 1 1 0 0 1 1 1 1 1 1 1 
1 1 1 1 1 1 1 1 1 1 1 1 1 0 1 1 0 0 1 1 1 1 0 1 1 0 0 0 0 1 0 1 1 1 1 1 1 1 1 0 1 1 0 1 1 0 1 1 1 1 
1 1 0 0 0 0 0 1 1 1 1 1 1 1 1 1 0 0 1 1 1 1 0 1 0 1 0 0 0 1 1 1 0 1 0 1 1 1 0 1 1 1 1 1 1 1 0 0 1 1 
1 1 1 1 1 1 1 1 1 1 1 1 1 1 1 1 1 1 0 1 0 0 1 1 1 0 1 1 1 0 1 1 0 0 1 1 1 0 1 1 1 1 1 1 1 1 1 1 1 0 
1 1 1 0 0 1 1 1 1 1 1 1 1 0 1 1 0 1 1 1 1 1 1 1 0 1 1 0 1 1 0 1 1 1 1 1 1 0 1 1 1 1 1 1 1 1 1 1 1 1 
1 1 1 1 1 1 1 1 1 1 1 1 1 1 1 1 1 1 1 0 0 1 1 1 0 1 1 1 1 1 1 0 1 0 1 1 1 0 1 1 1 1 1 1 1 0 1 1 1 1 
1 1 1 1 0 1 1 1 1 1 1 1 1 1 1 1 1 1 1 0 0 1 1 1 1 1 1 1 0 0 1 1 0 1 1 1 1 0 1 1 1 1 1 0 1 1 1 1 0 1 
0 1 1 1 1 1 1 0 1 0 1 1 1 1 1 1 1 0 1 1 1 1 1 1 1 1 0 1 1 0 1 0 1 0 1 1 1 1 0 0 0 0 1 1 0 1 1 1 0 0 
1 1 1 0 0 1 1 0 1 1 1 1 1 1 0 1 1 1 1 0 1 1 1 1 0 1 1 1 0 1 1 1 1 1 0 1 1 1 1 1 1 1 1 1 1 1 1 1 1 1 
0 1 1 0 1 1 1 1 1 1 1 1 1 1 0 1 0 0 0 1 1 1 1 1 0 1 1 1 1 1 1 1 1 1 1 0 1 1 1 1 0 1 0 1 0 1 1 1 1 1 
0 0 1 0 1 1 1 1 1 1 1 1 1 0 1 1 1 1 1 1 1 1 1 1 1 1 1 1 1 1 1 1 1 1 1 1 0 1 1 1 1 0 1 0 1 1 0 0 1 1 
1 1 1 1 1 1 1 1 1 1 0 0 1 0 1 0 1 0 0 1 1 1 0 1 1 1 0 1 1 0 0 0 0 1 1 1 1 0 1 1 1 1 0 1 1 1 1 1 1 1 
1 1 1 1 1 1 1 1 1 0 0 0 1 1 1 1 1 1 0 1 1 1 1 1 1 1 1 1 0 1 1 1 1 0 1 1 1 1 0 1 1 0 1 0 1 1 0 1 1 0 
1 0 1 1 1 1 1 1 1 1 1 1 1 1 1 1 0 1 0 1 1 1 0 1 0 1 1 0 1 1 1 1 1 0 1 1 1 1 1 0 1 1 0 1 1 1 1 0 1 0 
1 0 1 0 1 1 1 0 1 1 1 0 0 1 1 0 0 1 1 1 1 1 1 1 1 1 1 1 1 1 1 1 1 0 1 0 1 1 1 1 0 0 1 1 1 1 0 1 1 1 
0 1 1 1 1 1 1 1 1 1 1 1 1 1 1 1 1 1 0 1 0 1 1 1 1 1 0 1 1 1 1 1 1 0 1 1 0 1 0 1 0 0 0 1 1 1 1 1 1 1 
1 1 1 1 1 1 1 1 1 1 1 1 1 1 1 1 1 1 1 1 1 0 1 1 1 1 0 0 1 1 1 1 1 1 1 0 1 0 1 0 1 0 0 0 1 1 1 1 1 1 
1 1 1 1 1 0 1 1 1 1 1 1 1 1 1 0 1 1 1 1 1 1 1 1 1 1 1 1 1 1 1 1 0 1 1 1 0 1 0 1 1 1 0 0 1 1 0 0 1 0 
1 1 1 1 1 1 1 0 1 1 1 1 1 1 0 1 1 1 1 1 1 0 0 1 1 1 1 1 1 1 1 1 1 0 1 0 1 1 1 1 1 1 1 1 0 0 1 0 0 1 
1 1 1 1 1 1 1 1 1 1 0 1 0 1 1 1 1 1 1 0 1 1 1 1 1 1 1 0 1 1 1 0 1 1 1 1 1 1 1 1 1 1 1 1 0 0 1 1 1 0 
1 1 0 0 1 1 1 1 1 1 0 1 1 0 0 1 1 1 1 1 0 1 1 1 1 1 1 1 0 1 1 1 1 1 1 1 0 1 0 1 0 1 1 0 1 1 0 1 1 1 
1 1 0 1 1 1 1 0 1 1 1 1 1 1 0 0 1 1 1 0 1 1 1 1 0 1 1 1 0 1 1 1 1 1 1 1 0 1 1 0 1 1 1 0 0 1 1 0 0 0 
1 1 1 1 0 0 1 1 1 1 1 0 0 1 0 1 1 0 0 1 1 0 1 1 1 1 1 1 1 1 1 1 0 0 1 1 1 1 1 1 1 1 1 1 0 1 1 0 0 1 
1 1 1 0 1 1 0 1 1 1 0 1 1 0 1 0 0 1 1 1 1 0 0 1 0 1 1 1 1 0 1 1 1 0 1 1 1 1 0 0 1 1 1 0 1 0 1 0 1 0 

0 0 0 0 0 0 0 17 2 1 0 0 0 0 5 0 0 0 0 0 0 0 0 0 0 0 0 0 0 0 0 0 0 20 0 0 4 0 6 3 0 0 0 0 2 1 18 0 0 0 
2 0 0 0 0 0 0 0 0 11 0 0 0 0 0 0 0 0 0 0 0 0 20 0 0 14 14 0 0 0 0 12 20 0 0 0 0 0 8 0 0 0 6 11 0 0 0 2 0 0 
0 11 0 0 2 0 8 0 0 0 19 0 0 0 0 0 0 0 0 0 0 0 21 10 0 0 0 0 0 0 0 0 0 0 0 0 0 19 0 0 12 0 0 0 21 1 0 13 0 15 
0 0 12 0 0 0 21 0 0 14 0 20 0 18 0 0 0 0 0 0 0 0 0 0 1 0 14 0 0 0 0 0 0 0 0 0 15 0 0 0 0 20 0 0 0 0 0 0 5 3 
21 0 2 0 0 0 0 6 8 0 1 1 2 0 0 0 0 1 2 16 0 0 0 0 0 0 0 0 0 0 0 11 0 0 0 19 0 0 5 0 13 0 0 0 0 0 0 0 7 0 
0 0 14 0 0 0 0 0 0 0 0 0 0 0 0 0 0 0 4 0 0 0 0 0 0 0 0 0 0 0 0 0 0 0 0 0 0 0 0 11 0 0 0 0 20 3 0 0 0 0 
0 1 0 0 0 0 0 0 10 12 0 0 12 0 3 2 0 0 1 5 7 4 0 0 0 0 6 0 0 0 0 0 0 2 7 0 0 0 0 0 0 0 1 0 0 0 0 0 10 0 
0 0 0 9 0 0 0 0 0 3 0 0 0 0 0 0 0 20 0 15 0 5 0 0 0 15 0 0 15 0 0 12 0 0 0 0 0 0 0 19 0 0 0 0 0 17 0 0 0 0 
0 17 0 15 0 0 0 0 0 1 0 0 0 1 8 0 0 0 0 7 9 4 0 0 0 0 0 0 0 10 0 10 16 0 0 0 0 0 0 0 0 10 0 0 7 0 0 0 0 0 
0 12 0 0 0 0 0 0 0 0 0 0 0 0 0 0 0 0 0 0 0 10 0 0 0 14 0 18 0 0 0 0 0 0 18 0 0 0 0 0 2 4 0 0 10 0 3 0 0 15 
0 0 0 0 0 0 7 0 0 0 0 0 0 0 0 0 0 12 0 0 0 0 0 0 0 0 0 0 0 0 0 0 0 15 21 0 4 0 20 0 0 0 0 0 0 0 0 0 0 12 
0 0 0 0 0 20 0 0 0 0 8 0 0 0 0 0 0 0 10 0 0 0 0 0 14 0 0 0 0 0 0 0 0 0 0 2 0 0 0 0 0 0 0 0 0 0 0 0 0 1 
0 0 0 0 0 0 0 20 0 0 18 20 0 0 0 0 0 0 0 0 0 9 15 0 0 0 14 0 0 0 0 0 0 0 0 1 0 15 0 13 0 0 0 0 0 0 0 0 0 0 
0 0 0 0 0 0 0 0 0 0 0 0 6 0 0 0 0 0 0 0 0 0 0 0 0 0 0 0 0 0 0 0 0 0 0 0 0 19 3 0 0 8 0 0 0 0 0 0 0 0 
0 2 0 0 0 0 0 0 0 0 0 0 0 0 0 0 0 0 0 0 0 0 0 0 0 18 18 0 0 0 0 0 0 0 19 0 0 0 0 0 0 5 0 0 18 0 0 17 0 0 
5 0 0 13 0 15 0 0 14 0 0 2 0 0 0 0 0 0 0 0 6 19 0 0 0 0 0 0 0 0 0 0 0 0 17 0 0 0 13 0 0 16 11 1 2 0 0 0 0 0 
0 0 6 0 18 0 0 0 0 0 0 0 0 0 19 0 0 0 0 0 0 1 0 0 15 0 0 0 0 8 0 0 0 0 5 19 0 0 11 0 0 0 0 9 0 0 0 20 0 0 
12 0 0 0 0 0 0 0 0 0 11 0 0 0 14 0 0 0 0 0 7 0 12 0 0 0 0 0 0 0 0 0 0 20 0 0 0 0 0 17 0 0 0 0 0 13 0 0 0 0 
0 0 4 0 0 0 0 0 0 18 0 0 0 0 0 0 0 0 0 0 13 0 0 0 0 0 0 9 0 0 0 11 0 0 0 0 3 3 0 0 0 0 0 19 0 0 0 0 0 0 
0 0 9 0 0 0 19 0 0 0 0 6 0 0 0 0 12 0 0 0 3 0 2 12 18 0 0 0 14 16 7 1 0 0 0 0 0 0 0 0 0 0 0 0 0 0 0 0 1 0 
0 0 0 0 0 3 0 18 0 0 0 0 0 0 0 0 0 0 4 0 0 3 0 0 0 0 0 0 20 0 0 0 6 0 0 0 0 0 0 0 0 0 0 0 0 18 0 0 0 0 
0 0 0 0 0 0 0 0 0 0 0 17 20 0 0 0 0 0 1 4 0 0 0 0 0 20 0 0 0 0 0 0 0 0 0 0 0 0 0 0 11 0 0 0 0 0 0 0 0 7 
0 0 11 13 15 0 0 0 0 0 6 5 0 0 0 0 15 15 0 0 18 0 0 0 2 0 0 0 0 0 0 0 0 0 7 0 0 0 1 0 0 14 0 10 0 0 0 0 0 0 
0 0 0 7 0 0 6 0 0 2 0 12 11 0 0 0 0 0 0 9 17 0 0 0 0 0 0 0 7 0 0 0 0 0 0 2 0 0 0 0 0 0 0 0 12 12 0 0 0 0 
0 0 0 0 0 13 3 2 0 0 16 0 0 0 0 0 0 0 0 0 0 0 0 0 0 0 0 19 8 8 0 0 0 15 0 3 0 1 5 0 0 0 0 0 0 0 0 0 9 0 
11 11 0 11 0 13 0 0 0 0 0 0 3 2 0 0 0 0 9 0 0 0 0 0 0 0 0 0 0 0 0 0 0 0 0 0 1 0 0 0 0 0 0 4 0 0 0 0 0 3 
0 0 0 0 0 0 0 0 0 0 0 0 0 0 0 0 0 9 0 1 11 0 0 0 9 0 0 0 0 0 0 0 0 0 0 0 0 0 0 0 17 9 0 0 3 0 0 0 0 0 
0 0 0 13 0 0 7 0 0 0 0 0 0 0 0 0 0 0 0 0 10 7 0 0 0 0 9 0 0 0 7 20 0 0 18 0 0 8 0 0 19 20 0 0 0 0 9 0 0 0 
0 0 2 0 0 0 1 0 0 0 7 0 0 0 0 0 0 0 0 0 6 0 11 0 0 19 0 8 0 0 0 0 0 0 0 0 12 0 20 0 0 0 0 6 0 0 0 0 0 13 
0 0 0 0 0 0 0 11 0 0 0 0 0 0 0 0 0 0 0 0 12 11 0 14 0 11 0 0 18 0 0 0 0 12 5 0 0 0 2 0 0 10 0 0 0 0 0 0 11 2 
0 0 0 0 0 7 9 0 0 0 0 0 11 0 0 0 10 0 15 12 0 0 0 0 17 0 0 0 0 0 0 16 0 0 4 0 0 0 0 0 0 0 0 0 0 0 0 0 0 10 
0 0 0 0 0 0 0 10 0 0 0 0 0 0 0 0 0 0 0 0 0 0 0 0 0 0 17 20 14 0 3 0 8 1 0 0 0 0 0 0 0 0 10 0 0 0 0 0 0 0 
0 12 0 0 0 0 5 0 0 0 0 5 1 0 0 19 0 0 22 19 0 0 0 0 0 0 17 0 0 0 0 0 0 0 0 11 0 0 0 0 5 0 0 0 0 0 0 0 11 0 
0 0 0 0 0 0 4 0 0 0 0 0 0 0 0 0 0 0 0 0 0 0 0 0 0 0 0 0 0 0 12 0 0 0 0 0 0 0 0 0 0 1 5 0 0 0 0 0 7 0 
0 0 0 0 15 0 0 0 0 0 0 0 0 0 0 5 8 20 0 0 0 5 0 0 0 0 0 0 0 0 0 0 0 0 0 14 0 0 0 0 0 0 0 5 0 0 0 0 0 0 
0 0 0 0 0 0 0 0 6 0 0 0 0 0 3 20 0 0 0 0 0 0 12 0 19 0 0 0 0 0 5 18 0 19 0 0 20 0 0 0 0 0 0 0 0 0 19 0 0 0 
0 0 6 0 0 0 0 0 0 0 16 0 0 0 0 0 20 0 0 0 0 0 0 0 15 0 16 0 0 0 0 0 0 0 0 0 0 0 10 9 0 12 0 0 0 0 7 0 0 0 
0 0 11 0 0 0 0 0 11 0 0 0 0 0 0 2 16 17 0 0 0 0 0 0 0 0 0 0 21 0 19 0 0 0 0 0 18 0 0 16 0 0 0 0 0 0 0 0 0 0 
0 0 0 10 0 0 0 0 0 0 0 0 0 11 0 21 0 0 14 0 0 0 0 0 0 16 13 0 0 0 0 0 0 0 0 0 0 0 0 0 0 0 0 0 0 0 0 21 0 0 
0 0 0 0 0 0 0 19 0 0 0 5 17 0 5 0 5 0 0 0 2 0 0 0 0 0 0 0 0 0 0 0 0 0 0 0 0 0 0 0 12 0 0 0 0 0 0 0 0 0 
0 10 10 0 11 0 0 17 0 0 8 0 0 0 0 0 0 0 0 0 1 0 0 0 0 0 11 0 0 0 0 0 0 0 0 0 0 0 2 0 0 0 0 0 0 0 0 0 0 0 
0 0 0 0 0 0 8 0 0 0 16 0 0 0 3 0 0 3 0 0 0 0 0 0 0 0 0 0 0 0 0 0 0 1 0 0 0 0 0 0 0 0 0 0 0 0 0 0 0 0 
0 0 0 0 0 0 0 0 0 0 0 0 0 0 0 0 0 0 19 19 0 6 0 0 0 0 0 0 0 0 8 0 4 0 19 7 0 18 0 0 0 0 0 0 0 0 0 0 0 0 
0 0 0 0 2 11 4 0 0 13 0 0 0 5 0 0 0 0 0 0 0 0 0 9 0 0 8 6 0 0 0 0 0 0 0 0 0 0 0 0 0 0 9 0 0 0 0 0 0 0 
0 0 0 0 0 0 0 0 5 0 2 0 0 0 0 0 0 0 0 20 0 0 13 0 0 4 0 0 0 0 0 17 3 0 0 17 0 0 0 0 0 0 0 0 0 0 0 0 0 0 
0 3 1 0 13 0 19 0 0 0 0 8 0 0 0 0 17 0 0 0 0 0 0 0 0 0 0 0 0 14 0 5 0 1 0 0 0 0 0 0 16 0 0 0 0 0 0 0 2 0 
0 0 0 1 18 0 0 14 6 10 19 0 0 0 0 12 0 0 7 0 0 16 0 0 0 0 0 0 0 0 4 0 1 0 0 0 0 0 0 0 0 9 0 8 0 0 0 0 0 0 
19 0 0 0 0 0 0 0 0 0 0 0 0 0 0 0 3 14 0 0 0 0 0 0 0 1 0 0 13 16 1 0 9 13 0 6 0 0 0 0 0 0 0 1 17 0 0 0 3 8 
0 0 0 19 0 0 0 0 0 0 0 0 0 11 3 0 0 5 0 0 12 13 0 0 0 0 0 0 0 0 0 0 0 0 0 15 0 3 19 0 20 0 0 0 0 0 0 0 0 11 
0 0 0 0 0 0 0 0 0 0 0 0 10 15 0 0 0 0 0 0 0 0 0 0 0 0 0 0 0 0 0 0 0 0 0 0 17 0 0 0 2 0 0 0 0 1 0 0 0 0 
