50

0 1 0 1 0 1 1 1 1 1 1 0 1 1 1 1 1 1 0 1 1 1 1 0 1 1 1 1 1 1 1 1 1 1 1 1 0 1 0 1 1 1 0 1 1 1 1 1 1 1 
1 0 1 1 1 1 1 0 1 1 1 1 1 1 1 1 0 1 1 1 1 0 1 1 1 1 1 1 1 1 1 1 1 1 1 1 1 1 1 1 0 1 1 1 1 1 1 1 1 1 
0 1 0 0 1 1 1 1 1 0 1 1 0 1 1 1 1 1 0 0 1 1 0 1 1 1 1 1 1 1 1 1 1 1 1 1 1 1 1 1 1 1 1 1 1 1 1 1 1 1 
1 1 0 0 1 1 1 1 1 0 1 1 1 1 1 0 1 1 0 1 1 0 1 1 1 1 1 0 1 1 1 1 1 1 1 1 1 1 1 1 1 1 1 1 1 1 1 1 1 1 
0 1 1 1 0 1 1 1 1 1 1 0 1 1 1 1 1 1 1 1 1 1 1 1 1 1 1 1 0 1 1 1 1 1 1 0 1 1 1 1 1 1 1 1 1 1 1 1 1 1 
1 1 1 1 1 0 1 1 1 1 1 1 1 1 1 1 1 1 1 1 1 1 1 1 0 1 1 1 1 0 1 1 1 1 1 1 1 0 1 1 1 1 1 1 1 1 1 1 0 1 
1 1 1 1 1 1 0 1 1 1 1 1 1 1 1 1 1 1 1 1 1 1 1 1 1 1 1 1 0 0 1 0 1 1 1 1 1 1 1 1 1 0 1 1 1 1 1 1 1 1 
1 0 1 1 1 1 1 0 1 1 1 1 0 1 1 1 1 1 1 1 1 1 1 1 1 1 1 1 1 1 1 1 1 1 1 1 0 1 1 1 1 1 1 1 1 1 1 1 1 1 
1 1 1 1 1 1 1 1 0 1 1 1 1 1 1 1 1 1 0 1 1 1 1 1 1 1 1 0 1 1 1 0 1 1 1 1 1 1 1 1 1 1 1 0 1 1 1 1 0 1 
1 1 0 0 1 1 1 1 1 0 1 1 1 1 1 1 1 0 1 1 1 1 1 0 0 0 0 1 1 1 1 0 1 1 1 1 1 1 1 1 0 1 1 0 1 1 1 1 1 1 
1 1 1 1 1 1 1 1 1 1 0 1 1 1 1 1 1 1 0 1 0 1 1 1 1 1 1 1 1 1 1 1 1 1 0 1 1 1 1 1 1 1 1 1 1 0 1 0 1 1 
0 1 1 1 0 1 1 1 1 1 1 0 1 1 1 1 1 1 1 1 1 1 1 1 1 1 1 1 1 1 1 1 1 1 0 1 1 1 1 1 1 0 1 1 1 1 1 1 1 1 
1 1 0 1 1 1 1 0 1 1 1 1 0 1 1 0 1 0 1 1 1 1 1 1 1 1 1 1 0 0 1 1 1 1 1 1 1 1 1 1 1 1 1 1 0 1 1 1 0 1 
1 1 1 1 1 1 1 1 1 1 1 1 1 0 1 1 1 1 1 1 1 1 1 1 1 1 1 1 1 1 1 1 1 1 0 1 1 1 1 1 1 1 1 1 1 1 1 1 1 1 
1 1 1 1 1 1 1 1 1 1 1 1 1 1 0 1 1 1 1 1 0 1 1 1 1 1 1 1 0 1 1 1 1 1 1 1 1 1 1 1 1 1 1 0 1 1 0 1 0 1 
1 1 1 0 1 1 1 1 1 1 1 1 0 1 1 0 1 1 1 0 1 1 1 1 0 1 1 1 1 1 1 1 0 1 1 1 1 1 1 0 1 1 1 1 0 1 1 1 1 1 
1 0 1 1 1 1 1 1 1 1 1 1 1 1 1 1 0 1 1 1 1 1 1 1 1 1 1 1 1 0 0 1 1 0 1 1 1 1 1 1 1 1 1 1 1 1 1 1 1 1 
1 1 1 1 1 1 1 1 1 0 1 1 0 1 1 1 1 0 1 1 1 1 1 1 1 1 1 1 1 1 1 1 1 1 1 1 1 1 1 1 1 1 1 1 0 1 0 1 0 1 
0 1 0 0 1 1 1 1 0 1 0 1 1 1 1 1 1 1 0 1 1 1 1 1 1 1 1 1 1 1 1 1 1 1 1 1 1 1 1 1 1 1 0 1 1 1 1 1 1 1 
1 1 0 1 1 1 1 1 1 1 1 1 1 1 1 0 1 1 1 0 1 1 0 1 1 1 1 1 1 1 1 1 1 0 1 1 1 1 1 1 1 1 1 1 1 1 1 1 1 1 
1 1 1 1 1 1 1 1 1 1 0 1 1 1 0 1 1 1 1 1 0 1 1 1 1 1 1 1 1 1 1 1 1 1 1 1 1 1 1 1 1 1 1 1 1 1 1 1 1 1 
1 0 1 0 1 1 1 1 1 1 1 1 1 1 1 1 1 1 1 1 1 0 1 1 1 1 1 1 1 1 1 1 0 1 1 1 1 1 1 1 1 1 1 1 0 1 1 1 1 1 
1 1 0 1 1 1 1 1 1 1 1 1 1 1 1 1 1 1 1 0 1 1 0 1 1 1 1 1 1 1 1 0 1 1 1 1 1 1 1 1 1 1 0 1 1 1 1 1 1 1 
0 1 1 1 1 1 1 1 1 0 1 1 1 1 1 1 1 1 1 1 1 1 1 0 0 1 1 0 1 1 1 1 1 1 1 1 1 1 1 1 0 1 1 1 1 0 1 1 1 1 
1 1 1 1 1 0 1 1 1 0 1 1 1 1 1 0 1 1 1 1 1 1 1 0 0 1 1 1 1 1 1 1 1 1 1 0 1 1 1 1 1 1 1 1 1 1 1 1 1 1 
1 1 1 1 1 1 1 1 1 0 1 1 1 1 1 1 1 1 1 1 1 1 1 1 1 0 1 1 1 1 1 1 1 1 1 1 1 1 0 1 1 1 1 1 1 1 1 0 1 1 
1 1 1 1 1 1 1 1 1 0 1 1 1 1 1 1 1 1 1 1 1 1 1 1 1 1 0 1 1 1 1 1 1 1 1 1 1 1 1 1 1 1 1 1 1 1 1 1 1 0 
1 1 1 0 1 1 1 1 0 1 1 1 1 1 1 1 1 1 1 1 1 1 1 0 1 1 1 0 1 1 1 0 1 1 1 1 1 1 1 1 1 0 0 0 1 1 1 1 1 0 
1 1 1 1 0 1 0 1 1 1 1 1 0 1 0 1 1 1 1 1 1 1 1 1 1 1 1 1 0 1 1 0 1 1 0 1 1 1 1 1 1 1 1 1 1 0 0 0 0 1 
1 1 1 1 1 0 0 1 1 1 1 1 0 1 1 1 0 1 1 1 1 1 1 1 1 1 1 1 1 0 0 1 1 1 1 1 1 1 1 1 1 1 1 1 1 0 0 1 1 1 
1 1 1 1 1 1 1 1 1 1 1 1 1 1 1 1 0 1 1 1 1 1 1 1 1 1 1 1 1 0 0 1 1 1 1 1 1 1 1 1 1 1 1 1 0 1 1 0 1 1 
1 1 1 1 1 1 0 1 0 0 1 1 1 1 1 1 1 1 1 1 1 1 0 1 1 1 1 0 0 1 1 0 1 1 1 1 1 1 1 1 1 0 1 1 1 1 1 1 1 1 
1 1 1 1 1 1 1 1 1 1 1 1 1 1 1 0 1 1 1 1 1 0 1 1 1 1 1 1 1 1 1 1 0 1 1 1 1 1 1 1 1 1 1 1 1 1 1 1 1 1 
1 1 1 1 1 1 1 1 1 1 1 1 1 1 1 1 0 1 1 0 1 1 1 1 1 1 1 1 1 1 1 1 1 0 0 1 0 1 1 1 1 1 1 1 1 0 1 1 1 1 
1 1 1 1 1 1 1 1 1 1 0 0 1 0 1 1 1 1 1 1 1 1 1 1 1 1 1 1 0 1 1 1 1 0 0 1 0 1 1 0 0 0 1 1 0 1 1 1 1 1 
1 1 1 1 0 1 1 1 1 1 1 1 1 1 1 1 1 1 1 1 1 1 1 1 0 1 1 1 1 1 1 1 1 1 1 0 1 1 1 1 1 1 0 1 0 1 1 1 1 1 
0 1 1 1 1 1 1 0 1 1 1 1 1 1 1 1 1 1 1 1 1 1 1 1 1 1 1 1 1 1 1 1 1 0 0 1 0 1 1 0 1 1 1 1 1 1 1 0 1 1 
1 1 1 1 1 0 1 1 1 1 1 1 1 1 1 1 1 1 1 1 1 1 1 1 1 1 1 1 1 1 1 1 1 1 1 1 1 0 1 1 0 1 1 1 1 1 1 1 1 0 
0 1 1 1 1 1 1 1 1 1 1 1 1 1 1 1 1 1 1 1 1 1 1 1 1 0 1 1 1 1 1 1 1 1 1 1 1 1 0 1 1 1 1 1 1 1 1 1 1 1 
1 1 1 1 1 1 1 1 1 1 1 1 1 1 1 0 1 1 1 1 1 1 1 1 1 1 1 1 1 1 1 1 1 1 0 1 0 1 1 0 1 1 1 1 1 1 1 1 1 1 
1 0 1 1 1 1 1 1 1 0 1 1 1 1 1 1 1 1 1 1 1 1 1 0 1 1 1 1 1 1 1 1 1 1 0 1 1 0 1 1 0 1 1 1 1 1 1 1 1 1 
1 1 1 1 1 1 0 1 1 1 1 0 1 1 1 1 1 1 1 1 1 1 1 1 1 1 1 0 1 1 1 0 1 1 0 1 1 1 1 1 1 0 1 1 1 1 1 1 1 1 
0 1 1 1 1 1 1 1 1 1 1 1 1 1 1 1 1 1 0 1 1 1 0 1 1 1 1 0 1 1 1 1 1 1 1 0 1 1 1 1 1 1 0 1 1 0 1 0 1 1 
1 1 1 1 1 1 1 1 0 0 1 1 1 1 0 1 1 1 1 1 1 1 1 1 1 1 1 0 1 1 1 1 1 1 1 1 1 1 1 1 1 1 1 0 1 1 0 1 1 1 
1 1 1 1 1 1 1 1 1 1 1 1 0 1 1 0 1 0 1 1 1 0 1 1 1 1 1 1 1 1 0 1 1 1 0 0 1 1 1 1 1 1 1 1 0 1 1 1 1 1 
1 1 1 1 1 1 1 1 1 1 0 1 1 1 1 1 1 1 1 1 1 1 1 0 1 1 1 1 0 0 1 1 1 0 1 1 1 1 1 1 1 1 0 1 1 0 1 1 1 1 
1 1 1 1 1 1 1 1 1 1 1 1 1 1 0 1 1 0 1 1 1 1 1 1 1 1 1 1 0 0 1 1 1 1 1 1 1 1 1 1 1 1 1 0 1 1 0 1 0 1 
1 1 1 1 1 1 1 1 1 1 0 1 1 1 1 1 1 1 1 1 1 1 1 1 1 0 1 1 0 1 0 1 1 1 1 1 0 1 1 1 1 1 0 1 1 1 1 0 1 1 
1 1 1 1 1 0 1 1 0 1 1 1 0 1 0 1 1 0 1 1 1 1 1 1 1 1 1 1 0 1 1 1 1 1 1 1 1 1 1 1 1 1 1 1 1 1 0 1 0 1 
1 1 1 1 1 1 1 1 1 1 1 1 1 1 1 1 1 1 1 1 1 1 1 1 1 1 0 0 1 1 1 1 1 1 1 1 1 0 1 1 1 1 1 1 1 1 1 1 1 0 

0 5 0 0 0 3 3 7 0 8 0 6 5 0 0 0 2 8 0 2 12 14 0 8 1 1 0 1 0 0 0 12 11 0 14 9 0 10 14 0 0 0 1 9 13 1 4 0 8 0 
0 0 0 1 0 5 0 8 0 0 0 0 0 0 13 2 6 8 0 0 11 0 3 0 0 3 0 0 0 0 3 0 0 0 0 10 0 4 0 10 0 2 12 0 14 0 0 8 0 0 
9 0 0 8 0 11 0 0 2 4 0 0 1 2 0 0 4 0 0 9 13 0 0 11 0 0 0 2 0 0 0 0 0 0 2 0 8 0 0 4 0 0 1 0 0 6 0 13 0 0 
0 12 7 0 10 14 6 14 10 10 0 0 0 12 1 0 0 0 0 0 0 0 3 5 0 0 13 0 9 0 7 0 0 4 4 9 0 0 12 11 8 0 10 0 0 12 0 0 2 0 
0 5 2 0 0 2 0 0 0 0 7 1 0 0 0 9 12 8 0 0 1 0 0 0 0 0 0 0 7 5 9 0 0 12 0 9 0 0 0 0 0 11 0 0 0 0 0 0 0 0 
6 6 4 2 0 0 0 0 1 0 0 0 4 11 0 0 12 7 5 4 0 3 0 11 0 0 0 11 13 0 0 0 9 0 5 0 0 0 11 0 1 1 0 0 13 6 0 9 0 4 
12 10 6 0 0 0 0 0 0 8 5 0 0 0 0 0 0 0 0 6 0 13 0 0 0 0 0 0 8 0 11 0 13 0 15 0 0 0 0 9 0 0 11 0 0 9 0 0 0 0 
12 0 10 10 7 12 0 0 0 1 3 0 10 6 12 0 0 1 0 0 9 0 0 0 8 8 12 8 0 0 7 6 0 11 2 6 0 0 0 3 13 0 12 6 7 0 0 0 0 4 
7 9 0 6 0 7 0 9 0 9 1 12 0 9 0 0 5 7 10 0 0 0 0 7 0 5 3 0 0 0 13 3 0 0 0 0 2 12 0 0 0 0 4 0 8 13 0 4 0 0 
13 0 7 0 0 0 0 0 0 0 0 0 0 0 0 0 0 0 9 14 14 12 7 0 0 0 7 0 9 0 5 0 10 0 0 11 0 0 0 5 6 5 0 1 2 0 0 0 0 0 
0 7 0 0 13 10 4 12 0 0 0 0 7 8 11 0 0 0 0 11 10 1 3 0 9 0 0 0 0 0 0 10 3 0 2 9 3 3 13 0 6 6 0 11 13 0 0 0 7 0 
0 0 0 10 13 0 0 5 6 8 10 0 0 12 0 10 0 0 5 7 3 0 0 1 9 0 0 4 0 0 7 13 0 0 0 0 0 0 1 0 0 0 0 0 0 0 0 2 0 0 
0 0 0 10 0 0 6 0 8 0 0 0 0 6 11 0 0 9 4 2 0 0 11 0 0 4 0 0 0 6 0 5 0 4 10 0 5 0 9 0 6 2 0 13 0 2 0 0 0 9 
0 0 0 0 9 2 7 3 0 0 0 8 0 0 0 8 0 0 0 0 8 10 2 6 2 0 0 8 0 0 0 6 9 0 0 0 13 0 3 7 0 9 6 0 0 0 0 0 2 0 
10 0 4 0 0 8 4 0 0 0 9 0 1 0 0 0 2 0 0 12 0 11 0 8 0 9 0 0 0 12 0 1 0 0 0 12 0 0 0 1 0 13 0 4 13 1 0 0 0 5 
0 0 7 0 0 10 11 0 0 7 0 0 0 0 0 0 7 0 5 9 3 0 0 0 0 0 0 10 0 0 0 0 5 6 12 0 0 0 4 8 0 6 2 4 0 2 0 0 0 0 
1 6 13 0 4 0 7 0 0 0 7 7 12 2 9 0 0 0 0 0 0 10 4 3 10 0 0 0 2 14 10 0 0 1 7 0 0 0 0 0 0 7 0 0 0 0 9 0 9 15 
8 0 2 12 0 0 1 0 0 3 0 0 6 5 0 1 0 0 0 0 0 12 0 12 0 10 11 0 11 8 0 1 3 14 0 12 2 6 0 11 0 0 4 0 0 2 0 0 0 0 
7 0 0 11 0 9 5 10 0 0 13 3 6 0 7 0 0 9 0 3 0 0 2 10 9 2 13 0 0 0 0 0 12 0 0 0 0 0 5 0 6 0 14 4 0 0 0 6 0 5 
6 11 0 9 1 0 0 0 0 3 0 11 5 0 0 0 0 1 0 0 3 0 0 0 3 0 0 0 0 0 8 0 3 12 2 0 0 0 0 0 0 3 4 0 0 11 0 0 0 0 
0 0 3 14 15 0 0 3 0 5 3 10 2 0 0 1 0 12 0 0 0 1 9 0 0 0 0 1 0 10 10 0 1 0 0 0 0 5 0 0 0 0 0 0 0 0 0 0 0 0 
0 11 0 2 4 9 0 0 13 10 0 3 0 0 3 3 0 0 0 11 9 0 0 4 0 14 0 0 12 0 0 3 0 8 0 0 0 0 0 2 0 0 0 0 0 10 0 0 0 0 
0 0 0 0 0 0 0 0 2 4 4 4 0 13 0 0 0 15 11 6 11 9 0 11 13 0 0 1 0 0 0 0 5 9 12 0 3 8 0 0 0 0 6 0 0 0 5 1 7 0 
0 0 11 0 0 8 14 0 12 0 7 13 11 0 0 6 5 0 4 11 0 0 4 0 7 0 13 0 8 7 7 8 1 0 6 0 10 5 0 0 0 0 0 0 0 0 0 2 0 0 
0 0 1 0 12 11 0 0 0 0 11 0 0 0 0 9 7 0 0 0 0 0 9 0 0 0 0 0 0 9 2 10 1 0 2 13 8 0 4 11 6 0 0 9 2 12 0 0 0 8 
0 0 3 0 0 6 14 0 1 5 12 12 8 0 11 6 0 4 0 0 7 1 0 0 0 0 0 0 0 0 0 0 0 0 3 10 0 0 7 9 0 0 0 0 9 0 6 9 0 0 
0 0 0 0 11 8 0 0 0 0 4 0 0 12 12 10 7 2 2 5 0 0 0 0 12 0 0 0 10 0 0 1 4 0 0 0 0 2 0 0 3 0 1 13 0 0 11 0 10 0 
0 0 0 0 0 3 0 0 0 0 0 0 8 2 9 12 0 0 0 10 0 0 4 0 0 0 5 0 9 0 0 0 12 6 0 0 0 13 2 0 0 0 6 6 0 0 10 11 0 0 
8 5 0 10 3 9 0 0 0 6 0 7 0 6 2 10 4 0 9 0 1 0 0 1 0 0 0 0 0 7 0 0 11 6 0 0 5 0 0 0 0 13 0 6 0 13 10 0 0 0 
11 0 11 1 0 0 0 0 11 13 3 0 0 0 5 0 0 0 0 0 0 1 0 0 6 0 0 0 0 0 0 0 0 0 11 8 0 0 0 0 0 2 0 13 1 13 0 0 0 0 
12 6 0 8 0 0 11 0 2 7 10 0 0 13 0 0 0 0 0 0 0 3 14 0 0 5 5 0 0 0 0 13 0 0 6 0 0 0 6 13 0 0 0 0 0 8 0 0 0 0 
0 14 0 0 0 15 0 0 0 7 0 0 0 3 3 0 6 0 0 0 9 0 5 0 0 8 0 0 14 0 0 0 2 0 0 3 0 6 0 0 7 7 0 0 9 0 0 6 0 3 
0 1 2 12 0 1 0 10 7 13 10 14 0 0 11 10 0 13 0 1 0 1 4 0 7 0 11 0 4 0 15 0 0 11 0 0 0 0 0 0 12 11 0 0 10 0 4 0 0 9 
11 0 0 0 0 3 5 0 10 6 0 0 0 0 0 0 0 11 0 0 0 0 0 13 0 0 11 0 0 0 13 0 6 0 0 0 6 0 0 0 10 10 0 0 14 0 0 0 0 6 
13 1 1 0 4 0 0 12 1 0 0 0 0 0 8 12 9 0 5 2 10 7 7 0 0 8 0 0 0 7 7 0 10 1 0 0 0 12 10 0 0 6 11 0 10 10 0 13 0 0 
0 0 0 0 0 3 0 0 0 0 0 0 0 1 11 1 0 1 3 0 1 1 2 0 9 0 0 1 6 4 0 0 0 4 0 0 0 0 0 3 0 0 0 0 0 14 5 0 5 0 
0 0 11 0 0 0 0 4 10 1 0 3 0 0 0 0 4 0 13 0 4 0 0 11 0 0 7 9 11 8 11 0 0 0 0 0 0 8 7 0 0 0 0 0 0 0 0 0 8 11 
7 0 0 0 0 6 0 0 0 9 14 0 7 0 0 0 0 7 0 0 0 0 0 7 2 4 0 0 0 11 0 6 0 11 3 0 2 0 0 0 0 0 3 13 0 11 6 11 7 0 
0 0 0 3 0 0 13 0 0 0 0 0 0 0 9 0 1 12 0 0 0 0 0 10 0 15 7 0 0 13 11 15 0 10 0 0 0 0 0 12 0 0 9 2 13 0 0 0 0 0 
7 0 0 0 4 0 0 9 13 0 0 0 0 6 0 0 1 0 0 10 10 0 0 8 7 0 11 0 0 8 3 0 0 0 0 0 0 2 4 0 0 3 0 0 0 10 4 0 0 0 
0 0 0 3 0 0 12 2 5 10 5 0 3 12 11 8 7 12 0 9 7 0 1 11 0 0 11 0 2 0 0 0 0 14 0 0 0 0 1 7 0 10 0 0 0 3 0 0 0 0 
0 2 0 0 2 0 0 0 0 4 0 2 0 4 15 12 0 1 0 6 0 4 0 0 10 1 1 0 6 12 0 0 6 0 7 11 10 0 0 0 9 0 0 10 0 10 0 5 0 0 
2 15 6 0 1 8 5 0 0 7 4 3 0 0 2 2 0 2 0 6 0 0 0 7 2 12 0 0 0 7 0 0 0 8 0 0 4 5 6 7 10 0 0 0 0 0 15 7 0 2 
8 0 8 0 0 10 0 2 0 6 1 11 0 0 0 14 0 12 0 0 7 0 0 0 7 0 0 6 11 0 0 0 3 0 12 7 8 8 0 6 7 1 0 0 0 11 11 0 9 0 
8 12 0 0 0 7 0 0 3 10 0 0 0 0 7 0 0 0 7 12 0 6 14 0 0 14 0 0 0 2 0 0 0 0 0 0 14 0 2 0 9 0 0 2 0 7 5 6 0 0 
6 0 10 12 10 0 0 0 0 2 3 0 0 0 0 0 0 12 0 0 11 2 12 0 0 0 0 0 0 12 0 4 13 11 5 8 0 13 0 10 14 0 6 0 7 0 0 0 6 0 
0 2 0 9 11 1 0 0 4 0 0 0 0 0 0 0 4 0 0 0 0 12 0 0 11 6 10 0 0 13 0 4 0 0 0 2 0 9 2 0 0 5 6 3 0 12 0 0 0 0 
0 4 0 12 10 5 0 0 0 5 4 0 3 12 0 8 0 0 0 0 0 0 0 0 0 2 2 0 0 0 7 0 1 0 0 13 0 0 3 0 0 0 0 4 6 0 0 0 0 0 
5 0 0 0 0 0 6 0 12 14 1 5 11 13 12 0 0 12 0 11 5 10 12 0 0 0 0 10 3 0 1 0 0 0 7 11 0 0 7 8 0 13 1 0 4 0 11 0 0 0 
0 0 0 0 4 8 6 0 3 2 0 0 10 3 0 0 0 3 0 0 0 0 0 0 10 12 6 0 0 0 4 5 0 0 0 0 0 13 0 12 0 0 0 0 0 2 1 0 0 0 
