50

0 1 1 0 1 1 1 1 1 1 1 1 1 1 1 1 0 1 1 1 1 1 1 1 1 1 1 1 1 1 1 1 1 0 1 1 1 1 1 1 1 1 1 1 1 1 1 1 1 1 
1 0 1 1 1 1 1 0 1 1 1 0 1 1 1 1 1 1 1 1 1 1 1 1 1 1 1 1 1 1 1 1 1 1 1 1 1 1 1 1 1 1 1 1 1 0 0 1 0 0 
1 1 0 1 1 1 1 1 1 1 1 1 1 1 1 1 1 1 1 1 1 0 1 1 1 1 0 1 1 1 1 1 1 0 1 1 1 1 1 1 1 1 1 1 1 1 1 1 1 1 
0 1 1 0 1 1 1 1 1 1 1 1 1 1 1 1 1 1 1 1 1 0 1 1 0 1 1 0 1 1 1 1 1 1 1 0 1 1 0 1 1 0 1 1 1 1 0 1 1 1 
1 1 1 1 0 1 1 1 1 1 1 1 0 1 1 1 1 1 1 1 1 1 1 1 1 1 1 1 1 1 1 1 1 1 1 1 1 1 1 1 1 1 1 1 1 1 1 1 1 1 
1 1 1 1 1 0 1 1 1 1 0 1 1 1 1 1 1 1 1 1 1 1 1 1 1 1 1 1 1 0 1 1 1 1 1 1 1 1 1 0 1 1 1 1 1 1 1 1 1 1 
1 1 1 1 1 1 0 1 1 1 1 0 1 1 1 1 1 1 1 0 1 1 1 0 1 1 1 1 1 1 1 1 0 1 0 1 1 1 0 1 1 0 1 1 1 1 1 1 1 1 
1 0 1 1 1 1 1 0 1 0 1 1 1 1 0 1 1 1 1 1 1 1 1 1 1 1 0 1 1 1 1 0 1 1 1 1 0 1 1 1 1 1 1 0 0 1 1 1 1 1 
1 1 1 1 1 1 1 1 0 1 1 1 1 1 0 1 1 1 1 1 0 1 1 1 1 1 1 1 1 1 0 1 1 1 1 1 1 0 1 1 1 1 1 1 1 1 1 1 1 1 
1 1 1 1 1 1 1 0 1 0 1 1 1 1 0 1 1 1 1 1 1 1 1 1 0 1 1 1 1 1 1 0 1 1 1 1 1 1 1 0 1 1 0 1 1 0 1 0 1 1 
1 1 1 1 1 0 1 1 1 1 0 1 1 1 1 1 1 1 1 1 1 1 1 0 1 0 1 1 1 0 1 1 1 1 1 1 1 1 1 1 1 1 1 1 1 1 1 1 1 1 
1 0 1 1 1 1 0 1 1 1 1 0 1 1 1 1 1 1 1 1 1 1 1 1 1 1 1 1 1 1 1 0 1 1 1 1 1 1 1 1 1 1 1 1 1 1 0 1 1 1 
1 1 1 1 0 1 1 1 1 1 1 1 0 1 1 1 1 1 1 1 1 1 1 1 1 1 1 1 1 1 1 1 0 1 1 1 1 1 1 1 1 1 1 1 1 1 1 1 0 1 
1 1 1 1 1 1 1 1 1 1 1 1 1 0 1 1 1 1 1 1 1 1 1 1 0 1 1 1 1 0 1 1 1 1 1 0 1 1 1 1 1 1 0 1 1 1 1 0 1 1 
1 1 1 1 1 1 1 0 0 0 1 1 1 1 0 1 1 1 0 1 1 1 1 1 1 1 1 1 1 1 1 1 1 1 1 1 1 1 1 1 1 1 1 1 1 1 1 0 1 1 
1 1 1 1 1 1 1 1 1 1 1 1 1 1 1 0 1 1 1 1 1 1 1 1 1 1 1 1 1 1 1 1 0 1 1 1 1 1 1 1 0 1 0 1 1 1 1 0 1 1 
0 1 1 1 1 1 1 1 1 1 1 1 1 1 1 1 0 0 1 1 1 1 1 1 1 1 1 1 1 1 0 0 1 1 1 1 1 1 1 1 1 1 1 1 1 1 1 1 0 1 
1 1 1 1 1 1 1 1 1 1 1 1 1 1 1 1 0 0 1 1 1 1 1 1 1 1 1 1 1 1 1 1 1 1 1 1 1 1 0 1 1 1 1 1 1 1 1 1 1 1 
1 1 1 1 1 1 1 1 1 1 1 1 1 1 0 1 1 1 0 0 1 1 0 1 1 1 1 1 1 0 1 1 0 1 1 1 1 1 1 1 1 1 1 1 1 1 1 0 1 1 
1 1 1 1 1 1 0 1 1 1 1 1 1 1 1 1 1 1 0 0 0 1 1 1 1 1 1 1 1 1 1 1 1 1 1 1 1 1 1 1 1 1 1 1 1 1 1 0 1 1 
1 1 1 1 1 1 1 1 0 1 1 1 1 1 1 1 1 1 1 0 0 1 1 1 1 1 1 1 1 1 1 1 1 1 0 1 1 1 1 1 1 1 1 1 1 1 1 0 1 1 
1 1 0 0 1 1 1 1 1 1 1 1 1 1 1 1 1 1 1 1 1 0 1 1 1 1 1 1 1 1 1 0 1 1 1 1 1 1 1 1 1 0 1 1 1 1 1 1 1 1 
1 1 1 1 1 1 1 1 1 1 1 1 1 1 1 1 1 1 0 1 1 1 0 0 1 1 1 1 1 1 1 1 1 1 1 1 0 1 1 1 1 1 1 1 1 1 1 1 1 1 
1 1 1 1 1 1 0 1 1 1 0 1 1 1 1 1 1 1 1 1 1 1 0 0 1 1 1 1 1 1 0 1 1 1 1 0 1 1 1 1 0 1 1 1 0 1 1 1 1 0 
1 1 1 0 1 1 1 1 1 0 1 1 1 0 1 1 1 1 1 1 1 1 1 1 0 0 1 1 1 1 1 1 1 1 1 1 1 0 1 1 1 1 1 1 1 1 1 1 1 1 
1 1 1 1 1 1 1 1 1 1 0 1 1 1 1 1 1 1 1 1 1 1 1 1 0 0 1 1 1 1 1 0 1 1 1 1 1 1 1 1 0 1 1 1 1 1 1 0 1 1 
1 1 0 1 1 1 1 0 1 1 1 1 1 1 1 1 1 1 1 1 1 1 1 1 1 1 0 1 1 1 1 1 0 1 1 1 1 1 1 1 1 1 1 1 1 0 1 1 0 0 
1 1 1 0 1 1 1 1 1 1 1 1 1 1 1 1 1 1 1 1 1 1 1 1 1 1 1 0 1 1 1 1 1 1 1 1 1 1 1 1 1 1 1 1 1 1 1 0 0 1 
1 1 1 1 1 1 1 1 1 1 1 1 1 1 1 1 1 1 1 1 1 1 1 1 1 1 1 1 0 0 1 1 1 1 1 1 1 1 0 1 1 1 1 1 1 1 1 1 0 1 
1 1 1 1 1 0 1 1 1 1 0 1 1 0 1 1 1 1 0 1 1 1 1 1 1 1 1 1 0 0 1 1 1 1 1 1 1 1 1 1 1 1 1 1 1 1 0 1 1 1 
1 1 1 1 1 1 1 1 0 1 1 1 1 1 1 1 0 1 1 1 1 1 1 0 1 1 1 1 1 1 0 1 1 1 1 1 1 1 1 1 1 1 0 1 1 1 1 1 1 1 
1 1 1 1 1 1 1 0 1 0 1 0 1 1 1 1 0 1 1 1 1 0 1 1 1 0 1 1 1 1 1 0 1 1 1 0 1 1 1 1 1 1 0 1 1 1 1 1 1 1 
1 1 1 1 1 1 0 1 1 1 1 1 0 1 1 0 1 1 0 1 1 1 1 1 1 1 0 1 1 1 1 1 0 1 1 1 1 1 1 1 1 1 0 0 1 0 1 1 1 1 
0 1 0 1 1 1 1 1 1 1 1 1 1 1 1 1 1 1 1 1 1 1 1 1 1 1 1 1 1 1 1 1 1 0 1 1 0 0 1 1 1 1 1 1 1 1 1 1 1 0 
1 1 1 1 1 1 0 1 1 1 1 1 1 1 1 1 1 1 1 1 0 1 1 1 1 1 1 1 1 1 1 1 1 1 0 0 1 1 1 1 1 1 1 1 1 1 1 1 1 1 
1 1 1 0 1 1 1 1 1 1 1 1 1 0 1 1 1 1 1 1 1 1 1 0 1 1 1 1 1 1 1 0 1 1 0 0 1 1 1 1 0 1 1 1 0 1 1 1 1 1 
1 1 1 1 1 1 1 0 1 1 1 1 1 1 1 1 1 1 1 1 1 1 0 1 1 1 1 1 1 1 1 1 1 0 1 1 0 1 0 1 1 1 1 1 1 1 1 1 1 1 
1 1 1 1 1 1 1 1 0 1 1 1 1 1 1 1 1 1 1 1 1 1 1 1 0 1 1 1 1 1 1 1 1 0 1 1 1 0 1 1 1 1 1 1 1 1 1 1 1 1 
1 1 1 0 1 1 0 1 1 1 1 1 1 1 1 1 1 0 1 1 1 1 1 1 1 1 1 1 0 1 1 1 1 1 1 1 0 1 0 1 1 0 1 1 1 1 1 1 1 1 
1 1 1 1 1 0 1 1 1 0 1 1 1 1 1 1 1 1 1 1 1 1 1 1 1 1 1 1 1 1 1 1 1 1 1 1 1 1 1 0 0 1 1 1 1 1 1 0 0 1 
1 1 1 1 1 1 1 1 1 1 1 1 1 1 1 0 1 1 1 1 1 1 1 0 1 0 1 1 1 1 1 1 1 1 1 0 1 1 1 0 0 1 1 1 1 0 1 1 1 1 
1 1 1 0 1 1 0 1 1 1 1 1 1 1 1 1 1 1 1 1 1 0 1 1 1 1 1 1 1 1 1 1 1 1 1 1 1 1 0 1 1 0 1 1 1 1 1 0 1 1 
1 1 1 1 1 1 1 1 1 0 1 1 1 0 1 0 1 1 1 1 1 1 1 1 1 1 1 1 1 1 0 0 0 1 1 1 1 1 1 1 1 1 0 1 1 0 1 1 0 1 
1 1 1 1 1 1 1 0 1 1 1 1 1 1 1 1 1 1 1 1 1 1 1 1 1 1 1 1 1 1 1 1 0 1 1 1 1 1 1 1 1 1 1 0 1 0 1 1 1 1 
1 1 1 1 1 1 1 0 1 1 1 1 1 1 1 1 1 1 1 1 1 1 1 0 1 1 1 1 1 1 1 1 1 1 1 0 1 1 1 1 1 1 1 1 0 1 0 1 1 1 
1 0 1 1 1 1 1 1 1 0 1 1 1 1 1 1 1 1 1 1 1 1 1 1 1 1 0 1 1 1 1 1 0 1 1 1 1 1 1 1 0 1 0 0 1 0 1 1 1 1 
1 0 1 0 1 1 1 1 1 1 1 0 1 1 1 1 1 1 1 1 1 1 1 1 1 1 1 1 1 0 1 1 1 1 1 1 1 1 1 1 1 1 1 1 0 1 0 1 1 1 
1 1 1 1 1 1 1 1 1 0 1 1 1 0 0 0 1 1 0 0 0 1 1 1 1 0 1 0 1 1 1 1 1 1 1 1 1 1 1 0 1 0 1 1 1 1 1 0 1 0 
1 0 1 1 1 1 1 1 1 1 1 1 0 1 1 1 0 1 1 1 1 1 1 1 1 1 0 0 0 1 1 1 1 1 1 1 1 1 1 0 1 1 0 1 1 1 1 1 0 1 
1 0 1 1 1 1 1 1 1 1 1 1 1 1 1 1 1 1 1 1 1 1 1 0 1 1 0 1 1 1 1 1 1 0 1 1 1 1 1 1 1 1 1 1 1 1 1 0 1 0 

0 0 0 0 0 0 18 0 0 0 0 0 0 0 0 0 0 0 0 0 0 0 9 0 0 0 0 0 0 0 4 0 15 0 0 0 0 17 0 0 0 0 18 0 13 0 0 0 0 0 
0 0 0 0 0 0 0 0 0 0 14 0 0 0 0 0 0 0 0 0 0 0 4 12 3 0 0 0 0 0 0 1 8 0 0 1 0 0 0 2 0 0 0 0 11 0 0 0 0 0 
0 0 0 0 5 0 0 19 0 19 0 0 0 0 0 5 0 0 0 0 0 0 0 0 0 0 0 0 0 0 13 0 14 0 0 0 0 0 0 0 0 0 0 0 0 0 0 0 0 0 
0 0 0 0 0 13 8 0 2 0 0 12 0 0 15 0 0 0 0 0 0 7 0 0 6 0 0 0 3 0 4 3 0 2 0 0 0 0 0 0 18 0 18 0 0 0 1 0 0 0 
0 14 0 0 0 0 0 0 0 0 6 0 0 0 0 0 0 19 13 0 0 13 0 0 0 0 17 0 0 20 0 0 12 0 0 0 0 0 2 2 0 0 0 0 0 0 0 0 0 0 
0 4 0 0 0 0 0 0 18 0 0 8 0 2 0 0 17 0 0 0 0 11 19 0 0 8 11 16 0 0 0 7 1 17 0 0 5 0 0 0 0 0 0 0 9 0 0 0 0 0 
19 0 0 1 6 0 0 17 0 0 0 19 13 0 5 0 0 0 0 0 0 0 0 0 13 11 0 0 0 0 0 0 0 0 0 0 0 0 0 0 0 0 0 0 0 0 0 0 0 0 
0 0 0 0 0 0 0 0 6 0 0 0 7 0 0 0 0 0 0 0 0 0 0 0 12 13 16 0 0 0 0 0 0 0 16 16 0 0 20 0 4 3 0 0 0 0 0 0 19 6 
0 0 3 0 16 0 10 0 0 0 0 0 0 0 0 0 0 0 0 0 0 2 14 0 0 0 2 0 12 3 0 0 0 0 0 0 0 0 12 0 0 0 0 12 0 0 0 0 0 0 
0 0 0 0 0 0 0 0 0 0 0 0 3 0 8 0 19 0 0 0 0 0 0 0 0 0 0 0 0 0 0 0 5 0 0 0 18 14 0 0 0 12 9 4 1 7 0 14 16 0 
0 0 11 5 0 0 0 0 13 0 0 1 0 0 0 0 0 0 0 0 0 0 0 0 0 0 0 0 0 0 0 0 0 0 0 9 0 6 0 0 0 0 0 0 0 0 0 0 0 12 
0 0 0 18 7 0 0 0 0 0 18 0 0 0 0 0 0 0 10 0 2 0 0 0 0 3 11 0 0 0 0 4 0 0 0 0 0 0 3 16 7 0 0 0 0 12 0 0 0 0 
0 0 0 9 0 0 0 0 9 18 0 0 0 0 0 0 0 0 0 18 0 0 0 0 11 0 0 0 0 6 0 0 0 0 0 0 0 0 0 0 0 0 0 0 1 0 0 0 0 17 
0 0 0 5 0 0 0 0 10 0 0 0 19 0 0 0 0 16 0 15 0 0 13 0 0 0 0 0 0 0 5 0 0 0 0 17 0 0 12 0 0 18 0 0 8 0 0 0 0 0 
0 17 0 0 10 10 0 0 0 0 0 0 0 0 0 0 0 0 0 8 12 2 0 0 8 0 19 0 0 0 0 14 0 0 0 0 0 0 0 11 0 0 0 17 0 0 0 0 0 0 
0 0 0 0 0 0 0 0 0 0 0 0 5 0 0 0 0 0 0 0 0 0 0 0 0 0 0 0 0 0 0 0 1 0 0 0 0 4 0 0 0 0 0 7 0 0 15 14 0 0 
0 0 14 0 0 5 0 0 0 0 0 7 0 0 0 0 0 11 18 0 5 0 0 0 0 0 0 0 0 19 0 0 12 14 0 18 0 10 0 0 0 15 0 0 0 0 11 0 0 0 
7 0 0 0 0 2 0 8 0 0 0 0 0 11 0 0 0 0 0 4 0 0 7 8 0 0 19 0 1 0 0 0 0 4 0 0 0 0 0 0 0 0 0 0 0 5 0 6 0 6 
0 0 0 0 0 0 0 0 0 0 9 0 17 10 0 0 0 0 0 0 0 0 0 0 4 0 0 4 0 0 0 0 0 0 7 0 6 0 0 2 0 1 0 13 0 0 0 0 1 0 
0 0 0 0 12 0 0 0 0 11 0 0 0 0 0 0 0 2 0 0 0 18 0 0 0 0 3 1 0 0 0 0 21 0 0 0 0 0 0 0 19 0 0 0 0 0 7 15 2 0 
0 0 0 0 0 0 0 0 10 0 0 0 0 0 0 0 0 0 0 0 0 0 0 8 17 0 0 0 0 0 0 0 0 0 0 0 0 0 0 16 0 0 0 2 0 0 0 16 0 1 
1 0 0 0 0 0 8 13 14 12 0 0 0 0 0 0 0 0 0 0 0 0 0 0 0 0 18 0 17 17 0 0 17 0 0 0 19 8 0 0 0 0 19 0 0 0 0 0 0 0 
0 0 9 0 0 0 8 0 0 0 16 0 0 6 0 0 0 0 0 11 10 0 0 4 0 0 0 0 0 0 0 5 0 0 0 0 0 0 0 0 0 5 0 13 0 9 0 0 0 14 
0 0 0 0 0 0 0 3 0 5 0 0 14 0 0 0 2 14 0 1 0 0 0 0 0 12 6 20 0 0 0 0 0 0 0 0 0 13 2 0 0 0 15 0 0 16 0 0 0 0 
0 0 0 21 0 0 0 0 0 0 0 0 0 0 0 0 0 0 5 0 0 0 0 0 0 0 0 0 0 0 10 0 0 0 0 0 0 15 0 0 19 0 0 0 0 0 0 0 0 0 
0 11 0 0 0 0 0 7 0 0 0 12 0 12 12 0 7 0 0 0 0 0 0 12 0 0 12 0 0 11 0 0 5 3 0 0 0 2 0 0 20 0 0 1 2 0 0 0 0 0 
0 0 0 0 0 0 0 0 0 0 13 0 0 0 0 0 0 0 0 13 0 0 0 4 0 0 0 0 0 0 13 0 9 0 0 0 0 0 0 0 0 0 0 0 0 0 21 0 16 0 
0 7 0 0 0 0 0 0 0 0 0 13 0 0 4 5 0 0 0 0 0 13 11 0 0 14 0 0 0 0 4 15 0 3 3 0 0 0 0 2 0 0 0 0 0 0 9 2 0 0 
0 0 0 0 0 0 1 0 0 0 10 0 0 2 3 0 0 0 0 0 0 0 0 0 0 0 0 0 0 0 0 0 0 5 0 0 0 0 0 0 0 14 0 0 0 0 0 0 0 0 
8 0 0 0 0 0 13 0 0 0 0 0 3 15 0 0 0 0 4 0 0 0 0 9 0 0 0 0 4 0 0 0 0 0 0 0 8 0 0 15 0 0 0 0 0 0 0 12 6 7 
0 0 0 15 0 0 0 0 0 6 0 0 0 3 0 14 11 0 0 0 0 8 0 0 0 12 0 0 0 0 0 0 0 3 0 0 0 0 0 0 0 21 0 0 18 0 0 0 9 0 
0 0 0 10 0 0 12 0 0 0 0 0 0 0 0 13 0 17 0 2 7 0 0 0 0 0 0 0 0 0 0 0 0 0 0 3 9 0 0 0 0 0 17 0 2 0 0 0 0 0 
18 0 0 0 0 13 0 0 0 0 20 0 1 0 0 0 0 0 0 0 0 1 0 0 0 18 0 0 0 20 0 0 0 0 0 0 0 20 2 6 0 0 0 0 0 0 0 0 0 0 
0 0 0 0 0 0 0 0 0 0 0 6 0 0 0 15 0 0 0 0 0 0 0 0 0 0 0 0 3 19 0 0 0 0 10 0 0 0 0 0 0 0 0 8 0 0 7 0 0 0 
0 0 18 0 0 0 0 0 0 0 0 0 18 4 14 0 0 0 0 11 0 0 0 0 0 0 0 0 0 0 3 0 0 12 0 0 10 0 0 3 0 0 0 0 15 0 0 0 7 0 
0 0 0 0 0 14 0 0 0 8 20 0 0 0 0 0 5 3 0 0 0 0 0 0 0 0 15 0 0 5 0 12 13 0 14 0 0 0 0 4 0 7 0 0 7 13 0 0 0 10 
0 3 0 0 0 0 0 5 0 0 0 0 12 16 0 0 0 0 10 17 0 0 0 0 0 0 0 0 0 0 0 0 6 7 0 0 0 0 0 0 0 4 0 0 0 0 0 0 0 0 
0 16 0 0 3 0 0 15 0 4 0 0 0 2 0 0 13 0 0 0 0 1 0 0 0 0 4 16 0 0 0 9 4 14 0 0 0 0 13 19 0 0 0 0 0 0 18 0 0 0 
0 0 0 18 8 0 10 0 0 0 0 0 0 0 0 0 0 0 0 0 0 0 0 7 0 0 12 6 0 0 4 0 0 0 0 0 0 5 0 0 0 0 0 0 0 0 0 0 0 0 
11 0 0 0 0 0 0 4 0 0 0 13 0 0 0 0 0 0 0 0 0 0 0 0 0 0 0 0 17 17 0 0 0 2 0 0 0 9 0 0 0 0 0 0 0 0 0 2 0 0 
0 0 0 17 0 0 0 0 0 0 0 0 0 0 0 8 0 7 0 0 0 0 0 0 6 0 0 0 0 0 10 0 0 0 0 15 0 0 0 0 0 0 12 0 0 0 0 6 0 0 
0 0 0 0 14 0 0 0 0 0 0 0 4 0 0 15 0 0 0 0 0 0 6 0 0 0 0 0 0 0 0 0 0 0 6 0 0 0 0 0 0 0 0 0 0 0 0 0 0 0 
0 13 0 0 0 10 0 0 9 0 2 4 0 0 0 10 0 18 0 0 0 12 10 20 8 0 0 0 0 0 0 0 0 0 0 17 0 0 6 3 0 0 0 6 0 0 0 0 2 0 
2 0 0 0 0 0 0 0 0 0 0 0 0 0 0 12 6 0 0 8 0 12 0 0 0 0 0 0 0 0 0 0 0 0 10 0 0 0 0 0 6 0 0 0 4 0 0 0 0 0 
0 0 0 0 0 0 0 7 0 0 0 0 0 9 0 0 16 0 0 0 0 0 1 0 6 0 0 0 0 0 0 0 0 0 0 0 14 0 0 3 6 0 0 20 0 0 0 0 0 0 
0 12 0 0 0 0 0 0 0 0 0 0 0 17 0 0 0 3 0 0 9 0 0 0 0 0 0 0 0 0 0 0 0 0 2 2 0 0 0 0 0 11 0 0 0 0 0 0 0 0 
2 0 9 0 0 7 0 0 0 0 0 0 0 0 0 0 0 0 0 18 0 0 0 0 0 0 0 13 7 0 0 15 0 0 0 2 0 0 0 0 13 0 0 0 0 0 0 12 9 0 
11 3 0 0 0 0 0 4 0 0 0 0 0 0 0 0 0 0 0 0 0 0 0 0 11 1 0 0 0 0 0 7 0 0 0 0 18 0 0 0 0 0 0 0 0 1 0 0 16 0 
0 0 0 0 0 0 0 0 0 0 0 17 0 0 0 0 0 0 0 0 19 0 0 0 0 0 0 0 0 8 12 5 0 0 17 0 0 0 0 0 0 0 0 0 0 0 0 0 0 0 
0 0 0 10 0 0 17 4 0 0 8 0 0 0 0 0 0 0 0 5 0 0 0 0 0 0 0 3 0 0 0 0 0 0 0 0 0 0 0 0 0 0 0 5 0 0 0 12 0 0 
