50

0 0 0 1 0 0 0 1 0 0 1 1 0 1 0 1 1 1 1 0 0 1 0 0 0 0 0 0 1 1 1 1 1 0 1 1 0 1 0 0 1 0 1 0 1 1 1 1 1 1 
0 0 1 1 0 0 1 1 0 1 0 1 0 0 1 1 0 1 0 0 0 0 0 1 1 0 1 0 1 1 1 0 1 1 0 0 1 1 0 0 0 1 0 1 0 1 1 1 0 1 
0 1 0 0 1 1 1 1 1 1 0 0 1 1 1 1 1 1 0 1 1 1 1 0 0 0 1 1 0 1 1 1 0 0 1 0 1 1 0 1 1 1 0 1 1 1 0 1 0 0 
1 1 0 0 1 0 0 1 0 1 1 0 0 1 1 0 1 1 0 0 1 1 1 1 0 1 1 1 0 1 0 1 1 0 1 1 1 0 1 0 0 0 0 0 1 0 1 1 0 1 
0 0 1 1 0 1 1 1 1 1 1 1 0 1 1 1 0 0 0 1 0 0 0 1 0 1 1 0 1 1 1 0 1 0 0 1 1 1 0 1 1 1 0 1 0 0 1 1 0 1 
0 0 1 0 1 0 0 1 0 0 1 1 0 0 1 1 0 1 0 1 1 0 1 1 0 0 1 0 1 1 0 0 1 1 1 1 1 1 1 0 0 1 1 1 1 1 0 0 1 1 
0 1 1 0 1 0 0 1 1 1 0 1 0 0 0 0 1 1 0 0 1 1 0 0 0 1 1 1 0 0 1 1 1 1 1 1 0 1 0 1 1 1 1 1 0 1 1 0 1 1 
1 1 1 1 1 1 1 0 0 0 1 1 1 0 1 1 1 1 1 1 1 1 1 1 1 0 1 0 1 1 0 0 0 1 0 1 0 0 1 1 1 0 1 1 1 1 1 1 0 1 
0 0 1 0 1 0 1 0 0 1 0 1 1 1 1 1 0 0 1 1 1 0 0 1 0 1 1 0 0 1 1 0 1 0 1 0 1 1 0 1 1 1 0 1 1 0 1 1 0 0 
0 1 1 1 1 0 1 0 1 0 0 0 0 1 1 1 1 1 0 1 1 1 0 1 1 0 1 1 0 0 1 0 1 1 1 0 1 1 0 1 0 1 1 1 1 0 0 1 0 1 
1 0 0 1 1 1 0 1 0 0 0 0 1 1 1 0 0 1 1 0 0 0 0 1 1 1 0 1 0 0 0 1 1 1 1 1 0 1 1 0 1 1 0 0 1 0 0 1 1 0 
1 1 0 0 1 1 1 1 1 0 0 0 1 0 0 1 1 1 1 0 1 1 0 0 1 1 0 1 0 1 1 1 0 0 1 0 1 0 0 0 1 0 1 0 1 1 0 0 0 0 
0 0 1 0 0 0 0 1 1 0 1 1 0 1 1 0 1 0 0 0 0 1 1 0 1 1 1 0 1 1 0 0 1 1 1 1 0 1 0 1 1 0 1 1 1 1 0 0 0 1 
1 0 1 1 1 0 0 0 1 1 1 0 1 0 0 0 1 1 1 1 0 0 1 1 0 0 1 0 1 0 0 0 1 0 1 1 1 0 0 0 1 0 0 1 1 1 1 1 0 1 
0 1 1 1 1 1 0 1 1 1 1 0 1 0 0 1 1 1 1 1 0 0 1 1 0 1 1 1 0 0 1 0 0 1 1 0 0 1 1 1 0 0 1 1 1 1 0 1 1 0 
1 1 1 0 1 1 0 1 1 1 0 1 0 0 1 0 1 0 0 0 0 1 0 1 0 0 1 0 0 1 0 0 0 1 0 0 0 0 1 1 1 1 0 0 1 0 1 1 1 0 
1 0 1 1 0 0 1 1 0 1 0 1 1 1 1 1 0 1 0 1 1 1 1 0 0 1 1 0 0 1 0 0 0 1 1 1 0 0 0 1 0 1 1 0 0 0 0 0 0 0 
1 1 1 1 0 1 1 1 0 1 1 1 0 1 1 0 1 0 1 0 0 1 1 1 0 0 1 1 0 0 0 0 1 1 1 1 1 0 1 1 0 1 1 1 0 1 0 0 0 1 
1 0 0 0 0 0 0 1 1 0 1 1 0 1 1 0 0 1 0 1 0 1 0 1 0 1 1 1 1 1 1 1 1 1 1 1 0 0 1 0 1 1 1 1 1 1 0 1 0 0 
0 0 1 0 1 1 0 1 1 1 0 0 0 1 1 0 1 0 1 0 0 0 1 1 0 1 1 1 1 1 1 1 1 1 1 1 0 1 1 1 0 1 0 1 1 0 1 1 0 1 
0 0 1 1 0 1 1 1 1 1 0 1 0 0 0 0 1 0 0 0 0 1 1 1 0 1 1 1 0 0 1 1 1 0 0 0 1 1 1 0 0 0 1 0 1 0 0 1 0 0 
1 0 1 1 0 0 1 1 0 1 0 1 1 0 0 1 1 1 1 0 1 0 0 1 1 0 0 0 0 1 0 1 1 1 1 0 1 1 0 0 0 1 1 1 1 0 1 1 0 0 
0 0 1 1 0 1 0 1 0 0 0 0 1 1 1 0 1 1 0 1 1 0 0 1 1 0 1 1 1 0 1 1 0 0 0 0 0 1 0 0 1 0 1 1 1 1 0 0 1 1 
0 1 0 1 1 1 0 1 1 1 1 0 0 1 1 1 0 1 1 1 1 1 1 0 0 0 1 0 0 1 0 0 1 1 1 0 1 1 0 1 0 1 0 0 1 1 0 0 1 1 
0 1 0 0 0 0 0 1 0 1 1 1 1 0 0 0 0 0 0 0 0 1 1 0 0 1 1 0 0 1 0 0 1 0 0 1 1 0 0 1 1 1 1 1 1 1 0 1 1 1 
0 0 0 1 1 0 1 0 1 0 1 1 1 0 1 0 1 0 1 1 1 0 0 0 1 0 0 1 1 1 1 0 1 0 1 0 0 1 0 1 1 1 0 1 1 1 1 1 0 1 
0 1 1 1 1 1 1 1 1 1 0 0 1 1 1 1 1 1 1 1 1 0 1 1 1 0 0 1 1 0 0 1 1 0 0 1 0 0 1 1 1 1 1 1 1 1 1 0 1 0 
0 0 1 1 0 0 1 0 0 1 1 1 0 0 1 0 0 1 1 1 1 0 1 0 0 1 1 0 1 1 1 0 1 0 1 0 0 0 0 1 1 0 0 1 1 1 1 0 0 0 
1 1 0 0 1 1 0 1 0 0 0 0 1 1 0 0 0 0 1 1 0 0 1 0 0 1 1 1 0 0 0 1 1 0 0 0 1 1 0 1 0 0 1 0 0 1 1 1 1 0 
1 1 1 1 1 1 0 1 1 0 0 1 1 0 0 1 1 0 1 1 0 1 0 1 1 1 0 1 0 0 0 1 1 1 1 1 1 0 1 0 0 0 1 0 0 0 0 0 0 1 
1 1 1 0 1 0 1 0 1 1 0 1 0 0 1 0 0 0 1 1 1 0 1 0 0 1 0 1 0 0 0 1 0 1 0 0 1 0 1 1 1 1 1 1 0 0 1 1 0 1 
1 0 1 1 0 0 1 0 0 0 1 1 0 0 0 0 0 0 1 1 1 1 1 0 0 0 1 0 1 1 1 0 1 1 1 1 0 1 1 0 1 0 1 1 1 0 0 1 1 1 
1 1 0 1 1 1 1 0 1 1 1 0 1 1 0 0 0 1 1 1 1 1 0 1 1 1 1 1 1 1 0 1 0 1 0 1 1 1 1 0 0 1 0 0 1 1 0 1 0 1 
0 1 0 0 0 1 1 1 0 1 1 0 1 0 1 1 1 1 1 1 0 1 0 1 0 0 0 0 0 1 1 1 1 0 0 0 0 1 1 1 0 1 1 1 1 1 0 1 0 0 
1 0 1 1 0 1 1 0 1 1 1 1 1 1 1 0 1 1 1 1 0 1 0 1 0 1 0 1 0 1 0 1 0 0 0 0 1 1 0 1 1 1 1 0 1 1 1 1 0 1 
1 0 0 1 1 1 1 1 0 0 1 0 1 1 0 0 1 1 1 1 0 0 0 0 1 0 1 0 0 1 0 1 1 0 0 0 1 1 1 1 1 0 1 1 1 1 1 1 1 1 
0 1 1 1 1 1 0 0 1 1 0 1 0 1 0 0 0 1 0 0 1 1 0 1 1 0 0 0 1 1 1 0 1 0 1 1 0 1 1 1 0 1 1 1 1 1 0 0 1 1 
1 1 1 0 1 1 1 0 1 1 1 0 1 0 1 0 0 0 0 1 1 1 1 1 0 1 0 0 1 0 0 1 1 1 1 1 1 0 1 1 0 1 0 1 0 1 1 1 0 0 
0 0 0 1 0 1 0 1 0 0 1 0 0 0 1 1 0 1 1 1 1 0 0 0 0 0 1 0 0 1 1 1 1 1 0 1 1 1 0 0 1 1 0 0 1 1 1 1 1 1 
0 0 1 0 1 0 1 1 1 1 0 0 1 0 1 1 1 1 0 1 0 0 0 1 1 1 1 1 1 0 1 0 0 1 1 1 1 1 0 0 1 0 0 1 1 1 1 0 1 1 
1 0 1 0 1 0 1 1 1 0 1 1 1 1 0 1 0 0 1 0 0 0 1 0 1 1 1 1 0 0 1 1 0 0 1 1 0 0 1 1 0 1 1 1 1 1 1 1 1 1 
0 1 1 0 1 1 1 0 1 1 1 0 0 0 0 1 1 1 1 1 0 1 0 1 1 1 1 0 0 0 1 0 1 1 1 0 1 1 1 0 1 0 0 1 0 0 0 0 0 1 
1 0 0 0 0 1 1 1 0 1 0 1 1 0 1 0 1 1 1 0 1 1 1 0 1 0 1 0 1 1 1 1 0 1 1 1 1 0 0 0 1 0 0 1 1 0 0 0 0 1 
0 1 1 0 1 1 1 1 1 1 0 0 1 1 1 0 0 1 1 1 0 1 1 0 1 1 1 1 0 0 1 1 0 1 0 1 1 1 0 1 1 1 1 0 1 1 1 0 1 1 
1 0 1 1 0 1 0 1 1 1 1 1 1 1 1 1 0 0 1 1 1 1 1 1 1 1 1 1 0 0 0 1 1 1 1 1 1 0 1 1 1 0 1 1 0 1 0 0 1 1 
1 1 1 0 0 1 1 1 0 0 0 1 1 1 1 0 0 1 1 0 0 0 1 1 1 1 1 1 1 0 0 0 1 1 1 1 1 1 1 1 1 0 0 1 1 0 1 0 0 1 
1 1 0 1 1 0 1 1 1 0 0 0 0 1 0 1 0 0 0 1 0 1 0 0 0 1 1 1 1 0 1 0 0 0 1 1 0 1 1 1 1 0 0 1 0 1 0 1 1 0 
1 1 1 1 1 0 0 1 1 1 1 0 0 1 1 1 0 0 1 1 1 1 0 0 1 1 0 0 1 0 1 1 1 1 1 1 0 1 1 0 1 0 0 0 0 0 1 0 0 0 
1 0 0 0 0 1 1 0 0 0 1 0 0 0 1 1 0 0 0 0 0 0 1 1 1 0 1 0 1 0 0 1 0 0 0 1 1 0 1 1 1 0 0 1 1 0 1 0 0 0 
1 1 0 1 1 1 1 1 0 1 0 0 1 1 0 0 0 1 0 1 0 0 1 1 1 1 0 0 0 1 1 1 1 0 1 1 1 0 1 1 1 1 1 1 1 1 0 0 0 0 

0 0 0 18 11 0 0 0 0 0 0 0 0 0 0 0 0 0 0 0 0 0 0 18 0 0 13 0 0 14 0 0 3 0 0 0 0 0 0 0 0 0 0 19 0 0 0 0 0 2 
0 0 0 17 0 0 0 0 0 0 0 0 0 0 1 0 0 0 0 0 0 0 0 0 0 0 0 0 0 0 0 11 0 0 0 0 0 0 0 0 0 0 20 0 0 20 0 0 0 0 
0 0 0 0 0 14 14 7 6 0 0 0 0 11 0 0 0 0 0 0 0 0 0 0 12 0 0 0 16 0 0 0 0 0 14 0 0 0 10 0 9 0 0 0 6 0 0 1 0 0 
0 0 0 0 0 0 0 0 16 0 0 11 14 0 0 9 0 0 0 0 0 0 0 0 0 0 4 1 0 0 0 0 0 0 0 0 0 7 0 0 0 19 0 0 0 0 0 0 0 0 
0 0 0 0 0 2 0 0 0 0 0 0 2 6 0 2 0 20 0 1 0 0 0 16 0 0 0 0 0 5 0 0 6 0 0 0 0 0 0 0 0 0 0 0 0 0 0 6 20 0 
0 0 0 0 4 0 14 0 0 0 8 0 0 0 0 0 0 19 0 0 0 0 0 0 0 14 0 0 0 0 4 15 0 0 0 0 1 0 12 0 0 0 2 6 0 0 9 0 0 0 
20 0 0 0 0 10 0 0 0 0 0 3 1 0 0 0 0 0 17 0 0 0 0 17 0 0 0 0 0 0 0 0 0 0 0 0 3 0 0 0 0 0 2 1 0 0 0 0 0 3 
0 0 0 0 0 0 0 0 0 0 0 0 0 0 0 5 0 0 15 2 0 0 0 0 0 0 0 1 0 0 0 5 0 0 0 0 0 0 13 0 4 0 0 6 0 0 20 7 0 0 
0 0 0 0 0 0 0 0 0 0 0 0 0 0 0 0 0 0 1 0 0 0 0 16 0 0 0 0 2 0 0 0 0 0 0 0 0 0 0 0 0 0 0 0 15 0 0 1 0 0 
0 0 0 0 16 0 9 0 0 0 0 0 0 0 0 0 2 0 0 0 0 6 0 0 0 0 0 6 0 0 0 0 16 0 1 0 13 16 0 0 0 0 0 17 19 7 0 0 0 0 
0 0 0 0 0 0 2 0 0 1 0 0 0 0 0 0 0 3 0 0 0 0 0 10 0 17 0 0 0 0 19 0 13 0 0 0 19 0 0 6 0 0 0 0 0 8 0 0 0 0 
0 0 2 0 0 0 0 0 0 0 0 0 0 0 0 0 3 19 0 19 0 0 0 0 0 0 0 0 8 0 0 15 0 0 10 18 16 6 0 0 0 0 0 0 0 0 18 8 0 0 
0 2 0 0 0 0 14 0 0 0 18 0 0 0 0 0 0 12 0 0 0 0 19 4 21 0 0 0 0 0 0 0 0 0 0 0 0 0 0 0 13 0 0 0 0 0 0 0 0 0 
0 0 0 0 0 0 0 0 0 0 0 0 0 0 20 0 0 0 0 0 0 12 0 0 0 0 0 0 0 0 0 14 0 0 0 0 0 0 0 12 0 0 4 0 18 0 0 0 0 10 
0 0 0 2 0 0 0 0 0 0 0 0 0 0 0 0 0 0 0 6 0 0 0 0 0 0 18 16 0 0 0 0 19 0 0 20 15 0 20 0 0 0 0 0 14 0 12 0 0 0 
4 0 0 0 0 0 11 0 4 12 0 0 14 0 0 0 0 0 0 0 0 2 0 0 0 1 0 0 0 0 0 0 0 0 0 0 0 0 0 4 1 0 0 16 7 0 0 0 0 0 
0 18 19 0 2 0 0 0 0 0 14 0 0 15 0 0 0 0 19 0 0 0 0 5 0 0 2 0 20 0 0 0 5 0 0 0 0 0 0 0 0 0 0 0 7 0 0 0 0 0 
0 0 19 0 0 0 0 0 0 18 0 0 22 0 0 0 2 0 0 4 4 0 0 0 0 0 0 0 0 10 0 0 0 0 0 0 0 0 0 0 0 0 0 16 0 0 0 0 16 0 
2 0 0 0 7 0 0 0 0 7 0 0 0 0 0 0 0 0 0 0 0 0 0 1 0 0 3 0 0 0 0 0 0 0 0 0 0 0 0 0 0 14 0 0 0 10 0 0 9 0 
0 0 12 0 0 0 0 3 0 0 0 4 0 0 0 0 9 0 0 0 5 0 0 0 1 1 0 0 0 0 0 8 0 0 0 0 7 3 0 0 0 8 0 0 19 0 0 0 0 0 
14 0 0 0 0 0 0 0 0 0 0 0 12 0 0 0 0 0 14 0 0 0 0 0 0 0 0 0 0 0 0 0 18 0 18 0 0 0 0 8 0 0 0 18 0 4 0 0 0 0 
0 0 0 0 0 0 0 0 0 20 0 0 0 0 0 0 0 0 10 0 0 0 18 0 0 0 17 0 0 18 0 0 0 0 0 17 0 0 0 0 0 0 0 11 0 0 0 7 0 0 
0 0 0 0 0 0 0 0 0 0 0 0 0 0 0 0 2 13 0 17 0 0 0 0 0 0 0 0 0 0 0 0 9 0 0 0 0 2 0 0 0 0 0 15 2 0 0 0 0 0 
0 18 0 0 14 1 11 0 0 0 0 0 0 0 19 0 0 0 0 0 0 2 0 0 0 0 0 4 0 0 0 0 0 0 0 5 0 0 0 0 0 0 0 10 22 0 0 0 0 0 
0 0 3 0 0 0 7 0 0 0 0 16 0 12 0 0 0 0 17 0 0 5 0 15 0 0 0 9 0 0 6 0 0 0 5 15 0 0 0 0 0 0 0 3 0 0 0 0 0 0 
0 0 0 1 1 0 0 0 0 0 0 7 0 0 0 0 0 0 0 0 0 0 0 0 0 0 0 0 0 0 0 9 0 0 0 0 0 0 6 0 0 20 0 0 0 0 0 0 0 0 
0 0 0 0 0 19 0 0 0 0 0 0 0 9 0 8 7 0 11 17 0 0 0 19 0 0 0 0 0 0 0 0 19 0 0 0 6 0 0 0 12 0 12 0 0 6 0 0 10 0 
0 10 0 0 0 0 0 0 0 0 2 0 0 0 0 0 0 0 0 15 0 0 0 0 0 18 0 0 0 0 0 0 0 0 6 0 0 0 0 0 0 0 0 13 0 0 18 0 0 0 
15 0 0 0 0 0 0 0 0 0 3 0 0 20 0 0 0 0 0 15 0 0 0 13 0 17 0 0 0 3 0 6 9 9 0 0 2 14 0 14 0 0 0 0 1 6 0 0 0 0 
0 0 0 0 0 7 4 17 0 0 0 4 0 0 0 0 17 2 0 0 0 18 0 0 2 0 0 0 0 0 0 0 0 0 0 0 0 14 0 0 0 0 0 0 0 0 0 0 0 0 
0 21 0 0 0 0 0 0 0 0 11 0 0 2 0 0 16 12 0 0 0 0 0 0 0 9 0 0 0 0 0 0 0 17 0 16 0 0 0 0 0 0 0 0 0 0 6 0 0 15 
20 0 0 12 0 0 0 0 9 17 0 0 0 0 0 0 0 0 0 0 0 0 0 0 0 0 0 1 0 0 0 0 0 0 0 0 0 0 0 0 0 0 0 1 0 0 0 0 1 0 
0 0 0 14 0 0 8 0 0 0 0 0 0 0 0 0 0 19 0 6 0 7 0 0 0 12 0 0 0 12 0 0 0 0 5 0 12 0 0 0 0 0 0 1 0 0 0 0 16 0 
0 0 0 0 0 0 0 0 0 0 1 0 0 0 0 0 9 0 0 0 0 0 0 12 0 0 6 10 0 18 0 0 12 0 0 0 0 18 0 19 5 0 0 20 0 0 19 0 0 6 
0 0 0 15 0 0 0 0 0 0 0 0 0 0 0 0 0 0 0 0 0 0 0 0 0 0 0 0 18 0 0 4 0 3 0 0 0 0 0 0 0 0 0 0 0 0 0 1 16 0 
4 0 0 3 0 0 0 1 0 0 19 0 0 0 0 0 0 0 0 0 0 0 0 5 14 0 0 0 0 0 16 0 15 0 0 0 0 0 0 14 0 0 13 11 0 1 0 5 0 9 
0 0 12 0 0 9 1 0 0 7 0 11 0 0 0 0 0 0 0 0 0 12 0 0 2 0 0 0 0 0 0 0 11 2 0 15 0 0 0 13 8 0 0 16 0 0 0 16 6 0 
7 12 0 0 0 0 0 0 0 0 19 0 0 0 0 0 0 0 0 0 0 0 0 0 0 0 0 0 11 0 14 0 11 0 0 0 0 0 0 0 0 18 0 0 4 4 20 0 0 0 
4 17 0 0 0 0 0 0 0 0 0 0 0 3 4 19 0 0 0 0 0 15 0 0 0 0 0 0 0 0 0 0 0 5 0 0 0 0 0 3 0 0 0 0 3 19 0 0 0 1 
15 0 0 0 11 12 16 0 0 0 0 0 0 0 0 0 0 0 0 0 0 9 0 0 0 0 0 0 0 0 0 0 0 0 0 10 0 3 0 0 1 0 0 0 13 1 0 0 0 0 
0 9 9 0 15 0 0 0 0 0 7 0 8 0 0 0 0 0 0 0 0 0 0 0 15 0 0 0 0 0 0 10 0 0 0 0 0 0 0 0 0 3 0 0 0 0 0 0 0 0 
0 13 0 0 0 1 0 0 0 0 20 0 1 0 0 0 19 0 0 0 0 0 0 0 3 8 2 0 2 0 0 0 0 0 0 0 0 0 0 0 0 0 0 0 0 0 0 0 0 15 
0 9 0 0 5 0 0 0 0 0 0 3 17 2 0 18 0 2 0 0 0 0 0 0 0 0 0 0 0 0 0 0 0 0 0 0 0 0 0 20 0 0 0 0 6 18 0 0 0 0 
0 0 0 0 0 0 0 0 0 0 0 0 0 0 0 0 0 0 0 0 0 0 0 0 0 0 0 0 0 11 0 0 0 0 0 0 0 0 3 0 0 0 0 0 0 1 0 0 20 9 
0 0 17 0 0 0 0 0 0 0 0 0 0 0 0 0 0 0 0 0 0 0 0 0 0 0 0 0 0 0 0 0 16 0 0 0 0 0 0 0 2 21 0 0 0 14 6 0 1 0 
0 0 0 0 0 0 0 0 0 8 0 0 0 9 0 0 0 17 19 0 0 0 17 0 0 0 0 0 0 0 2 0 0 0 0 0 18 0 0 0 0 0 0 0 14 0 13 0 0 0 
0 2 0 0 0 0 18 0 0 15 0 15 0 0 0 0 12 1 0 0 0 0 0 5 0 0 0 0 0 0 0 0 6 0 0 8 0 0 0 0 0 0 0 0 0 0 0 0 1 0 
0 0 0 0 0 0 0 0 0 0 0 0 0 6 0 0 2 7 0 16 0 0 0 0 16 12 0 10 5 0 14 0 0 0 0 0 18 0 0 0 0 0 0 0 0 0 8 0 0 0 
4 0 0 0 2 0 0 0 12 0 0 20 0 0 0 0 0 0 0 0 1 0 0 0 0 12 0 0 0 0 0 0 0 0 19 20 0 0 7 0 0 0 0 5 0 0 0 0 0 0 
0 0 0 0 14 0 0 0 0 0 0 1 0 0 15 1 0 0 0 17 20 0 13 7 1 0 0 0 0 0 0 0 0 0 0 0 4 0 0 0 0 0 0 2 0 0 6 0 0 0 
