50

0 1 1 0 1 1 1 1 1 1 1 0 0 0 0 1 1 1 0 1 0 0 1 1 1 1 1 0 1 0 0 0 0 1 1 0 0 1 1 1 0 1 0 1 1 1 0 1 1 0 
1 0 0 0 0 1 0 1 0 1 1 1 0 1 1 1 1 0 1 0 1 0 1 1 1 0 0 0 0 1 1 1 0 1 1 0 0 0 0 1 0 1 0 1 1 1 1 0 1 1 
1 0 0 1 1 0 0 0 1 0 1 1 0 1 1 1 1 0 0 1 0 1 0 0 0 1 1 1 0 1 1 0 1 0 0 0 0 0 1 1 1 1 1 1 1 0 1 0 1 1 
0 0 1 0 0 0 1 0 0 1 1 0 1 1 1 1 0 1 1 1 1 0 1 1 0 0 0 1 1 1 0 1 1 1 0 0 1 1 1 0 0 0 1 0 0 1 1 1 0 0 
1 0 1 0 0 0 0 0 1 0 0 1 1 1 0 1 1 1 0 0 0 0 1 1 0 1 1 1 0 1 1 1 0 1 1 1 1 1 0 1 1 1 1 0 1 0 0 0 1 0 
1 1 0 0 0 0 1 1 1 1 1 1 0 1 0 0 0 1 1 0 0 0 1 0 1 0 0 1 0 1 1 0 0 1 1 0 1 0 1 1 0 1 1 1 1 1 1 1 0 1 
1 0 0 1 0 1 0 1 0 1 1 1 1 1 1 0 0 1 0 0 1 1 0 0 1 0 1 0 0 0 1 1 1 0 1 1 1 1 1 1 1 0 1 1 1 1 1 1 1 0 
1 1 0 0 0 1 1 0 1 1 1 1 0 0 1 0 0 1 0 1 1 0 1 0 0 1 1 0 0 0 1 0 0 1 0 0 1 1 1 1 0 0 1 1 1 0 1 1 0 0 
1 0 1 0 1 1 0 1 0 1 0 1 1 1 1 1 0 1 1 1 1 1 1 1 1 1 1 1 0 1 1 0 1 1 0 1 1 1 1 1 1 1 0 1 1 0 1 0 1 0 
1 1 0 1 0 1 1 1 1 0 0 0 0 0 1 1 1 1 0 0 1 1 0 1 1 1 0 0 1 1 1 0 0 0 1 1 1 0 1 1 1 0 0 1 1 0 1 0 1 0 
1 1 1 1 0 1 1 1 0 0 0 1 1 1 1 0 1 1 1 1 0 0 1 0 1 1 1 0 0 0 1 1 1 0 0 1 1 1 1 0 1 1 0 1 1 1 1 0 0 0 
0 1 1 0 1 1 1 1 1 0 1 0 0 1 0 0 1 0 0 1 1 0 0 0 1 1 1 1 1 0 0 1 1 0 1 0 0 1 1 1 1 1 1 0 0 1 0 0 1 0 
0 0 0 1 1 0 1 0 1 0 1 0 0 1 1 1 1 0 1 1 1 0 1 1 0 0 1 0 0 0 1 1 1 1 1 0 1 0 0 0 1 1 0 1 1 1 1 0 0 1 
0 1 1 1 1 1 1 0 1 0 1 1 1 0 1 1 1 0 1 0 1 1 0 1 0 0 1 0 0 0 0 1 1 0 1 1 1 1 0 1 1 1 1 1 1 1 1 1 1 1 
0 1 1 1 0 0 1 1 1 1 1 0 1 1 0 1 0 0 1 1 1 0 0 1 1 1 1 1 0 1 1 0 0 1 1 1 1 0 0 1 1 1 0 1 0 1 0 0 0 0 
1 1 1 1 1 0 0 0 1 1 0 0 1 1 1 0 0 0 1 1 1 1 0 0 1 1 1 0 0 1 1 1 1 1 1 0 1 1 1 0 1 0 0 0 1 1 0 0 1 1 
1 1 1 0 1 0 0 0 0 1 1 1 1 1 0 0 0 1 0 0 1 1 1 0 1 1 1 0 0 1 0 1 1 1 1 0 1 1 1 1 1 1 1 0 1 0 1 1 0 0 
1 0 0 1 1 1 1 1 1 1 1 0 0 0 0 0 1 0 1 0 1 1 1 1 0 1 1 0 0 1 0 1 1 1 0 1 1 0 0 0 1 0 0 0 0 1 0 0 1 0 
0 1 0 1 0 1 0 0 1 0 1 0 1 1 1 1 0 1 0 0 0 0 0 1 0 1 1 0 0 1 0 1 0 0 0 1 0 1 0 0 0 1 1 0 1 1 1 0 1 1 
1 0 1 1 0 0 0 1 1 0 1 1 1 0 1 1 0 0 0 0 0 1 1 0 1 1 1 0 0 0 1 1 1 0 0 0 0 0 1 0 0 0 0 1 1 1 0 1 1 1 
0 1 0 1 0 0 1 1 1 1 0 1 1 1 1 1 1 1 0 0 0 1 1 0 0 0 1 1 1 0 1 0 1 0 1 1 1 0 0 1 1 1 1 0 1 1 1 0 1 0 
0 0 1 0 0 0 1 0 1 1 0 0 0 1 0 1 1 1 0 1 1 0 0 0 0 0 0 0 1 1 1 0 0 0 1 1 1 1 1 1 1 1 1 1 0 0 0 1 0 0 
1 1 0 1 1 1 0 1 1 0 1 0 1 0 0 0 1 1 0 1 1 0 0 1 0 1 1 1 0 0 1 1 1 0 1 0 0 1 0 0 1 1 1 0 1 1 1 1 0 1 
1 1 0 1 1 0 0 0 1 1 0 0 1 1 1 0 0 1 1 0 0 0 1 0 0 1 1 0 1 1 1 1 1 1 1 0 1 1 1 1 1 1 0 1 0 1 1 1 1 1 
1 1 0 0 0 1 1 0 1 1 1 1 0 0 1 1 1 0 0 1 0 0 0 0 0 1 0 0 0 1 1 1 1 0 1 1 1 1 1 1 0 1 0 1 1 1 1 1 0 0 
1 0 1 0 1 0 0 1 1 1 1 1 0 0 1 1 1 1 1 1 0 0 1 1 1 0 0 1 1 0 0 1 1 1 1 0 1 1 0 0 1 0 0 1 0 1 0 0 1 1 
1 0 1 0 1 0 1 1 1 0 1 1 1 1 1 1 1 1 1 1 1 0 1 1 0 0 0 1 0 1 0 0 1 0 0 1 0 0 0 0 1 1 1 1 1 0 1 1 1 0 
0 0 1 1 1 1 0 0 1 0 0 1 0 0 1 0 0 0 0 0 1 0 1 0 0 1 1 0 0 0 1 0 0 1 0 0 0 1 1 0 1 1 1 1 1 0 0 1 1 0 
1 0 0 1 0 0 0 0 0 1 0 1 0 0 0 0 0 0 0 0 1 1 0 1 0 1 0 0 0 1 0 1 1 1 1 1 0 0 1 1 1 1 0 1 1 1 0 1 1 1 
0 1 1 1 1 1 0 0 1 1 0 0 0 0 1 1 1 1 1 0 0 1 0 1 1 0 1 0 1 0 1 1 1 1 0 1 1 1 0 0 1 1 0 1 1 1 0 1 0 1 
0 1 1 0 1 1 1 1 1 1 1 0 1 0 1 1 0 0 0 1 1 1 1 1 1 0 0 1 0 1 0 0 1 1 1 0 0 1 1 1 1 1 1 0 0 1 1 1 1 0 
0 1 0 1 1 0 1 0 0 0 1 1 1 1 0 1 1 1 1 1 0 0 1 1 1 1 0 0 1 1 0 0 0 1 1 0 1 1 0 1 1 1 0 1 1 0 0 1 0 1 
0 0 1 1 0 0 1 0 1 0 1 1 1 1 0 1 1 1 0 1 1 0 1 1 1 1 1 0 1 1 1 0 0 1 0 1 1 1 1 1 0 1 0 1 0 0 0 0 1 1 
1 1 0 1 1 1 0 1 1 0 0 0 1 0 1 1 1 1 0 0 0 0 0 1 0 1 0 1 1 1 1 1 1 0 0 0 1 1 1 1 0 1 0 0 1 0 1 0 1 1 
1 1 0 0 1 1 1 0 0 1 0 1 1 1 1 1 1 0 0 0 1 1 1 1 1 1 0 0 1 0 1 1 0 0 0 1 1 1 1 0 1 1 1 0 0 1 0 1 1 1 
0 0 0 0 1 0 1 0 1 1 1 0 0 1 1 0 0 1 1 0 1 1 0 0 1 0 1 0 1 1 0 0 1 0 1 0 1 0 0 1 1 1 1 1 1 1 1 0 0 1 
0 0 0 1 1 1 1 1 1 1 1 0 1 1 1 1 1 1 0 0 1 1 0 1 1 1 0 0 0 1 0 1 1 1 1 1 0 1 0 1 0 1 0 1 0 1 1 1 1 1 
1 0 0 1 1 0 1 1 1 0 1 1 0 1 0 1 1 0 1 0 0 1 1 1 1 1 0 1 0 1 1 1 1 1 1 0 1 0 1 0 1 1 1 1 0 1 0 0 0 1 
1 0 1 1 0 1 1 1 1 1 1 1 0 0 0 1 1 0 0 1 0 1 0 1 1 0 0 1 1 0 1 0 1 1 1 0 0 1 0 1 1 1 1 0 1 0 0 0 1 1 
1 1 1 0 1 1 1 1 1 1 0 1 0 1 1 0 1 0 0 0 1 1 0 1 1 0 0 0 1 0 1 1 1 1 0 1 1 0 1 0 0 1 0 1 1 0 1 0 1 0 
0 0 1 0 1 0 1 0 1 1 1 1 1 1 1 1 1 1 0 0 1 1 1 1 0 1 1 1 1 1 1 1 0 0 1 1 0 1 1 0 0 1 1 1 0 0 0 0 1 1 
1 1 1 0 1 1 0 0 1 0 1 1 1 1 1 0 1 0 1 0 1 1 1 1 1 0 1 1 1 1 1 1 1 1 1 1 1 1 1 1 1 0 1 1 1 1 0 1 0 1 
0 0 1 1 1 1 1 1 0 0 0 1 0 1 0 0 1 0 1 0 1 1 1 0 0 0 1 1 0 0 1 0 0 0 1 1 0 1 1 0 1 1 0 1 1 0 0 1 0 0 
1 1 1 0 0 1 1 1 1 1 1 0 1 1 1 0 0 0 0 1 0 1 0 1 1 1 1 1 1 1 0 1 1 0 0 1 1 1 0 1 1 1 1 0 1 0 1 1 1 0 
1 1 1 0 1 1 1 1 1 1 1 0 1 1 0 1 1 0 1 1 1 0 1 0 1 0 1 1 1 1 0 1 0 1 0 1 0 0 1 1 0 1 1 1 0 0 0 1 1 1 
1 1 0 1 0 1 1 0 0 0 1 1 1 1 1 1 0 1 1 1 1 0 1 1 1 1 0 0 1 1 1 0 0 0 1 1 1 1 0 0 0 1 0 0 0 0 0 0 1 1 
0 1 1 1 0 1 1 1 1 1 1 0 1 1 0 0 1 0 1 0 1 0 1 1 1 0 1 0 0 0 1 0 0 1 0 1 1 0 0 1 0 0 0 1 0 0 0 0 1 1 
1 0 0 1 0 1 1 1 0 0 0 0 0 1 0 0 1 0 0 1 0 1 1 1 1 0 1 1 1 1 1 1 0 0 1 0 1 0 0 0 0 1 1 1 1 0 0 0 0 1 
1 1 1 0 1 0 1 0 1 1 0 1 0 1 0 1 0 1 1 1 1 0 0 1 0 1 1 1 1 0 1 0 1 1 1 0 1 0 1 1 1 0 0 1 1 1 1 0 0 0 
0 1 1 0 0 1 0 0 0 0 0 0 1 1 0 1 0 0 1 1 0 0 1 1 0 1 0 0 1 1 0 1 1 1 1 1 1 1 1 0 1 1 0 0 1 1 1 1 0 0 

0 13 13 6 0 0 0 0 0 4 0 7 6 9 0 0 0 14 0 0 13 0 0 8 0 0 0 0 0 0 0 0 1 6 7 2 0 14 9 0 0 5 7 0 0 13 9 10 6 0 
9 0 0 0 12 11 0 12 12 7 2 0 0 14 5 0 0 0 12 0 0 0 10 1 0 0 0 0 0 0 0 12 1 14 0 10 0 9 0 0 0 0 0 0 0 6 8 5 0 1 
9 0 0 0 0 0 9 0 0 0 0 0 7 0 0 0 4 0 16 6 0 0 0 6 14 0 8 4 0 0 0 0 8 2 0 0 14 0 11 0 2 0 8 0 0 0 8 0 15 0 
0 2 3 0 0 2 0 0 4 14 0 0 9 7 9 0 1 0 5 8 1 0 0 1 0 15 0 5 0 0 0 4 0 0 13 0 4 0 0 0 0 0 12 15 4 0 12 0 2 11 
5 0 2 0 0 0 3 0 14 0 0 0 0 0 0 0 0 9 9 3 0 5 13 0 0 0 0 0 15 13 2 0 13 0 0 11 0 7 10 13 9 0 0 6 0 0 0 0 0 0 
0 11 3 0 3 0 1 4 0 0 0 6 0 0 7 8 0 0 5 0 0 15 13 14 0 0 2 0 0 0 0 14 4 0 0 7 0 0 0 0 13 0 9 0 0 0 3 0 15 0 
9 4 2 3 0 12 0 0 7 2 0 0 0 5 4 0 0 0 0 0 0 13 0 0 0 0 0 0 0 0 0 0 0 13 0 14 10 0 13 0 0 0 0 0 0 12 0 0 0 0 
0 0 0 0 5 0 0 0 3 8 4 0 14 0 0 0 0 2 1 0 0 0 4 0 0 15 0 7 0 0 0 0 0 2 3 0 0 0 15 0 0 6 0 10 3 0 9 0 0 0 
0 0 1 0 0 0 0 1 0 0 0 0 0 0 0 0 0 14 11 0 1 0 0 0 0 7 0 0 0 0 1 12 0 0 13 0 2 3 0 0 4 0 5 0 4 0 3 1 0 0 
13 0 7 0 5 11 14 7 0 0 0 0 0 11 14 0 0 0 2 0 0 12 13 0 0 0 0 0 8 0 0 0 0 0 0 7 0 6 0 0 5 0 7 0 0 4 0 0 9 0 
3 1 0 0 7 9 8 0 0 0 0 0 0 5 0 0 0 0 1 0 0 3 3 14 12 0 0 5 0 0 10 9 0 0 8 0 7 15 5 0 11 0 0 0 3 1 15 0 0 3 
13 15 0 0 8 0 8 13 0 0 0 0 0 3 0 0 12 0 2 0 0 6 0 0 9 3 9 0 0 0 9 0 0 0 0 0 0 8 13 0 0 0 0 0 2 8 0 9 0 0 
0 0 0 0 7 13 0 0 0 0 0 1 0 0 15 4 10 0 1 4 4 0 0 10 0 0 1 0 0 0 11 0 0 6 0 3 0 0 9 0 0 0 11 9 0 4 0 0 0 2 
0 0 9 0 11 0 0 0 0 0 12 0 0 0 0 0 4 0 6 0 7 0 0 0 2 0 0 0 0 13 7 0 0 0 0 5 0 0 3 14 0 1 10 13 7 0 0 0 14 15 
0 9 0 0 8 0 9 0 7 0 0 0 0 2 0 0 5 13 0 0 10 0 13 0 12 3 0 10 0 0 0 0 0 11 0 0 0 2 15 0 0 0 0 13 0 0 14 0 0 0 
0 0 3 0 14 9 0 1 0 0 0 0 7 9 5 0 5 0 5 0 0 7 13 0 0 0 2 14 0 0 0 0 0 0 0 7 0 0 0 5 0 0 0 0 0 3 13 0 0 0 
6 0 7 0 0 0 0 0 0 0 0 0 0 0 0 0 0 0 0 0 13 3 1 0 0 0 10 0 0 0 5 4 10 1 0 0 0 5 0 0 0 1 0 0 3 15 11 0 3 10 
0 0 0 0 13 0 15 0 12 2 10 10 6 0 9 0 0 0 0 0 0 0 12 0 0 0 0 6 0 0 3 0 0 6 0 11 3 13 0 0 0 0 8 0 15 11 0 0 0 0 
0 0 0 8 0 7 0 11 4 0 9 0 0 3 0 3 0 6 0 0 10 10 0 0 4 6 0 0 0 0 0 0 0 7 0 6 0 0 0 0 5 10 0 0 15 4 2 0 1 6 
0 0 12 14 0 0 0 0 4 2 0 0 0 7 0 9 0 3 0 0 11 8 5 9 0 0 2 10 0 0 2 1 0 0 0 1 2 0 0 0 0 11 4 9 0 13 0 0 0 0 
0 0 0 13 7 0 0 0 0 2 1 0 0 0 0 0 14 0 1 0 0 3 0 0 0 0 0 12 0 9 0 5 0 2 0 0 1 10 13 12 6 0 0 0 0 0 0 2 4 0 
0 0 0 15 8 9 8 8 11 9 11 5 0 14 0 13 3 0 0 6 2 0 2 0 0 0 0 1 0 0 0 8 0 5 0 3 14 0 0 5 0 0 0 10 0 0 15 12 4 14 
8 11 0 7 0 0 0 1 0 0 14 1 0 0 9 3 11 0 0 2 6 0 0 0 0 10 7 6 0 9 6 0 0 13 1 12 0 14 0 0 0 0 13 0 0 0 5 6 0 0 
0 0 0 12 0 5 6 0 0 0 0 0 0 8 2 3 0 8 0 0 0 1 0 0 10 0 15 0 0 8 5 0 0 0 0 0 0 1 0 0 8 0 0 5 13 1 0 0 0 0 
13 10 14 16 10 0 13 0 13 6 8 0 0 10 0 11 12 0 5 0 15 6 0 0 0 0 4 0 4 0 0 0 0 2 0 0 7 0 3 0 3 12 0 0 0 0 0 0 0 2 
0 0 9 0 8 0 6 0 0 8 11 1 0 0 6 6 11 0 0 9 0 0 0 11 12 0 6 0 0 0 5 1 0 0 0 0 14 0 0 2 0 0 0 10 7 0 0 0 0 7 
10 1 14 0 0 14 0 0 0 3 0 12 9 0 0 0 0 0 14 0 14 0 5 6 0 0 0 0 16 2 0 4 0 0 0 1 0 5 0 7 9 1 0 13 0 0 0 0 0 0 
5 0 0 0 2 0 4 0 0 5 0 0 14 14 0 0 0 0 0 0 0 0 0 9 0 0 14 0 0 13 4 0 10 12 5 12 10 0 0 0 0 0 0 8 0 0 0 15 10 0 
0 8 0 2 11 9 6 0 6 6 0 11 0 0 0 0 2 0 8 0 0 9 0 10 0 0 0 0 0 0 4 0 15 0 14 6 0 0 0 0 0 10 0 0 12 0 0 9 0 9 
3 0 2 2 12 0 0 13 4 0 0 12 0 3 3 8 3 0 0 0 0 1 0 0 2 3 0 13 4 0 0 2 0 8 0 7 1 12 0 0 8 13 3 0 0 12 0 0 12 0 
2 0 0 0 0 15 0 5 0 0 0 0 0 12 6 0 0 0 14 0 9 14 1 0 0 12 0 10 0 0 0 0 0 1 0 0 13 0 13 10 11 0 15 7 0 0 5 0 7 0 
0 0 0 0 0 10 0 0 0 15 14 13 0 0 0 7 0 2 5 13 1 0 0 12 5 0 0 9 0 0 1 0 0 0 0 0 13 0 14 0 0 0 0 14 0 2 0 12 0 0 
0 0 11 0 0 8 2 12 1 0 6 0 0 10 7 11 0 0 0 3 3 2 0 4 0 0 0 0 4 0 0 0 0 0 0 0 0 0 5 0 0 6 0 0 11 7 6 0 0 4 
0 13 11 0 14 0 9 0 8 0 10 0 0 0 0 0 0 0 0 2 0 0 0 12 0 0 0 0 7 0 12 0 0 0 0 14 0 0 4 0 0 2 0 0 0 11 0 0 11 0 
0 0 0 0 0 0 11 0 0 0 10 0 0 0 0 10 0 8 14 12 0 0 7 0 0 4 0 5 0 0 0 1 0 0 0 2 14 0 0 12 0 6 0 0 0 0 6 0 0 0 
0 10 2 0 5 0 0 9 0 7 0 4 7 4 0 0 8 11 0 0 0 0 0 1 2 14 0 9 0 13 0 0 2 0 0 0 6 0 0 0 7 9 0 8 0 14 4 0 0 0 
1 0 16 7 0 12 0 0 0 4 0 0 0 0 2 0 14 0 0 0 0 0 0 0 0 2 0 2 0 10 0 0 0 4 0 0 0 15 0 0 0 9 0 0 0 0 0 0 6 1 
0 8 0 7 0 0 0 8 0 13 0 6 0 1 3 0 0 0 10 14 0 0 1 0 13 0 6 0 0 0 0 0 0 10 0 0 0 0 0 7 5 0 0 0 0 11 16 0 7 0 
0 0 0 0 0 8 0 0 0 0 2 6 0 0 2 0 0 0 11 0 0 0 0 11 0 4 0 0 5 0 2 0 2 0 6 10 0 9 0 7 7 4 5 10 0 0 0 6 14 11 
0 0 0 0 6 0 0 0 2 1 0 0 7 0 5 7 0 5 0 10 3 0 8 0 0 3 4 0 10 0 0 1 0 5 0 3 5 0 1 0 8 4 12 0 0 0 0 0 2 0 
8 13 0 0 0 6 0 12 3 0 7 6 7 0 14 0 0 0 6 0 13 0 0 0 11 3 3 0 0 9 0 5 0 0 0 17 8 0 0 11 0 0 13 0 10 0 14 0 0 0 
8 0 0 0 2 0 0 0 0 0 0 0 6 0 14 15 3 0 0 0 1 0 0 9 0 0 0 0 3 6 0 6 0 6 6 0 0 1 0 0 12 0 0 0 0 0 0 8 0 2 
0 0 0 7 0 0 0 5 0 2 0 1 0 0 0 0 0 0 0 0 0 0 4 11 0 5 4 8 0 0 0 0 0 0 0 0 4 10 14 0 0 0 0 10 4 0 0 1 13 14 
0 0 9 0 0 0 0 0 6 8 0 0 0 15 5 0 0 0 0 0 0 0 0 0 0 0 0 11 12 6 0 0 0 12 0 0 0 13 0 10 0 0 4 0 0 4 0 0 8 0 
0 9 3 0 0 0 0 0 12 0 0 11 0 0 9 3 0 0 0 0 0 0 11 12 9 4 0 8 0 5 0 0 11 4 0 0 8 7 10 0 0 0 7 0 0 8 0 0 8 0 
6 0 0 0 4 0 8 0 0 0 0 0 0 0 0 0 0 0 0 1 0 14 8 0 0 9 0 10 2 5 5 0 0 0 0 6 0 0 7 0 0 0 0 9 0 0 0 8 0 13 
1 14 8 0 0 0 0 0 0 11 6 5 0 0 14 0 6 10 0 7 6 0 1 12 0 0 0 0 1 0 0 0 10 0 0 0 0 0 5 0 0 0 0 1 13 5 0 1 7 1 
3 0 11 0 0 7 4 0 0 0 10 13 10 0 0 7 8 0 0 14 11 3 12 0 0 0 0 0 7 5 0 10 9 0 0 9 0 9 0 0 0 0 7 2 11 0 0 0 9 0 
10 0 0 0 0 0 0 0 0 0 0 14 14 0 0 0 7 10 0 0 0 2 0 12 0 0 2 0 0 0 0 0 1 0 0 0 6 9 8 7 7 10 0 0 0 8 0 2 0 11 
0 6 2 2 12 0 0 0 0 0 0 1 14 0 7 0 0 8 4 0 2 0 0 0 0 0 0 7 0 12 12 14 2 5 0 0 4 13 0 12 0 0 0 9 5 0 0 10 1 0 
