50

0 0 1 1 0 1 1 0 0 0 1 1 1 1 0 1 1 1 1 0 1 1 0 0 1 0 0 0 1 1 0 0 1 1 0 0 1 0 0 1 0 0 1 0 1 1 1 1 0 0 
0 0 0 1 1 1 0 1 1 1 0 1 0 0 1 0 1 1 1 0 1 1 0 0 0 1 1 1 0 0 0 1 1 0 1 0 1 1 0 1 1 1 1 1 1 0 1 1 0 1 
1 0 0 1 0 1 1 1 0 1 1 1 0 1 0 1 1 0 0 0 0 0 0 1 0 0 0 1 1 1 0 1 1 0 1 1 1 1 0 1 0 1 1 0 1 1 0 1 1 1 
1 1 1 0 0 1 0 1 1 1 0 1 1 1 1 1 1 0 0 1 1 0 0 1 0 0 1 1 1 1 0 0 0 1 1 0 1 1 0 1 1 0 0 1 1 1 0 1 1 1 
0 1 0 0 0 0 1 0 1 1 1 0 0 1 0 0 1 1 1 1 0 0 1 0 1 0 0 1 1 0 0 1 0 1 1 1 1 0 1 1 1 0 0 1 1 1 0 0 0 1 
1 1 1 1 0 0 1 0 1 1 0 1 1 1 1 0 1 0 1 1 1 1 1 1 0 1 1 0 0 0 1 1 1 1 1 0 1 0 1 1 1 1 1 1 1 1 1 0 1 1 
1 0 1 0 1 1 0 0 1 0 0 0 1 1 1 1 1 0 1 1 0 1 1 0 0 1 0 0 1 0 1 1 1 1 0 0 0 1 0 0 0 1 0 0 1 0 0 1 1 1 
0 1 1 1 0 0 0 0 1 1 0 0 1 0 0 1 1 1 0 0 1 1 0 1 1 0 1 1 0 1 1 1 0 1 1 1 0 1 1 1 0 0 0 1 0 0 0 1 0 1 
0 1 0 1 1 1 1 1 0 1 0 1 0 1 0 1 1 0 0 1 1 0 0 1 1 1 0 1 0 1 0 0 1 1 0 0 0 1 1 0 0 0 0 1 1 1 0 0 0 0 
0 1 1 1 1 1 0 1 1 0 0 1 0 0 1 1 1 1 1 1 1 1 0 1 0 1 0 1 1 1 1 1 0 1 1 0 1 1 1 0 0 1 0 1 1 0 0 1 0 1 
1 0 1 0 1 0 0 0 0 0 0 0 1 0 0 1 1 1 1 1 0 1 0 1 0 1 1 1 0 1 1 1 1 1 1 1 1 0 1 0 0 0 1 1 1 0 1 1 1 1 
1 1 1 1 0 1 0 0 1 1 0 0 1 0 0 1 1 0 1 0 1 0 1 0 1 0 1 1 0 1 0 1 1 0 1 1 0 0 0 1 0 1 0 1 1 1 1 1 0 1 
1 0 0 1 0 1 1 1 0 0 1 1 0 0 0 0 1 1 0 1 0 1 1 1 1 0 1 1 1 1 1 0 0 0 1 1 0 1 0 0 1 1 1 1 0 1 0 1 1 0 
1 0 1 1 1 1 1 0 1 0 0 0 0 0 1 0 1 1 0 0 0 1 0 0 1 1 1 1 1 0 1 1 0 1 0 0 1 1 1 0 1 1 1 1 0 1 1 0 1 0 
0 1 0 1 0 1 1 0 0 1 0 0 0 1 0 0 0 0 0 0 1 1 0 0 1 0 0 1 0 0 0 0 1 1 1 1 1 1 1 1 0 0 0 0 1 0 0 0 1 0 
1 0 1 1 0 0 1 1 1 1 1 1 0 0 0 0 1 1 1 1 1 1 1 1 0 1 0 1 1 1 0 1 1 0 1 1 1 1 0 0 0 1 0 1 1 0 0 1 0 0 
1 1 1 1 1 1 1 1 1 1 1 1 1 1 0 1 0 0 1 1 0 1 1 1 0 1 1 1 1 0 1 1 1 0 1 1 1 1 0 0 0 1 1 0 1 0 0 0 1 1 
1 1 0 0 1 0 0 1 0 1 1 0 1 1 0 1 0 0 1 1 1 0 1 1 0 0 0 1 0 0 1 1 1 0 1 0 0 1 1 1 1 0 1 1 0 0 1 1 1 1 
1 1 0 0 1 1 1 0 0 1 1 1 0 0 0 1 1 1 0 1 1 1 1 1 0 0 0 1 0 0 1 0 0 1 1 1 0 1 1 0 1 1 1 0 1 0 1 1 1 0 
0 0 0 1 1 1 1 0 1 1 1 0 1 0 0 1 1 1 1 0 1 1 0 0 0 1 1 1 1 1 1 0 0 1 1 1 1 0 0 1 1 1 1 1 0 0 0 1 0 1 
1 1 0 1 0 1 0 1 1 1 0 1 0 0 1 1 0 1 1 1 0 1 0 1 1 1 0 1 0 1 1 1 0 1 1 1 0 0 1 1 1 1 1 0 1 0 1 1 0 1 
1 1 0 0 0 1 1 1 0 1 1 0 1 1 1 1 1 0 1 1 1 0 0 0 1 1 1 0 1 0 0 0 1 1 1 1 1 1 1 0 1 1 1 1 1 1 1 1 0 1 
0 0 0 0 1 1 1 0 0 0 0 1 1 0 0 1 1 1 1 0 0 0 0 1 1 0 1 0 1 1 0 1 0 1 0 0 0 0 1 1 0 0 0 1 1 1 0 1 1 1 
0 0 1 1 0 1 0 1 1 1 1 0 1 0 0 1 1 1 1 0 1 0 1 0 1 0 0 1 1 1 0 0 1 1 1 0 0 1 0 1 1 1 1 1 0 0 1 1 1 1 
1 0 0 0 1 0 0 1 1 0 0 1 1 1 1 0 0 0 0 0 1 1 1 1 0 0 1 0 1 1 0 0 1 1 1 1 1 0 0 1 0 1 0 0 0 0 0 0 1 1 
0 1 0 0 0 1 1 0 1 1 1 0 0 1 0 1 1 0 0 1 1 1 0 0 0 0 1 0 0 0 0 0 1 0 1 1 0 1 0 1 1 0 1 1 1 1 1 1 1 0 
0 1 0 1 0 1 0 1 0 0 1 1 1 1 0 0 1 0 0 1 0 1 1 0 1 1 0 1 0 1 1 0 0 0 1 0 0 0 1 1 1 1 0 1 0 1 0 1 0 1 
0 1 1 1 1 0 0 1 1 1 1 1 1 1 1 1 1 1 1 1 1 0 0 1 0 0 1 0 1 1 0 0 0 1 0 0 0 1 1 0 0 1 1 1 1 1 1 1 0 0 
1 0 1 1 1 0 1 0 0 1 0 0 1 1 0 1 1 0 0 1 0 1 1 1 1 0 0 1 0 1 0 0 1 0 1 1 0 1 0 0 1 1 0 0 1 0 0 0 1 0 
1 0 1 1 0 0 0 1 1 1 1 1 1 0 0 1 0 0 0 1 1 0 1 1 1 0 1 1 1 0 1 1 1 1 1 1 1 1 1 1 1 1 1 1 1 0 1 0 1 0 
0 0 0 0 0 1 1 1 0 1 1 0 1 1 0 0 1 1 1 1 1 0 0 0 0 0 1 0 0 1 0 1 0 0 1 1 0 0 0 1 1 1 1 0 1 0 0 1 1 0 
0 1 1 0 1 1 1 1 0 1 1 1 0 1 0 1 1 1 0 0 1 0 1 0 0 0 0 0 0 1 1 0 0 1 1 0 1 0 1 1 1 1 1 0 0 0 0 1 0 1 
1 1 1 0 0 1 1 0 1 0 1 1 0 0 1 1 1 1 0 0 0 1 0 1 1 1 0 0 1 1 0 0 0 0 0 0 1 1 0 1 1 0 1 1 1 1 0 1 1 0 
1 0 0 1 1 1 1 1 1 1 1 0 0 1 1 0 0 0 1 1 1 1 1 1 1 0 0 1 0 1 0 1 0 0 1 0 1 1 1 0 0 1 1 0 1 0 0 0 1 1 
0 1 1 1 1 1 0 1 0 1 1 1 1 0 1 1 1 1 1 1 1 1 0 1 1 1 1 0 1 1 1 1 0 1 0 0 1 1 0 1 1 1 1 1 1 1 1 0 0 1 
0 0 1 0 1 0 0 1 0 0 1 1 1 0 1 1 1 0 1 1 1 1 0 0 1 1 0 0 1 1 1 0 0 0 0 0 1 1 0 1 1 0 0 1 0 1 0 0 1 1 
1 1 1 1 1 1 0 0 0 1 1 0 0 1 1 1 1 0 0 1 0 1 0 0 1 0 0 0 0 1 0 1 1 1 1 1 0 0 1 0 0 1 0 0 1 1 1 1 0 0 
0 1 1 1 0 0 1 1 1 1 0 0 1 1 1 1 1 1 1 0 0 1 0 1 0 1 0 1 1 1 0 0 1 1 1 1 0 0 1 0 0 0 1 1 1 1 1 1 1 1 
0 0 0 0 1 1 0 1 1 1 1 0 0 1 1 0 0 1 1 0 1 1 1 0 0 0 1 1 0 1 0 1 0 1 0 0 1 1 0 1 1 1 0 0 1 0 0 0 1 0 
1 1 1 1 1 1 0 1 0 0 0 1 0 0 1 0 0 1 0 1 1 0 1 1 1 1 1 0 0 1 1 1 1 0 1 1 0 0 1 0 0 0 1 1 1 0 0 0 1 0 
0 1 0 1 1 1 0 0 0 0 0 0 1 1 0 0 0 1 1 1 1 1 0 1 0 1 1 0 1 1 1 1 1 0 1 1 0 0 1 0 0 1 0 0 0 0 0 1 1 0 
0 1 1 0 0 1 1 0 0 1 0 1 1 1 0 1 1 0 1 1 1 1 0 1 1 0 1 1 1 1 1 1 0 1 1 0 1 0 1 0 1 0 1 0 0 0 1 1 1 1 
1 1 1 0 0 1 0 0 0 0 1 0 1 1 0 0 1 1 1 1 1 1 0 1 0 1 0 1 0 1 1 1 1 1 1 0 0 1 0 1 0 1 0 1 1 0 1 0 1 1 
0 1 0 1 1 1 0 1 1 1 1 1 1 1 0 1 0 1 0 1 0 1 1 1 0 1 1 1 0 1 0 0 1 0 1 1 0 1 0 1 0 0 1 0 1 1 0 1 1 1 
1 1 1 1 1 1 1 0 1 1 1 1 0 0 1 1 1 0 1 0 1 1 1 0 0 1 0 1 1 1 1 0 1 1 1 0 1 1 1 1 0 0 1 1 0 0 0 1 1 1 
1 0 1 1 1 1 0 0 1 0 0 1 1 1 0 0 0 0 0 0 0 1 1 0 0 1 1 1 0 0 0 0 1 0 1 1 1 1 0 0 0 0 0 1 0 0 0 0 1 0 
1 1 0 0 0 1 0 0 0 0 1 1 0 1 0 0 0 1 1 0 1 1 0 1 0 1 0 1 0 1 0 0 0 0 1 0 1 1 0 0 0 1 1 0 0 0 0 1 0 1 
1 1 1 1 0 0 1 1 0 1 1 1 1 0 0 1 0 1 1 1 1 1 1 1 0 1 1 1 0 0 1 1 1 0 0 0 1 1 0 0 1 1 0 1 1 0 1 0 1 1 
0 0 1 1 0 1 1 0 0 0 1 0 1 1 1 0 1 1 1 0 0 0 1 1 1 1 0 0 1 1 1 0 1 1 0 1 0 1 1 1 1 1 1 1 1 1 0 1 0 1 
0 1 1 1 1 1 1 1 0 1 1 1 0 0 0 0 1 1 0 1 1 1 1 1 1 0 1 0 0 0 0 1 0 1 1 1 0 1 0 0 0 1 1 1 1 0 1 1 1 0 

0 0 22 0 0 21 0 0 0 0 6 0 0 0 0 0 0 0 0 0 0 0 0 0 0 0 0 0 0 0 0 0 0 0 0 0 0 15 0 0 0 0 0 0 0 12 14 19 24 0 
0 0 0 1 0 0 0 0 0 21 6 22 0 0 0 0 0 0 16 0 7 7 0 0 0 0 0 0 0 0 0 0 0 7 0 0 0 0 0 12 0 0 0 0 0 0 0 25 0 0 
14 0 0 0 0 0 0 1 0 7 0 0 0 0 0 5 0 0 12 0 0 0 0 2 0 0 0 0 0 4 13 0 0 7 13 0 0 0 0 0 0 4 0 0 0 1 0 15 0 0 
25 0 0 0 0 22 0 0 0 0 0 0 0 11 0 0 0 10 0 0 0 0 0 0 0 0 0 0 17 0 6 0 0 0 0 22 10 0 0 0 0 0 0 12 0 0 0 0 0 10 
0 0 0 0 0 4 0 0 0 0 0 16 0 0 0 0 0 0 0 0 0 8 5 0 0 0 0 0 0 0 0 0 0 0 13 0 0 14 0 0 27 23 0 0 1 0 0 0 0 0 
0 0 0 0 0 0 23 0 0 22 0 0 13 0 0 0 0 27 0 0 0 0 0 0 0 0 0 0 0 0 15 0 0 0 0 0 0 2 0 0 0 21 0 0 0 22 0 0 12 0 
0 0 6 19 0 0 0 5 0 0 0 0 20 0 13 0 0 0 0 0 7 0 0 0 0 0 0 0 17 0 0 0 0 0 0 0 0 0 0 0 0 0 0 0 0 0 0 12 0 25 
0 12 0 0 12 0 0 0 0 0 10 0 0 26 9 0 0 0 0 0 0 0 0 0 4 0 0 0 0 0 0 0 0 0 0 26 0 0 0 0 0 0 0 0 18 5 0 14 6 14 
0 0 0 0 10 0 0 0 0 0 27 0 0 0 0 0 18 0 0 20 2 0 0 0 0 0 0 19 0 0 0 1 0 0 7 0 0 0 0 0 24 0 0 0 0 0 0 0 14 0 
0 9 0 0 0 0 0 19 0 0 0 0 0 10 0 0 0 0 6 0 0 0 0 0 0 12 0 0 0 0 0 0 0 0 2 0 5 0 0 0 0 0 9 0 0 0 0 0 0 0 
0 13 13 0 0 0 0 0 0 0 0 0 0 0 0 0 0 0 1 0 0 15 0 14 0 0 0 0 0 0 0 0 0 0 0 0 0 0 22 0 0 0 0 0 0 0 0 9 24 8 
0 15 1 0 0 0 0 0 0 0 0 0 2 22 0 0 0 2 0 0 3 0 0 0 2 11 0 0 0 0 0 0 27 18 0 3 0 0 0 7 24 0 0 0 0 0 12 0 0 21 
0 0 8 0 0 0 0 0 0 27 0 0 0 0 0 0 27 0 0 0 0 4 0 25 0 0 0 0 0 0 0 3 0 0 0 0 21 12 0 0 0 0 3 0 0 0 0 14 0 2 
0 13 0 21 8 0 2 0 0 0 0 19 0 0 0 0 0 0 25 2 0 0 0 0 0 0 0 6 16 0 0 0 0 8 24 17 0 0 0 0 0 0 20 22 9 7 0 0 0 0 
0 0 0 7 0 0 0 0 0 19 0 12 0 0 0 0 0 0 4 0 0 0 0 0 0 0 0 3 0 0 0 0 0 0 0 0 0 0 22 0 0 25 0 0 0 0 0 0 0 0 
0 0 0 0 25 0 20 0 8 0 0 0 0 0 0 0 0 0 8 0 0 0 21 0 12 0 0 21 0 0 0 0 0 0 0 0 0 0 0 15 12 24 0 0 0 0 0 0 0 0 
0 0 14 0 0 9 0 11 9 0 12 0 0 0 0 0 0 0 0 25 0 0 0 0 0 0 0 0 0 25 0 0 0 25 28 0 0 1 0 0 0 0 0 0 0 0 0 0 27 0 
0 0 0 0 0 0 0 0 0 24 0 14 0 0 25 0 0 0 13 0 0 22 0 0 0 0 0 0 0 0 1 0 0 10 6 18 21 0 0 0 0 0 0 0 20 0 0 17 13 14 
10 2 0 0 0 0 0 0 0 0 27 0 0 0 10 0 0 0 0 7 9 0 0 0 0 0 0 26 0 0 15 0 13 8 0 0 0 0 26 0 0 0 0 0 27 0 0 5 0 0 
0 0 0 24 0 20 0 0 0 0 22 0 0 0 0 0 10 0 0 0 0 0 0 0 8 0 0 0 0 0 0 21 20 0 0 0 0 0 0 0 0 0 0 0 0 16 0 0 6 0 
0 0 0 0 0 0 3 0 0 3 0 10 0 0 0 0 0 0 0 0 0 0 0 27 0 0 0 0 0 0 8 12 0 0 5 0 0 0 0 0 0 0 0 0 0 0 0 0 0 0 
16 0 7 0 0 0 23 0 0 0 0 0 0 7 0 4 0 0 0 0 14 0 0 0 0 0 9 1 5 0 0 0 0 6 0 0 0 23 0 8 0 0 0 0 0 0 0 0 0 0 
0 0 0 0 0 0 0 0 0 22 0 0 25 0 0 0 0 1 0 0 25 12 0 0 0 28 1 0 0 21 0 0 0 16 3 0 14 6 0 0 0 0 23 22 0 0 0 10 10 0 
0 0 11 0 0 22 0 0 0 0 0 14 0 0 0 0 0 0 0 11 0 0 21 0 0 0 25 22 0 0 0 0 0 0 28 20 26 0 0 26 0 0 0 0 0 0 0 24 0 0 
0 0 25 0 0 0 0 0 0 0 0 9 0 0 0 0 0 0 0 0 0 0 0 0 0 0 0 0 0 0 0 0 27 0 14 16 0 0 0 0 0 0 0 0 0 0 0 0 0 0 
0 7 0 0 0 0 0 0 0 0 5 12 0 0 0 0 3 0 0 0 0 0 0 22 0 0 0 0 0 0 0 0 0 10 24 0 0 0 5 0 0 0 3 0 0 0 13 18 0 0 
20 0 0 0 0 0 0 0 0 0 0 26 7 0 0 0 0 24 0 18 0 0 0 0 0 0 0 0 0 1 0 0 0 0 0 24 0 2 0 24 0 0 23 0 0 11 21 0 0 0 
0 0 18 0 0 11 18 0 0 0 15 14 0 0 0 0 0 0 0 19 0 0 0 17 0 20 0 0 0 21 0 2 0 14 0 0 0 0 18 0 0 21 0 0 0 0 0 20 0 0 
17 0 0 0 0 0 0 0 0 27 0 0 0 0 0 0 0 0 0 0 0 0 0 0 0 0 0 0 0 0 0 0 0 0 0 20 0 7 0 0 0 0 5 0 0 0 0 0 0 13 
0 0 0 0 0 0 28 0 0 0 0 0 20 0 0 0 0 18 0 0 0 0 0 0 0 0 0 0 0 0 0 0 13 0 0 0 0 0 0 0 0 17 0 0 21 9 0 0 0 0 
0 11 0 5 0 0 9 0 0 12 0 0 0 9 0 0 0 0 0 0 0 0 0 23 0 0 15 0 25 0 0 0 0 0 0 5 0 7 24 0 0 0 0 0 0 0 0 0 0 0 
0 14 0 25 28 7 0 0 0 0 0 10 0 0 0 0 0 0 0 23 0 11 0 0 0 0 22 0 0 9 13 0 0 0 0 0 0 0 0 25 0 0 24 0 0 0 0 18 16 13 
0 14 12 0 0 0 0 0 0 0 18 9 0 0 0 0 0 0 0 0 0 0 0 0 0 7 0 0 0 0 0 0 0 0 0 0 0 0 0 0 13 0 0 0 0 0 21 24 0 0 
0 0 0 10 3 0 0 0 0 0 0 0 0 16 0 0 0 0 0 0 0 0 0 0 0 0 8 0 22 20 0 0 0 0 0 0 5 0 0 0 17 0 0 0 0 18 0 0 0 20 
0 18 0 0 13 0 0 0 0 17 7 19 0 0 0 0 0 0 0 0 0 0 0 0 0 0 18 25 0 0 23 0 0 0 0 0 0 0 0 22 0 0 0 0 21 0 0 0 24 0 
0 19 4 0 0 0 0 0 0 0 0 22 0 0 0 0 0 0 0 0 0 0 0 0 7 0 0 0 2 24 0 0 0 0 0 0 15 15 28 0 0 0 22 0 24 26 21 0 0 0 
0 0 0 15 0 0 0 0 0 16 3 0 0 0 0 0 14 0 8 0 0 0 0 5 0 0 0 0 0 0 0 0 0 3 0 0 0 0 4 18 0 0 0 0 0 21 0 0 0 0 
0 0 0 0 2 0 0 0 0 0 11 0 0 0 0 0 0 15 8 0 0 0 0 0 0 0 0 28 0 9 0 0 0 0 0 4 0 0 0 0 0 15 16 0 16 0 0 0 0 0 
0 1 21 0 0 0 14 0 0 0 0 0 7 0 0 0 0 0 0 0 0 5 0 7 27 0 10 25 0 0 0 0 0 0 0 0 0 14 0 14 0 0 7 0 0 0 0 0 0 0 
0 0 0 0 16 0 0 0 0 0 0 0 0 0 9 7 0 12 0 0 1 0 0 0 6 0 13 0 0 0 21 0 0 13 13 0 19 0 0 0 0 0 9 2 0 0 0 8 0 0 
0 26 0 1 0 0 14 0 0 0 0 0 0 0 0 0 0 0 0 20 0 0 0 0 0 7 0 0 0 0 0 0 0 0 0 0 0 0 0 0 0 20 0 0 0 0 0 0 0 0 
0 22 0 0 0 0 0 0 0 0 0 0 0 0 0 0 0 0 6 0 21 0 0 0 0 2 0 0 17 0 0 6 0 0 27 0 21 2 0 0 21 0 0 0 6 0 0 0 0 23 
0 0 0 7 0 0 0 0 0 0 5 0 21 0 1 2 0 0 0 0 0 0 0 6 0 0 0 0 0 0 28 0 0 0 0 0 0 0 0 5 0 25 0 0 0 11 0 0 0 7 
0 0 0 0 0 0 18 0 0 0 0 24 0 0 0 0 0 27 0 0 0 20 8 0 0 0 0 0 0 0 0 0 0 0 0 0 0 0 0 0 0 13 0 0 0 0 0 0 0 0 
0 8 2 21 21 0 3 10 0 0 19 0 0 2 7 0 0 17 0 10 0 0 26 18 0 0 0 0 0 0 0 12 0 0 0 19 8 0 0 0 0 4 0 8 0 0 0 0 17 0 
0 0 0 0 27 14 0 0 0 0 5 9 0 0 0 24 4 0 0 0 0 0 0 0 9 0 0 0 0 0 0 0 0 0 0 0 0 0 0 21 0 0 0 5 0 0 0 0 0 0 
0 0 0 0 0 0 24 0 0 0 2 0 0 0 8 0 0 0 0 0 0 0 0 6 0 0 0 3 0 0 0 0 0 0 7 0 0 8 0 1 15 25 0 0 0 0 0 0 0 5 
0 0 0 0 0 0 0 0 0 0 0 0 23 0 24 0 0 0 0 0 0 12 0 12 0 0 0 0 0 0 11 23 0 0 0 4 1 0 0 18 13 0 0 0 26 0 0 0 0 0 
0 0 0 0 0 0 0 23 0 0 0 3 0 0 0 0 0 0 4 0 0 16 0 0 4 0 0 0 18 0 0 0 0 0 0 0 0 0 0 0 0 0 0 0 0 12 0 26 0 0 
0 4 0 0 0 0 0 0 0 0 0 1 0 0 0 0 0 0 0 0 0 0 0 7 17 0 0 0 0 0 0 0 0 16 0 0 0 7 0 0 0 0 6 0 0 0 0 0 0 0 
