50

0 0 1 1 0 0 1 0 0 0 0 0 0 0 0 0 1 0 0 1 0 1 0 0 0 1 0 0 0 1 1 0 0 0 0 0 0 0 0 0 0 1 0 1 0 1 0 0 0 0 
0 0 0 1 0 0 1 0 0 0 0 0 0 0 0 0 0 0 0 0 0 0 1 1 0 0 0 0 0 0 1 0 0 0 0 1 1 1 0 0 0 0 1 0 1 1 0 1 0 1 
1 0 0 1 0 0 0 0 0 0 1 1 1 0 1 0 0 0 0 0 0 0 0 0 0 0 0 0 1 1 0 0 0 0 0 1 0 0 0 0 0 0 0 0 0 0 0 1 1 0 
1 1 1 0 1 1 1 0 1 0 0 0 0 0 0 0 0 1 1 0 0 1 0 0 0 0 0 1 1 0 0 0 1 0 0 1 0 0 1 1 0 0 1 0 0 0 0 0 0 0 
0 0 0 1 0 0 0 0 1 1 1 1 1 1 0 1 1 1 0 0 1 1 0 0 0 1 0 0 1 0 0 1 1 0 0 0 0 0 0 0 0 1 0 0 1 0 0 0 1 0 
0 0 0 1 0 0 1 0 0 0 1 0 0 0 1 0 0 0 0 0 0 0 0 0 1 0 0 1 0 0 0 0 0 0 0 0 0 1 0 1 0 0 0 1 0 0 0 0 1 0 
1 1 0 1 0 1 0 1 0 1 0 0 0 1 0 0 1 1 1 1 1 0 0 0 1 1 0 1 0 1 1 0 1 0 0 1 0 1 0 1 0 0 0 0 0 1 0 0 1 0 
0 0 0 0 0 0 1 0 1 0 0 0 0 0 0 0 1 0 0 0 0 0 0 0 1 0 0 0 1 1 1 0 0 1 0 1 0 0 1 0 0 0 0 0 1 0 0 0 0 0 
0 0 0 1 1 0 0 1 0 0 0 0 0 0 1 0 0 0 0 0 0 0 1 1 1 0 0 0 1 1 1 1 1 0 0 1 1 1 0 0 1 0 0 0 0 1 0 0 0 0 
0 0 0 0 1 0 1 0 0 0 1 1 0 0 0 0 0 1 0 1 0 0 0 0 0 0 0 1 0 0 0 0 0 0 0 1 1 0 0 1 0 0 0 1 0 0 1 1 0 0 
0 0 1 0 1 1 0 0 0 1 0 1 0 0 0 0 1 0 0 0 1 0 0 0 1 1 0 0 1 0 1 0 0 1 0 0 1 0 1 0 0 1 0 0 0 0 0 1 0 0 
0 0 1 0 1 0 0 0 0 1 1 0 1 1 0 0 0 1 0 0 0 0 1 0 0 0 0 0 0 0 1 0 0 0 1 1 0 0 0 0 1 0 0 0 0 0 1 0 0 0 
0 0 1 0 1 0 0 0 0 0 0 1 0 0 0 1 0 0 0 0 1 0 1 0 0 0 0 0 0 1 0 0 0 0 0 0 1 0 0 1 0 0 1 0 1 0 0 0 0 0 
0 0 0 0 1 0 1 0 0 0 0 1 0 0 0 0 0 1 1 0 0 0 0 1 1 0 1 0 0 1 1 1 1 0 0 0 1 0 0 1 0 0 0 0 1 1 0 0 1 0 
0 0 1 0 0 1 0 0 1 0 0 0 0 0 0 0 1 0 0 0 0 1 0 0 1 0 0 1 1 1 0 1 0 1 1 0 0 0 0 1 1 0 0 0 0 0 0 0 0 0 
0 0 0 0 1 0 0 0 0 0 0 0 1 0 0 0 0 0 1 0 1 1 0 0 1 1 1 0 0 1 0 1 0 0 1 1 1 1 0 0 0 1 1 1 0 0 0 0 1 0 
1 0 0 0 1 0 1 1 0 0 1 0 0 0 1 0 0 1 0 0 0 1 0 0 0 0 0 0 0 1 0 0 1 0 1 0 0 1 0 0 0 0 0 0 0 0 1 0 0 1 
0 0 0 1 1 0 1 0 0 1 0 1 0 1 0 0 1 0 0 0 1 0 0 0 0 0 0 1 1 1 0 0 1 0 0 0 0 0 0 0 0 1 0 0 0 0 1 1 0 0 
0 0 0 1 0 0 1 0 0 0 0 0 0 1 0 1 0 0 0 0 0 0 1 0 0 1 0 0 0 1 0 0 1 1 0 0 0 1 0 0 0 0 1 0 1 0 1 0 0 0 
1 0 0 0 0 0 1 0 0 1 0 0 0 0 0 0 0 0 0 0 0 0 0 1 0 1 1 1 0 1 0 0 0 0 0 0 1 0 0 0 0 1 0 0 0 0 0 0 1 0 
0 0 0 0 1 0 1 0 0 0 1 0 1 0 0 1 0 1 0 0 0 1 0 1 1 0 0 0 0 0 0 1 0 0 0 0 0 0 0 0 0 1 0 0 0 0 0 0 0 1 
1 0 0 1 1 0 0 0 0 0 0 0 0 0 1 1 1 0 0 0 1 0 0 0 0 1 0 0 0 0 0 0 1 1 0 1 0 1 0 0 0 0 0 0 1 0 0 1 0 1 
0 1 0 0 0 0 0 0 1 0 0 1 1 0 0 0 0 0 1 0 0 0 0 0 0 1 0 1 0 0 0 0 1 0 0 0 1 0 0 0 0 0 1 0 1 1 1 1 1 0 
0 1 0 0 0 0 0 0 1 0 0 0 0 1 0 0 0 0 0 1 1 0 0 0 0 0 0 0 0 1 0 0 0 0 1 0 1 0 0 0 1 0 1 0 0 0 0 0 1 1 
0 0 0 0 0 1 1 1 1 0 1 0 0 1 1 1 0 0 0 0 1 0 0 0 0 0 0 1 0 0 0 0 1 1 0 0 1 0 0 0 1 0 1 0 1 0 1 0 1 1 
1 0 0 0 1 0 1 0 0 0 1 0 0 0 0 1 0 0 1 1 0 1 1 0 0 0 0 0 0 1 0 0 0 0 0 1 0 0 1 0 0 0 1 0 0 0 1 1 0 0 
0 0 0 0 0 0 0 0 0 0 0 0 0 1 0 1 0 0 0 1 0 0 0 0 0 0 0 0 1 0 1 1 0 0 0 1 1 1 0 0 0 0 0 0 1 1 0 0 1 1 
0 0 0 1 0 1 1 0 0 1 0 0 0 0 1 0 0 1 0 1 0 0 1 0 1 0 0 0 0 0 0 0 1 0 0 0 1 0 0 0 0 1 0 0 0 0 1 1 0 0 
0 0 1 1 1 0 0 1 1 0 1 0 0 0 1 0 0 1 0 0 0 0 0 0 0 0 1 0 0 1 0 0 0 0 0 0 0 1 0 0 1 0 0 0 0 0 1 0 0 0 
1 0 1 0 0 0 1 1 1 0 0 0 1 1 1 1 1 1 1 1 0 0 0 1 0 1 0 0 1 0 0 1 1 1 0 0 0 0 0 0 0 0 0 1 1 0 0 0 1 0 
1 1 0 0 0 0 1 1 1 0 1 1 0 1 0 0 0 0 0 0 0 0 0 0 0 0 1 0 0 0 0 0 0 1 0 1 0 1 1 1 0 1 0 1 1 0 0 0 0 0 
0 0 0 0 1 0 0 0 1 0 0 0 0 1 1 1 0 0 0 0 1 0 0 0 0 0 1 0 0 1 0 0 0 0 0 0 0 1 0 0 0 1 1 0 1 1 0 0 0 0 
0 0 0 1 1 0 1 0 1 0 0 0 0 1 0 0 1 1 1 0 0 1 1 0 1 0 0 1 0 1 0 0 0 0 1 0 0 0 1 1 0 0 0 0 0 0 0 0 1 1 
0 0 0 0 0 0 0 1 0 0 1 0 0 0 1 0 0 0 1 0 0 1 0 0 1 0 0 0 0 1 1 0 0 0 0 1 0 0 1 0 1 0 0 0 0 0 0 1 0 0 
0 0 0 0 0 0 0 0 0 0 0 1 0 0 1 1 1 0 0 0 0 0 0 1 0 0 0 0 0 0 0 0 1 0 0 1 0 1 0 1 1 0 0 0 0 0 1 1 0 0 
0 1 1 1 0 0 1 1 1 1 0 1 0 0 0 1 0 0 0 0 0 1 0 0 0 1 1 0 0 0 1 0 0 1 1 0 0 0 0 0 0 0 0 1 0 1 1 0 0 0 
0 1 0 0 0 0 0 0 1 1 1 0 1 1 0 1 0 0 0 1 0 0 1 1 1 0 1 1 0 0 0 0 0 0 0 0 0 0 0 0 0 0 0 0 0 0 0 0 1 0 
0 1 0 0 0 1 1 0 1 0 0 0 0 0 0 1 1 0 1 0 0 1 0 0 0 0 1 0 1 0 1 1 0 0 1 0 0 0 0 0 0 1 0 0 0 0 0 0 0 0 
0 0 0 1 0 0 0 1 0 0 1 0 0 0 0 0 0 0 0 0 0 0 0 0 0 1 0 0 0 0 1 0 1 1 0 0 0 0 0 0 0 0 0 0 0 0 1 0 1 0 
0 0 0 1 0 1 1 0 0 1 0 0 1 1 1 0 0 0 0 0 0 0 0 0 0 0 0 0 0 0 1 0 1 0 1 0 0 0 0 0 0 1 0 0 0 0 0 0 1 1 
0 0 0 0 0 0 0 0 1 0 0 1 0 0 1 0 0 0 0 0 0 0 0 1 1 0 0 0 1 0 0 0 0 1 1 0 0 0 0 0 0 0 0 1 0 1 0 0 0 1 
1 0 0 0 1 0 0 0 0 0 1 0 0 0 0 1 0 1 0 1 1 0 0 0 0 0 0 1 0 0 1 1 0 0 0 0 0 1 0 1 0 0 0 0 0 1 0 1 0 1 
0 1 0 1 0 0 0 0 0 0 0 0 1 0 0 1 0 0 1 0 0 0 1 1 1 1 0 0 0 0 0 1 0 0 0 0 0 0 0 0 0 0 0 0 0 0 0 1 1 1 
1 0 0 0 0 1 0 0 0 1 0 0 0 0 0 1 0 0 0 0 0 0 0 0 0 0 0 0 0 1 1 0 0 0 0 1 0 0 0 0 1 0 0 0 0 1 0 1 0 1 
0 1 0 0 1 0 0 1 0 0 0 0 1 1 0 0 0 0 1 0 0 1 1 0 1 0 1 0 0 1 1 1 0 0 0 0 0 0 0 0 0 0 0 0 0 0 0 0 0 0 
1 1 0 0 0 0 1 0 1 0 0 0 0 1 0 0 0 0 0 0 0 0 1 0 0 0 1 0 0 0 0 1 0 0 0 1 0 0 0 0 1 1 0 1 0 0 0 0 0 1 
0 0 0 0 0 0 0 0 0 1 0 1 0 0 0 0 1 1 1 0 0 0 1 0 1 1 0 1 1 0 0 0 0 0 1 1 0 0 1 0 0 0 0 0 0 0 0 0 0 0 
0 1 1 0 0 0 0 0 0 1 1 0 0 0 0 0 0 1 0 0 0 1 1 0 0 1 0 1 0 0 0 0 0 1 1 0 0 0 0 0 0 1 1 1 0 0 0 0 0 0 
0 0 1 0 1 1 1 0 0 0 0 0 0 1 0 1 0 0 0 1 0 0 1 1 1 0 1 0 0 1 0 0 1 0 0 0 1 0 1 1 0 0 1 0 0 0 0 0 0 1 
0 1 0 0 0 0 0 0 0 0 0 0 0 0 0 0 1 0 0 0 1 1 0 1 1 0 1 0 0 0 0 0 1 0 0 0 0 0 0 1 1 1 1 1 0 1 0 0 1 0 

0 0 0 0 0 2 0 3 0 0 14 9 0 0 0 0 0 0 0 0 14 0 19 0 0 4 0 0 0 0 0 0 13 0 0 0 0 0 0 0 0 0 0 0 16 0 0 0 0 0 
16 0 0 1 0 0 0 0 5 5 0 0 0 0 0 0 2 0 0 0 0 0 0 0 0 0 0 0 16 19 0 0 0 0 0 12 0 0 0 0 0 0 0 0 0 0 0 0 0 0 
13 0 0 0 0 0 0 0 0 0 10 0 0 14 0 0 0 0 0 0 10 18 0 0 0 0 0 0 14 19 0 0 0 0 0 0 19 0 0 0 0 0 7 0 0 17 0 0 14 0 
0 12 0 0 0 2 0 0 0 0 0 0 0 0 0 7 17 0 0 0 0 0 8 0 0 0 0 0 0 0 0 0 0 18 20 0 0 0 0 0 12 12 14 0 0 0 0 0 0 0 
20 0 19 2 0 0 0 0 0 0 0 3 0 0 0 1 0 0 14 0 0 0 0 0 0 0 0 0 0 0 0 4 12 0 0 0 0 0 0 15 0 19 0 0 0 0 0 0 0 0 
0 0 19 0 0 0 4 0 0 1 0 0 2 0 0 0 0 0 10 0 0 2 18 0 0 0 0 0 0 0 0 0 0 0 0 0 0 0 0 0 0 0 0 0 0 8 0 0 0 0 
0 0 0 0 17 3 0 0 6 0 0 0 14 7 0 0 17 0 0 0 0 0 0 0 0 0 0 0 0 0 9 0 0 0 2 0 20 0 0 0 0 0 0 0 0 0 0 0 0 13 
17 4 0 0 0 18 0 0 0 16 10 0 0 0 0 0 0 0 0 0 0 0 0 0 3 16 0 0 0 0 0 0 0 0 0 0 0 0 0 4 0 0 0 0 0 0 0 0 0 0 
0 0 0 0 0 0 0 0 0 0 13 0 0 9 0 0 0 0 9 0 0 6 0 19 0 0 0 0 0 0 0 0 3 0 0 0 0 0 0 0 0 0 0 0 0 0 0 0 0 0 
0 0 0 0 0 0 0 15 0 0 0 0 0 0 0 0 0 0 8 0 0 0 0 0 11 0 12 0 0 0 0 0 0 0 0 0 0 3 15 0 0 0 0 0 0 0 17 0 0 2 
0 0 0 0 0 0 0 0 2 0 0 13 0 0 0 0 0 5 0 0 0 0 0 0 0 0 0 0 0 10 0 0 0 0 0 10 0 0 0 0 0 15 0 19 0 0 12 0 1 0 
0 0 0 0 0 0 0 6 0 0 4 0 0 0 12 0 0 0 0 0 18 9 0 0 0 0 0 0 0 0 0 0 0 0 0 0 5 0 0 0 0 0 0 0 0 5 0 0 0 0 
0 0 3 0 0 0 0 0 9 0 0 8 0 0 0 0 12 10 0 0 0 0 0 0 0 0 0 0 0 0 0 3 19 13 0 0 0 17 0 0 0 0 0 0 4 0 0 0 6 0 
0 0 0 0 0 0 18 0 0 0 5 11 0 0 4 0 0 0 0 17 0 0 0 0 10 0 0 0 12 0 0 0 0 0 0 0 9 0 0 0 0 0 0 20 11 0 1 0 0 0 
0 0 0 0 0 0 0 0 0 0 0 0 5 0 0 0 0 0 0 0 0 2 8 6 0 0 0 0 0 0 0 0 0 0 0 0 0 0 0 19 14 0 0 0 0 0 0 0 0 0 
3 0 16 0 0 0 0 0 0 0 0 5 9 0 0 0 0 12 17 6 0 0 0 0 0 0 0 0 0 0 8 0 0 0 0 0 0 10 8 0 0 0 0 0 11 0 0 0 17 0 
6 14 0 0 0 0 13 0 0 0 0 0 0 0 0 0 0 0 0 0 0 2 0 0 0 0 0 0 0 0 0 0 7 0 0 0 0 0 0 0 0 0 0 0 0 0 0 0 0 0 
0 0 0 17 0 0 0 0 14 20 17 0 0 10 9 0 0 0 7 8 0 0 0 0 0 0 0 0 0 1 0 0 0 0 8 3 0 0 0 0 0 0 0 0 0 0 0 9 0 0 
0 0 0 0 0 0 0 0 1 0 0 0 0 11 0 0 0 0 0 0 9 0 10 0 0 5 0 0 0 7 0 20 0 8 0 4 0 0 0 19 0 0 0 17 0 0 16 0 0 0 
2 0 0 0 0 0 0 0 0 0 1 11 0 0 0 0 0 0 0 0 6 0 16 0 11 0 0 0 7 0 0 0 0 0 2 2 0 0 4 20 0 0 0 0 0 0 3 0 0 0 
8 12 6 0 0 0 0 2 0 19 0 0 0 6 0 0 0 0 0 0 0 0 0 0 0 0 0 0 0 0 13 0 18 0 0 0 0 0 0 0 0 0 0 0 4 10 0 0 0 0 
0 0 0 0 0 0 0 0 15 0 0 0 0 0 0 17 0 0 15 0 0 0 0 4 0 3 0 0 0 0 0 0 0 5 0 0 0 15 0 0 0 0 0 0 0 19 0 9 0 0 
5 0 0 0 0 0 1 18 0 0 0 0 14 12 0 0 0 0 0 0 9 8 0 0 18 0 0 0 0 0 3 0 6 0 0 0 0 0 0 0 0 4 0 0 12 0 8 0 0 0 
0 0 0 0 0 0 0 0 0 0 0 0 0 0 0 0 0 0 0 0 0 0 0 0 1 0 0 0 0 0 0 0 0 4 0 0 1 0 0 0 0 0 0 0 0 0 0 0 0 0 
0 0 0 0 0 7 15 0 0 0 0 0 0 0 11 0 0 0 0 0 0 14 0 10 0 1 21 0 0 0 0 0 0 0 0 0 0 0 0 0 13 0 0 4 0 0 14 0 0 0 
14 0 0 12 9 0 0 0 0 0 0 0 7 0 0 9 0 0 7 0 1 7 0 0 0 0 10 0 0 0 0 0 0 0 0 0 0 0 0 13 11 0 5 0 0 0 0 0 0 0 
0 0 0 0 0 6 0 0 0 0 0 0 0 0 0 0 0 0 19 0 14 0 0 0 0 0 0 0 0 0 0 0 0 0 0 0 16 0 0 0 0 0 0 0 0 0 0 0 0 8 
0 0 14 0 0 0 0 0 0 14 0 0 0 0 0 0 0 0 0 7 0 0 0 13 4 0 0 0 0 0 0 0 0 0 6 11 0 0 0 0 15 16 18 0 0 10 0 0 0 20 
0 0 1 0 0 0 0 0 0 0 0 12 0 0 0 0 0 0 0 0 0 0 0 1 0 0 0 19 0 0 4 2 7 0 0 11 0 0 0 14 0 0 0 0 0 0 0 0 0 15 
0 0 0 0 0 0 0 5 0 6 0 9 2 0 0 0 0 0 0 0 0 14 0 0 0 0 9 0 0 0 2 0 18 0 0 16 0 0 0 0 0 0 0 0 0 0 0 0 0 0 
19 0 0 0 6 11 0 0 0 0 2 17 0 2 14 0 1 6 0 0 0 0 0 0 0 0 6 14 0 0 0 6 0 0 0 0 0 0 0 19 0 0 0 0 0 0 0 0 0 10 
16 0 0 0 20 0 0 18 0 0 0 0 0 0 0 0 0 0 0 0 0 0 0 0 11 11 0 0 0 0 0 0 0 0 16 0 0 15 5 0 0 0 0 0 0 0 11 0 0 0 
0 0 0 0 0 0 0 11 0 0 0 0 16 0 0 0 0 0 0 0 0 0 0 0 0 0 0 0 0 15 0 0 0 4 0 19 0 0 0 11 0 0 0 0 0 0 13 16 0 0 
14 0 0 9 0 0 0 0 0 0 4 0 0 0 0 5 7 0 7 0 0 0 0 0 0 0 0 0 4 0 18 0 0 0 14 0 0 9 0 0 0 0 19 0 0 0 0 0 0 22 
0 13 0 0 0 0 0 0 0 0 0 0 11 0 0 0 0 0 1 1 0 0 7 0 0 0 0 0 0 0 15 5 0 0 0 0 2 4 0 12 0 0 0 0 0 0 0 17 0 0 
16 0 0 20 0 0 0 0 0 0 8 5 6 0 0 0 0 0 0 0 17 0 0 5 13 0 0 0 0 11 0 0 0 0 0 0 0 0 0 0 14 0 1 0 0 14 14 10 1 13 
0 5 0 0 0 0 0 6 0 18 0 19 0 6 0 0 0 0 1 0 12 0 0 0 0 0 0 18 0 0 0 0 0 0 0 12 0 0 0 0 11 20 0 0 0 0 16 13 0 0 
0 0 0 0 13 7 0 0 0 0 0 0 0 0 0 0 0 0 0 0 0 0 0 0 0 0 0 0 0 0 0 0 0 11 0 7 0 0 0 0 0 0 0 5 0 0 0 0 20 0 
0 0 0 0 0 0 0 11 0 0 0 0 4 0 0 0 12 0 0 0 0 0 0 0 0 0 0 0 1 0 0 0 0 0 0 0 0 0 0 0 0 0 0 0 0 0 0 7 0 10 
6 0 0 0 3 5 0 0 0 3 3 0 0 0 0 0 0 0 0 0 0 0 0 0 0 0 19 0 0 0 0 0 0 0 0 0 17 0 7 0 0 0 0 0 0 7 0 2 0 0 
10 0 0 0 0 0 7 0 2 0 0 0 0 0 0 0 2 0 0 0 19 0 0 0 0 0 0 0 0 0 0 19 0 0 0 0 0 19 4 0 0 0 8 0 5 0 0 0 0 18 
0 0 1 0 0 0 11 0 0 0 8 0 0 0 0 0 0 0 0 0 0 0 0 0 0 0 8 0 0 0 0 3 3 0 0 0 17 0 3 0 0 0 0 0 0 18 0 0 0 0 
0 0 0 0 0 16 0 0 0 0 0 0 0 0 0 0 0 12 0 0 0 0 0 0 18 4 14 15 0 0 0 0 6 0 0 17 0 0 9 0 0 6 0 0 0 0 0 8 4 0 
0 0 0 0 7 0 0 0 0 0 0 0 0 11 0 0 0 0 0 0 0 0 0 0 14 1 0 0 0 0 0 0 0 0 4 5 0 0 0 0 20 0 0 0 0 0 20 0 0 10 
0 0 0 0 0 0 0 0 3 0 0 0 0 0 0 0 0 10 0 17 0 0 0 0 3 0 0 0 0 0 0 0 0 0 0 0 0 0 0 0 0 0 2 18 0 0 0 0 0 4 
14 0 0 0 0 1 0 0 0 0 0 0 0 0 20 1 0 14 0 0 0 0 0 0 14 0 0 0 0 0 6 0 0 0 0 15 20 11 12 0 4 0 0 0 14 0 0 0 0 0 
0 13 0 0 0 0 0 0 0 0 0 0 0 0 17 4 0 0 0 0 0 0 0 0 5 0 0 16 0 0 0 0 0 1 0 0 0 0 2 0 14 0 0 0 0 0 0 0 0 0 
0 0 0 0 0 0 0 0 0 0 0 0 0 0 0 19 4 10 0 14 15 0 0 6 0 1 0 0 0 0 18 0 0 0 11 18 0 0 0 0 9 0 0 5 0 0 0 0 0 0 
4 0 5 0 0 0 0 0 0 0 0 20 0 1 0 0 0 0 0 0 0 0 0 10 0 0 13 10 0 0 0 3 0 5 19 11 0 15 0 0 2 0 0 0 0 0 0 4 0 0 
0 0 0 0 17 0 0 0 0 0 11 0 0 0 0 0 0 0 0 0 13 0 0 0 0 10 0 0 0 0 0 0 13 0 0 0 0 0 0 17 4 0 0 0 0 0 0 0 0 0 
