50

0 0 0 1 0 0 1 0 0 0 0 1 1 1 0 1 0 1 1 0 0 1 1 1 1 1 0 0 0 1 1 0 1 0 1 1 0 0 1 0 1 1 0 0 1 0 0 0 1 1 
0 0 1 0 0 1 1 0 1 0 0 0 0 1 1 0 1 1 0 0 0 0 0 1 0 0 1 0 0 0 0 0 0 0 0 0 0 1 1 0 1 0 0 1 0 0 0 0 0 0 
0 1 0 0 1 0 1 0 1 0 0 1 0 0 1 0 1 0 1 0 1 0 1 0 1 0 0 0 1 0 0 0 0 0 0 1 0 0 0 0 0 0 1 1 0 1 0 0 1 0 
1 0 0 0 1 0 0 1 0 0 1 0 0 0 0 1 0 1 0 0 1 1 0 0 1 0 0 0 1 0 0 0 0 0 0 0 0 0 0 0 0 0 0 1 1 1 0 0 0 0 
0 0 1 1 0 0 0 0 0 0 0 0 0 0 1 0 1 1 1 0 0 1 1 0 1 0 1 0 0 1 0 0 1 1 0 1 1 1 1 0 1 0 0 0 1 0 1 1 0 1 
0 1 0 0 0 0 0 0 1 1 0 0 1 1 1 1 0 0 0 1 0 1 1 0 1 1 0 1 0 1 1 1 0 1 0 1 1 1 0 1 0 1 0 1 1 0 1 1 1 1 
1 1 1 0 0 0 0 0 0 1 1 0 0 0 0 0 0 0 1 0 1 0 1 1 1 0 0 0 0 1 0 0 1 1 0 0 0 1 1 0 0 0 0 1 0 1 0 1 0 1 
0 0 0 1 0 0 0 0 1 0 0 0 0 1 0 0 0 1 0 1 1 1 0 1 1 0 0 0 1 0 0 0 1 0 1 0 0 0 0 0 0 0 0 0 0 1 0 1 0 0 
0 1 1 0 0 1 0 1 0 1 1 0 0 0 0 0 1 0 0 0 0 1 1 1 0 0 0 1 0 0 1 0 0 0 0 0 0 1 0 1 0 1 0 0 0 0 0 0 0 0 
0 0 0 0 0 1 1 0 1 0 0 0 0 1 0 0 1 0 0 0 0 1 0 0 0 0 0 1 1 0 1 1 1 0 1 0 1 1 1 0 0 0 0 0 0 1 1 0 0 0 
0 0 0 1 0 0 1 0 1 0 0 0 0 0 0 0 1 0 0 0 0 1 0 1 0 0 0 1 0 1 0 0 1 0 1 0 0 0 1 0 0 1 0 1 1 1 0 1 0 1 
1 0 1 0 0 0 0 0 0 0 0 0 0 0 0 1 0 0 0 0 0 1 1 0 1 1 1 0 0 0 1 1 0 1 0 1 1 0 0 0 0 0 0 1 0 0 1 1 0 1 
1 0 0 0 0 1 0 0 0 0 0 0 0 0 0 0 0 0 0 1 0 0 0 0 1 0 1 0 0 0 1 1 0 0 0 1 0 1 0 0 0 1 1 0 0 0 0 0 0 0 
1 1 0 0 0 1 0 1 0 1 0 0 0 0 0 0 0 1 0 0 0 0 0 0 1 0 1 1 1 0 1 0 0 1 1 1 1 0 0 0 1 1 0 0 1 0 0 0 0 0 
0 1 1 0 1 1 0 0 0 0 0 0 0 0 0 0 1 0 0 0 0 1 0 0 0 1 1 0 0 1 1 1 0 0 0 0 1 0 1 0 1 0 1 0 0 0 0 0 0 0 
1 0 0 1 0 1 0 0 0 0 0 1 0 0 0 0 0 0 0 0 1 0 0 0 0 0 0 0 1 1 1 1 0 0 1 1 1 1 0 1 0 1 0 0 1 0 0 1 1 0 
0 1 1 0 1 0 0 0 1 1 1 0 0 0 1 0 0 1 0 0 0 1 1 1 1 0 0 0 1 0 0 0 0 1 0 0 0 1 1 1 0 0 1 0 0 0 1 1 0 1 
1 1 0 1 1 0 0 1 0 0 0 0 0 1 0 0 1 0 1 1 0 0 0 0 0 0 1 0 1 1 0 1 0 1 0 0 1 0 1 0 1 0 0 1 0 0 1 1 0 1 
1 0 1 0 1 0 1 0 0 0 0 0 0 0 0 0 0 1 0 0 0 1 0 0 0 0 1 1 1 1 0 1 0 1 0 1 0 1 0 0 1 0 0 1 1 1 1 0 0 1 
0 0 0 0 0 1 0 1 0 0 0 0 1 0 0 0 0 1 0 0 0 1 0 1 0 1 0 0 0 1 0 0 0 0 1 0 1 0 0 1 1 0 0 0 0 0 0 1 1 1 
0 0 1 1 0 0 1 1 0 0 0 0 0 0 0 1 0 0 0 0 0 0 0 1 1 0 1 1 1 1 0 0 0 0 1 0 1 1 0 0 1 1 0 1 0 1 0 0 1 1 
1 0 0 1 1 1 0 1 1 1 1 1 0 0 1 0 1 0 1 1 0 0 0 0 0 0 0 1 0 0 1 1 0 1 1 1 0 0 1 0 0 1 0 1 0 1 1 1 0 0 
1 0 1 0 1 1 1 0 1 0 0 1 0 0 0 0 1 0 0 0 0 0 0 0 0 0 0 0 0 1 0 0 0 0 0 1 1 0 1 0 0 0 0 1 1 1 1 0 1 1 
1 1 0 0 0 0 1 1 1 0 1 0 0 0 0 0 1 0 0 1 1 0 0 0 0 0 0 0 0 0 0 0 1 0 0 0 1 0 0 1 1 1 0 1 0 0 1 1 0 0 
1 0 1 1 1 1 1 1 0 0 0 1 1 1 0 0 1 0 0 0 1 0 0 0 0 0 0 1 0 0 0 0 0 1 1 1 1 0 0 0 1 0 1 1 1 1 0 1 1 1 
1 0 0 0 0 1 0 0 0 0 0 1 0 0 1 0 0 0 0 1 0 0 0 0 0 0 0 0 1 0 1 1 0 0 0 0 0 0 1 0 1 0 0 0 1 1 0 0 1 0 
0 1 0 0 1 0 0 0 0 0 0 1 1 1 1 0 0 1 1 0 1 0 0 0 0 0 0 0 0 0 1 1 1 0 0 1 0 1 0 1 0 1 0 1 0 0 0 1 0 0 
0 0 0 0 0 1 0 0 1 1 1 0 0 1 0 0 0 0 1 0 1 1 0 0 1 0 0 0 0 0 0 0 0 0 1 0 0 1 0 0 0 1 0 0 1 1 0 1 0 0 
0 0 1 1 0 0 0 1 0 1 0 0 0 1 0 1 1 1 1 0 1 0 0 0 0 1 0 0 0 0 1 0 0 0 0 1 0 1 0 1 1 0 0 0 0 0 0 1 1 0 
1 0 0 0 1 1 1 0 0 0 1 0 0 0 1 1 0 1 1 1 1 0 1 0 0 0 0 0 0 0 0 0 0 0 1 0 1 0 1 0 0 0 1 1 0 0 0 1 1 1 
1 0 0 0 0 1 0 0 1 1 0 1 1 1 1 1 0 0 0 0 0 1 0 0 0 1 1 0 1 0 0 0 0 0 1 1 0 0 0 1 1 0 0 1 0 0 0 0 0 0 
0 0 0 0 0 1 0 0 0 1 0 1 1 0 1 1 0 1 1 0 0 1 0 0 0 1 1 0 0 0 0 0 0 1 0 0 1 0 0 0 0 0 1 0 0 0 1 0 0 0 
1 0 0 0 1 0 1 1 0 1 1 0 0 0 0 0 0 0 0 0 0 0 0 1 0 0 1 0 0 0 0 0 0 0 0 0 1 0 1 0 1 0 0 1 0 0 1 1 0 0 
0 0 0 0 1 1 1 0 0 0 0 1 0 1 0 0 1 1 1 0 0 1 0 0 1 0 0 0 0 0 0 1 0 0 0 1 0 0 0 1 0 0 0 1 0 0 0 0 1 1 
1 0 0 0 0 0 0 1 0 1 1 0 0 1 0 1 0 0 0 1 1 1 0 0 1 0 0 1 0 1 1 0 0 0 0 1 0 0 0 0 0 0 0 0 0 0 1 1 1 0 
1 0 1 0 1 1 0 0 0 0 0 1 1 1 0 1 0 0 1 0 0 1 1 0 1 0 1 0 1 0 1 0 0 1 1 0 0 0 0 1 1 1 1 0 1 0 0 1 0 1 
0 0 0 0 1 1 0 0 0 1 0 1 0 1 1 1 0 1 0 1 1 0 1 1 1 0 0 0 0 1 0 1 1 0 0 0 0 0 0 1 0 1 1 0 0 0 1 1 0 0 
0 1 0 0 1 1 1 0 1 1 0 0 1 0 0 1 1 0 1 0 1 0 0 0 0 0 1 1 1 0 0 0 0 0 0 0 0 0 1 0 0 0 0 0 0 1 0 0 0 1 
1 1 0 0 1 0 1 0 0 1 1 0 0 0 1 0 1 1 0 0 0 1 1 0 0 1 0 0 0 1 0 0 1 0 0 0 0 1 0 0 1 0 0 0 1 0 0 0 0 0 
0 0 0 0 0 1 0 0 1 0 0 0 0 0 0 1 1 0 0 1 0 0 0 1 0 0 1 0 1 0 1 0 0 1 0 1 1 0 0 0 1 0 0 1 0 1 1 1 0 0 
1 1 0 0 1 0 0 0 0 0 0 0 0 1 1 0 0 1 1 1 1 0 0 1 1 1 0 0 1 0 1 0 1 0 0 1 0 0 1 1 0 1 0 1 0 1 0 0 0 0 
1 0 0 0 0 1 0 0 1 0 1 0 1 1 0 1 0 0 0 0 1 1 0 1 0 0 1 1 0 0 0 0 0 0 0 1 1 0 0 0 1 0 0 1 1 0 0 0 1 1 
0 0 1 0 0 0 0 0 0 0 0 0 1 0 1 0 1 0 0 0 0 0 0 0 1 0 0 0 0 1 0 1 0 0 0 1 1 0 0 0 0 0 0 0 0 0 1 0 1 1 
0 1 1 1 0 1 1 0 0 0 1 1 0 0 0 0 0 1 1 0 1 1 1 1 1 0 1 0 0 1 1 0 1 1 0 0 0 0 0 1 1 1 0 0 0 1 1 0 0 0 
1 0 0 1 1 1 0 0 0 0 1 0 0 1 0 1 0 0 1 0 0 0 1 0 1 1 0 1 0 0 0 0 0 0 0 1 0 0 1 0 0 1 0 0 0 1 0 0 0 1 
0 0 1 1 0 0 1 1 0 1 1 0 0 0 0 0 0 0 1 0 1 1 1 0 1 1 0 1 0 0 0 0 0 0 0 0 0 1 0 1 1 0 0 1 1 0 0 0 0 1 
0 0 0 0 1 1 0 0 0 1 0 1 0 0 0 0 1 1 1 0 0 1 1 1 0 0 0 0 0 0 0 1 1 0 1 0 1 0 0 1 0 0 1 1 0 0 0 1 0 0 
0 0 0 0 1 1 1 1 0 0 1 1 0 0 0 1 1 1 0 1 0 1 0 1 1 0 1 1 1 1 0 0 1 0 1 1 1 0 0 1 0 0 0 0 0 0 1 0 1 1 
1 0 1 0 0 1 0 0 0 0 0 0 0 0 0 1 0 0 0 1 1 0 1 0 1 1 0 0 1 1 0 0 0 1 1 0 0 0 0 0 0 1 1 0 0 0 0 1 0 1 
1 0 0 0 1 1 1 0 0 0 1 1 0 0 0 0 1 1 1 1 1 0 1 0 1 0 0 0 0 1 0 0 0 1 0 1 0 1 0 0 0 1 1 0 1 1 0 1 1 0 

0 10 0 0 0 0 0 0 0 0 0 16 0 0 0 0 0 0 0 29 0 0 0 0 0 0 18 17 0 0 0 0 0 0 0 0 0 0 0 0 24 16 0 0 17 0 0 20 22 0 
0 0 0 0 0 0 12 0 0 0 0 26 0 0 0 26 0 20 0 0 0 0 0 0 25 0 0 0 0 0 0 0 0 0 0 0 0 0 0 0 0 0 0 0 0 0 0 0 20 0 
0 0 0 0 0 0 0 0 0 0 0 0 0 0 0 13 0 0 0 0 0 0 0 18 22 0 0 0 0 0 0 24 0 0 0 0 4 0 3 21 0 0 21 0 0 0 0 0 26 0 
0 0 13 0 0 0 0 0 0 5 0 0 0 0 0 0 0 0 0 0 0 5 0 0 0 8 26 0 0 0 0 0 30 9 0 0 0 0 0 0 0 29 0 8 0 0 24 2 0 0 
0 0 0 0 0 0 0 0 0 0 0 0 0 0 8 0 0 0 0 0 0 0 0 0 0 0 0 0 0 0 0 0 0 22 0 0 0 0 0 0 16 0 13 0 0 0 0 0 0 0 
0 0 0 0 0 0 0 0 21 0 0 0 0 0 0 0 22 0 0 0 8 0 0 0 0 0 0 0 0 0 0 18 0 0 25 0 0 0 0 0 10 0 0 0 0 0 0 0 0 0 
0 3 0 0 0 11 0 0 0 0 0 0 0 0 5 0 0 0 0 0 0 0 24 27 11 0 0 0 0 0 0 4 0 0 0 29 0 0 0 0 0 18 0 0 0 0 0 0 0 0 
0 0 0 0 0 0 0 0 0 0 7 0 0 0 0 0 0 0 0 0 0 0 0 0 5 0 0 0 0 0 0 0 0 0 0 0 10 0 0 0 0 0 0 0 0 0 0 0 0 0 
10 0 0 0 0 0 18 29 0 0 0 7 0 0 0 0 19 0 0 0 0 0 0 0 10 0 0 24 0 0 0 0 0 28 7 0 19 0 0 0 0 0 0 0 19 0 0 19 15 0 
0 0 0 0 0 0 10 0 25 0 0 0 0 0 0 0 0 0 0 0 14 0 0 0 2 0 29 0 25 9 0 0 0 0 0 0 7 0 28 0 0 0 0 0 11 0 0 0 0 0 
0 0 6 0 0 0 0 14 0 0 0 0 0 0 6 0 0 0 24 0 0 23 0 0 0 5 0 0 0 29 0 0 0 0 0 0 0 0 0 0 0 28 0 5 0 0 0 0 0 0 
0 0 0 0 0 0 0 0 0 0 0 0 0 0 22 0 0 0 0 20 0 0 0 0 1 0 2 14 15 0 0 0 0 0 0 29 0 0 0 7 0 0 0 0 0 0 0 0 0 0 
0 15 22 0 0 0 19 0 0 0 0 6 0 0 0 0 0 0 0 6 0 0 0 0 30 0 0 0 0 0 21 28 0 0 8 17 0 0 0 0 0 0 0 0 0 0 0 0 0 0 
8 0 0 0 0 0 0 0 0 0 0 0 0 0 28 0 0 0 27 0 0 0 29 9 0 0 0 0 0 0 0 0 0 0 0 0 0 0 0 0 0 0 0 0 10 0 0 0 12 0 
14 0 0 0 0 0 0 0 0 0 22 0 0 0 0 0 0 0 0 0 0 0 0 18 0 0 0 0 0 0 28 3 0 6 0 0 2 0 1 0 30 0 0 0 0 20 0 27 0 0 
0 0 0 0 0 0 0 4 0 0 0 0 0 0 0 0 0 0 0 0 0 0 7 0 0 0 0 0 18 0 14 7 0 0 0 0 0 0 0 0 0 0 0 0 0 0 0 0 30 0 
0 0 0 0 19 0 17 0 0 10 0 0 0 0 23 0 0 0 0 0 0 0 0 0 0 8 0 0 0 0 0 12 0 0 0 0 0 0 0 0 8 0 16 26 0 0 0 0 0 19 
29 0 12 0 0 30 0 0 0 0 0 29 10 0 0 0 0 0 8 0 2 0 0 0 0 17 0 0 0 0 0 0 0 0 0 0 0 18 0 23 3 0 0 0 0 0 26 0 0 0 
0 0 0 10 0 0 0 0 0 10 0 8 25 0 0 2 0 0 0 0 0 0 0 0 0 0 0 7 0 0 0 0 0 0 0 0 0 0 0 19 0 15 0 0 0 0 0 0 0 16 
0 0 0 0 0 0 0 17 0 5 0 0 0 3 0 0 0 10 0 0 0 0 0 0 0 0 0 0 17 0 0 12 0 0 6 0 18 0 0 0 0 0 0 0 0 0 1 0 0 0 
0 0 10 0 0 3 0 0 27 0 20 0 0 0 9 10 7 0 0 0 0 0 0 0 0 0 12 0 0 0 13 0 0 0 0 15 0 0 0 0 0 18 0 0 0 11 24 0 0 0 
0 0 3 0 0 0 0 15 0 0 0 0 0 0 13 0 9 0 0 0 0 0 0 0 0 0 16 0 0 11 0 0 0 0 8 0 0 0 0 0 0 0 0 10 26 0 0 0 10 10 
18 0 0 0 11 0 0 0 26 0 0 0 0 0 0 0 0 0 0 0 0 0 0 0 6 25 0 0 0 0 0 0 0 0 0 25 0 25 0 12 0 0 0 0 0 0 0 9 0 0 
0 15 27 0 0 0 13 0 0 0 0 22 26 0 0 28 0 0 0 10 0 0 0 0 1 0 0 0 11 0 0 18 0 0 0 0 5 0 4 0 0 0 11 0 0 0 0 0 0 0 
0 0 0 0 1 0 0 0 0 0 0 0 30 0 0 29 0 0 22 0 0 29 0 0 0 0 0 0 0 0 0 0 0 0 0 0 0 0 0 0 0 0 0 0 0 0 0 29 0 0 
0 13 0 0 4 0 0 0 26 0 0 0 1 3 0 0 0 0 0 0 6 0 0 0 0 0 0 0 0 0 0 0 0 0 0 12 0 2 0 0 29 0 0 0 0 0 0 21 0 0 
0 0 0 0 0 0 0 0 0 0 0 0 0 0 0 0 0 0 25 0 0 0 0 0 0 10 0 0 0 0 0 0 0 0 0 0 0 0 15 0 0 0 0 28 0 0 0 28 20 0 
0 0 0 0 0 0 0 0 0 0 0 0 18 0 0 0 0 0 0 0 0 0 0 0 0 0 0 0 0 10 0 23 0 0 0 10 0 0 0 4 0 0 0 24 0 0 0 0 0 0 
0 0 26 0 0 0 0 21 29 0 0 0 0 0 12 0 15 0 0 0 0 0 0 0 0 0 28 21 0 0 0 11 17 0 0 0 0 0 0 29 0 0 0 0 16 23 0 0 11 0 
0 0 0 0 0 0 0 0 24 0 0 14 0 0 0 0 0 3 0 0 0 1 0 12 0 0 6 0 23 0 0 0 0 0 0 0 0 18 19 0 0 0 0 29 13 0 0 0 0 0 
0 22 0 0 0 0 0 0 0 0 0 0 0 4 0 0 0 0 0 0 0 0 0 0 0 0 0 0 0 0 0 0 10 0 0 0 0 0 29 0 0 7 0 0 0 0 0 0 0 0 
0 1 0 0 0 0 0 0 16 0 0 29 0 0 23 0 0 0 0 0 0 0 0 0 0 0 0 18 0 0 25 0 3 0 0 0 0 12 0 0 0 0 23 0 0 0 4 0 0 16 
11 0 0 0 0 0 0 0 0 0 0 0 5 0 27 3 0 3 0 25 0 0 0 0 0 8 0 0 5 15 0 0 0 0 0 0 0 0 0 0 0 0 0 0 0 0 13 0 0 0 
0 0 0 0 0 0 0 0 0 0 0 8 0 0 2 0 0 0 0 0 0 11 0 0 0 0 0 0 16 0 0 0 0 0 0 14 0 0 8 0 0 0 23 0 0 27 0 0 23 0 
0 14 0 0 30 0 0 14 5 15 0 0 0 0 0 0 0 0 0 0 0 0 0 0 0 24 10 0 0 0 0 0 0 8 0 0 2 0 0 6 22 0 0 0 25 0 14 0 0 13 
5 17 29 0 0 0 0 0 0 0 12 0 0 23 0 0 0 0 13 0 10 0 0 0 0 0 25 2 0 0 0 19 0 18 0 0 0 0 0 0 0 0 0 0 0 0 0 0 0 0 
0 0 0 16 25 21 0 0 0 0 0 0 0 0 0 30 0 25 0 0 0 0 30 0 25 0 0 5 24 0 0 0 0 0 2 0 0 0 0 0 0 0 0 0 0 0 0 0 0 0 
0 0 0 0 0 21 0 3 0 0 0 0 0 0 0 20 0 0 14 0 0 0 0 18 16 9 14 0 0 0 2 0 0 0 0 0 0 0 0 0 0 0 0 0 0 0 0 0 0 0 
19 0 22 0 0 0 0 0 0 0 24 21 21 0 0 0 0 0 0 0 0 0 22 0 19 0 0 0 0 0 0 0 21 0 0 16 0 0 0 0 0 0 13 0 0 0 0 0 0 0 
16 0 0 11 0 30 0 2 20 0 0 0 0 2 0 29 0 0 0 0 0 0 8 0 0 0 0 0 0 1 0 0 0 0 0 0 0 0 0 0 0 0 0 0 0 27 0 20 0 0 
27 0 0 0 0 0 0 0 0 3 0 0 0 24 6 0 0 0 0 0 0 0 0 0 0 10 0 0 0 29 17 0 0 0 0 0 0 0 31 0 0 29 0 0 12 0 0 0 0 0 
28 0 19 0 0 24 0 4 0 0 0 0 0 0 0 0 0 0 0 0 0 4 0 25 1 0 0 0 0 31 0 0 0 0 0 0 0 0 28 0 0 0 0 0 0 19 0 0 0 21 
0 0 0 0 0 0 8 0 12 16 5 0 0 0 0 0 0 0 0 0 0 23 0 0 0 0 0 0 0 0 0 22 0 0 0 0 0 0 0 0 24 0 0 0 0 0 1 0 0 0 
0 0 0 0 0 0 0 0 31 0 0 0 0 0 0 0 0 0 0 22 15 0 10 0 27 0 0 23 0 0 0 0 0 0 0 0 0 0 0 0 0 29 0 0 30 0 0 0 0 0 
29 0 0 0 8 25 0 0 0 10 0 0 2 18 0 0 0 0 0 0 11 22 0 0 0 0 0 0 0 0 0 0 0 0 0 5 0 0 0 0 1 20 21 0 0 0 0 0 9 0 
0 0 12 0 0 0 0 0 0 24 0 0 0 0 28 0 0 7 0 0 0 0 0 0 0 0 0 0 0 0 11 0 0 0 0 0 0 0 0 0 0 0 1 0 0 0 0 0 0 0 
0 0 0 0 0 0 0 0 0 0 0 24 0 0 8 0 0 19 0 0 0 0 0 0 0 0 10 0 12 0 0 12 0 0 28 0 0 0 0 0 0 17 0 0 0 0 0 21 0 0 
0 0 0 0 0 0 0 0 0 0 7 0 21 0 0 0 0 0 0 0 0 0 0 0 0 0 0 0 0 0 0 0 0 0 0 25 0 0 0 0 0 0 0 8 18 0 0 0 0 15 
0 0 6 0 0 5 8 0 0 0 0 22 0 0 0 0 0 10 0 14 22 0 0 22 0 0 20 0 0 0 0 0 0 0 0 0 0 0 0 0 0 4 0 0 0 29 0 15 0 0 
0 0 0 0 0 0 0 5 0 13 0 0 0 0 20 0 16 0 0 0 0 0 0 6 0 0 4 18 13 28 0 0 27 9 0 0 0 5 8 0 0 0 0 11 0 0 0 0 0 0 
