50

0 1 1 1 0 1 0 1 1 0 1 1 1 0 1 0 1 0 1 1 1 0 1 0 1 0 1 1 1 1 0 1 0 1 1 1 1 0 1 1 0 0 1 1 1 0 1 1 1 1 
1 0 0 1 1 1 0 1 0 0 1 0 1 1 1 1 1 1 1 1 1 1 1 1 0 1 1 1 1 0 1 0 1 1 1 1 0 1 0 1 0 0 1 1 1 1 1 1 0 1 
1 0 0 0 1 1 0 1 1 0 1 1 1 1 1 0 1 1 1 0 1 1 0 1 1 0 1 1 0 1 1 1 0 0 1 1 0 0 0 1 1 1 0 1 0 1 1 0 1 1 
1 1 0 0 1 1 1 1 1 1 1 1 1 0 1 1 0 1 1 1 1 0 1 1 1 0 1 0 0 0 0 1 1 1 0 1 1 1 0 0 1 1 1 1 1 1 1 1 1 1 
0 1 1 1 0 1 1 1 0 1 0 1 1 1 1 0 1 0 1 1 0 1 1 1 1 1 1 1 1 0 1 1 0 1 1 0 1 1 1 1 1 1 0 1 1 1 0 0 1 0 
1 1 1 1 1 0 1 1 1 1 1 1 1 1 0 1 1 1 0 1 1 0 0 1 0 1 0 1 1 0 0 1 1 0 1 1 0 1 1 1 1 1 0 0 1 1 1 1 1 0 
0 0 0 1 1 1 0 1 0 1 0 1 1 1 1 1 0 0 1 1 1 1 1 1 1 1 0 1 1 1 1 1 1 1 1 1 1 1 1 0 1 1 1 1 1 1 1 1 1 1 
1 1 1 1 1 1 1 0 1 1 1 1 1 1 1 1 0 0 0 1 1 0 0 1 0 1 1 1 1 0 1 0 1 0 1 1 1 1 1 0 0 1 1 1 0 1 1 0 0 1 
1 0 1 1 0 1 0 1 0 0 1 1 0 0 1 0 1 0 0 1 1 1 1 0 0 1 0 1 1 0 1 0 0 0 1 1 1 1 0 1 0 1 1 1 1 1 1 1 1 0 
0 0 0 1 1 1 1 1 0 0 1 1 0 1 1 0 1 1 1 1 0 0 1 0 1 1 1 1 1 0 1 1 1 1 0 1 0 0 1 1 0 1 1 1 1 0 0 1 1 1 
1 1 1 1 0 1 0 1 1 1 0 1 1 1 0 1 1 0 0 1 1 0 0 1 1 0 0 1 1 1 1 1 1 1 1 1 1 1 0 1 0 1 0 1 1 1 0 1 1 0 
1 0 1 1 1 1 1 1 1 1 1 0 0 1 1 1 1 0 0 0 1 0 0 1 0 1 1 1 0 1 0 1 0 1 1 0 1 1 1 1 1 1 1 1 1 1 1 0 1 1 
1 1 1 1 1 1 1 1 0 0 1 0 0 1 1 1 1 0 0 1 1 1 0 1 0 1 1 1 1 1 0 1 1 1 1 1 1 1 1 1 0 1 1 1 0 1 1 1 1 0 
0 1 1 0 1 1 1 1 0 1 1 1 1 0 1 1 0 1 1 1 1 1 1 1 1 1 1 1 1 1 1 1 1 0 0 0 1 0 1 1 0 0 1 0 1 0 0 1 1 0 
1 1 1 1 1 0 1 1 1 1 0 1 1 1 0 1 1 0 1 1 1 1 0 1 1 1 1 1 0 0 1 1 0 1 1 0 1 1 1 1 1 0 0 1 1 1 1 1 1 1 
0 1 0 1 0 1 1 1 0 0 1 1 1 1 1 0 0 1 0 0 1 1 0 1 1 0 1 0 1 1 1 1 1 0 1 1 0 0 0 1 1 1 1 1 0 0 1 1 1 0 
1 1 1 0 1 1 0 0 1 1 1 1 1 0 1 0 0 1 0 1 1 0 1 1 0 1 0 1 1 1 1 1 1 1 1 1 0 0 1 1 1 1 1 1 1 1 1 1 1 1 
0 1 1 1 0 1 0 0 0 1 0 0 0 1 0 1 1 0 0 0 0 1 0 1 1 1 1 0 1 0 0 0 0 1 1 1 1 1 0 0 1 1 1 1 0 1 1 1 1 0 
1 1 1 1 1 0 1 0 0 1 0 0 0 1 1 0 0 0 0 0 0 0 1 1 0 0 1 1 1 1 1 1 0 1 1 1 1 0 0 1 0 1 1 0 1 0 1 1 1 1 
1 1 0 1 1 1 1 1 1 1 1 0 1 1 1 0 1 0 0 0 1 1 0 1 0 1 1 1 1 0 1 0 0 1 0 1 1 1 0 0 1 1 1 0 1 0 1 1 0 1 
1 1 1 1 0 1 1 1 1 0 1 1 1 1 1 1 1 0 0 1 0 1 1 1 0 0 1 1 1 1 1 0 0 1 1 1 1 1 1 1 1 1 1 0 1 1 0 0 0 1 
0 1 1 0 1 0 1 0 1 0 0 0 1 1 1 1 0 1 0 1 1 0 1 1 1 1 1 1 1 1 0 1 1 1 1 1 0 1 0 1 1 1 1 1 1 0 1 0 1 1 
1 1 0 1 1 0 1 0 1 1 0 0 0 1 0 0 1 0 1 0 1 1 0 0 0 0 0 1 1 1 1 1 1 1 1 0 0 1 0 1 0 0 1 1 0 1 1 1 0 1 
0 1 1 1 1 1 1 1 0 0 1 1 1 1 1 1 1 1 1 1 1 1 0 0 1 1 1 1 1 0 1 1 1 0 0 0 0 0 0 1 0 0 0 0 1 0 1 0 1 0 
1 0 1 1 1 0 1 0 0 1 1 0 0 1 1 1 0 1 0 0 0 1 0 1 0 1 0 1 1 0 0 1 0 1 0 0 1 0 1 0 0 1 1 1 0 1 1 1 1 1 
0 1 0 0 1 1 1 1 1 1 0 1 1 1 1 0 1 1 0 1 0 1 0 1 1 0 1 1 1 1 1 1 1 1 1 0 1 0 1 1 0 0 1 0 1 1 0 1 0 1 
1 1 1 1 1 0 0 1 0 1 0 1 1 1 1 1 0 1 1 1 1 1 0 1 0 1 0 0 0 1 1 1 0 1 0 1 1 1 1 1 1 1 1 1 1 1 1 1 0 0 
1 1 1 0 1 1 1 1 1 1 1 1 1 1 1 0 1 0 1 1 1 1 1 1 1 1 0 0 1 0 1 1 0 0 1 1 1 0 1 0 1 1 0 1 0 1 1 0 1 1 
1 1 0 0 1 1 1 1 1 1 1 0 1 1 0 1 1 1 1 1 1 1 1 1 1 1 0 1 0 1 0 1 0 1 1 1 0 1 1 1 0 0 0 0 1 0 0 0 1 0 
1 0 1 0 0 0 1 0 0 0 1 1 1 1 0 1 1 0 1 0 1 1 1 0 0 1 1 0 1 0 1 0 1 1 1 1 1 1 1 1 0 1 0 1 1 1 0 0 0 1 
0 1 1 0 1 0 1 1 1 1 1 0 0 1 1 1 1 0 1 1 1 0 1 1 0 1 1 1 0 1 0 1 0 0 1 1 1 1 0 0 1 1 1 1 1 1 0 1 0 1 
1 0 1 1 1 1 1 0 0 1 1 1 1 1 1 1 1 0 1 0 0 1 1 1 1 1 1 1 1 0 1 0 1 1 1 1 1 1 1 0 0 1 0 1 0 1 1 1 1 1 
0 1 0 1 0 1 1 1 0 1 1 0 1 1 0 1 1 0 0 0 0 1 1 1 0 1 0 0 0 1 0 1 0 1 1 1 1 1 1 0 0 0 1 0 0 1 1 0 0 1 
1 1 0 1 1 0 1 0 0 1 1 1 1 0 1 0 1 1 1 1 1 1 1 0 1 1 1 0 1 1 0 1 1 0 0 1 1 1 1 1 1 1 1 0 1 1 1 1 1 0 
1 1 1 0 1 1 1 1 1 0 1 1 1 0 1 1 1 1 1 0 1 1 1 0 0 1 0 1 1 1 1 1 1 0 0 1 1 1 0 0 1 0 0 1 1 1 0 1 1 0 
1 1 1 1 0 1 1 1 1 1 1 0 1 0 0 1 1 1 1 1 1 1 0 0 0 0 1 1 1 1 1 1 1 1 1 0 1 1 1 0 0 1 1 1 1 1 1 0 1 1 
1 0 0 1 1 0 1 1 1 0 1 1 1 1 1 0 0 1 1 1 1 0 0 0 1 1 1 1 0 1 1 1 1 1 1 1 0 1 1 0 1 0 0 1 0 1 1 1 1 0 
0 1 0 1 1 1 1 1 1 0 1 1 1 0 1 0 0 1 0 1 1 1 1 0 0 0 1 0 1 1 1 1 1 1 1 1 1 0 1 1 1 1 0 1 1 1 1 0 1 0 
1 0 0 0 1 1 1 1 0 1 0 1 1 1 1 0 1 0 0 0 1 0 0 0 1 1 1 1 1 1 0 1 1 1 0 1 1 1 0 0 1 0 1 1 1 1 1 0 0 1 
1 1 1 0 1 1 0 0 1 1 1 1 1 1 1 1 1 0 1 0 1 1 1 1 0 1 1 0 1 1 0 0 0 1 0 0 0 1 0 0 1 1 1 0 1 0 1 1 1 1 
0 0 1 1 1 1 1 0 0 0 0 1 0 0 1 1 1 1 0 1 1 1 0 0 0 0 1 1 0 0 1 0 0 1 1 0 1 1 1 1 0 1 1 1 0 1 1 1 1 1 
0 0 1 1 1 1 1 1 1 1 1 1 1 0 0 1 1 1 1 1 1 1 0 0 1 0 1 1 0 1 1 1 0 1 0 1 0 1 0 1 1 0 1 1 0 1 1 1 1 0 
1 1 0 1 0 0 1 1 1 1 0 1 1 1 0 1 1 1 1 1 1 1 1 0 1 1 1 0 0 0 1 0 1 1 0 1 0 0 1 1 1 1 0 1 0 1 0 1 1 0 
1 1 1 1 1 0 1 1 1 1 1 1 1 0 1 1 1 1 0 0 0 1 1 0 1 0 1 1 0 1 1 1 0 0 1 1 1 1 1 0 1 1 1 0 1 0 1 1 1 1 
1 1 0 1 1 1 1 0 1 1 1 1 0 1 1 0 1 0 1 1 1 1 0 1 0 1 1 0 1 1 1 0 0 1 1 1 0 1 1 1 0 0 0 1 0 1 0 1 1 1 
0 1 1 1 1 1 1 1 1 0 1 1 1 0 1 0 1 1 0 0 1 0 1 0 1 1 1 1 0 1 1 1 1 1 1 1 1 1 1 0 1 1 1 0 1 0 0 1 1 0 
1 1 1 1 0 1 1 1 1 0 0 1 1 0 1 1 1 1 1 1 0 1 1 1 1 0 1 1 0 0 0 1 1 1 0 1 1 1 1 1 1 1 0 1 0 0 0 1 1 1 
1 1 0 1 0 1 1 0 1 1 1 0 1 1 1 1 1 1 1 1 0 0 1 0 1 1 1 0 0 0 1 1 0 1 1 0 1 0 0 1 1 1 1 1 1 1 1 0 0 1 
1 0 1 1 1 1 1 0 1 1 1 1 1 1 1 1 1 1 1 0 0 1 0 1 1 0 0 1 1 0 0 1 0 1 1 1 1 1 0 1 1 1 1 1 1 1 1 0 0 1 
1 1 1 1 0 0 1 1 0 1 0 1 0 0 1 0 1 0 1 1 1 1 1 0 1 1 0 1 0 1 1 1 1 0 0 1 0 0 1 1 1 0 0 1 1 0 1 1 1 0 

0 0 0 0 7 0 0 0 0 0 0 0 0 0 0 0 21 23 0 0 0 0 0 0 17 0 0 0 0 0 0 0 0 0 0 18 0 17 18 20 0 24 0 13 0 0 0 0 0 27 
0 0 0 0 0 0 0 0 0 0 29 0 0 0 0 0 0 1 0 29 25 0 0 0 0 10 0 0 21 0 0 12 0 0 4 0 0 5 0 0 0 0 0 28 0 27 20 0 0 0 
0 0 0 0 10 0 26 0 0 0 0 0 0 0 5 9 0 0 0 0 0 0 0 0 0 0 21 0 0 0 0 0 22 0 0 18 0 12 4 11 18 0 0 0 6 20 0 0 0 0 
0 3 0 0 1 0 0 0 0 0 0 0 12 25 8 0 29 0 0 0 0 0 0 0 0 0 0 17 0 0 0 8 0 0 0 19 5 0 0 0 0 0 0 0 6 0 6 0 0 0 
0 21 0 0 0 0 5 0 3 0 23 10 0 0 0 0 0 9 2 29 0 17 0 0 0 0 0 0 0 0 0 0 0 0 0 0 0 15 0 0 0 0 0 0 25 0 21 0 0 6 
0 25 0 0 27 0 0 0 0 0 0 0 8 0 0 0 18 0 0 0 11 0 0 0 0 21 0 0 0 0 0 18 0 21 0 0 0 0 0 0 0 0 0 10 0 11 0 0 0 28 
0 0 0 0 13 0 0 0 0 0 0 0 0 0 0 0 0 27 0 0 0 0 0 0 0 0 0 0 0 0 6 0 0 0 18 0 6 22 0 0 0 0 17 0 0 0 0 0 0 0 
0 0 13 0 0 19 0 0 0 0 0 8 0 0 24 0 0 0 0 0 0 24 17 0 0 0 0 0 0 24 0 0 12 0 0 7 0 0 0 0 0 0 25 0 0 0 0 0 24 16 
1 0 0 0 0 0 0 0 0 0 23 19 0 0 0 0 0 4 0 0 0 0 0 8 0 0 0 0 0 0 0 0 0 0 0 21 25 0 0 27 7 0 10 0 0 0 0 0 0 0 
0 0 0 0 0 11 0 0 0 0 14 0 0 24 0 0 0 0 22 0 20 21 0 0 0 17 0 22 0 0 0 0 10 0 0 0 0 1 0 0 0 0 0 0 0 18 0 0 0 0 
0 0 0 6 0 0 0 0 3 0 0 0 0 0 0 0 0 5 0 0 0 0 0 20 0 0 0 0 20 0 0 0 0 26 0 0 0 19 0 0 0 0 0 0 0 24 0 0 5 0 
0 0 0 29 0 0 0 0 0 20 0 0 15 27 0 0 0 0 0 0 0 0 8 0 0 0 0 0 18 0 0 9 0 0 0 0 0 0 0 0 0 0 11 0 0 0 0 0 12 16 
0 9 9 0 0 0 0 0 0 0 18 0 0 0 20 0 7 0 0 0 0 0 0 10 0 0 0 0 0 0 0 0 0 0 0 0 0 0 0 0 19 0 0 0 0 0 0 0 0 0 
1 0 0 0 0 0 0 1 0 0 5 0 0 0 9 0 0 0 0 0 0 0 0 0 0 0 0 0 0 0 0 0 25 0 22 0 0 0 22 0 0 0 0 0 0 10 0 0 0 0 
12 0 0 0 0 0 0 0 0 6 0 0 0 0 0 0 0 6 17 0 0 11 7 0 20 0 0 0 0 0 0 0 0 22 25 0 9 0 0 0 0 0 0 0 0 0 0 13 20 0 
0 0 0 0 0 0 0 0 0 0 0 0 0 0 0 0 0 0 0 0 0 0 0 4 0 0 0 0 0 0 0 0 13 0 0 0 0 29 0 0 11 0 0 0 0 0 0 0 0 0 
0 0 4 0 0 0 0 0 0 0 16 0 13 0 0 0 0 0 0 0 0 0 0 0 0 0 0 0 0 13 0 0 0 0 0 2 0 0 0 0 0 0 0 0 15 0 0 0 0 0 
0 0 0 0 0 0 0 6 0 3 0 0 0 20 0 0 0 0 0 0 0 24 0 0 9 0 0 0 0 0 0 0 1 0 0 17 27 0 0 0 0 0 0 17 0 0 0 0 7 0 
0 0 12 0 9 0 0 10 26 0 0 9 10 0 0 0 3 0 0 0 0 0 0 0 0 23 0 26 0 0 0 0 0 0 0 0 0 0 0 0 20 0 23 0 0 0 0 9 0 0 
0 0 0 0 1 0 0 0 0 0 0 0 0 0 0 18 0 0 0 0 24 0 0 0 0 22 0 0 0 11 0 0 0 4 0 0 24 0 0 0 0 0 0 0 0 0 0 0 0 0 
9 0 0 0 0 8 0 23 24 0 0 0 0 0 0 29 11 0 0 0 0 0 6 0 0 2 0 12 0 0 26 0 0 12 0 7 0 0 0 2 0 0 0 0 0 6 0 0 5 0 
0 0 0 0 0 28 0 0 0 0 0 0 0 0 0 0 0 0 0 0 0 0 0 0 0 15 0 23 0 0 0 23 0 0 0 3 11 0 2 0 0 0 0 0 0 0 0 0 0 0 
5 0 0 0 0 0 0 0 0 0 0 0 0 0 0 0 0 0 0 0 0 0 0 0 17 0 0 19 0 0 0 0 0 0 0 0 0 0 0 0 0 4 0 0 0 0 0 0 0 0 
0 18 0 0 0 0 0 0 3 0 0 0 0 0 0 0 0 0 17 0 0 0 0 0 0 7 0 0 0 0 0 4 0 0 12 2 0 0 0 0 0 22 0 0 9 0 0 0 4 0 
0 0 0 0 0 0 0 0 0 0 0 0 0 16 0 0 0 0 0 0 0 11 0 0 0 0 0 0 16 0 29 0 0 0 0 0 0 0 0 0 0 0 0 0 0 0 0 0 0 0 
16 0 0 0 0 26 0 0 0 0 0 0 0 0 0 0 0 0 29 0 0 8 0 3 0 0 0 0 27 0 0 4 20 0 8 18 0 2 24 0 0 0 0 28 0 5 0 0 0 0 
0 0 0 0 0 0 0 0 11 0 0 23 0 8 0 0 8 0 0 24 0 12 0 0 0 0 0 0 18 7 0 2 0 29 0 26 0 0 0 0 0 0 0 20 0 0 0 0 0 0 
0 0 0 0 0 0 0 0 0 0 4 0 0 4 0 0 0 0 0 3 0 0 0 0 3 14 0 0 23 0 1 0 1 19 0 12 0 0 0 28 21 0 0 0 24 0 0 0 0 0 
0 0 0 7 0 5 0 0 0 0 27 0 0 0 0 0 0 0 0 0 0 0 0 15 0 0 0 0 0 0 5 0 0 0 0 4 0 25 0 0 0 0 0 0 8 0 0 3 0 0 
13 0 8 0 24 2 0 0 0 16 0 0 19 0 0 0 2 0 0 0 14 0 0 0 20 0 3 0 0 0 0 20 0 0 0 0 0 0 23 0 0 0 19 0 18 0 0 0 0 0 
0 10 22 0 16 10 0 8 10 0 0 0 0 0 0 0 0 0 0 25 14 18 25 0 0 0 0 20 0 23 0 0 0 0 5 19 10 0 0 9 0 4 3 0 0 0 20 0 20 6 
0 0 0 9 0 0 0 0 25 0 0 11 0 0 0 0 1 0 0 28 0 9 5 0 0 3 0 0 0 22 0 0 0 0 0 0 0 23 0 0 0 0 0 2 0 5 0 0 0 0 
11 0 0 0 20 0 0 0 0 0 24 0 0 0 0 0 24 0 0 0 0 0 0 0 0 0 0 29 0 0 0 28 0 0 0 0 0 0 6 0 0 24 0 0 0 0 0 0 0 0 
0 0 2 1 0 0 0 17 0 0 0 6 2 9 0 0 0 0 0 24 3 0 0 0 0 0 0 0 0 0 0 0 0 0 0 1 7 0 0 0 18 0 0 0 0 0 0 1 0 0 
0 0 0 0 27 0 0 0 0 0 12 0 0 0 0 0 0 0 0 0 0 0 0 0 0 9 5 0 9 0 0 0 18 0 0 0 21 0 0 0 0 0 0 0 0 0 0 0 0 0 
0 0 0 20 0 0 0 0 0 0 0 0 0 0 0 0 0 0 0 0 17 0 0 0 0 0 11 13 0 4 0 0 0 0 0 0 0 23 0 0 0 3 5 0 0 0 0 0 0 0 
0 0 8 4 0 15 0 8 5 0 0 0 0 0 0 0 0 0 0 0 0 1 0 0 27 0 0 0 16 0 0 0 0 0 29 0 0 0 0 0 0 0 0 12 0 0 0 0 0 0 
0 0 0 0 28 0 0 0 0 0 0 0 0 0 0 0 0 0 0 0 0 0 0 0 4 0 0 0 0 9 4 0 0 0 0 20 0 0 0 0 0 8 0 0 0 24 11 0 0 0 
0 1 0 0 5 0 0 0 0 0 0 0 0 0 0 0 0 0 0 9 12 0 7 0 0 20 0 0 0 0 0 0 0 0 0 2 18 0 0 0 0 0 0 0 0 0 0 0 6 0 
0 24 0 10 22 0 0 0 0 8 0 28 0 0 10 0 0 0 5 0 0 0 0 0 0 0 0 0 0 0 0 0 0 0 0 0 2 0 0 0 0 22 0 1 0 0 0 0 10 0 
0 12 0 0 0 0 0 0 0 0 28 0 0 0 0 6 16 0 0 0 19 0 0 0 3 0 0 0 21 0 0 0 0 22 0 0 23 0 0 29 0 0 12 0 0 15 0 0 0 0 
0 0 5 0 0 0 14 0 0 0 0 0 0 0 0 0 20 0 24 0 0 0 28 27 0 0 0 0 0 0 0 0 27 0 0 0 0 0 0 0 0 0 0 15 0 10 0 0 0 0 
26 0 0 0 23 0 0 25 0 16 0 0 0 0 17 0 8 0 0 0 0 0 19 0 0 26 0 0 0 0 0 0 0 0 0 0 0 25 0 0 10 0 0 0 0 19 0 12 0 0 
0 0 0 0 20 0 0 0 0 0 13 0 4 0 0 0 0 0 0 0 0 6 24 0 0 0 0 0 12 12 0 0 0 15 0 0 0 0 0 0 0 7 0 0 0 0 17 0 0 11 
0 0 0 0 0 0 0 15 0 0 0 0 0 0 28 0 0 0 0 0 4 0 0 18 0 0 0 0 20 17 0 0 0 0 0 0 19 0 0 0 0 0 0 0 0 0 0 0 0 11 
0 0 0 0 0 0 0 0 0 0 0 0 0 0 0 0 0 0 0 1 0 0 0 17 14 0 0 0 0 0 0 0 20 0 0 12 0 0 0 0 21 0 0 0 0 0 0 0 0 0 
0 0 0 1 0 0 0 0 0 25 20 0 16 0 0 0 0 0 0 0 1 0 0 0 0 0 0 0 0 0 0 0 15 0 0 0 0 0 27 12 0 0 0 27 0 0 0 22 0 0 
0 0 0 0 26 0 0 0 0 0 0 0 0 0 0 0 18 23 8 0 0 4 0 23 0 0 0 4 0 0 0 16 27 0 13 0 6 18 0 0 0 0 0 0 0 0 0 0 0 0 
0 0 0 0 0 0 0 0 0 9 0 0 0 0 19 6 27 0 0 0 0 0 0 0 0 0 0 0 0 0 0 0 5 26 0 0 0 0 3 0 12 1 18 0 0 0 0 0 0 0 
27 18 0 0 0 24 12 0 24 0 0 0 0 0 0 0 0 0 0 0 0 0 0 15 22 0 0 0 0 0 22 0 3 0 23 0 0 0 0 17 0 0 0 0 0 12 5 0 23 0 
