50

0 1 1 1 1 1 1 0 1 1 1 1 1 1 0 1 1 0 1 0 1 0 1 0 1 0 1 1 0 1 0 1 1 1 1 0 0 1 1 0 1 1 0 1 1 0 1 1 1 0 
1 0 0 1 1 1 0 0 1 0 1 1 1 1 0 0 0 1 0 1 1 1 1 0 0 0 1 1 1 1 0 0 1 0 1 1 0 0 1 0 0 0 1 1 0 1 1 1 1 0 
1 0 0 0 0 1 1 1 0 0 0 1 1 1 0 0 0 0 1 1 1 0 1 0 1 0 0 0 1 1 0 1 1 1 0 1 1 1 1 1 0 1 1 1 1 0 1 0 0 1 
1 1 0 0 1 1 1 0 1 0 1 0 1 1 0 1 1 0 0 1 1 1 0 1 0 0 0 1 1 1 1 0 1 0 1 0 1 0 0 0 0 1 1 1 1 0 0 0 1 1 
1 1 0 1 0 0 1 1 1 1 1 0 0 1 0 0 0 0 1 1 1 1 0 1 0 0 0 1 0 0 0 1 1 0 1 1 0 0 1 0 0 1 1 1 1 1 0 0 1 1 
1 1 1 1 0 0 0 1 1 0 1 0 1 1 0 1 1 1 1 0 0 1 1 1 1 0 0 1 1 0 1 1 1 1 1 0 1 1 1 1 1 1 0 1 1 0 1 1 0 1 
1 0 1 1 1 0 0 1 1 1 0 0 1 0 1 0 1 0 0 1 1 0 1 1 1 0 1 0 1 1 1 0 1 0 1 0 0 1 1 1 1 1 0 0 1 0 0 0 0 0 
0 0 1 0 1 1 1 0 0 1 0 0 1 0 0 0 1 1 1 1 0 1 1 0 1 1 1 1 1 1 1 0 1 1 1 1 0 1 1 1 1 0 0 0 1 0 0 1 1 1 
1 1 0 1 1 1 1 0 0 1 1 1 0 1 1 0 1 0 0 1 1 1 0 0 1 0 1 0 0 1 1 1 0 1 0 0 1 0 1 0 0 1 1 0 0 0 0 0 0 0 
1 0 0 0 1 0 1 1 1 0 0 1 0 1 1 1 1 0 0 0 1 1 1 1 0 0 0 1 0 0 1 0 0 1 0 1 1 1 0 1 0 1 0 0 0 1 1 0 1 1 
1 1 0 1 1 1 0 0 1 0 0 0 1 1 1 1 1 1 0 1 1 0 0 0 0 0 1 1 1 0 0 0 0 1 1 0 1 1 1 1 1 1 0 1 0 0 0 1 1 0 
1 1 1 0 0 0 0 0 1 1 0 0 1 1 1 1 0 1 0 0 0 0 1 0 0 1 1 1 0 1 0 1 1 1 0 1 0 0 1 0 0 0 1 1 1 0 1 1 1 1 
1 1 1 1 0 1 1 1 0 0 1 1 0 1 1 1 0 1 0 0 0 0 0 0 0 1 0 1 0 1 0 1 1 1 1 1 0 1 1 1 0 1 1 1 1 0 0 0 0 1 
1 1 1 1 1 1 0 0 1 1 1 1 1 0 1 1 1 0 1 1 1 0 1 0 1 0 1 0 1 1 1 1 1 1 1 1 0 1 1 0 1 1 1 1 1 1 1 0 0 1 
0 0 0 0 0 0 1 0 1 1 1 1 1 1 0 0 0 1 0 1 0 1 0 1 1 0 1 0 0 0 0 1 0 1 1 1 0 1 1 1 1 0 0 1 1 1 0 1 1 1 
1 0 0 1 0 1 0 0 0 1 1 1 1 1 0 0 1 0 0 1 0 1 1 0 1 1 1 0 1 1 1 1 1 1 1 1 1 0 1 1 1 1 1 1 0 0 0 1 0 1 
1 0 0 1 0 1 1 1 1 1 1 0 0 1 0 1 0 0 0 0 1 0 1 0 0 0 0 0 1 1 1 1 1 1 1 1 0 1 1 0 0 1 1 1 1 0 0 0 0 0 
0 1 0 0 0 1 0 1 0 0 1 1 1 0 1 0 0 0 1 0 1 0 0 0 1 1 1 1 0 0 1 1 1 1 1 1 0 0 1 1 1 0 1 1 0 1 1 1 1 1 
1 0 1 0 1 1 0 1 0 0 0 0 0 1 0 0 0 1 0 0 1 1 0 1 1 0 0 1 0 1 1 1 1 1 0 0 1 1 0 1 0 1 1 0 1 0 1 1 1 0 
0 1 1 1 1 0 1 1 1 0 1 0 0 1 1 1 0 0 0 0 1 0 0 1 1 1 1 1 1 1 1 1 1 0 0 1 1 0 1 1 0 1 1 1 0 0 0 0 1 1 
1 1 1 1 1 0 1 0 1 1 1 0 0 1 0 0 1 1 1 1 0 1 0 1 0 1 0 1 1 0 0 1 1 1 1 1 1 1 1 0 1 1 1 1 0 1 1 0 1 1 
0 1 0 1 1 1 0 1 1 1 0 0 0 0 1 1 0 0 1 0 1 0 0 0 0 0 1 0 0 1 1 0 1 1 0 1 0 1 1 1 1 0 1 1 1 1 1 1 1 0 
1 1 1 0 0 1 1 1 0 1 0 1 0 1 0 1 1 0 0 0 0 0 0 1 0 1 0 0 1 0 1 0 1 1 0 1 1 1 1 1 1 1 1 1 0 1 1 1 0 1 
0 0 0 1 1 1 1 0 0 1 0 0 0 0 1 0 0 0 1 1 1 0 1 0 0 1 0 1 1 0 0 1 1 0 1 1 1 1 1 1 0 1 1 1 1 0 1 1 1 0 
1 0 1 0 0 1 1 1 1 0 0 0 0 1 1 1 0 1 1 1 0 0 0 0 0 0 1 0 1 1 1 0 1 1 0 0 1 0 1 1 1 1 1 1 1 0 1 1 0 1 
0 0 0 0 0 0 0 1 0 0 0 1 1 0 0 1 0 1 0 1 1 0 1 1 0 0 0 0 1 1 1 1 0 1 1 0 1 1 1 1 0 1 1 1 0 1 0 1 1 1 
1 1 0 0 0 0 1 1 1 0 1 1 0 1 1 1 0 1 0 1 0 1 0 0 1 0 0 1 0 1 0 1 0 0 1 0 1 1 1 0 1 0 1 0 1 1 1 1 1 1 
1 1 0 1 1 1 0 1 0 1 1 1 1 0 0 0 0 1 1 1 1 0 0 1 0 0 1 0 1 0 0 1 0 0 1 0 1 0 0 1 0 0 1 1 0 1 0 0 1 0 
0 1 1 1 0 1 1 1 0 0 1 0 0 1 0 1 1 0 0 1 1 0 1 1 1 1 0 1 0 0 1 1 1 0 0 1 0 1 1 1 1 1 0 1 0 1 1 0 0 1 
1 1 1 1 0 0 1 1 1 0 0 1 1 1 0 1 1 0 1 1 0 1 0 0 1 1 1 0 0 0 1 1 1 1 1 1 0 0 1 1 0 0 1 1 0 1 1 1 0 1 
0 0 0 1 0 1 1 1 1 1 0 0 0 1 0 1 1 1 1 1 0 1 1 0 1 1 0 0 1 1 0 0 0 1 1 1 1 0 1 1 1 0 1 1 1 1 1 1 1 1 
1 0 1 0 1 1 0 0 1 0 0 1 1 1 1 1 1 1 1 1 1 0 0 1 0 1 1 1 1 1 0 0 0 1 0 1 1 1 0 1 1 1 1 1 0 0 1 0 0 0 
1 1 1 1 1 1 1 1 0 0 0 1 1 1 0 1 1 1 1 1 1 1 1 1 1 0 0 0 1 1 0 0 0 0 0 1 1 1 1 0 0 1 0 0 1 1 1 1 1 1 
1 0 1 0 0 1 0 1 1 1 1 1 1 1 1 1 1 1 1 0 1 1 1 0 1 1 0 0 0 1 1 1 0 0 1 1 1 1 1 1 0 0 1 1 1 1 0 0 1 1 
1 1 0 1 1 1 1 1 0 0 1 0 1 1 1 1 1 1 0 0 1 0 0 1 0 1 1 1 0 1 1 0 0 1 0 1 1 1 0 1 1 1 0 1 0 1 1 1 0 0 
0 1 1 0 1 0 0 1 0 1 0 1 1 1 1 1 1 1 0 1 1 1 1 1 0 0 0 0 1 1 1 1 1 1 1 0 0 0 0 1 1 1 1 1 1 1 1 0 1 1 
0 0 1 1 0 1 0 0 1 1 1 0 0 0 0 1 0 0 1 1 1 0 1 1 1 1 1 1 0 0 1 1 1 1 1 0 0 1 1 0 0 1 1 0 1 0 1 1 0 0 
1 0 1 0 0 1 1 1 0 1 1 0 1 1 1 0 1 0 1 0 1 1 1 1 0 1 1 0 1 0 0 1 1 1 1 0 1 0 0 1 0 0 0 0 1 0 1 1 0 1 
1 1 1 0 1 1 1 1 1 0 1 1 1 1 1 1 1 1 0 1 1 1 1 1 1 1 1 0 1 1 1 0 1 1 0 0 1 0 0 0 0 1 1 0 1 1 0 1 1 1 
0 0 1 0 0 1 1 1 0 1 1 0 1 0 1 1 0 1 1 1 0 1 1 1 1 1 0 1 1 1 1 1 0 1 1 1 0 1 0 0 1 1 1 1 1 0 1 1 1 0 
1 0 0 0 0 1 1 1 0 0 1 0 0 1 1 1 0 1 0 0 1 1 1 0 1 0 1 0 1 0 1 1 0 0 1 1 0 0 0 1 0 1 1 1 1 0 1 0 0 1 
1 0 1 1 1 1 1 0 1 1 1 0 1 1 0 1 1 0 1 1 1 0 1 1 1 1 0 0 1 0 0 1 1 0 1 1 1 0 1 1 1 0 1 1 1 0 0 1 1 1 
0 1 1 1 1 0 0 0 1 0 0 1 1 1 0 1 1 1 1 1 1 1 1 1 1 1 1 1 0 1 1 1 0 1 0 1 1 0 1 1 1 1 0 1 1 1 1 0 1 1 
1 1 1 1 1 1 0 0 0 0 1 1 1 1 1 1 1 1 0 1 1 1 1 1 1 1 0 1 1 1 1 1 0 1 1 1 0 0 0 1 1 1 1 0 1 1 1 1 1 1 
1 0 1 1 1 1 1 1 0 0 0 1 1 1 1 0 1 0 1 0 0 1 0 1 1 0 1 0 0 0 1 0 1 1 0 1 1 1 1 1 1 1 1 1 0 1 1 1 0 0 
0 1 0 0 1 0 0 0 0 1 0 0 0 1 1 0 0 1 0 0 1 1 1 0 0 1 1 1 1 1 1 0 1 1 1 1 0 0 1 0 0 0 1 1 1 0 1 1 0 0 
1 1 1 0 0 1 0 0 0 1 0 1 0 1 0 0 0 1 1 0 1 1 1 1 1 0 1 0 1 1 1 1 1 0 1 1 1 1 0 1 1 0 1 1 1 1 0 1 1 0 
1 1 0 0 0 1 0 1 0 0 1 1 0 0 1 1 0 1 1 0 0 1 1 1 1 1 1 0 0 1 1 0 1 0 1 0 1 1 1 1 0 1 0 1 1 1 1 0 0 1 
1 1 0 1 1 0 0 1 0 1 1 1 0 0 1 0 0 1 1 1 1 1 0 1 0 1 1 1 0 0 1 0 1 1 0 1 0 0 1 1 0 1 1 1 0 0 1 0 0 1 
0 0 1 1 1 1 0 1 0 1 0 1 1 1 1 1 0 1 0 1 1 0 1 0 1 1 1 0 1 1 1 0 1 1 0 1 0 1 1 0 1 1 1 1 0 0 0 1 1 0 

0 0 0 0 7 0 0 0 0 0 0 0 17 0 0 11 0 0 10 0 0 0 0 0 0 0 0 0 0 0 14 0 0 0 0 0 0 1 0 0 0 0 0 0 26 18 9 0 1 0 
0 0 0 0 5 0 13 0 0 0 0 0 0 0 0 0 23 0 26 0 0 0 0 0 0 0 3 0 0 0 0 28 0 0 0 28 25 0 0 0 0 0 0 0 0 0 0 0 13 0 
0 1 0 7 0 19 0 4 0 0 0 0 5 3 0 0 0 0 0 0 0 0 0 12 0 0 0 0 0 0 0 0 0 0 0 0 14 0 0 0 0 6 13 0 0 0 0 0 0 0 
0 0 0 0 22 12 0 0 0 0 0 14 0 12 0 20 0 0 0 0 0 0 0 4 0 0 0 22 0 0 0 2 0 0 0 0 0 0 0 18 0 0 0 0 0 0 0 0 22 2 
0 0 15 0 0 7 6 0 0 21 0 0 0 0 0 9 0 0 0 0 0 0 0 0 9 0 0 0 0 0 0 0 0 15 0 0 0 0 0 0 0 0 0 0 27 0 15 0 25 0 
0 0 0 0 0 0 0 0 0 0 0 19 7 0 0 0 3 0 0 0 0 0 6 0 1 6 0 3 0 0 0 0 0 23 0 0 0 0 0 7 0 0 0 0 0 0 0 14 0 30 
0 0 0 0 0 0 0 0 0 17 3 0 0 10 0 0 22 0 0 0 0 0 0 0 0 0 0 0 0 0 18 0 0 27 0 0 0 0 3 0 0 22 0 0 0 0 0 0 25 23 
0 0 0 8 0 0 0 0 19 0 0 0 0 0 0 23 0 0 0 3 0 9 0 24 0 7 0 0 0 0 0 0 0 0 0 0 14 0 0 0 0 0 0 0 0 0 0 0 28 0 
23 0 0 0 16 0 15 0 0 0 0 15 0 16 0 0 0 0 0 0 0 0 0 0 0 11 0 0 0 24 0 0 0 27 27 0 0 0 0 0 0 0 0 0 0 0 0 14 17 0 
0 29 23 13 0 0 0 18 0 0 0 0 0 0 0 20 0 0 0 0 0 0 0 0 0 0 0 5 0 0 0 27 14 0 0 0 0 0 0 0 0 0 0 0 0 0 0 0 0 7 
0 0 0 0 0 0 1 0 0 0 0 0 0 24 0 18 0 5 24 0 0 0 0 0 0 0 0 0 0 0 0 0 0 0 0 0 0 0 0 0 0 20 20 24 0 0 0 0 26 0 
0 0 0 0 0 5 0 0 0 0 0 0 0 0 21 22 3 0 0 0 0 0 0 0 27 0 0 0 0 0 0 0 6 11 0 0 0 0 0 0 0 0 14 3 19 0 7 0 0 0 
0 0 12 0 0 0 0 7 0 12 0 0 0 0 12 17 0 17 0 0 0 0 0 0 2 0 0 0 0 0 0 0 27 0 0 0 0 0 0 0 0 16 0 0 0 9 27 0 0 3 
0 0 0 24 24 0 0 0 0 5 0 2 0 0 28 0 0 0 0 23 0 1 0 0 0 0 0 0 8 0 14 0 0 8 0 16 0 0 12 25 0 0 23 0 0 0 3 0 0 0 
0 0 0 0 0 0 0 0 0 0 0 0 0 0 0 0 0 0 0 0 13 0 0 0 0 0 14 0 0 24 0 0 0 0 0 0 0 0 0 0 0 25 0 0 0 0 0 0 0 28 
7 0 0 29 25 2 0 0 0 0 0 0 0 0 15 0 6 0 0 0 0 0 0 0 0 0 0 0 0 0 14 0 5 17 0 0 0 0 15 15 0 9 26 0 17 0 0 21 0 0 
7 29 0 0 0 0 0 0 20 0 0 0 0 0 0 0 0 0 23 0 0 0 0 0 0 0 1 15 0 0 0 0 0 0 0 19 0 16 0 14 14 0 0 0 0 0 0 0 0 0 
0 0 11 0 0 0 23 0 0 12 13 0 0 0 0 0 7 0 0 1 0 0 0 0 0 0 16 3 0 0 0 12 0 0 14 0 0 8 0 0 0 0 0 0 0 0 0 0 16 14 
0 18 0 29 0 8 0 0 0 0 10 0 0 0 16 0 13 0 0 0 0 0 27 0 16 0 6 0 0 0 0 0 0 0 0 0 0 21 0 0 0 0 21 0 4 0 0 0 0 0 
0 0 0 0 0 0 14 0 0 0 0 0 0 26 0 0 0 0 11 0 0 0 0 28 0 0 0 0 0 0 0 0 20 0 0 0 0 0 0 0 0 0 0 0 0 5 0 0 0 0 
0 24 0 0 0 0 0 0 0 0 0 0 0 0 0 0 0 0 8 0 0 0 0 0 0 0 23 28 23 0 0 0 0 19 0 0 0 0 0 0 0 0 0 0 0 0 0 13 0 0 
0 0 0 0 0 0 0 0 0 0 21 0 21 0 11 0 27 0 0 0 10 0 0 0 0 25 0 0 0 9 0 0 0 28 0 0 0 6 0 0 0 0 0 0 0 0 2 0 0 2 
20 0 0 0 0 0 0 0 0 0 0 0 0 0 22 0 0 0 0 0 0 0 0 0 0 0 5 0 0 0 0 21 0 0 0 0 0 0 9 0 0 0 0 0 15 0 0 0 0 0 
0 0 0 18 0 0 0 0 0 0 0 10 0 17 1 0 0 23 4 0 11 14 0 0 0 0 0 0 0 0 20 0 0 0 8 0 6 0 0 0 0 22 0 0 24 0 0 0 0 0 
0 0 0 0 0 0 27 3 4 5 0 25 0 0 0 0 0 0 0 0 15 0 0 1 0 0 0 0 0 0 0 0 0 0 0 0 0 0 15 0 0 19 0 21 0 0 0 0 0 0 
0 0 0 0 0 0 0 0 12 0 0 0 0 0 0 10 0 0 0 1 0 0 0 0 7 0 0 0 22 0 0 0 0 0 0 0 0 8 0 6 0 8 0 0 0 0 0 0 0 0 
0 14 0 0 0 0 0 0 0 0 25 0 0 0 0 0 15 0 0 0 0 0 0 0 0 26 0 0 3 0 26 9 0 0 0 24 1 0 0 0 0 13 0 0 14 0 0 0 0 0 
0 0 0 0 0 0 0 0 0 0 10 0 0 0 0 0 0 8 0 0 0 0 2 14 0 11 0 0 0 26 22 0 0 10 25 0 12 0 28 10 0 0 0 12 0 0 0 0 16 0 
0 0 0 0 0 0 0 10 0 0 0 0 0 0 0 16 0 0 13 0 8 0 0 0 0 0 0 0 0 0 0 27 0 0 0 0 0 0 0 0 0 0 0 0 0 0 4 16 0 0 
8 0 0 0 0 0 0 0 0 0 16 0 21 0 0 0 0 0 0 9 0 0 0 0 0 0 2 0 0 0 0 1 0 0 0 6 0 0 0 0 0 0 0 0 0 0 0 0 0 4 
0 0 0 0 0 0 0 0 0 0 0 0 24 0 0 0 0 0 0 0 0 0 0 0 0 0 0 0 0 7 0 0 0 0 15 25 0 0 0 0 0 0 0 24 0 0 0 0 0 0 
0 0 0 24 6 0 0 0 11 0 0 1 7 0 0 0 0 0 0 27 0 0 0 0 0 0 0 0 0 0 0 0 0 0 0 0 0 0 0 6 0 8 0 0 0 0 0 0 0 0 
0 0 26 0 0 0 0 0 0 0 0 0 0 0 0 0 19 19 0 19 0 0 26 0 1 0 18 0 25 0 0 0 0 0 0 14 12 0 0 0 0 0 0 0 0 0 0 0 22 0 
0 0 25 0 0 8 0 5 0 19 0 0 0 0 19 0 0 0 0 0 3 0 19 0 0 0 0 2 0 0 0 0 11 0 0 0 0 0 0 0 6 1 0 0 25 16 0 0 0 0 
20 0 0 0 27 0 0 0 22 1 0 0 0 0 0 0 0 0 0 0 0 0 0 0 0 0 0 15 0 0 0 0 23 19 0 0 0 1 0 9 0 0 0 22 9 0 0 0 0 1 
4 0 0 0 22 0 0 0 0 0 0 9 0 0 0 25 0 0 0 24 0 14 7 17 0 0 0 0 0 0 0 25 0 0 15 0 0 0 0 20 0 21 0 0 0 0 0 0 0 0 
0 14 14 0 0 0 0 0 0 0 0 0 0 0 0 0 0 19 0 0 19 0 0 4 0 0 0 0 0 0 8 22 0 19 0 0 0 0 2 9 17 23 0 14 0 0 0 0 0 0 
0 0 0 0 0 0 14 0 0 11 0 0 0 12 5 0 0 0 7 0 0 0 27 0 0 0 19 0 0 0 0 0 0 0 6 18 0 0 0 0 0 0 0 1 0 0 0 0 0 0 
7 0 0 0 8 4 0 17 0 0 0 0 17 0 8 0 26 0 0 0 12 23 0 0 27 27 0 0 0 0 0 4 0 0 0 0 0 0 0 0 0 0 0 0 18 0 0 0 0 0 
11 0 0 0 0 2 13 0 0 9 0 21 0 0 0 0 0 0 12 27 0 0 0 0 0 0 0 0 0 0 0 0 24 0 0 0 0 0 0 0 0 21 0 0 14 0 15 0 0 0 
0 0 0 20 0 0 4 0 0 0 0 24 0 25 0 0 16 0 0 0 0 0 3 19 0 0 0 0 0 0 9 17 5 0 0 0 0 25 0 27 0 0 0 0 0 0 0 0 0 0 
0 0 0 0 0 0 0 0 0 25 0 0 0 0 0 0 20 19 0 0 0 0 0 0 0 0 0 0 0 0 0 0 0 0 0 0 0 0 0 0 0 0 0 0 0 0 0 0 0 0 
25 0 19 0 11 0 15 0 0 0 0 0 11 0 19 0 10 2 0 0 0 0 0 0 0 0 0 0 8 0 0 0 0 6 0 0 23 0 0 10 9 0 0 0 0 0 0 0 0 0 
0 0 0 0 0 0 0 0 8 13 0 0 0 0 0 0 1 0 0 0 0 0 0 0 0 0 0 0 0 22 9 0 4 0 12 0 0 0 1 9 0 0 0 0 0 0 10 0 0 2 
18 0 18 0 0 0 22 0 5 0 0 0 0 0 0 0 10 0 0 0 0 0 0 13 0 0 0 0 0 0 0 0 0 0 2 0 0 0 0 0 0 0 0 0 0 0 0 0 0 18 
4 11 0 0 0 25 0 0 0 12 0 0 0 0 0 0 4 0 0 0 0 0 0 0 0 15 0 0 0 0 0 0 0 0 14 0 0 4 0 0 0 0 0 25 0 0 0 0 0 0 
13 0 0 0 0 0 2 0 0 0 5 0 17 0 0 0 0 0 0 0 0 0 19 0 0 0 0 3 15 23 27 0 26 0 0 0 0 0 0 0 6 8 11 0 0 0 0 0 6 25 
0 0 1 0 10 0 18 5 0 2 0 0 16 0 0 0 0 0 0 0 0 0 27 0 18 0 0 0 0 0 0 0 0 0 3 0 0 0 0 1 10 7 0 21 0 0 0 0 0 0 
0 0 15 0 0 18 0 0 12 0 0 0 0 0 0 18 20 0 0 27 0 0 25 0 0 0 0 0 0 0 0 0 0 0 0 0 0 0 25 18 0 0 0 0 0 18 0 0 0 0 
0 24 0 0 0 0 0 0 0 0 13 0 0 0 27 0 0 0 0 0 0 0 0 0 0 0 0 0 0 0 0 0 0 0 0 20 15 0 3 0 0 15 0 0 0 0 0 0 0 0 
