50

0 1 0 0 0 0 0 0 0 0 0 0 0 0 0 1 0 0 0 1 0 1 0 0 0 0 0 1 0 0 0 1 0 0 0 0 0 0 0 1 0 0 1 1 1 0 0 0 1 1 
1 0 0 0 1 0 0 1 0 0 0 0 0 1 0 0 0 1 0 0 0 1 1 0 0 0 0 0 0 0 0 0 0 0 0 0 0 1 1 1 1 0 1 0 1 0 0 0 0 0 
0 0 0 0 0 0 0 0 0 0 0 0 0 0 1 0 1 1 1 1 0 0 1 0 0 1 1 0 0 1 0 0 1 1 1 0 0 1 0 1 0 0 0 1 0 1 0 0 1 0 
0 0 0 0 0 1 1 0 0 1 1 0 0 0 1 1 1 0 0 0 1 0 0 0 0 1 1 0 0 1 0 1 0 1 0 0 0 0 1 0 0 0 0 1 1 0 0 0 0 1 
0 1 0 0 0 1 0 0 0 1 0 0 0 0 0 0 0 0 1 0 1 0 0 1 0 1 0 0 0 0 0 0 0 0 0 0 0 1 0 0 0 1 0 0 0 0 0 0 0 0 
0 0 0 1 1 0 0 0 1 1 1 0 0 1 0 0 0 0 0 0 1 0 1 0 1 1 1 0 1 0 1 0 0 0 0 0 1 0 0 0 1 0 0 0 0 1 0 0 0 0 
0 0 0 1 0 0 0 0 0 0 0 0 1 0 0 0 0 1 0 0 1 0 1 0 0 0 0 0 0 0 0 0 0 0 0 0 0 0 1 1 1 1 0 1 0 1 0 0 0 1 
0 1 0 0 0 0 0 0 1 1 1 0 0 0 0 0 0 0 0 0 0 0 1 1 1 0 0 0 1 0 0 0 0 1 0 0 0 0 0 0 0 0 1 0 0 0 0 0 1 0 
0 0 0 0 0 1 0 1 0 0 0 1 1 1 0 1 0 1 0 0 1 0 0 1 0 1 1 0 0 0 0 0 1 0 1 1 0 0 0 0 0 1 0 1 0 0 1 0 0 0 
0 0 0 1 1 1 0 1 0 0 0 1 0 0 0 0 0 1 0 0 0 0 1 1 0 1 0 0 0 0 0 0 0 0 0 0 0 1 1 0 0 0 1 1 0 0 1 0 0 1 
0 0 0 1 0 1 0 1 0 0 0 1 0 0 0 1 0 1 0 0 0 1 1 0 0 0 0 0 0 1 0 0 1 0 0 0 0 1 1 0 1 0 0 1 1 0 0 1 0 1 
0 0 0 0 0 0 0 0 1 1 1 0 0 1 0 0 0 0 1 0 0 0 0 0 1 1 0 0 0 0 1 0 1 0 0 0 0 0 0 0 1 0 1 1 0 0 1 0 0 1 
0 0 0 0 0 0 1 0 1 0 0 0 0 0 1 0 0 1 0 0 0 0 0 0 0 1 1 0 0 1 1 1 1 0 1 1 0 0 0 0 1 0 1 0 0 0 0 0 1 1 
0 1 0 0 0 1 0 0 1 0 0 1 0 0 0 0 1 0 1 0 0 1 1 0 0 0 0 0 1 0 0 1 1 1 0 1 0 0 0 0 0 0 1 0 1 0 1 0 1 0 
0 0 1 1 0 0 0 0 0 0 0 0 1 0 0 0 0 0 1 0 0 1 1 1 0 1 0 0 0 0 0 0 0 1 0 0 1 0 1 0 0 0 0 0 1 1 0 0 0 0 
1 0 0 1 0 0 0 0 1 0 1 0 0 0 0 0 0 0 0 0 0 0 0 0 0 0 0 0 1 0 1 0 1 0 0 0 0 0 0 0 0 1 0 1 1 0 0 0 0 0 
0 0 1 1 0 0 0 0 0 0 0 0 0 1 0 0 0 1 0 0 0 0 0 0 1 0 0 1 0 0 0 0 0 0 0 0 0 0 1 0 0 0 1 0 1 1 0 1 1 0 
0 1 1 0 0 0 1 0 1 1 1 0 1 0 0 0 1 0 0 0 0 1 1 0 0 1 0 0 0 0 1 1 0 1 0 0 1 1 0 1 0 0 0 0 0 0 0 1 1 0 
0 0 1 0 1 0 0 0 0 0 0 1 0 1 1 0 0 0 0 0 1 1 0 0 0 1 1 0 1 1 1 1 0 0 0 1 0 1 0 1 1 0 0 1 0 0 1 1 0 0 
1 0 1 0 0 0 0 0 0 0 0 0 0 0 0 0 0 0 0 0 0 0 1 1 0 1 0 0 0 0 1 0 1 0 0 0 0 0 0 0 0 1 0 1 0 1 0 0 1 0 
0 0 0 1 1 1 1 0 1 0 0 0 0 0 0 0 0 0 1 0 0 0 0 1 0 0 1 1 1 0 0 0 0 0 1 0 0 0 0 1 0 1 0 0 1 0 1 0 0 0 
1 1 0 0 0 0 0 0 0 0 1 0 0 1 1 0 0 1 1 0 0 0 0 0 0 1 0 1 1 0 1 1 0 0 0 0 0 0 1 0 0 0 0 0 0 1 0 0 0 0 
0 1 1 0 0 1 1 1 0 1 1 0 0 1 1 0 0 1 0 1 0 0 0 0 1 0 0 1 0 1 0 0 0 1 0 0 1 0 0 0 1 0 0 1 0 0 1 1 0 0 
0 0 0 0 1 0 0 1 1 1 0 0 0 0 1 0 0 0 0 1 1 0 0 0 0 0 0 1 1 1 0 0 0 1 1 0 1 1 1 0 0 0 1 0 0 0 0 0 0 1 
0 0 0 0 0 1 0 1 0 0 0 1 0 0 0 0 1 0 0 0 0 0 1 0 0 0 1 0 0 0 1 0 0 0 1 1 0 0 0 0 0 1 0 1 1 1 0 0 1 1 
0 0 1 1 1 1 0 0 1 1 0 1 1 0 1 0 0 1 1 1 0 1 0 0 0 0 0 0 0 0 0 1 1 1 0 0 0 1 0 1 1 0 0 1 0 0 0 0 0 0 
0 0 1 1 0 1 0 0 1 0 0 0 1 0 0 0 0 0 1 0 1 0 0 0 1 0 0 0 1 0 0 1 0 0 1 0 0 0 0 0 1 0 1 1 1 0 0 1 1 0 
1 0 0 0 0 0 0 0 0 0 0 0 0 0 0 0 1 0 0 0 1 1 1 1 0 0 0 0 0 0 1 0 0 0 0 0 0 0 0 0 0 0 0 0 0 0 0 0 0 1 
0 0 0 0 0 1 0 1 0 0 0 0 0 1 0 1 0 0 1 0 1 1 0 1 0 0 1 0 0 1 0 0 1 0 0 0 0 1 1 0 0 0 0 1 0 1 1 0 1 0 
0 0 1 1 0 0 0 0 0 0 1 0 1 0 0 0 0 0 1 0 0 0 1 1 0 0 0 0 1 0 0 0 0 1 0 0 0 1 0 0 0 0 0 1 1 0 0 0 0 0 
0 0 0 0 0 1 0 0 0 0 0 1 1 0 0 1 0 1 1 1 0 1 0 0 1 0 0 1 0 0 0 0 0 0 1 1 0 0 1 0 1 0 0 0 0 1 1 0 0 0 
1 0 0 1 0 0 0 0 0 0 0 0 1 1 0 0 0 1 1 0 0 1 0 0 0 1 1 0 0 0 0 0 1 0 0 0 0 1 1 1 0 0 0 0 0 0 0 0 1 1 
0 0 1 0 0 0 0 0 1 0 1 1 1 1 0 1 0 0 0 1 0 0 0 0 0 1 0 0 1 0 0 1 0 0 0 1 0 0 0 0 1 0 0 1 0 0 0 0 0 0 
0 0 1 1 0 0 0 1 0 0 0 0 0 1 1 0 0 1 0 0 0 0 1 1 0 1 0 0 0 1 0 0 0 0 0 0 0 0 0 1 0 1 1 0 1 1 1 0 0 0 
0 0 1 0 0 0 0 0 1 0 0 0 1 0 0 0 0 0 0 0 1 0 0 1 1 0 1 0 0 0 1 0 0 0 0 0 0 1 0 0 0 0 0 1 0 1 0 1 0 0 
0 0 0 0 0 0 0 0 1 0 0 0 1 1 0 0 0 0 1 0 0 0 0 0 1 0 0 0 0 0 1 0 1 0 0 0 0 1 0 0 0 0 0 0 0 1 1 0 0 0 
0 0 0 0 0 1 0 0 0 0 0 0 0 0 1 0 0 1 0 0 0 0 1 1 0 0 0 0 0 0 0 0 0 0 0 0 0 1 0 0 0 0 0 1 0 0 0 1 0 0 
0 1 1 0 1 0 0 0 0 1 1 0 0 0 0 0 0 1 1 0 0 0 0 1 0 1 0 0 1 1 0 1 0 0 1 1 1 0 0 0 0 1 0 0 0 1 0 0 0 0 
0 1 0 1 0 0 1 0 0 1 1 0 0 0 1 0 1 0 0 0 0 1 0 1 0 0 0 0 1 0 1 1 0 0 0 0 0 0 0 0 1 0 1 1 0 0 0 0 1 0 
1 1 1 0 0 0 1 0 0 0 0 0 0 0 0 0 0 1 1 0 1 0 0 0 0 1 0 0 0 0 0 1 0 1 0 0 0 0 0 0 0 1 0 1 0 0 0 0 1 1 
0 1 0 0 0 1 1 0 0 0 1 1 1 0 0 0 0 0 1 0 0 0 1 0 0 1 1 0 0 0 1 0 1 0 0 0 0 0 1 0 0 1 0 0 1 1 0 0 0 1 
0 0 0 0 1 0 1 0 1 0 0 0 0 0 0 1 0 0 0 1 1 0 0 0 1 0 0 0 0 0 0 0 0 1 0 0 0 1 0 1 1 0 0 1 0 0 0 0 0 0 
1 1 0 0 0 0 0 1 0 1 0 1 1 1 0 0 1 0 0 0 0 0 0 1 0 0 1 0 0 0 0 0 0 1 0 0 0 0 1 0 0 0 0 0 1 0 1 1 0 0 
1 0 1 1 0 0 1 0 1 1 1 1 0 0 0 1 0 0 1 1 0 0 1 0 1 1 1 0 1 1 0 0 1 0 1 0 1 0 1 1 0 1 0 0 0 1 1 0 1 0 
1 1 0 1 0 0 0 0 0 0 1 0 0 1 1 1 1 0 0 0 1 0 0 0 1 0 1 0 0 1 0 0 0 1 0 0 0 0 0 0 1 0 1 0 0 1 1 0 0 0 
0 0 1 0 0 1 1 0 0 0 0 0 0 0 1 0 1 0 0 1 0 1 0 0 1 0 0 0 1 0 1 0 0 1 1 1 0 1 0 0 1 0 0 1 1 0 0 1 1 0 
0 0 0 0 0 0 0 0 1 1 0 1 0 1 0 0 0 0 1 0 1 0 1 0 0 0 0 0 1 0 1 0 0 1 0 1 0 0 0 0 0 0 1 1 1 0 0 0 0 1 
0 0 0 0 0 0 0 0 0 0 1 0 0 0 0 0 1 1 1 0 0 0 1 0 0 0 1 0 0 0 0 0 0 0 1 0 1 0 0 0 0 0 1 0 0 1 0 0 0 0 
1 0 1 0 0 0 0 1 0 0 0 0 1 1 0 0 1 1 0 1 0 0 0 0 1 0 1 0 1 0 0 1 0 0 0 0 0 0 1 1 0 0 0 1 0 1 0 0 0 0 
1 0 0 1 0 0 1 0 0 1 1 1 1 0 0 0 0 0 0 0 0 0 0 1 1 0 0 1 0 0 0 1 0 0 0 0 0 0 0 1 1 0 0 0 0 0 1 0 0 0 

0 0 0 18 0 28 0 28 4 0 0 0 0 0 0 0 16 0 0 0 0 0 0 23 0 0 0 0 27 0 0 0 0 0 0 0 0 0 5 0 20 0 0 0 0 20 0 0 0 0 
0 0 27 0 0 0 13 0 20 0 0 0 0 0 0 0 0 0 0 0 0 0 24 0 5 0 0 16 0 13 0 0 0 0 0 16 0 0 0 0 0 18 0 0 27 18 0 0 10 0 
22 0 0 19 0 0 0 0 0 0 0 0 0 0 0 0 15 0 0 0 0 30 0 0 0 0 0 0 0 0 0 0 18 0 0 21 0 0 0 0 0 0 0 22 0 0 0 0 0 0 
0 0 0 0 0 0 0 0 0 0 16 0 17 0 0 0 0 33 0 0 0 25 0 0 0 0 0 0 0 0 0 13 0 0 0 0 5 0 0 0 0 22 0 0 0 0 0 26 0 2 
0 0 12 0 0 0 0 0 0 0 0 0 0 0 0 1 0 0 29 0 0 0 0 0 0 0 0 17 9 0 0 0 0 0 0 0 25 0 0 0 0 0 15 0 0 0 0 13 0 23 
32 0 0 0 0 0 8 0 0 0 0 0 0 0 0 23 0 0 0 0 0 0 0 0 0 0 11 0 0 0 0 0 27 0 0 0 0 0 0 0 0 0 0 6 19 0 0 2 0 24 
0 0 5 0 0 0 0 0 5 0 18 0 0 0 0 0 0 28 0 0 0 0 0 0 7 25 0 0 0 0 0 6 0 0 0 0 0 4 0 0 0 0 0 0 0 0 29 0 0 0 
0 0 0 0 0 0 0 0 0 28 0 0 29 0 0 0 22 0 0 0 0 0 0 0 22 0 6 0 0 0 0 0 13 19 0 0 0 0 0 0 26 0 0 0 0 0 0 0 0 0 
0 0 5 0 15 0 0 0 0 0 0 0 0 0 0 0 28 0 0 0 0 0 9 0 20 0 0 0 0 13 0 0 19 0 0 0 0 0 0 0 0 0 0 22 0 0 0 28 25 0 
27 25 0 22 0 0 0 0 14 0 0 0 0 0 0 0 0 29 0 0 0 0 0 0 0 0 0 0 10 0 0 0 0 0 0 0 0 0 2 12 0 0 7 26 0 0 23 0 0 0 
0 10 0 0 0 0 0 23 0 0 0 0 0 0 25 0 0 0 0 33 0 0 0 0 0 0 4 0 0 0 0 0 0 19 24 0 0 24 0 0 0 0 0 22 2 0 0 24 0 0 
2 0 0 0 0 0 0 0 0 0 0 0 0 0 0 0 0 30 0 12 0 0 0 31 0 0 20 0 0 23 0 0 0 21 0 0 17 0 0 0 0 0 0 0 0 0 0 0 17 0 
0 0 0 0 0 0 0 0 0 0 0 0 0 0 8 30 6 11 0 0 4 0 0 3 0 0 0 0 0 0 0 0 0 0 0 0 17 0 28 9 0 32 0 0 0 0 0 0 4 0 
0 0 21 0 0 0 0 25 0 8 0 0 0 0 0 0 0 0 11 0 0 0 0 0 0 0 0 0 0 0 0 0 0 0 0 0 0 3 0 0 0 8 0 0 0 0 0 0 0 0 
9 0 0 0 7 0 0 0 0 2 12 0 0 0 0 2 5 0 0 0 0 0 0 27 0 0 0 0 0 0 0 14 0 0 0 17 0 16 34 0 0 0 0 0 14 0 0 0 0 0 
0 22 0 0 22 0 0 0 0 0 32 0 0 33 0 0 0 0 0 0 23 0 0 0 0 0 23 0 0 0 0 0 0 0 30 0 0 30 22 0 0 0 26 0 0 0 0 0 0 0 
0 0 2 13 0 0 0 0 0 0 0 17 0 0 0 0 0 0 0 0 0 15 0 1 0 0 0 13 0 0 16 0 0 0 0 21 0 17 0 0 0 0 0 0 0 0 0 15 0 0 
0 0 0 0 4 0 0 11 0 0 0 0 0 0 0 0 0 0 7 0 0 0 7 0 0 11 0 0 0 3 0 0 20 0 0 0 25 0 0 0 0 0 0 30 0 0 0 0 0 0 
14 0 0 0 0 0 23 0 0 0 0 0 0 0 0 0 0 5 0 0 8 0 0 0 0 0 0 0 4 0 0 0 17 0 0 0 0 20 0 0 0 0 26 13 0 0 0 0 0 0 
26 0 0 30 0 0 0 0 20 0 0 0 0 18 0 0 0 0 0 0 0 0 0 0 13 0 4 0 0 0 0 7 0 0 15 0 0 0 14 0 3 0 0 0 0 0 0 5 0 0 
0 0 0 0 0 0 0 0 11 0 0 0 7 0 0 1 0 0 0 0 0 0 0 0 0 0 0 9 0 0 0 0 0 0 0 0 0 0 0 0 0 0 0 0 0 7 0 0 0 0 
0 0 0 0 24 0 0 0 0 0 23 0 0 0 0 0 0 0 0 0 9 0 26 0 15 0 4 0 0 0 0 10 25 0 0 0 0 0 0 0 0 0 0 0 0 0 0 10 0 0 
15 0 0 0 0 0 9 0 0 0 0 0 0 0 0 0 3 0 0 15 0 23 0 0 29 0 0 0 30 0 0 0 0 0 29 0 0 0 0 4 0 9 0 0 0 0 0 8 0 0 
0 0 0 4 0 0 0 0 0 0 15 21 0 0 0 0 0 22 0 0 19 5 24 0 0 0 0 0 0 0 0 0 0 0 0 0 29 0 0 0 0 0 3 0 0 0 0 6 0 0 
0 0 0 0 25 13 0 0 0 0 0 0 0 0 0 0 0 0 0 0 0 0 0 0 0 0 0 0 0 0 0 0 0 6 0 0 9 2 0 0 0 0 0 0 0 0 0 0 0 0 
0 0 0 0 0 0 7 0 22 0 0 0 0 0 0 0 0 0 0 0 0 0 21 0 2 0 0 0 0 0 0 14 15 0 0 0 0 0 0 0 14 0 0 0 20 0 20 0 2 0 
0 0 2 12 0 0 0 0 0 0 0 0 9 0 14 0 5 0 0 0 0 0 12 0 24 0 0 0 0 0 0 10 0 0 0 0 0 0 0 24 0 0 0 0 0 8 0 18 0 0 
0 0 0 0 0 0 0 28 17 0 0 0 1 0 28 0 0 0 0 0 17 0 0 0 0 0 0 0 0 0 0 0 0 29 0 0 0 0 0 0 0 0 0 0 7 0 0 0 16 0 
0 0 0 17 0 12 0 0 0 16 0 0 15 16 0 5 0 0 0 0 0 0 0 0 0 11 0 0 0 0 0 0 29 0 18 0 0 0 0 0 0 0 0 0 16 0 0 26 0 0 
0 12 0 0 0 0 0 0 0 0 0 0 0 0 0 0 0 0 0 0 0 6 0 21 0 0 0 0 0 0 0 0 0 0 0 0 0 0 0 0 30 0 0 0 5 0 18 0 0 0 
0 0 0 0 0 0 0 0 0 0 0 0 0 0 0 0 0 0 0 0 0 0 0 18 0 24 0 0 0 0 0 6 0 0 0 0 0 0 0 0 0 0 0 0 6 3 0 0 0 3 
16 0 0 0 0 0 3 14 0 0 20 0 0 0 14 0 0 0 0 2 0 0 0 0 0 0 0 0 0 0 0 0 0 0 0 0 3 0 0 0 0 0 0 0 0 16 0 0 0 0 
0 4 0 0 0 0 0 0 0 0 0 0 0 4 0 0 0 0 0 0 0 0 31 0 26 0 0 0 0 0 0 0 0 0 0 0 0 0 0 0 33 0 20 0 0 0 0 0 0 23 
0 15 0 0 0 0 20 0 0 12 0 0 0 22 0 0 0 0 0 0 0 0 0 0 0 0 0 0 0 0 0 0 0 0 24 0 7 3 0 0 0 31 0 0 0 0 0 0 0 21 
13 0 0 0 0 0 2 0 20 9 0 2 0 0 0 0 0 0 0 19 0 0 0 0 0 10 0 0 0 0 0 0 29 0 0 0 0 0 0 0 0 0 0 0 0 0 29 0 3 0 
0 0 0 2 0 0 0 0 0 0 0 0 23 0 0 0 0 17 0 0 15 0 0 0 0 17 6 25 0 0 0 0 0 17 17 0 0 0 0 0 0 0 0 0 31 0 1 0 30 0 
0 0 0 0 0 0 0 30 10 0 0 31 0 28 5 14 0 0 0 25 0 0 10 0 0 0 0 0 9 0 0 0 5 2 0 0 0 4 0 4 0 0 29 0 1 0 7 30 0 0 
0 0 0 0 0 0 0 0 30 0 0 21 0 0 0 0 0 2 6 0 8 0 0 0 0 0 0 1 0 0 0 0 0 0 0 0 0 0 0 2 0 20 0 0 0 0 21 0 0 0 
0 0 0 0 0 0 0 11 0 0 28 0 0 28 0 0 0 3 0 0 0 8 0 0 0 0 0 0 0 0 0 0 0 0 0 0 30 0 0 0 0 0 0 6 0 0 0 0 0 0 
0 0 0 18 0 0 0 0 0 0 0 0 0 9 0 0 0 0 0 18 0 0 0 0 0 0 30 0 3 10 0 0 0 0 0 0 0 0 0 0 0 0 9 0 0 0 0 24 0 0 
0 0 0 2 0 0 0 0 0 0 0 0 0 30 0 0 12 0 0 0 0 17 0 0 0 0 0 0 0 24 0 13 8 8 0 0 0 0 0 0 0 0 0 0 28 0 27 0 0 0 
0 0 8 0 0 0 21 0 1 0 0 0 0 0 5 0 0 4 12 0 0 0 0 0 12 21 2 0 0 0 0 0 1 0 20 0 0 0 0 0 0 0 0 2 0 1 0 0 24 0 
28 0 0 0 0 0 0 0 4 0 0 0 0 0 21 0 0 0 0 0 0 0 0 0 0 0 0 0 0 0 0 0 0 0 0 0 2 0 0 0 0 22 0 0 30 0 0 28 0 0 
26 0 29 0 0 0 0 0 0 0 5 0 0 0 10 0 14 16 0 11 0 0 1 0 0 0 0 0 0 0 0 22 3 0 0 0 0 24 0 18 0 0 0 0 0 0 0 0 0 0 
0 30 8 0 0 10 0 0 9 0 0 0 0 0 0 0 0 10 0 0 0 0 0 0 31 0 0 0 0 0 0 0 32 16 0 20 0 0 0 0 32 10 0 0 0 0 0 0 0 0 
0 0 0 0 0 0 0 27 0 0 0 0 0 0 0 0 0 0 23 0 0 0 0 10 0 0 1 0 0 1 0 0 0 0 0 0 0 0 0 0 0 0 0 0 6 0 0 30 0 15 
4 0 0 0 0 0 0 0 0 0 2 22 0 0 5 5 0 0 31 0 0 0 0 0 0 0 0 0 0 0 0 0 0 23 0 0 0 0 0 0 0 0 27 0 24 0 0 0 0 0 
0 0 24 0 0 0 0 0 0 0 0 0 0 5 0 0 0 0 0 0 0 0 0 22 11 0 13 15 0 26 0 6 22 0 0 0 0 0 0 0 0 0 0 0 6 21 0 0 0 0 
23 0 0 0 0 0 0 0 3 0 0 0 0 0 28 0 0 0 0 0 0 0 0 0 0 0 0 0 0 0 0 0 0 0 0 0 0 0 0 14 18 19 0 10 0 0 0 0 0 0 
0 0 0 0 0 0 0 0 0 0 0 0 0 0 0 0 8 0 16 0 0 0 6 0 29 16 25 0 0 0 0 0 0 0 0 0 0 16 0 0 10 0 0 0 0 0 0 0 0 0 
