50

0 0 1 0 0 0 1 1 1 0 0 0 1 0 0 0 1 0 0 0 1 1 0 1 0 1 0 0 0 0 0 0 0 0 0 0 1 0 0 0 0 0 0 0 0 0 0 1 0 0 
0 0 1 0 0 1 0 0 0 1 0 0 0 0 1 0 0 1 0 0 0 0 1 0 0 0 1 1 0 0 0 1 0 1 0 0 1 0 0 0 0 0 0 0 1 0 0 0 0 0 
1 1 0 0 0 0 0 1 0 0 1 0 0 0 1 0 1 0 1 0 0 1 0 1 1 1 0 0 0 1 1 1 1 0 0 1 0 0 1 0 0 0 0 0 0 1 1 0 1 1 
0 0 0 0 1 0 0 1 0 0 0 1 0 0 1 0 1 0 0 0 0 0 1 1 0 1 0 0 0 0 1 0 0 1 0 1 0 0 1 1 1 0 0 1 0 0 0 0 0 0 
0 0 0 1 0 0 0 0 1 0 0 0 0 0 0 0 1 1 0 0 0 1 0 1 1 1 0 1 1 0 1 0 0 1 1 0 0 0 0 1 0 0 0 0 0 0 0 0 0 0 
0 1 0 0 0 0 0 1 1 0 0 0 0 1 1 0 0 0 1 1 0 0 1 0 0 0 0 1 1 0 1 1 0 0 0 0 1 1 1 1 0 0 0 0 0 0 1 1 1 0 
1 0 0 0 0 0 0 1 0 1 0 0 0 0 1 0 0 1 0 0 0 0 1 0 0 0 1 0 0 0 0 1 0 0 0 0 0 0 0 0 1 0 0 0 1 1 0 0 0 0 
1 0 1 1 0 1 1 0 1 0 1 0 1 0 1 0 0 0 1 0 0 1 1 0 0 1 1 0 1 0 1 1 0 1 0 0 0 0 0 1 0 0 1 0 0 0 0 1 1 1 
1 0 0 0 1 1 0 1 0 0 1 1 0 1 1 0 1 0 0 1 0 0 0 0 0 1 0 0 1 0 0 0 1 0 0 1 0 0 1 0 0 0 0 1 0 0 0 0 1 0 
0 1 0 0 0 0 1 0 0 0 0 0 0 0 0 0 1 0 0 0 0 0 0 0 0 1 1 0 0 0 0 1 0 1 0 1 0 0 0 0 0 0 1 1 0 0 0 0 0 0 
0 0 1 0 0 0 0 1 1 0 0 1 1 0 0 0 1 0 0 0 0 0 0 0 0 0 0 1 1 1 1 1 0 0 0 0 0 0 1 0 0 1 0 0 0 0 1 0 1 1 
0 0 0 1 0 0 0 0 1 0 1 0 0 0 0 0 0 1 1 0 0 0 1 1 0 0 0 0 0 1 0 0 0 0 1 0 1 0 0 0 1 1 0 0 0 0 1 0 0 0 
1 0 0 0 0 0 0 1 0 0 1 0 0 1 0 0 1 1 1 0 0 0 0 1 1 1 1 0 0 0 0 0 0 1 0 0 1 0 0 0 0 0 0 1 0 1 1 0 1 1 
0 0 0 0 0 1 0 0 1 0 0 0 1 0 0 0 1 1 0 1 0 0 0 0 0 0 0 0 0 0 1 0 0 0 1 0 1 0 0 0 0 1 0 0 0 0 1 1 0 0 
0 1 1 1 0 1 1 1 1 0 0 0 0 0 0 1 1 0 1 0 1 0 0 1 0 0 0 0 1 0 0 0 1 0 1 0 1 0 0 0 1 0 0 0 0 1 0 0 0 0 
0 0 0 0 0 0 0 0 0 0 0 0 0 0 1 0 0 0 1 0 1 0 0 0 0 0 0 0 1 0 0 0 1 1 0 1 1 1 0 0 1 0 1 1 0 0 0 0 0 1 
1 0 1 1 1 0 0 0 1 1 1 0 1 1 1 0 0 1 0 1 0 0 0 0 1 1 1 0 0 0 0 0 0 0 1 1 1 1 1 0 0 0 0 1 0 0 0 1 0 0 
0 1 0 0 1 0 1 0 0 0 0 1 1 1 0 0 1 0 0 0 0 1 0 0 1 0 0 0 1 0 0 0 0 0 1 0 0 1 0 0 0 0 0 0 0 0 0 0 0 0 
0 0 1 0 0 1 0 1 0 0 0 1 1 0 1 1 0 0 0 0 1 0 1 0 1 0 0 1 1 0 0 1 0 0 0 1 0 0 0 1 1 0 0 0 0 0 0 0 0 0 
0 0 0 0 0 1 0 0 1 0 0 0 0 1 0 0 1 0 0 0 0 1 1 0 0 0 0 0 1 0 0 0 0 0 0 0 0 0 1 0 1 0 0 0 1 0 0 1 0 0 
1 0 0 0 0 0 0 0 0 0 0 0 0 0 1 1 0 0 1 0 0 0 0 0 0 0 1 0 0 0 0 1 0 0 0 0 0 1 0 0 1 1 1 1 0 1 0 0 0 0 
1 0 1 0 1 0 0 1 0 0 0 0 0 0 0 0 0 1 0 1 0 0 0 1 0 0 0 0 0 0 0 0 0 0 0 0 0 0 1 1 0 1 0 1 0 0 0 1 0 0 
0 1 0 1 0 1 1 1 0 0 0 1 0 0 0 0 0 0 1 1 0 0 0 1 0 0 1 1 0 0 0 0 0 1 0 1 1 1 0 0 0 0 1 1 0 0 0 1 1 1 
1 0 1 1 1 0 0 0 0 0 0 1 1 0 1 0 0 0 0 0 0 1 1 0 0 1 1 0 0 0 1 1 0 0 0 0 1 1 0 1 0 0 0 1 1 0 0 0 0 0 
0 0 1 0 1 0 0 0 0 0 0 0 1 0 0 0 1 1 1 0 0 0 0 0 0 1 0 1 1 1 0 0 1 1 1 0 1 1 0 0 1 0 1 1 1 0 0 0 1 0 
1 0 1 1 1 0 0 1 1 1 0 0 1 0 0 0 1 0 0 0 0 0 0 1 1 0 0 1 0 0 0 0 0 0 1 1 0 0 0 0 0 1 0 0 0 0 0 0 0 0 
0 1 0 0 0 0 1 1 0 1 0 0 1 0 0 0 1 0 0 0 1 0 1 1 0 0 0 0 1 0 1 1 0 1 0 1 0 1 0 1 0 1 0 1 1 0 0 0 0 1 
0 1 0 0 1 1 0 0 0 0 1 0 0 0 0 0 0 0 1 0 0 0 1 0 1 1 0 0 0 0 0 1 0 1 1 0 0 0 1 0 0 0 0 0 1 1 0 0 0 0 
0 0 0 0 1 1 0 1 1 0 1 0 0 0 1 1 0 1 1 1 0 0 0 0 1 0 1 0 0 0 1 1 0 0 0 0 1 0 0 0 0 1 0 0 0 0 0 1 1 0 
0 0 1 0 0 0 0 0 0 0 1 1 0 0 0 0 0 0 0 0 0 0 0 0 1 0 0 0 0 0 1 0 1 0 0 1 0 0 0 0 1 1 0 0 1 0 0 0 0 0 
0 0 1 1 1 1 0 1 0 0 1 0 0 1 0 0 0 0 0 0 0 0 0 1 0 0 1 0 1 1 0 1 1 1 0 0 0 1 0 0 0 1 0 0 0 0 0 0 0 0 
0 1 1 0 0 1 1 1 0 1 1 0 0 0 0 0 0 0 1 0 1 0 0 1 0 0 1 1 1 0 1 0 0 0 1 0 1 0 0 0 1 0 0 0 0 0 1 1 1 1 
0 0 1 0 0 0 0 0 1 0 0 0 0 0 1 1 0 0 0 0 0 0 0 0 1 0 0 0 0 1 1 0 0 0 0 1 1 0 0 0 1 0 0 0 0 0 0 1 1 0 
0 1 0 1 1 0 0 1 0 1 0 0 1 0 0 1 0 0 0 0 0 0 1 0 1 0 1 1 0 0 1 0 0 0 0 1 1 0 0 0 0 1 1 0 0 0 1 0 0 0 
0 0 0 0 1 0 0 0 0 0 0 1 0 1 1 0 1 1 0 0 0 0 0 0 1 1 0 1 0 0 0 1 0 0 0 0 1 1 0 0 0 0 0 0 0 1 0 0 0 0 
0 0 1 1 0 0 0 0 1 1 0 0 0 0 0 1 1 0 1 0 0 0 1 0 0 1 1 0 0 1 0 0 1 1 0 0 0 0 0 0 0 1 0 0 0 1 0 0 0 0 
1 1 0 0 0 1 0 0 0 0 0 1 1 1 1 1 1 0 0 0 0 0 1 1 1 0 0 0 1 0 0 1 1 1 1 0 0 0 0 0 0 0 1 0 0 0 0 0 1 0 
0 0 0 0 0 1 0 0 0 0 0 0 0 0 0 1 1 1 0 0 1 0 1 1 1 0 1 0 0 0 1 0 0 0 1 0 0 0 0 0 0 1 1 0 0 1 0 0 1 0 
0 0 1 1 0 1 0 0 1 0 1 0 0 0 0 0 1 0 0 1 0 1 0 0 0 0 0 1 0 0 0 0 0 0 0 0 0 0 0 1 1 0 1 0 1 0 0 1 1 0 
0 0 0 1 1 1 0 1 0 0 0 0 0 0 0 0 0 0 1 0 0 1 0 1 0 0 1 0 0 0 0 0 0 0 0 0 0 0 1 0 1 0 0 0 0 0 0 0 0 0 
0 0 0 1 0 0 1 0 0 0 0 1 0 0 1 1 0 0 1 1 1 0 0 0 1 0 0 0 0 1 0 1 1 0 0 0 0 0 1 1 0 0 0 0 0 0 0 1 1 0 
0 0 0 0 0 0 0 0 0 0 1 1 0 1 0 0 0 0 0 0 1 1 0 0 0 1 1 0 1 1 1 0 0 1 0 1 0 1 0 0 0 0 0 0 0 0 1 0 0 0 
0 0 0 0 0 0 0 1 0 1 0 0 0 0 0 1 0 0 0 0 1 0 1 0 1 0 0 0 0 0 0 0 0 1 0 0 1 1 1 0 0 0 0 1 0 1 0 0 0 0 
0 0 0 1 0 0 0 0 1 1 0 0 1 0 0 1 1 0 0 0 1 1 1 1 1 0 1 0 0 0 0 0 0 0 0 0 0 0 0 0 0 0 1 0 0 1 0 1 1 0 
0 1 0 0 0 0 1 0 0 0 0 0 0 0 0 0 0 0 0 1 0 0 0 1 1 0 1 1 0 1 0 0 0 0 0 0 0 0 1 0 0 0 0 0 0 1 0 0 0 0 
0 0 1 0 0 0 1 0 0 0 0 0 1 0 1 0 0 0 0 0 1 0 0 0 0 0 0 1 0 0 0 0 0 0 1 1 0 1 0 0 0 0 1 1 1 0 1 0 0 0 
0 0 1 0 0 1 0 0 0 0 1 1 1 1 0 0 0 0 0 0 0 0 0 0 0 0 0 0 0 0 0 1 0 1 0 0 0 0 0 0 0 1 0 0 0 1 0 1 0 0 
1 0 0 0 0 1 0 1 0 0 0 0 0 1 0 0 1 0 0 1 0 1 1 0 0 0 0 0 1 0 0 1 1 0 0 0 0 0 1 0 1 0 0 1 0 0 1 0 1 1 
0 0 1 0 0 1 0 1 1 0 1 0 1 0 0 0 0 0 0 0 0 0 1 0 1 0 0 0 1 0 0 1 1 0 0 0 1 1 1 0 1 0 0 1 0 0 0 1 0 1 
0 0 1 0 0 0 0 1 0 0 1 0 1 0 0 1 0 0 0 0 0 0 1 0 0 0 1 0 0 0 0 1 0 0 0 0 0 0 0 0 0 0 0 0 0 0 0 1 1 0 

0 0 0 27 8 0 0 0 0 0 0 0 0 0 0 6 0 0 0 0 0 0 0 0 0 0 0 0 0 0 0 0 0 0 0 0 0 0 0 0 0 0 0 0 0 0 0 0 0 0 
0 0 0 0 0 0 0 0 5 0 0 18 0 0 0 31 0 27 0 0 0 18 0 0 3 0 0 0 0 7 0 21 0 0 0 0 26 0 0 24 0 0 10 0 0 0 0 0 0 0 
0 0 0 0 0 18 0 9 0 0 0 0 0 0 0 0 0 0 0 0 0 0 0 0 0 0 0 0 0 14 16 2 0 0 0 0 0 0 0 0 11 0 0 0 0 7 0 0 0 0 
0 0 0 0 3 0 0 0 0 0 0 0 0 0 0 0 0 0 0 0 0 0 0 7 0 0 0 0 0 0 11 12 0 0 0 0 0 0 0 0 0 0 0 0 0 0 0 0 0 3 
0 29 0 0 0 0 1 0 1 0 0 0 0 0 0 0 0 0 0 23 0 0 0 0 0 0 0 0 0 0 0 0 0 8 5 0 12 0 0 0 0 0 0 0 0 13 24 5 12 0 
0 14 0 0 0 0 0 0 0 0 11 0 0 23 0 0 0 0 0 0 0 0 0 0 1 20 0 0 0 3 13 27 0 9 0 0 0 0 0 0 0 0 0 0 0 0 0 0 2 7 
0 0 0 0 0 0 0 12 0 8 0 0 0 0 0 0 0 0 11 0 0 0 0 0 0 0 0 0 2 0 0 0 28 0 0 0 0 0 0 0 0 0 2 0 0 0 0 0 9 0 
0 0 0 0 1 0 0 0 0 0 28 22 13 0 13 0 0 13 11 0 0 0 0 18 27 0 4 0 0 23 0 2 0 0 4 0 27 0 0 2 3 28 0 0 0 0 24 0 0 0 
0 0 0 0 0 0 0 0 0 0 0 23 22 0 24 20 0 0 0 0 0 0 0 0 0 10 0 0 29 3 0 0 0 0 0 25 0 3 13 7 16 0 0 0 0 0 0 0 0 0 
16 0 0 27 0 10 0 0 0 0 0 0 0 16 0 0 0 0 0 0 0 0 15 31 0 0 0 0 0 0 0 0 0 0 0 0 0 0 8 0 0 6 0 0 0 15 0 0 0 0 
26 0 0 0 0 15 0 14 0 16 0 26 0 0 0 0 0 0 11 0 0 0 0 7 0 0 26 0 0 28 0 7 7 0 0 0 6 0 30 0 0 26 0 0 0 0 0 0 14 7 
26 0 0 0 0 26 0 0 14 0 8 0 0 0 0 0 0 0 20 6 0 0 0 0 0 0 28 0 0 7 19 23 0 0 0 0 0 0 0 0 0 0 29 0 0 0 0 0 29 0 
0 0 0 0 0 18 28 27 0 0 0 0 0 0 0 0 0 0 0 13 0 0 0 0 0 0 0 0 0 0 0 17 0 0 0 0 0 0 0 2 25 0 0 0 31 0 0 0 0 0 
0 22 22 0 0 0 14 3 0 15 0 0 0 0 0 0 0 0 0 0 0 0 0 0 0 0 0 0 0 0 0 23 22 0 0 0 0 0 0 0 0 0 0 0 0 10 0 0 0 0 
0 24 0 0 0 0 22 0 15 0 0 0 0 0 0 0 30 0 23 0 0 0 0 0 0 25 0 12 0 0 0 0 0 0 0 0 11 0 0 0 7 0 24 0 8 0 0 0 0 0 
0 0 6 0 0 0 0 0 30 0 0 0 0 0 0 0 0 0 0 0 0 0 0 0 0 0 0 15 0 30 0 0 0 0 0 0 0 0 0 27 0 0 0 26 0 0 0 0 0 0 
0 10 0 0 0 0 0 0 21 0 28 0 9 21 0 29 0 0 0 0 0 0 0 12 0 0 0 0 0 0 0 0 29 0 0 0 0 16 0 0 0 0 0 12 0 0 0 0 23 10 
0 0 0 0 0 0 0 0 17 0 0 15 0 0 1 0 0 0 0 0 0 0 0 29 0 0 0 0 0 0 0 0 0 23 0 0 0 0 29 0 0 19 0 0 0 0 9 0 0 0 
0 0 0 0 0 0 2 0 0 0 0 0 0 0 0 0 0 5 0 0 0 0 14 0 0 0 0 0 0 0 0 7 0 0 0 0 0 0 0 0 0 0 0 0 0 0 0 8 0 0 
0 0 0 0 0 30 21 0 0 0 0 0 0 0 0 0 0 4 0 0 0 0 0 0 0 0 0 0 0 17 0 0 0 0 3 13 0 0 0 21 24 0 0 0 19 0 0 0 0 0 
0 0 24 27 0 0 0 0 17 0 0 0 0 0 0 0 0 0 26 0 0 0 0 0 0 28 0 25 0 16 21 0 0 8 0 0 0 0 0 0 0 0 0 0 0 0 0 0 0 13 
0 0 0 0 0 0 0 0 0 0 0 0 0 0 23 25 0 0 0 0 0 0 0 0 0 0 0 0 0 0 0 0 0 0 0 0 0 31 22 0 27 0 0 9 17 0 0 0 0 0 
2 0 0 0 0 0 0 0 4 0 0 4 12 1 0 10 0 0 0 0 0 0 0 0 0 0 0 9 0 0 0 29 0 0 0 0 0 0 0 0 12 0 0 0 0 0 0 0 0 0 
0 0 0 13 0 0 20 0 0 0 0 0 0 30 0 0 0 0 31 19 0 17 0 0 0 0 0 0 0 0 20 0 0 0 0 0 0 0 20 0 0 0 27 0 0 0 23 0 0 27 
0 0 0 0 0 0 0 0 0 0 0 0 1 0 0 0 0 0 0 28 16 3 0 0 0 0 0 0 0 0 11 12 0 0 0 3 0 0 0 0 0 28 29 0 4 0 0 0 0 0 
0 18 0 0 0 0 0 7 0 0 0 0 0 0 28 22 20 27 0 0 1 0 0 0 0 0 0 3 30 0 0 0 0 0 0 17 27 19 0 0 18 0 3 0 17 4 0 0 0 0 
0 0 0 0 0 24 0 0 0 0 8 0 10 0 12 0 17 0 0 0 0 10 0 0 22 0 0 0 0 0 25 9 0 0 0 0 11 0 0 9 9 14 0 0 0 0 0 25 0 0 
21 0 0 0 3 7 0 0 0 0 0 0 0 0 21 0 13 0 0 0 15 2 0 0 0 3 0 0 0 0 0 0 0 0 0 0 0 0 0 0 0 0 0 0 0 0 1 0 0 0 
0 0 0 0 0 0 0 0 0 0 0 3 0 0 0 0 0 0 0 0 0 0 0 27 0 0 0 0 0 0 0 0 0 0 0 0 0 0 0 0 0 0 0 0 0 0 0 0 12 0 
0 0 0 3 0 29 31 0 0 0 0 0 23 0 0 0 0 0 0 6 0 0 0 0 0 0 0 1 0 0 0 0 6 0 0 0 0 10 0 0 0 0 0 25 0 0 8 5 0 0 
0 0 0 0 0 0 0 28 17 10 0 0 2 0 0 0 0 0 8 0 10 0 0 0 0 0 0 0 0 0 0 0 0 0 0 29 20 0 0 0 0 25 0 0 0 0 0 0 0 2 
0 22 0 0 0 0 0 0 0 0 0 0 0 1 0 15 0 0 0 3 0 0 0 14 0 0 12 0 0 12 25 0 25 0 0 0 0 0 0 17 0 0 0 8 0 30 7 0 0 15 
0 0 0 0 0 18 0 0 0 0 0 0 0 0 0 0 0 13 0 0 0 0 0 0 0 0 30 0 0 6 22 0 0 0 0 0 0 0 0 0 0 0 2 0 0 0 0 0 0 0 
0 0 0 28 0 0 0 0 0 0 0 2 19 16 0 28 0 0 0 0 0 0 0 0 0 0 0 0 0 3 0 0 0 0 0 0 0 20 0 9 0 0 0 0 0 0 0 0 17 0 
0 0 0 0 0 0 12 0 0 0 0 0 0 0 0 13 0 0 0 0 0 10 0 0 0 25 0 0 0 0 0 0 0 0 0 0 0 0 0 0 17 0 27 0 0 0 0 0 0 0 
0 0 4 0 0 0 0 23 0 10 4 0 0 0 0 0 0 5 0 19 0 0 4 0 0 0 0 0 0 19 0 0 0 0 4 0 6 0 0 0 23 0 0 0 25 0 0 10 19 1 
0 0 0 0 7 0 0 7 0 1 5 0 20 0 0 0 0 0 0 0 0 19 0 0 13 0 0 26 0 0 0 17 0 0 0 0 0 19 4 14 0 13 19 0 0 0 0 0 0 31 
0 0 19 0 0 4 0 0 11 0 14 0 16 5 0 0 0 0 0 0 0 0 0 11 0 0 0 0 0 0 0 0 0 0 0 4 17 0 0 0 0 0 0 0 0 0 0 21 0 0 
0 0 0 0 14 0 0 0 0 0 0 0 0 0 6 9 0 0 0 0 0 0 0 0 0 0 0 0 0 0 1 0 0 0 16 15 0 30 0 0 0 0 0 0 0 18 0 0 0 0 
0 3 26 0 0 0 0 0 0 0 0 0 0 14 10 0 0 0 0 0 0 0 0 0 0 0 0 0 0 0 0 0 0 0 2 0 0 19 0 0 0 0 0 0 0 23 0 0 0 0 
13 0 0 0 0 0 18 0 25 0 0 0 0 14 11 0 13 0 1 0 0 0 0 12 0 28 0 0 0 0 0 31 0 0 27 7 0 0 0 5 0 0 0 12 0 0 18 12 2 0 
0 0 0 27 0 12 0 0 19 0 0 0 0 0 0 0 0 12 9 0 0 0 0 1 0 0 0 0 0 0 0 0 0 0 0 0 0 0 0 0 0 0 0 0 0 0 0 0 0 0 
0 0 0 0 0 0 0 0 14 24 0 13 28 0 0 0 0 0 0 23 0 0 0 0 0 4 0 0 0 10 9 0 0 0 0 0 0 0 10 0 4 0 0 0 0 0 0 0 0 0 
0 0 0 10 0 0 0 5 0 17 0 0 0 0 0 0 25 0 5 0 0 0 0 0 0 8 0 0 0 21 0 25 27 0 19 0 0 15 0 0 0 0 0 0 0 0 0 0 0 0 
0 0 0 0 0 0 0 27 0 31 0 0 0 0 0 8 30 0 20 0 18 0 6 0 27 0 0 0 0 0 0 0 0 0 0 0 27 0 0 6 0 0 0 3 0 0 0 0 0 0 
0 24 12 26 0 0 0 0 0 0 0 0 0 0 0 4 0 0 8 5 0 0 0 0 0 0 0 0 0 0 17 10 0 0 0 0 0 0 0 0 0 0 9 0 0 0 0 0 0 0 
0 0 0 0 0 0 9 0 0 0 0 0 0 0 0 0 0 17 0 0 0 0 0 0 0 0 0 0 0 0 0 16 0 0 0 0 16 15 16 0 1 0 0 0 0 0 0 0 0 0 
28 0 0 0 1 0 0 0 0 0 0 0 0 0 0 0 0 0 0 0 0 0 0 0 0 26 0 30 0 0 0 0 22 0 0 0 0 0 0 0 0 0 0 0 0 0 17 0 0 26 
0 18 0 8 0 0 0 0 0 0 30 8 0 0 0 0 0 0 0 0 0 0 0 0 0 0 0 0 0 0 7 0 0 8 0 0 0 0 0 0 0 0 0 27 0 0 14 0 0 0 
0 0 0 0 0 0 0 0 27 0 0 0 0 0 0 0 0 0 0 0 4 0 0 0 0 0 0 0 29 0 0 0 0 0 0 0 11 0 0 0 0 0 0 19 0 0 0 0 0 0 
