50

0 0 1 1 1 0 1 0 0 0 0 0 0 0 0 0 0 0 1 0 0 0 0 0 0 0 0 1 0 0 1 0 1 0 1 1 0 0 1 1 0 1 0 0 1 0 0 0 0 0 
0 0 0 0 0 0 0 0 0 0 0 0 0 0 0 1 0 0 1 0 0 1 0 1 0 0 1 0 0 0 0 0 0 0 0 0 0 0 1 0 0 0 0 0 0 0 0 0 0 0 
1 0 0 0 0 0 0 0 0 1 0 0 0 0 1 0 0 1 1 0 1 1 0 0 0 0 0 0 0 0 0 0 0 0 0 0 0 0 0 0 0 0 0 0 0 0 0 1 0 0 
1 0 0 0 0 0 0 0 0 0 0 0 0 0 0 0 0 0 0 0 0 0 0 0 0 1 0 0 0 1 0 0 0 0 0 0 0 1 0 1 0 0 1 0 0 1 1 0 0 0 
1 0 0 0 0 0 0 0 0 0 0 0 0 0 0 0 0 0 0 0 1 1 1 0 0 0 0 0 0 0 0 0 0 0 0 0 0 0 0 1 0 0 0 0 0 0 0 0 0 0 
0 0 0 0 0 0 0 0 1 0 0 0 0 0 0 0 0 1 0 1 0 0 0 1 0 0 0 0 0 0 0 0 0 0 0 0 0 0 0 0 0 0 0 1 0 0 1 0 0 0 
1 0 0 0 0 0 0 0 0 1 0 0 0 0 0 1 0 0 0 1 0 0 0 1 0 0 0 1 1 0 0 0 0 0 0 0 0 0 0 0 0 0 0 0 0 0 0 0 0 0 
0 0 0 0 0 0 0 0 0 0 0 0 0 1 0 0 1 1 1 1 0 1 0 1 0 0 1 1 0 0 0 1 0 0 0 0 0 1 0 1 0 0 1 0 0 0 0 0 0 0 
0 0 0 0 0 1 0 0 0 0 1 0 1 0 1 0 0 0 0 0 0 0 0 0 0 0 0 0 0 0 1 1 0 0 0 0 1 0 0 0 0 1 0 0 0 0 0 0 0 0 
0 0 1 0 0 0 1 0 0 0 0 0 0 0 1 0 1 1 0 0 0 0 0 0 0 0 0 0 1 0 0 1 0 0 1 1 0 0 0 0 0 0 0 1 0 0 1 0 1 0 
0 0 0 0 0 0 0 0 1 0 0 0 0 0 0 1 1 0 0 0 0 1 0 0 1 0 0 0 0 1 1 0 0 0 1 0 0 0 0 0 1 0 1 1 1 0 0 0 1 0 
0 0 0 0 0 0 0 0 0 0 0 0 0 1 0 0 0 1 0 0 0 0 0 0 0 0 0 0 0 0 0 0 0 1 0 0 1 0 0 0 1 0 0 0 0 1 0 0 0 0 
0 0 0 0 0 0 0 0 1 0 0 0 0 0 0 0 0 0 0 1 1 0 0 0 0 1 1 0 0 0 0 0 0 0 0 0 0 0 0 0 0 0 0 1 0 1 1 0 0 0 
0 0 0 0 0 0 0 1 0 0 0 1 0 0 0 0 0 0 1 0 0 1 0 0 0 1 0 1 0 0 0 0 0 0 0 1 0 0 1 0 0 1 1 0 0 0 1 0 0 1 
0 0 1 0 0 0 0 0 1 1 0 0 0 0 0 0 1 0 0 0 0 0 0 0 0 1 0 0 0 1 0 1 0 0 0 1 0 0 0 0 0 0 0 0 0 1 0 1 1 0 
0 1 0 0 0 0 1 0 0 0 1 0 0 0 0 0 0 0 1 0 0 0 0 0 0 0 0 0 0 0 0 0 1 0 1 1 0 0 0 0 0 0 0 1 0 1 0 0 0 0 
0 0 0 0 0 0 0 1 0 1 1 0 0 0 1 0 0 0 0 0 0 1 0 0 0 0 0 0 0 0 0 0 0 0 0 0 1 0 0 0 0 1 0 0 1 1 0 0 0 1 
0 0 1 0 0 1 0 1 0 1 0 1 0 0 0 0 0 0 0 0 0 0 0 0 0 0 0 0 0 0 0 1 0 0 0 0 0 0 1 1 0 1 1 0 0 1 0 0 0 0 
1 1 1 0 0 0 0 1 0 0 0 0 0 1 0 1 0 0 0 1 1 0 0 1 0 0 0 1 0 0 0 0 0 0 0 1 0 0 0 0 1 0 1 0 0 1 0 0 0 0 
0 0 0 0 0 1 1 1 0 0 0 0 1 0 0 0 0 0 1 0 0 0 0 0 1 0 0 0 0 0 0 0 0 0 0 0 0 0 0 1 0 0 0 0 0 0 1 0 0 0 
0 0 1 0 1 0 0 0 0 0 0 0 1 0 0 0 0 0 1 0 0 1 0 0 0 0 0 1 0 1 0 0 1 0 1 1 1 1 0 0 0 1 0 1 0 1 1 0 0 1 
0 1 1 0 1 0 0 1 0 0 1 0 0 1 0 0 1 0 0 0 1 0 0 0 0 0 0 0 0 0 0 0 0 1 0 0 0 0 0 1 0 0 0 0 0 0 0 1 0 0 
0 0 0 0 1 0 0 0 0 0 0 0 0 0 0 0 0 0 0 0 0 0 0 0 1 1 0 0 0 0 0 0 0 1 0 0 0 0 0 0 0 0 0 0 1 0 0 0 0 0 
0 1 0 0 0 1 1 1 0 0 0 0 0 0 0 0 0 0 1 0 0 0 0 0 1 0 1 1 0 0 1 0 0 1 0 0 0 0 0 0 0 0 0 1 0 0 1 1 0 0 
0 0 0 0 0 0 0 0 0 0 1 0 0 0 0 0 0 0 0 1 0 0 1 1 0 1 0 0 0 1 0 1 0 0 0 0 1 0 0 0 0 0 0 1 0 0 0 0 0 0 
0 0 0 1 0 0 0 0 0 0 0 0 1 1 1 0 0 0 0 0 0 0 1 0 1 0 0 0 0 1 0 0 1 0 1 0 0 0 0 1 0 0 0 0 1 0 1 0 1 0 
0 1 0 0 0 0 0 1 0 0 0 0 1 0 0 0 0 0 0 0 0 0 0 1 0 0 0 0 0 0 0 1 0 0 0 0 0 0 0 0 0 0 0 0 0 0 1 0 0 0 
1 0 0 0 0 0 1 1 0 0 0 0 0 1 0 0 0 0 1 0 1 0 0 1 0 0 0 0 0 0 0 1 0 0 0 0 0 0 1 0 0 1 0 0 0 0 0 0 0 0 
0 0 0 0 0 0 1 0 0 1 0 0 0 0 0 0 0 0 0 0 0 0 0 0 0 0 0 0 0 1 1 0 0 0 1 0 1 1 0 0 1 0 0 0 0 0 0 1 0 0 
0 0 0 1 0 0 0 0 0 0 1 0 0 0 1 0 0 0 0 0 1 0 0 0 1 1 0 0 1 0 0 0 1 0 0 0 1 0 0 1 1 0 1 0 1 0 1 0 1 1 
1 0 0 0 0 0 0 0 1 0 1 0 0 0 0 0 0 0 0 0 0 0 0 1 0 0 0 0 1 0 0 0 0 1 1 0 1 1 0 0 1 1 0 0 0 1 0 0 0 0 
0 0 0 0 0 0 0 1 1 1 0 0 0 0 1 0 0 1 0 0 0 0 0 0 1 0 1 1 0 0 0 0 0 0 0 0 0 0 1 1 0 0 0 0 1 0 0 0 0 0 
1 0 0 0 0 0 0 0 0 0 0 0 0 0 0 1 0 0 0 0 1 0 0 0 0 1 0 0 0 1 0 0 0 0 0 1 0 0 1 0 1 1 0 0 0 0 0 0 1 0 
0 0 0 0 0 0 0 0 0 0 0 1 0 0 0 0 0 0 0 0 0 1 1 1 0 0 0 0 0 0 1 0 0 0 0 0 0 0 0 0 1 0 0 1 1 0 0 1 0 1 
1 0 0 0 0 0 0 0 0 1 1 0 0 0 0 1 0 0 0 0 1 0 0 0 0 1 0 0 1 0 1 0 0 0 0 1 0 1 0 1 0 0 0 1 0 0 0 0 1 1 
1 0 0 0 0 0 0 0 0 1 0 0 0 1 1 1 0 0 1 0 1 0 0 0 0 0 0 0 0 0 0 0 1 0 1 0 0 0 0 0 0 1 0 0 0 1 0 0 0 0 
0 0 0 0 0 0 0 0 1 0 0 1 0 0 0 0 1 0 0 0 1 0 0 0 1 0 0 0 1 1 1 0 0 0 0 0 0 0 1 1 0 0 1 0 0 0 1 0 0 0 
0 0 0 1 0 0 0 1 0 0 0 0 0 0 0 0 0 0 0 0 1 0 0 0 0 0 0 0 1 0 1 0 0 0 1 0 0 0 0 0 0 0 1 0 0 0 0 0 1 0 
1 1 0 0 0 0 0 0 0 0 0 0 0 1 0 0 0 1 0 0 0 0 0 0 0 0 0 1 0 0 0 1 1 0 0 0 1 0 0 0 0 0 0 0 0 1 1 0 0 0 
1 0 0 1 1 0 0 1 0 0 0 0 0 0 0 0 0 1 0 1 0 1 0 0 0 1 0 0 0 1 0 1 0 0 1 0 1 0 0 0 1 0 0 0 0 0 1 0 1 0 
0 0 0 0 0 0 0 0 0 0 1 1 0 0 0 0 0 0 1 0 0 0 0 0 0 0 0 0 1 1 1 0 1 1 0 0 0 0 0 1 0 0 0 0 0 1 0 0 0 0 
1 0 0 0 0 0 0 0 1 0 0 0 0 1 0 0 1 1 0 0 1 0 0 0 0 0 0 1 0 0 1 0 1 0 0 1 0 0 0 0 0 0 0 0 0 0 0 0 0 0 
0 0 0 1 0 0 0 1 0 0 1 0 0 1 0 0 0 1 1 0 0 0 0 0 0 0 0 0 0 1 0 0 0 0 0 0 1 1 0 0 0 0 0 1 0 0 0 0 0 0 
0 0 0 0 0 1 0 0 0 1 1 0 1 0 0 1 0 0 0 0 1 0 0 1 1 0 0 0 0 0 0 0 0 1 1 0 0 0 0 0 0 0 1 0 1 0 0 0 0 0 
1 0 0 0 0 0 0 0 0 0 1 0 0 0 0 0 1 0 0 0 0 0 1 0 0 1 0 0 0 1 0 1 0 1 0 0 0 0 0 0 0 0 0 1 0 0 0 0 0 0 
0 0 0 1 0 0 0 0 0 0 0 1 1 0 1 1 1 1 1 0 1 0 0 0 0 0 0 0 0 0 1 0 0 0 0 1 0 0 1 0 1 0 0 0 0 0 0 0 1 0 
0 0 0 1 0 1 0 0 0 1 0 0 1 1 0 0 0 0 0 1 1 0 0 1 0 1 1 0 0 1 0 0 0 0 0 0 1 0 1 1 0 0 0 0 0 0 0 0 0 1 
0 0 1 0 0 0 0 0 0 0 0 0 0 0 1 0 0 0 0 0 0 1 0 1 0 0 0 0 1 0 0 0 0 1 0 0 0 0 0 0 0 0 0 0 0 0 0 0 0 1 
0 0 0 0 0 0 0 0 0 1 1 0 0 0 1 0 0 0 0 0 0 0 0 0 0 1 0 0 0 1 0 0 1 0 1 0 0 1 0 1 0 0 0 0 0 1 0 0 0 0 
0 0 0 0 0 0 0 0 0 0 0 0 0 1 0 0 1 0 0 0 1 0 0 0 0 0 0 0 0 1 0 0 0 1 1 0 0 0 0 0 0 0 0 0 0 0 1 1 0 0 

0 8 0 5 0 0 0 0 0 13 0 4 0 0 0 0 0 0 0 0 7 0 0 0 0 0 15 0 0 0 0 0 0 0 0 0 0 0 1 2 0 0 0 0 0 0 0 0 0 0 
0 0 0 0 0 1 8 0 0 0 0 0 9 0 0 0 0 0 0 0 0 0 0 0 0 0 0 0 0 0 0 0 0 0 0 13 0 0 1 0 0 0 16 0 8 0 0 0 0 0 
0 0 0 0 0 0 0 0 0 0 0 0 0 0 18 0 0 0 0 0 0 0 16 0 0 0 0 0 0 0 0 0 0 0 16 0 0 0 0 0 0 15 0 0 0 0 0 0 10 0 
0 12 19 0 0 0 0 0 13 0 0 0 0 10 12 5 12 0 0 0 0 0 0 0 0 0 0 0 0 0 0 0 0 4 0 7 0 0 0 0 0 18 0 0 0 0 3 0 0 0 
0 0 0 0 0 0 0 0 0 12 0 0 0 0 0 10 0 12 3 0 0 0 0 0 0 0 0 0 0 0 0 0 0 14 0 0 0 0 0 7 2 0 5 0 0 0 0 7 0 0 
0 0 2 0 0 0 0 0 2 0 0 0 0 0 0 0 0 0 0 0 0 0 0 0 0 0 0 0 0 0 0 0 3 0 11 18 0 0 1 0 0 0 0 7 0 0 0 0 0 0 
0 0 0 15 0 18 0 0 0 0 0 0 0 2 0 11 0 1 7 0 0 0 0 0 0 0 7 0 0 0 0 0 0 0 0 0 13 0 0 0 0 3 0 0 0 0 0 0 0 0 
0 0 1 0 0 14 0 0 0 0 0 6 14 0 0 0 0 0 0 0 0 0 13 0 0 0 0 6 0 0 17 0 0 0 0 0 4 5 16 14 0 16 0 15 0 0 0 0 0 0 
0 0 0 0 0 0 0 0 0 0 0 0 0 0 0 0 0 7 7 0 13 0 0 0 0 0 0 0 0 16 0 0 0 6 0 0 0 18 0 0 0 0 0 16 0 0 0 0 0 0 
0 0 0 0 16 0 10 0 0 0 11 0 0 0 0 0 0 0 0 4 0 1 0 0 0 0 0 14 0 0 18 0 15 0 0 18 0 0 0 5 0 0 0 0 0 0 0 0 0 0 
0 0 0 0 0 17 9 0 0 0 0 12 0 0 13 0 3 0 0 2 0 0 0 0 0 0 0 15 9 0 0 0 0 0 0 0 0 0 0 0 0 0 0 0 0 0 0 9 0 0 
0 0 13 0 0 0 0 0 0 0 0 0 0 0 0 0 0 0 0 0 5 0 0 0 0 0 16 0 0 5 0 0 0 3 1 0 0 0 0 0 12 0 0 0 0 10 0 0 0 0 
0 0 17 0 0 0 0 0 0 0 0 0 0 0 8 0 0 0 17 18 16 7 0 0 0 9 0 0 0 0 2 0 0 0 0 0 13 0 0 0 0 17 0 0 0 0 0 0 0 17 
13 0 0 3 0 0 14 0 0 18 9 0 0 0 0 9 0 0 20 0 3 0 0 0 0 0 0 0 0 0 0 0 16 0 0 0 0 19 0 0 0 0 12 0 0 0 6 7 10 12 
16 0 0 0 6 6 0 0 0 0 0 0 0 0 0 16 0 0 0 0 0 0 0 0 0 0 0 0 0 0 0 0 0 0 0 3 0 4 0 0 0 0 0 0 0 7 18 0 0 0 
0 0 9 0 3 15 0 0 1 0 0 0 0 0 0 0 0 0 0 0 0 0 18 0 0 0 0 0 17 5 0 0 0 0 0 15 0 0 12 0 0 0 0 0 0 0 0 0 0 0 
0 0 0 0 0 0 0 0 0 4 0 0 0 0 0 0 0 12 0 0 0 11 0 0 0 0 0 10 9 0 0 0 15 2 15 0 0 2 7 0 0 0 0 0 0 0 0 0 16 0 
0 0 14 16 0 8 1 0 0 8 0 2 2 0 0 15 0 0 0 0 8 0 0 0 0 17 0 0 0 0 0 0 7 0 2 0 0 0 0 0 0 0 0 0 0 0 0 0 0 12 
0 0 17 0 0 0 0 0 0 18 0 0 0 0 0 18 5 0 0 0 0 16 0 0 0 0 0 16 16 0 17 0 0 0 0 0 10 0 0 15 0 2 0 0 0 0 0 0 0 0 
0 6 3 11 5 0 0 0 0 0 0 0 0 5 0 0 0 0 15 0 0 0 0 0 0 0 18 0 0 0 0 0 0 0 0 0 0 0 9 0 0 0 16 0 0 19 0 0 0 0 
0 0 0 0 0 0 0 0 0 0 0 0 10 11 0 7 0 0 0 0 0 0 0 0 0 0 0 0 18 0 0 0 0 1 0 0 0 12 16 0 0 15 0 0 0 0 0 0 0 7 
0 0 0 0 0 0 0 0 0 0 0 1 0 0 0 0 0 0 0 0 0 0 7 0 0 16 0 0 0 0 0 5 0 15 0 17 0 0 16 0 0 0 0 0 0 1 3 0 6 0 
0 0 0 3 0 0 0 0 0 18 0 0 0 10 0 0 0 0 6 0 0 0 0 0 7 0 0 0 0 0 0 2 0 0 2 9 0 0 0 0 0 0 0 0 0 0 0 4 0 17 
0 0 0 10 16 0 0 0 0 6 0 5 0 8 0 0 0 0 0 0 0 0 4 0 0 0 17 18 11 0 12 0 0 16 0 1 0 0 0 0 3 0 0 0 0 0 0 0 0 0 
0 0 0 6 8 0 18 0 9 2 8 0 0 0 0 0 0 0 10 4 16 0 0 1 0 0 0 0 0 0 0 0 0 0 17 0 0 16 0 0 0 0 0 0 10 0 0 0 0 0 
0 0 0 12 0 0 9 16 0 0 6 0 3 13 0 0 0 0 0 0 0 0 10 0 0 0 16 0 4 0 0 0 0 0 0 0 0 0 0 0 0 0 0 0 0 0 0 0 0 0 
14 0 0 0 0 12 0 0 0 0 0 0 12 0 0 0 4 0 0 0 0 15 0 11 0 4 0 0 1 0 0 4 5 0 0 18 0 0 0 0 0 0 0 0 0 0 18 0 0 0 
11 0 0 0 0 0 0 0 0 3 0 0 0 0 12 0 0 5 11 14 0 0 0 0 0 0 0 0 0 0 0 0 14 0 0 0 0 0 0 0 7 9 0 0 0 6 0 9 16 0 
13 0 0 0 0 0 9 0 0 10 3 17 0 0 0 13 0 0 0 0 0 1 0 0 0 0 0 0 0 0 1 0 0 0 18 0 0 0 0 0 6 9 0 0 0 3 0 0 0 8 
3 0 0 0 0 0 0 0 0 9 0 0 0 0 0 0 0 0 1 0 0 11 0 0 10 16 0 0 0 0 0 0 0 0 0 0 0 7 0 8 0 0 0 0 12 0 0 3 0 0 
0 0 4 0 0 0 0 0 0 6 0 0 0 0 0 0 18 0 0 0 15 0 0 0 0 9 0 0 0 0 0 0 7 4 0 0 0 0 3 0 0 0 14 0 11 0 0 7 0 0 
0 0 0 0 4 0 0 0 0 0 0 0 0 0 15 0 0 1 0 0 0 6 0 7 0 0 3 0 17 0 0 0 0 0 0 0 0 4 0 0 0 16 0 0 0 1 0 0 0 0 
0 0 0 0 0 0 7 0 0 0 0 0 0 11 0 0 0 0 0 0 0 0 3 0 0 0 0 0 0 0 0 0 0 0 17 0 0 0 0 10 0 0 14 1 0 0 0 2 15 0 
12 0 0 0 0 0 0 0 0 0 14 0 11 0 0 0 0 0 0 0 0 0 0 3 0 0 1 0 9 0 0 0 0 0 0 0 0 3 0 0 0 0 0 0 9 0 0 5 0 0 
0 0 16 0 9 0 0 0 0 0 14 0 0 0 0 0 0 18 0 0 6 0 14 0 0 16 3 14 0 1 0 0 0 0 0 11 0 10 0 0 0 0 6 13 0 0 0 0 0 13 
2 0 0 0 0 0 12 0 13 4 3 0 10 0 12 0 13 5 0 0 0 0 19 0 0 0 0 0 0 0 0 6 0 0 0 0 17 0 0 17 0 0 18 0 0 0 15 0 0 0 
0 0 0 0 0 0 0 0 19 0 4 0 0 0 13 0 0 0 0 0 0 0 0 0 9 0 0 0 0 0 0 1 0 0 0 0 0 0 0 13 0 7 0 0 0 0 0 0 0 2 
6 0 10 0 0 0 0 0 0 0 0 0 0 0 0 2 13 14 0 0 0 0 0 0 0 0 0 19 0 0 0 0 0 5 0 0 0 0 0 0 0 0 0 0 0 0 0 0 0 11 
0 3 6 0 0 0 10 0 6 0 0 0 0 0 0 0 10 0 0 14 0 0 12 0 0 4 0 0 0 0 0 15 0 11 0 0 18 0 0 0 15 9 0 6 6 16 0 0 0 0 
0 0 0 11 0 0 0 0 0 0 0 0 19 0 18 0 0 0 0 0 0 0 0 0 0 0 4 0 0 0 0 0 0 0 11 0 12 0 0 0 0 3 18 0 0 0 0 15 0 0 
0 6 0 0 0 8 0 0 0 0 0 0 0 2 0 7 0 0 18 0 0 0 0 13 9 0 0 0 8 0 0 0 0 0 0 0 0 0 0 5 0 0 15 0 0 0 12 0 0 0 
0 0 0 0 7 0 4 0 0 0 0 0 0 0 0 0 0 0 0 0 0 0 0 0 0 0 0 0 0 0 0 0 0 0 0 0 0 0 0 0 8 0 0 0 0 0 0 2 0 9 
0 0 0 0 0 5 0 13 0 0 0 0 0 0 0 0 0 16 17 0 0 0 0 11 0 0 0 0 10 10 4 0 0 4 11 0 0 0 3 0 8 0 0 0 10 0 0 0 0 0 
0 9 0 0 0 0 0 0 0 0 0 0 0 0 0 0 0 0 0 0 10 0 0 7 0 4 0 0 4 0 0 0 0 0 0 0 0 11 10 0 0 7 0 0 13 0 0 0 9 0 
0 0 0 0 0 0 9 0 0 0 0 0 0 18 0 0 0 0 0 0 3 3 0 0 7 5 0 15 0 0 0 0 0 0 0 12 0 0 0 0 0 0 0 0 0 0 0 0 0 0 
5 0 11 0 5 0 12 16 0 0 0 0 0 0 0 0 0 0 0 0 0 0 0 0 15 0 0 0 4 0 16 0 0 0 0 6 0 0 0 0 0 0 0 0 4 0 0 0 0 0 
0 0 0 0 0 0 0 0 17 0 0 0 17 13 0 0 3 18 0 0 0 0 0 0 0 7 18 0 15 0 0 9 0 0 17 0 0 0 0 0 0 0 0 0 0 0 0 14 0 17 
0 0 7 0 0 0 0 0 0 12 0 0 0 0 0 0 0 0 0 0 0 8 0 0 0 0 0 0 2 0 0 0 0 0 0 0 11 0 0 0 0 0 0 17 0 0 0 0 0 0 
0 0 0 0 0 0 0 0 0 0 0 0 0 0 0 11 0 0 0 6 0 0 3 0 7 0 0 0 0 0 0 0 8 15 0 0 0 0 7 0 0 0 0 0 0 0 0 0 0 0 
0 4 13 0 0 0 0 0 0 0 0 0 0 0 0 0 0 0 0 0 0 0 0 0 16 16 0 0 0 0 15 0 0 0 0 9 0 0 0 0 6 0 0 0 0 0 0 0 0 0 
