50

0 1 1 1 0 1 1 1 1 1 1 0 1 1 1 1 1 1 1 1 1 1 1 1 1 1 1 1 1 1 1 1 1 1 1 1 1 1 0 1 1 1 1 1 1 1 1 1 1 1 
1 0 1 1 1 1 1 1 1 0 1 1 1 1 1 1 1 1 1 1 1 1 0 1 1 1 1 1 1 0 1 1 1 1 1 1 1 1 1 0 1 1 1 0 1 1 1 1 1 1 
1 1 0 1 1 1 1 1 1 1 1 1 1 1 1 1 1 1 1 1 1 0 1 1 1 1 1 0 1 1 1 1 0 1 0 1 1 1 1 1 1 1 1 0 0 1 1 1 1 1 
1 1 1 0 1 1 1 1 1 1 1 1 1 1 1 1 1 1 1 1 1 1 0 1 1 1 1 1 1 1 1 1 1 1 1 1 1 1 1 1 1 1 1 0 1 1 0 1 1 1 
0 1 1 1 0 1 1 1 0 1 1 1 0 0 1 1 1 0 1 0 1 1 1 1 1 1 1 1 1 1 1 1 1 1 1 1 1 1 1 1 1 1 1 1 1 1 1 0 1 1 
1 1 1 1 1 0 1 1 1 1 1 1 1 1 1 0 1 1 1 1 1 0 1 1 1 1 1 0 0 1 1 1 0 1 0 1 1 1 0 1 1 1 1 1 1 1 1 0 1 1 
1 1 1 1 1 1 0 1 1 1 1 1 1 1 1 1 1 0 1 1 0 1 1 1 0 1 1 1 1 1 1 1 1 1 0 1 1 1 1 1 1 1 0 1 1 1 1 1 1 1 
1 1 1 1 1 1 1 0 1 0 0 1 1 1 1 1 1 1 1 1 1 1 1 1 1 1 1 1 1 1 1 1 1 1 1 1 1 1 1 1 1 1 1 1 1 1 1 1 0 1 
1 1 1 1 0 1 1 1 0 1 1 1 1 1 1 1 1 1 1 1 1 0 1 1 1 1 1 1 1 1 1 1 1 1 0 1 0 1 1 1 1 1 0 1 1 1 1 1 1 1 
1 0 1 1 1 1 1 0 1 0 1 1 1 1 1 1 1 1 1 1 0 0 1 1 1 1 1 1 1 1 1 0 1 1 1 1 1 0 1 1 1 1 1 0 1 1 1 1 0 1 
1 1 1 1 1 1 1 0 1 1 0 1 1 1 1 1 1 0 1 0 1 1 1 1 1 1 1 0 0 1 1 1 1 1 1 1 1 1 1 1 1 1 1 1 1 0 1 1 1 1 
0 1 1 1 1 1 1 1 1 1 1 0 1 1 1 1 1 0 1 1 1 1 1 1 1 0 1 1 1 1 1 1 1 1 1 1 0 1 0 1 1 1 1 1 0 1 0 1 1 1 
1 1 1 1 0 1 1 1 1 1 1 1 0 0 1 1 1 1 1 1 1 1 1 1 1 1 1 1 1 1 1 1 1 1 1 1 0 0 1 1 1 1 1 1 1 1 0 1 1 1 
1 1 1 1 0 1 1 1 1 1 1 1 0 0 1 1 1 1 1 0 1 1 0 1 1 1 1 1 1 1 1 1 1 1 1 1 1 0 1 1 1 1 1 1 1 1 1 1 1 1 
1 1 1 1 1 1 1 1 1 1 1 1 1 1 0 1 0 1 1 1 1 1 1 1 1 0 1 1 1 1 1 1 1 1 1 0 1 1 0 1 0 1 1 1 0 1 1 1 1 1 
1 1 1 1 1 0 1 1 1 1 1 1 1 1 1 0 0 1 1 1 1 0 0 0 1 1 1 1 1 1 1 1 1 1 1 0 1 1 1 1 1 1 1 1 1 1 1 1 1 1 
1 1 1 1 1 1 1 1 1 1 1 1 1 1 0 0 0 1 1 1 1 1 1 1 0 1 1 1 1 0 1 1 1 1 1 1 1 1 1 1 1 1 1 1 1 1 1 1 0 0 
1 1 1 1 0 1 0 1 1 1 0 0 1 1 1 1 1 0 0 1 1 1 1 1 1 1 1 0 1 1 1 1 1 1 1 1 0 1 1 1 1 1 1 1 1 1 1 1 1 0 
1 1 1 1 1 1 1 1 1 1 1 1 1 1 1 1 1 0 0 1 0 1 1 1 1 0 1 1 1 1 1 1 0 0 1 1 1 1 1 1 1 1 1 1 1 1 1 1 1 1 
1 1 1 1 0 1 1 1 1 1 0 1 1 0 1 1 1 1 1 0 1 1 1 1 1 1 1 1 1 1 1 0 1 1 1 0 1 1 1 1 1 1 1 0 1 1 1 1 1 1 
1 1 1 1 1 1 0 1 1 0 1 1 1 1 1 1 1 1 0 1 0 1 1 1 1 1 1 1 1 1 1 1 1 1 1 1 1 0 1 1 1 1 1 0 1 1 1 1 1 1 
1 1 0 1 1 0 1 1 0 0 1 1 1 1 1 0 1 1 1 1 1 0 0 1 1 1 1 1 1 1 0 0 1 1 1 1 1 1 1 1 1 1 1 1 1 1 1 0 1 1 
1 0 1 0 1 1 1 1 1 1 1 1 1 0 1 0 1 1 1 1 1 0 0 0 1 1 1 1 1 1 1 1 1 1 0 1 1 1 1 1 0 1 1 1 1 1 1 1 1 1 
1 1 1 1 1 1 1 1 1 1 1 1 1 1 1 0 1 1 1 1 1 1 0 0 1 1 0 1 1 0 1 1 1 1 1 1 1 1 1 1 1 1 1 1 1 1 1 1 1 1 
1 1 1 1 1 1 0 1 1 1 1 1 1 1 1 1 0 1 1 1 1 1 1 1 0 1 1 1 1 1 1 0 1 1 1 1 0 1 1 1 0 1 1 1 1 0 1 1 1 0 
1 1 1 1 1 1 1 1 1 1 1 0 1 1 0 1 1 1 0 1 1 1 1 1 1 0 1 1 1 1 1 1 1 1 0 0 1 0 1 1 1 1 1 1 1 1 0 1 1 1 
1 1 1 1 1 1 1 1 1 1 1 1 1 1 1 1 1 1 1 1 1 1 1 0 1 1 0 1 1 1 1 1 1 1 1 1 1 1 0 1 1 1 1 1 1 1 1 1 1 1 
1 1 0 1 1 0 1 1 1 1 0 1 1 1 1 1 1 0 1 1 1 1 1 1 1 1 1 0 1 1 0 1 1 1 1 1 1 1 1 1 1 1 1 1 1 1 1 1 1 1 
1 1 1 1 1 0 1 1 1 1 0 1 1 1 1 1 1 1 1 1 1 1 1 1 1 1 1 1 0 1 0 1 0 1 1 1 1 1 1 1 1 0 1 1 1 1 1 1 1 1 
1 0 1 1 1 1 1 1 1 1 1 1 1 1 1 1 0 1 1 1 1 1 1 0 1 1 1 1 1 0 1 1 1 1 1 1 1 1 1 1 1 1 1 0 1 1 1 1 1 1 
1 1 1 1 1 1 1 1 1 1 1 1 1 1 1 1 1 1 1 1 1 0 1 1 1 1 1 0 0 1 0 1 1 1 1 1 1 1 1 1 1 1 1 1 1 0 1 1 1 1 
1 1 1 1 1 1 1 1 1 0 1 1 1 1 1 1 1 1 1 0 1 0 1 1 0 1 1 1 1 1 1 0 1 1 1 1 0 1 1 1 1 1 1 1 1 1 1 1 1 1 
1 1 0 1 1 0 1 1 1 1 1 1 1 1 1 1 1 1 0 1 1 1 1 1 1 1 1 1 0 1 1 1 0 1 1 1 1 1 1 0 1 1 1 1 1 1 0 1 1 1 
1 1 1 1 1 1 1 1 1 1 1 1 1 1 1 1 1 1 0 1 1 1 1 1 1 1 1 1 1 1 1 1 1 0 1 1 1 1 1 1 1 1 1 1 1 1 1 0 1 1 
1 1 0 1 1 0 0 1 0 1 1 1 1 1 1 1 1 1 1 1 1 1 0 1 1 0 1 1 1 1 1 1 1 1 0 1 1 0 1 1 1 1 1 1 1 1 1 0 1 1 
1 1 1 1 1 1 1 1 1 1 1 1 1 1 0 0 1 1 1 0 1 1 1 1 1 0 1 1 1 1 1 1 1 1 1 0 1 0 1 1 1 1 1 1 1 1 1 1 1 1 
1 1 1 1 1 1 1 1 0 1 1 0 0 1 1 1 1 0 1 1 1 1 1 1 0 1 1 1 1 1 1 0 1 1 1 1 0 1 1 1 1 1 1 1 1 1 1 1 1 1 
1 1 1 1 1 1 1 1 1 0 1 1 0 0 1 1 1 1 1 1 0 1 1 1 1 0 1 1 1 1 1 1 1 1 0 0 1 0 1 1 1 1 1 1 1 0 1 0 1 1 
0 1 1 1 1 0 1 1 1 1 1 0 1 1 0 1 1 1 1 1 1 1 1 1 1 1 0 1 1 1 1 1 1 1 1 1 1 1 0 1 1 0 1 1 1 1 1 1 1 1 
1 0 1 1 1 1 1 1 1 1 1 1 1 1 1 1 1 1 1 1 1 1 1 1 1 1 1 1 1 1 1 1 0 1 1 1 1 1 1 0 1 1 1 1 1 1 1 1 1 1 
1 1 1 1 1 1 1 1 1 1 1 1 1 1 0 1 1 1 1 1 1 1 0 1 0 1 1 1 1 1 1 1 1 1 1 1 1 1 1 1 0 1 1 1 1 1 1 1 1 1 
1 1 1 1 1 1 1 1 1 1 1 1 1 1 1 1 1 1 1 1 1 1 1 1 1 1 1 1 0 1 1 1 1 1 1 1 1 1 0 1 1 0 1 1 1 1 1 1 1 1 
1 1 1 1 1 1 0 1 0 1 1 1 1 1 1 1 1 1 1 1 1 1 1 1 1 1 1 1 1 1 1 1 1 1 1 1 1 1 1 1 1 1 0 1 0 1 1 0 1 1 
1 0 0 0 1 1 1 1 1 0 1 1 1 1 1 1 1 1 1 0 0 1 1 1 1 1 1 1 1 0 1 1 1 1 1 1 1 1 1 1 1 1 1 0 1 1 0 1 1 1 
1 1 0 1 1 1 1 1 1 1 1 0 1 1 0 1 1 1 1 1 1 1 1 1 1 1 1 1 1 1 1 1 1 1 1 1 1 1 1 1 1 1 0 1 0 1 1 1 1 1 
1 1 1 1 1 1 1 1 1 1 0 1 1 1 1 1 1 1 1 1 1 1 1 1 0 1 1 1 1 1 0 1 1 1 1 1 1 0 1 1 1 1 1 1 1 0 1 1 1 1 
1 1 1 0 1 1 1 1 1 1 1 0 0 1 1 1 1 1 1 1 1 1 1 1 1 0 1 1 1 1 1 1 0 1 1 1 1 1 1 1 1 1 1 0 1 1 0 1 1 1 
1 1 1 1 0 0 1 1 1 1 1 1 1 1 1 1 1 1 1 1 1 0 1 1 1 1 1 1 1 1 1 1 1 0 0 1 1 0 1 1 1 1 0 1 1 1 1 0 1 1 
1 1 1 1 1 1 1 0 1 0 1 1 1 1 1 1 0 1 1 1 1 1 1 1 1 1 1 1 1 1 1 1 1 1 1 1 1 1 1 1 1 1 1 1 1 1 1 1 0 1 
1 1 1 1 1 1 1 1 1 1 1 1 1 1 1 1 0 0 1 1 1 1 1 1 0 1 1 1 1 1 1 1 1 1 1 1 1 1 1 1 1 1 1 1 1 1 1 1 1 0 

0 12 0 12 0 0 0 0 0 0 0 0 12 6 0 10 0 17 0 0 0 0 0 0 0 0 0 0 0 0 0 2 0 0 0 0 0 0 0 0 1 0 0 0 0 0 0 0 3 9 
0 0 0 0 0 0 0 0 0 0 13 17 7 0 0 0 0 0 12 0 0 1 0 0 0 0 0 8 0 8 0 0 0 0 0 0 0 0 0 17 11 0 0 9 0 16 0 0 14 0 
0 12 0 16 12 1 0 0 0 0 13 0 0 0 11 9 0 0 0 0 0 0 14 2 0 0 0 0 0 0 0 0 0 0 1 4 0 0 17 0 0 17 4 0 0 0 0 0 0 0 
18 0 0 0 0 11 0 13 0 0 1 14 0 0 0 0 0 0 14 9 19 0 0 0 0 18 0 0 6 0 0 0 0 0 0 0 0 6 0 0 0 0 0 0 3 6 0 0 1 0 
0 0 0 0 0 17 0 3 0 7 15 17 0 0 0 6 0 0 17 0 0 0 0 0 0 18 0 0 0 17 0 0 0 0 0 0 0 0 0 0 0 0 0 0 11 3 0 0 11 0 
16 0 0 0 0 0 0 0 0 0 0 0 0 15 0 0 0 0 0 0 0 14 0 0 0 14 0 0 0 0 0 0 3 0 0 0 0 11 0 13 0 0 9 0 0 14 0 11 0 0 
13 0 0 0 0 13 0 9 14 9 0 0 0 0 0 0 0 0 0 0 0 0 0 7 17 16 0 0 0 0 0 5 0 0 0 0 0 0 0 0 0 0 0 0 0 0 0 0 8 0 
0 0 0 0 0 11 0 0 18 0 0 0 15 0 0 10 0 0 0 0 0 0 0 15 0 0 8 0 0 0 0 0 0 0 5 0 0 0 19 0 0 0 0 0 0 0 0 0 0 0 
0 0 1 0 0 11 2 0 0 0 0 0 10 0 0 0 0 0 0 0 0 0 0 0 10 0 0 0 1 0 0 0 0 0 9 1 0 0 8 0 0 0 0 0 1 0 0 6 0 0 
0 12 0 0 0 0 0 0 0 0 0 18 0 0 0 0 0 0 10 0 0 0 0 12 0 0 0 0 0 18 0 0 0 0 0 0 0 0 5 0 4 0 0 0 18 0 0 0 0 12 
0 0 0 0 0 17 0 0 0 0 0 0 0 0 0 0 0 0 0 16 11 0 0 4 0 6 0 0 0 0 8 7 0 0 3 12 15 0 14 11 3 0 0 0 0 0 9 0 0 0 
0 0 0 0 11 0 16 18 0 0 5 0 17 0 0 0 0 0 0 0 0 18 0 0 0 0 0 0 11 0 0 0 2 0 0 0 3 0 0 0 0 0 0 0 0 0 7 0 0 18 
0 0 0 0 0 13 0 0 0 0 0 0 0 0 7 0 18 0 3 0 0 0 0 16 0 1 0 0 0 0 7 0 0 14 7 0 0 0 0 0 0 5 0 0 0 0 0 4 0 19 
0 3 0 0 0 0 0 0 0 0 0 18 0 0 0 9 0 0 0 0 0 0 18 0 0 0 4 12 9 0 0 0 7 0 0 0 0 0 0 8 0 0 0 0 0 0 0 0 19 16 
0 0 0 0 0 0 10 14 0 0 0 0 0 0 0 0 0 0 0 0 2 0 0 0 0 13 0 0 2 0 1 0 0 0 0 0 0 0 0 0 6 0 0 0 0 0 0 0 0 0 
0 0 0 5 0 0 18 0 1 0 0 0 12 0 0 0 5 0 0 0 0 0 0 0 7 0 0 0 0 0 0 12 0 12 0 3 0 0 0 0 0 14 0 0 0 0 0 15 16 15 
10 0 0 0 0 0 0 0 0 0 0 0 0 0 10 18 0 0 3 0 0 0 0 0 18 0 0 8 0 0 0 0 0 7 13 0 0 0 6 0 0 0 0 0 0 0 0 16 0 0 
0 0 0 0 0 0 0 0 0 0 0 0 0 0 0 0 0 0 0 1 0 15 17 0 12 0 4 0 0 0 0 0 0 0 0 0 0 0 12 0 0 0 0 0 0 0 0 0 0 0 
0 14 0 3 0 0 0 0 14 0 11 0 0 0 13 0 0 0 0 0 11 0 0 0 0 0 0 1 0 0 0 0 0 2 0 1 0 14 0 0 0 0 0 0 13 0 0 8 0 0 
0 0 10 10 0 1 0 12 0 5 0 0 0 0 0 0 0 0 0 0 0 0 0 0 0 15 0 0 0 0 0 0 0 0 4 12 0 0 0 0 0 0 0 7 0 0 0 0 12 0 
2 0 0 0 11 0 0 0 0 2 0 0 0 11 0 0 0 0 0 0 0 0 0 0 0 0 0 0 4 0 2 18 0 0 0 17 0 0 0 0 8 8 1 0 0 0 0 0 3 0 
3 0 0 0 16 0 0 0 0 0 0 13 0 0 0 0 0 0 0 0 0 0 0 0 0 16 0 0 0 0 16 0 14 0 0 14 0 0 0 0 0 0 0 0 0 0 0 0 9 0 
0 0 20 0 0 0 0 15 0 0 0 0 0 0 0 0 0 0 0 0 0 0 0 0 0 0 1 0 7 0 0 0 0 0 0 4 0 0 0 0 0 0 9 0 0 0 0 0 0 0 
0 0 0 0 0 0 0 0 13 0 0 0 0 0 0 0 0 2 0 0 0 0 0 0 15 12 14 0 0 0 0 0 0 0 0 0 0 0 0 0 9 0 12 0 3 0 0 0 0 0 
0 0 8 0 0 12 0 0 0 2 0 0 17 0 0 0 0 3 0 0 0 0 0 0 0 0 0 0 0 0 0 0 0 0 0 0 0 7 11 7 11 0 0 0 13 0 0 6 0 0 
0 6 0 0 0 0 0 0 12 6 0 0 0 0 3 0 0 4 16 0 0 0 0 0 0 0 0 0 15 10 0 0 0 0 1 2 12 0 0 0 0 0 0 0 0 10 0 0 0 0 
2 0 0 0 0 0 0 0 0 0 3 5 0 0 0 0 0 4 6 0 0 0 0 5 0 0 0 0 0 9 0 0 0 7 10 0 14 0 0 0 0 0 0 0 0 0 0 8 0 0 
0 0 0 0 0 0 18 0 9 0 0 0 0 14 0 0 0 4 0 0 0 0 3 7 10 0 10 0 0 0 0 0 0 0 2 2 0 0 0 2 0 2 0 0 0 8 0 0 0 0 
0 1 0 5 0 0 0 0 0 0 0 0 0 0 0 0 0 0 0 0 0 0 0 2 0 0 0 0 0 0 0 0 0 0 0 0 0 0 0 17 0 0 0 0 0 0 0 0 0 3 
0 8 0 0 0 0 0 0 0 0 0 0 6 0 0 2 0 0 0 0 0 0 13 0 0 0 9 8 0 0 0 0 0 6 13 0 0 0 0 0 0 17 18 0 7 0 0 0 0 0 
0 0 0 0 6 0 0 0 9 0 0 0 0 0 0 0 0 0 0 3 0 0 0 0 0 0 0 0 0 0 0 0 0 0 0 0 0 0 0 13 0 0 0 0 0 0 0 0 0 6 
16 0 0 0 0 0 0 0 0 0 0 0 0 7 1 16 0 12 0 0 0 0 16 16 0 0 0 5 0 0 0 0 0 0 0 0 0 0 0 0 0 0 0 0 16 5 0 0 0 0 
0 0 0 0 0 0 0 0 0 4 0 0 5 0 18 0 3 0 0 15 0 0 0 0 9 10 0 3 15 7 0 0 0 0 0 0 0 0 0 0 0 0 0 0 0 0 1 0 0 0 
3 0 0 14 0 17 0 0 0 0 0 0 0 0 0 0 16 6 0 0 0 0 0 3 15 3 7 3 0 0 0 0 0 0 0 0 0 11 0 0 0 0 0 0 0 0 18 0 0 0 
0 0 3 0 0 0 0 0 0 8 15 0 0 0 0 0 0 3 5 0 0 0 0 4 0 0 0 0 0 16 3 12 15 0 0 0 0 0 0 0 0 0 0 0 0 0 0 0 0 0 
5 15 7 0 0 11 0 0 0 0 0 0 0 3 0 0 0 0 10 0 0 0 8 0 4 9 0 8 0 0 0 3 9 4 11 0 0 0 6 0 0 0 11 0 14 0 1 6 0 13 
0 0 0 0 0 0 0 18 0 18 0 0 0 20 0 0 15 0 0 0 0 0 0 0 0 0 0 0 0 0 0 0 0 0 0 0 0 0 0 0 0 0 13 0 13 18 18 0 0 13 
0 0 0 0 0 0 10 0 5 3 0 0 0 0 0 0 0 0 0 0 0 0 0 0 0 0 0 0 6 0 0 0 0 17 0 0 0 0 0 0 0 16 0 0 0 0 0 8 0 0 
0 0 7 0 4 0 0 0 0 0 0 0 0 0 0 0 0 0 0 0 0 0 0 0 0 1 9 0 0 0 0 14 0 0 10 0 0 0 0 19 0 0 0 0 0 4 0 0 0 0 
0 8 0 0 0 1 0 17 0 0 0 0 0 0 13 0 0 0 0 0 0 0 0 0 0 0 0 0 0 0 0 0 0 0 0 0 18 10 17 0 0 0 0 0 0 16 0 0 0 0 
12 11 0 0 0 0 0 0 0 0 0 0 0 3 0 0 10 0 0 7 0 0 19 0 0 0 16 0 0 0 0 0 0 0 0 1 0 0 0 0 0 0 1 15 11 0 0 11 17 0 
0 0 0 0 0 11 0 0 0 17 0 0 14 10 0 0 0 0 0 0 0 0 0 0 0 0 0 0 0 6 0 0 0 0 0 0 0 0 0 0 0 0 0 2 0 0 15 0 9 0 
11 12 9 0 0 0 0 0 0 0 0 0 0 0 0 0 0 0 0 0 0 0 0 0 0 12 17 0 7 0 19 0 0 0 0 0 6 0 5 0 0 13 0 0 7 0 2 16 0 0 
4 0 0 0 0 2 3 0 0 0 0 0 0 4 0 0 0 0 0 0 0 13 0 0 0 17 0 0 0 0 0 8 0 0 15 0 0 0 0 0 2 8 0 0 0 0 0 0 11 16 
0 0 0 19 0 1 0 0 0 0 0 0 0 4 0 0 0 0 0 0 0 12 11 0 0 0 0 0 0 4 0 1 0 0 0 0 0 0 0 0 1 0 0 11 0 0 0 12 0 0 
0 0 17 1 0 0 0 0 0 0 0 0 0 0 0 0 0 0 0 0 7 0 0 0 0 0 0 0 0 0 0 0 6 0 0 7 0 0 0 3 0 0 0 0 0 0 0 0 0 14 
0 8 9 0 0 0 0 0 0 0 0 0 13 0 0 0 0 0 0 0 0 0 0 0 0 0 17 9 0 0 0 0 0 0 0 0 0 0 8 0 0 0 0 0 0 0 0 0 0 0 
0 0 0 0 0 0 0 0 0 5 0 0 0 16 0 0 0 0 0 0 3 17 0 11 0 0 0 0 0 0 0 0 0 10 0 0 12 8 0 0 0 0 0 0 0 0 0 0 11 0 
17 0 3 0 0 0 0 0 10 5 15 0 0 0 0 0 0 12 0 0 0 0 0 19 3 0 0 6 0 0 2 0 9 0 0 0 0 0 6 0 7 0 12 0 0 0 3 0 0 0 
0 0 0 0 0 0 0 3 0 0 0 0 0 0 7 0 0 0 6 0 0 0 0 0 0 19 0 0 0 18 5 0 0 0 0 0 0 0 0 0 0 0 0 0 0 0 0 0 0 0 
