50

0 1 0 1 1 0 0 1 1 0 1 1 1 1 1 0 1 1 1 1 0 1 1 0 1 1 1 1 1 0 1 0 1 1 0 1 0 1 1 1 1 1 0 1 1 1 1 1 1 1 
1 0 1 1 1 0 1 1 1 1 1 0 1 1 1 1 1 0 1 1 1 1 0 1 1 1 0 1 1 1 1 1 1 0 1 1 1 1 1 0 0 1 1 1 1 1 1 1 1 0 
0 1 0 1 1 1 1 1 1 1 1 1 1 1 1 0 1 1 1 1 1 1 1 1 1 0 0 1 1 0 0 1 0 0 0 1 1 1 1 0 1 0 1 1 0 1 1 1 1 1 
1 1 1 0 1 1 1 1 1 1 0 1 1 1 1 1 1 0 1 0 0 1 1 0 1 1 1 1 1 0 1 1 0 1 1 0 1 1 1 1 1 1 1 1 1 1 1 0 1 0 
1 1 1 1 0 1 0 1 1 1 1 1 1 1 1 1 1 0 1 0 1 1 1 1 1 1 0 1 0 1 0 1 1 1 1 1 1 1 1 0 1 1 1 1 1 1 1 1 1 1 
0 0 1 1 1 0 1 1 0 0 1 1 1 1 0 1 1 0 1 1 1 0 0 1 1 0 1 1 1 0 1 1 1 1 1 1 0 1 1 1 1 1 1 1 1 1 1 1 1 0 
0 1 1 1 0 1 0 1 1 1 1 0 1 1 1 1 1 1 0 1 1 1 1 1 1 1 1 1 1 1 1 1 1 1 1 1 1 1 1 1 0 1 1 1 1 1 0 1 0 1 
1 1 1 1 1 1 1 0 1 1 1 0 1 1 1 0 1 1 0 1 1 1 0 1 1 0 1 1 1 1 0 1 1 1 1 0 1 1 1 1 0 1 1 1 1 1 1 1 1 1 
1 1 1 1 1 0 1 1 0 1 1 1 1 1 1 1 1 1 1 1 1 1 1 1 0 1 1 1 1 1 1 1 1 1 1 1 1 1 1 1 1 1 1 0 1 1 1 1 1 1 
0 1 1 1 1 0 1 1 1 0 1 1 1 0 1 1 0 1 1 1 1 1 1 0 1 1 0 0 1 1 1 1 0 0 1 1 1 1 1 0 0 1 1 1 1 0 1 1 1 1 
1 1 1 0 1 1 1 1 1 1 0 0 1 1 1 0 1 1 1 1 1 1 1 0 1 1 1 1 1 1 1 1 1 1 1 1 1 1 1 1 1 1 1 1 1 1 1 1 1 0 
1 0 1 1 1 1 0 0 1 1 0 0 1 0 1 1 1 1 1 1 1 1 1 0 1 1 1 1 1 1 1 1 1 1 1 0 1 1 1 0 1 1 0 0 1 0 1 1 0 1 
1 1 1 1 1 1 1 1 1 1 1 1 0 1 1 1 1 1 1 1 1 1 1 0 1 1 1 1 1 0 1 1 1 1 0 1 1 1 1 1 0 1 1 1 1 0 1 0 1 1 
1 1 1 1 1 1 1 1 1 0 1 0 1 0 1 1 0 1 0 1 1 0 1 1 1 1 1 0 1 1 1 1 1 0 0 1 1 1 1 0 0 1 1 1 1 1 0 1 1 1 
1 1 1 1 1 0 1 1 1 1 1 1 1 1 0 1 1 1 1 0 1 1 1 1 0 1 1 0 0 1 1 1 1 1 1 1 1 1 0 1 0 1 1 0 1 1 1 1 1 1 
0 1 0 1 1 1 1 0 1 1 0 1 1 1 1 0 0 0 1 1 1 0 1 1 1 1 1 0 1 1 0 0 1 0 0 1 1 1 1 1 1 1 0 1 1 0 1 1 1 0 
1 1 1 1 1 1 1 1 1 0 1 1 1 0 1 0 0 1 1 1 1 1 0 1 1 1 0 0 1 1 1 1 1 0 0 1 1 0 1 1 1 1 0 0 0 1 0 0 0 1 
1 0 1 0 0 0 1 1 1 1 1 1 1 1 1 0 1 0 1 1 1 1 0 1 1 1 0 1 1 0 0 1 0 1 1 1 0 0 1 0 0 1 1 0 1 1 1 1 0 1 
1 1 1 1 1 1 0 0 1 1 1 1 1 0 1 1 1 1 0 1 1 1 1 0 1 1 1 0 1 1 0 1 0 0 1 1 1 1 1 1 1 1 1 1 1 1 1 0 1 1 
1 1 1 0 0 1 1 1 1 1 1 1 1 1 0 1 1 1 1 0 1 0 1 1 1 1 1 1 1 1 1 0 0 1 1 1 1 1 1 1 1 1 1 1 1 0 1 1 1 1 
0 1 1 0 1 1 1 1 1 1 1 1 1 1 1 1 1 1 1 1 0 1 0 0 1 1 1 1 1 1 1 1 1 1 1 0 1 1 0 1 1 1 1 1 1 0 1 1 0 0 
1 1 1 1 1 0 1 1 1 1 1 1 1 0 1 0 1 1 1 0 1 0 1 0 1 1 1 1 1 1 1 1 1 1 1 1 1 0 1 1 1 0 0 1 1 1 0 0 1 1 
1 0 1 1 1 0 1 0 1 1 1 1 1 1 1 1 0 0 1 1 0 1 0 1 1 1 1 0 1 1 1 1 1 0 0 1 1 0 0 1 1 1 1 1 1 0 1 0 1 1 
0 1 1 0 1 1 1 1 1 0 0 0 0 1 1 1 1 1 0 1 0 0 1 0 1 1 1 0 0 0 1 0 1 1 1 0 1 1 1 0 0 1 1 1 1 1 1 1 0 0 
1 1 1 1 1 1 1 1 0 1 1 1 1 1 0 1 1 1 1 1 1 1 1 1 0 1 0 1 1 1 1 1 1 1 1 1 1 0 1 1 1 1 0 1 0 1 0 1 1 0 
1 1 0 1 1 0 1 0 1 1 1 1 1 1 1 1 1 1 1 1 1 1 1 1 1 0 1 0 1 1 1 1 0 1 1 1 1 1 1 1 1 1 1 0 1 1 1 1 0 0 
1 0 0 1 0 1 1 1 1 0 1 1 1 1 1 1 0 0 1 1 1 1 1 1 0 1 0 1 1 1 1 0 1 1 1 1 1 1 1 1 1 1 1 1 1 1 0 1 1 1 
1 1 1 1 1 1 1 1 1 0 1 1 1 0 0 0 0 1 0 1 1 1 0 0 1 0 1 0 1 0 0 1 1 1 1 0 1 1 1 0 1 1 1 0 1 0 1 0 0 1 
1 1 1 1 0 1 1 1 1 1 1 1 1 1 0 1 1 1 1 1 1 1 1 0 1 1 1 1 0 1 1 1 0 1 1 1 1 1 1 1 1 0 0 1 0 0 1 1 1 1 
0 1 0 0 1 0 1 1 1 1 1 1 0 1 1 1 1 0 1 1 1 1 1 0 1 1 1 0 1 0 1 1 0 1 1 1 1 0 1 1 0 1 0 1 1 1 1 1 1 1 
1 1 0 1 0 1 1 0 1 1 1 1 1 1 1 0 1 0 0 1 1 1 1 1 1 1 1 0 1 1 0 1 1 1 1 0 0 1 1 1 1 1 1 1 1 1 1 1 1 1 
0 1 1 1 1 1 1 1 1 1 1 1 1 1 1 0 1 1 1 0 1 1 1 0 1 1 0 1 1 1 1 0 0 1 1 1 0 1 1 1 1 1 1 1 0 1 1 1 1 1 
1 1 0 0 1 1 1 1 1 0 1 1 1 1 1 1 1 0 0 0 1 1 1 1 1 0 1 1 0 0 1 0 0 1 1 0 1 1 0 1 1 1 1 1 0 0 1 1 1 0 
1 0 0 1 1 1 1 1 1 0 1 1 1 0 1 0 0 1 0 1 1 1 0 1 1 1 1 1 1 1 1 1 1 0 1 1 1 1 1 1 0 1 1 1 1 1 1 1 1 1 
0 1 0 1 1 1 1 1 1 1 1 1 0 0 1 0 0 1 1 1 1 1 0 1 1 1 1 1 1 1 1 1 1 1 0 0 1 1 1 1 1 1 1 1 1 1 0 1 1 0 
1 1 1 0 1 1 1 0 1 1 1 0 1 1 1 1 1 1 1 1 0 1 1 0 1 1 1 0 1 1 0 1 0 1 0 0 1 1 0 1 1 0 1 0 0 1 1 1 1 1 
0 1 1 1 1 0 1 1 1 1 1 1 1 1 1 1 1 0 1 1 1 1 1 1 1 1 1 1 1 1 0 0 1 1 1 1 0 1 1 1 1 1 1 0 1 1 1 1 1 1 
1 1 1 1 1 1 1 1 1 1 1 1 1 1 1 1 0 0 1 1 1 0 0 1 0 1 1 1 1 0 1 1 1 1 1 1 1 0 1 1 1 1 1 1 1 1 0 1 1 1 
1 1 1 1 1 1 1 1 1 1 1 1 1 1 0 1 1 1 1 1 0 1 0 1 1 1 1 1 1 1 1 1 0 1 1 0 1 1 0 0 1 0 1 1 1 1 0 1 1 1 
1 0 0 1 0 1 1 1 1 0 1 0 1 0 1 1 1 0 1 1 1 1 1 0 1 1 1 0 1 1 1 1 1 1 1 1 1 1 0 0 1 0 1 1 1 1 0 0 1 1 
1 0 1 1 1 1 0 0 1 0 1 1 0 0 0 1 1 0 1 1 1 1 1 0 1 1 1 1 1 0 1 1 1 0 1 1 1 1 1 1 0 1 1 1 1 1 0 0 1 1 
1 1 0 1 1 1 1 1 1 1 1 1 1 1 1 1 1 1 1 1 1 0 1 1 1 1 1 1 0 1 1 1 1 1 1 0 1 1 0 0 1 0 0 1 0 1 1 1 1 1 
0 1 1 1 1 1 1 1 1 1 1 0 1 1 1 0 0 1 1 1 1 0 1 1 0 1 1 1 0 0 1 1 1 1 1 1 1 1 1 1 1 0 0 1 1 1 0 1 1 0 
1 1 1 1 1 1 1 1 0 1 1 0 1 1 0 1 0 0 1 1 1 1 1 1 1 0 1 0 1 1 1 1 1 1 1 0 0 1 1 1 1 1 1 0 0 1 1 1 1 1 
1 1 0 1 1 1 1 1 1 1 1 1 1 1 1 1 0 1 1 1 1 1 1 1 0 1 1 1 0 1 1 0 0 1 1 0 1 1 1 1 1 0 1 0 0 1 1 0 1 1 
1 1 1 1 1 1 1 1 1 0 1 0 0 1 1 0 1 1 1 0 0 1 0 1 1 1 1 0 0 1 1 1 0 1 1 1 1 1 1 1 1 1 1 1 1 0 1 1 1 1 
1 1 1 1 1 1 0 1 1 1 1 1 1 0 1 1 0 1 1 1 1 0 1 1 0 1 0 1 1 1 1 1 1 1 0 1 1 0 0 0 0 1 0 1 1 1 0 1 1 1 
1 1 1 0 1 1 1 1 1 1 1 1 0 1 1 1 0 1 0 1 1 0 0 1 1 1 1 0 1 1 1 1 1 1 1 1 1 1 1 0 0 1 1 1 0 1 1 0 0 0 
1 1 1 1 1 1 0 1 1 1 1 0 1 1 1 1 0 0 1 1 0 1 1 0 1 0 1 0 1 1 1 1 1 1 1 1 1 1 1 1 1 1 1 1 1 1 1 0 0 1 
1 0 1 0 1 0 1 1 1 1 0 1 1 1 1 0 1 1 1 1 0 1 1 0 0 0 1 1 1 1 1 1 0 1 0 1 1 1 1 1 1 1 0 1 1 1 1 0 1 0 

0 0 0 11 0 0 0 0 0 0 0 6 0 0 1 0 8 0 0 0 0 19 0 14 16 6 0 0 0 0 0 0 0 0 0 7 0 0 7 17 0 13 0 0 0 0 0 0 0 0 
0 0 0 0 0 0 0 8 0 2 8 0 0 0 0 0 0 0 0 2 0 0 0 0 0 0 0 0 0 0 0 0 0 0 0 0 0 0 0 0 0 0 0 5 9 0 9 0 0 0 
0 0 0 1 0 0 0 0 0 14 0 0 0 0 0 16 0 15 0 0 16 0 0 0 0 0 0 0 0 0 0 0 0 0 0 8 19 0 0 0 17 0 0 0 0 5 1 14 0 0 
0 14 0 0 0 0 0 0 0 0 0 0 17 3 12 0 9 0 0 0 0 0 0 14 19 0 0 0 17 0 0 17 0 0 0 0 3 0 9 0 0 0 0 0 0 0 0 18 7 1 
0 0 0 0 0 10 0 0 0 2 0 0 0 0 0 0 0 1 0 0 0 0 0 0 0 0 2 0 0 0 0 14 4 0 0 0 0 0 0 0 0 0 0 0 0 0 0 0 0 0 
0 0 0 0 0 0 0 0 0 0 0 0 0 0 0 0 0 0 0 0 0 0 0 0 0 1 0 0 0 0 0 0 2 0 0 0 0 0 0 0 0 0 17 0 0 0 0 0 0 0 
0 0 0 0 0 0 0 0 0 0 14 0 0 7 0 3 11 0 0 0 18 0 0 0 0 0 0 0 0 0 0 7 1 12 0 0 0 0 5 0 0 0 2 0 0 0 0 0 0 0 
6 0 0 0 2 0 0 0 2 0 0 14 4 0 0 0 0 0 0 13 0 0 0 0 0 1 2 0 15 0 0 0 0 0 0 0 0 0 0 0 0 0 13 12 0 0 0 0 0 0 
0 0 0 0 0 18 18 0 0 0 0 0 0 0 0 0 0 14 0 0 0 1 0 0 0 0 0 0 0 0 0 10 0 0 1 16 0 0 0 0 0 0 0 0 0 19 0 6 0 0 
0 0 0 0 0 0 0 0 0 0 0 2 0 0 13 3 0 0 0 15 0 0 0 0 0 0 0 5 0 0 0 0 0 2 0 0 0 0 11 0 15 0 0 13 9 0 0 15 0 0 
18 0 17 0 0 0 0 0 0 0 0 0 0 0 0 7 0 0 0 0 0 0 1 0 0 0 14 0 0 0 0 8 0 0 0 17 14 11 0 0 1 19 0 0 0 10 0 0 0 0 
4 10 0 11 2 20 0 18 11 0 0 0 0 0 0 0 11 0 0 0 0 0 0 0 0 0 12 0 17 0 0 6 0 0 10 0 1 0 0 0 0 0 0 0 0 0 18 0 0 0 
0 0 18 0 0 0 0 0 13 13 0 0 0 0 0 0 0 0 0 0 16 0 0 6 0 0 0 11 0 0 0 0 5 0 0 0 0 0 0 0 0 12 0 0 0 0 0 0 0 0 
0 0 0 0 0 0 0 0 0 0 0 0 7 0 16 0 0 0 0 0 0 0 0 0 0 3 0 0 0 17 15 0 13 0 0 0 0 16 2 0 0 18 0 0 0 0 0 0 5 0 
0 0 0 15 0 0 0 0 6 7 0 0 0 0 0 14 0 0 0 4 0 0 1 3 3 0 13 6 0 0 0 1 0 0 0 2 0 14 8 2 0 0 0 11 0 0 11 0 8 0 
1 0 12 0 0 18 0 11 19 0 0 0 0 0 0 0 0 0 0 0 0 0 9 0 0 0 0 2 0 13 0 0 0 0 0 0 8 1 0 0 0 0 15 0 0 0 0 0 0 0 
0 0 0 10 0 0 0 0 6 6 0 0 0 0 0 0 0 0 15 13 0 0 0 1 0 0 1 0 7 0 0 5 0 0 0 0 0 0 7 0 0 0 0 0 0 12 0 0 13 20 
0 0 17 0 0 0 0 0 0 13 0 0 0 0 0 1 0 0 0 0 0 0 18 18 0 0 0 16 0 10 0 0 0 0 0 0 0 0 14 0 0 0 0 0 17 0 0 0 0 0 
9 7 0 0 0 0 0 0 2 5 0 0 0 0 0 0 0 0 0 0 0 0 0 0 0 0 0 0 0 0 0 0 0 12 0 0 2 0 10 0 0 0 0 0 14 0 0 0 10 0 
0 3 0 0 0 0 0 0 0 15 13 0 12 0 13 0 14 0 0 0 4 4 0 0 0 14 0 0 0 0 0 0 0 0 0 0 0 0 0 0 0 0 0 0 0 0 0 0 0 7 
0 0 0 3 0 0 0 0 0 0 0 0 0 0 2 1 0 0 18 0 0 0 1 0 0 0 0 0 0 0 15 0 0 10 0 0 0 0 9 0 0 0 0 0 0 0 0 0 0 0 
2 0 0 17 15 0 0 0 0 0 0 0 16 0 0 0 0 0 9 0 15 0 0 0 1 0 0 0 1 0 0 0 0 0 0 0 0 0 14 18 9 0 0 0 0 0 0 0 0 0 
0 0 10 0 0 7 8 0 0 0 0 0 0 0 0 0 0 0 0 0 0 0 0 0 0 0 0 0 0 0 0 1 17 0 0 10 0 0 0 0 0 0 0 16 17 0 19 0 0 15 
0 0 0 0 0 0 0 0 0 0 10 0 0 0 0 0 0 0 0 0 0 0 0 0 0 0 4 0 2 11 0 0 0 0 0 7 0 5 0 0 0 0 0 0 0 0 0 0 0 0 
0 0 0 14 8 8 0 0 15 0 0 0 0 6 7 0 0 0 12 0 0 0 13 12 0 4 0 0 0 0 0 0 0 0 5 0 19 0 0 0 0 0 0 0 0 0 0 0 0 0 
0 1 0 0 0 0 0 11 0 0 0 1 0 0 0 12 0 0 0 0 5 15 16 0 0 0 0 0 0 3 0 8 0 0 9 0 0 0 10 0 0 10 0 0 0 0 17 0 11 0 
0 0 5 0 0 0 0 0 4 0 16 0 0 4 0 0 0 0 3 0 0 0 0 19 0 8 0 0 0 0 0 7 0 0 0 0 0 0 10 0 0 0 0 0 0 0 9 0 0 0 
0 0 0 12 0 0 13 0 0 0 0 0 0 0 0 0 0 0 0 0 0 0 0 0 0 0 0 0 0 0 0 0 13 0 0 0 0 1 0 0 0 0 0 0 0 0 1 0 0 0 
3 0 0 0 0 13 0 0 0 0 0 0 0 2 0 0 0 0 18 0 18 0 1 0 0 14 0 0 0 0 4 0 0 0 0 0 0 0 0 0 0 0 0 0 0 0 0 0 0 17 
0 0 18 0 0 0 0 0 2 0 0 0 0 0 12 0 0 0 19 2 15 0 0 0 0 0 0 0 0 0 0 0 9 11 0 0 9 0 0 0 0 0 6 0 0 0 0 0 19 0 
0 0 0 0 0 0 0 0 0 0 0 0 0 0 0 13 0 5 13 0 4 0 0 0 0 0 16 0 0 0 0 0 13 0 11 0 0 9 0 0 0 15 0 10 0 0 0 0 0 0 
15 0 16 0 0 13 0 0 0 0 0 0 5 17 0 0 1 8 9 0 0 1 0 6 0 3 0 0 0 0 13 0 12 0 0 0 0 0 0 0 0 0 8 9 0 0 0 0 0 0 
0 0 0 0 0 0 0 0 0 0 0 0 0 0 0 0 8 0 0 0 0 0 19 0 0 0 0 18 0 0 0 1 0 0 0 0 0 5 8 0 0 0 0 0 19 1 0 0 0 0 
0 0 0 0 7 1 0 0 0 16 0 0 0 11 0 0 0 0 0 0 18 4 0 0 0 0 0 0 0 16 0 15 0 0 0 15 0 0 0 0 0 0 0 0 0 0 0 0 0 0 
0 0 0 0 0 0 0 0 0 0 0 0 0 0 17 13 20 0 0 0 0 19 0 0 7 17 0 0 0 0 0 19 12 19 0 0 0 0 0 12 0 14 0 5 0 0 0 0 0 0 
0 0 0 0 4 2 2 15 0 0 0 0 0 0 0 0 0 0 0 0 8 0 0 0 0 0 0 0 6 0 0 0 0 0 0 0 17 0 2 0 0 0 0 10 0 9 8 3 0 1 
0 0 0 0 0 6 0 0 0 0 12 0 0 0 0 0 0 0 0 0 0 0 0 0 0 0 0 0 0 0 0 0 3 0 0 0 0 0 9 0 0 0 0 0 13 0 0 0 0 0 
0 1 0 18 6 8 0 0 0 0 0 0 0 0 0 16 0 0 0 9 0 0 0 0 0 0 0 0 0 0 20 13 0 0 4 0 9 0 18 0 0 0 0 0 0 0 16 0 0 6 
0 0 0 0 4 0 0 0 0 5 0 4 0 0 0 0 0 0 0 0 0 0 0 0 0 0 0 0 0 13 0 6 0 0 0 0 0 0 0 8 0 0 19 0 0 0 0 3 0 0 
0 0 0 0 0 0 0 0 0 0 0 0 0 0 0 0 0 0 0 0 9 13 0 0 6 4 0 5 0 0 0 5 0 0 0 0 0 16 0 0 0 0 0 8 0 0 13 0 0 0 
7 0 0 0 6 0 0 0 0 0 0 0 9 0 0 0 0 0 0 0 0 0 18 0 0 0 7 4 0 0 0 0 0 0 0 0 0 7 0 0 0 0 9 0 0 5 16 0 0 13 
0 0 0 2 0 3 0 0 0 0 0 0 4 0 0 5 0 15 8 0 0 0 2 0 0 15 0 0 0 2 0 0 0 0 0 0 0 0 0 0 0 0 0 0 19 0 0 4 0 0 
0 0 0 0 0 12 0 0 0 0 8 8 13 0 0 0 0 0 0 0 0 17 0 0 0 0 0 0 0 0 0 0 0 0 0 0 0 0 0 0 0 12 0 0 12 0 0 0 0 0 
0 11 0 0 1 9 0 0 8 0 0 8 2 0 0 0 0 0 10 0 0 0 0 7 16 0 14 11 0 5 0 0 0 0 0 0 0 15 0 0 10 0 19 0 0 4 0 0 0 0 
0 18 0 9 0 20 0 12 0 0 0 0 15 0 0 0 0 0 0 0 9 0 0 13 0 0 0 0 16 0 0 0 0 0 0 0 0 14 0 0 0 0 0 0 0 0 0 18 12 0 
16 0 17 0 0 6 0 0 0 0 0 0 0 0 4 0 0 0 0 0 0 0 0 0 0 0 0 0 0 0 1 0 0 17 0 0 0 0 0 0 0 0 0 9 0 0 0 0 0 0 
0 0 0 16 0 0 0 0 0 0 0 0 0 0 0 0 0 0 14 0 0 0 0 9 0 0 0 0 0 8 0 0 0 0 0 0 0 0 0 0 11 0 0 0 0 0 0 0 0 0 
0 0 0 0 0 6 0 9 0 0 0 0 0 0 0 0 0 0 10 0 2 0 0 0 0 0 0 1 0 0 0 0 0 0 0 0 0 0 0 0 0 0 0 0 14 0 2 0 0 0 
0 0 0 0 0 0 0 0 0 0 0 10 0 0 3 0 0 0 13 0 0 0 1 0 2 0 0 18 0 4 0 0 0 0 0 0 0 12 14 0 0 0 0 8 0 0 0 0 0 0 
0 0 3 0 0 5 0 12 6 0 0 0 6 7 0 0 0 17 0 4 2 0 0 0 0 0 0 0 0 0 0 0 0 0 0 0 0 9 16 0 0 20 0 0 0 0 0 0 9 0 
