50

0 0 1 1 0 1 0 0 1 1 0 0 0 0 1 1 1 0 0 1 1 1 1 0 1 0 1 0 1 0 0 0 1 1 0 0 0 0 0 1 1 0 1 1 0 0 0 1 0 0 
0 0 1 1 0 0 0 0 1 1 0 1 0 0 0 0 0 1 1 1 1 1 1 1 1 0 0 0 1 1 1 0 1 0 0 0 0 1 1 0 0 1 0 0 0 0 0 0 1 0 
1 1 0 0 1 1 0 0 0 1 1 1 1 1 0 1 0 0 0 0 1 1 1 0 1 0 0 1 0 0 0 0 0 0 1 0 0 0 1 1 0 0 0 0 1 0 1 1 0 0 
1 1 0 0 0 0 1 0 0 1 0 0 0 0 1 1 1 1 0 0 1 0 0 1 1 0 0 0 1 0 1 1 0 0 0 1 0 1 1 1 0 0 1 1 1 0 1 1 0 0 
0 0 1 0 0 0 1 0 1 1 1 1 0 1 0 0 1 0 1 0 0 0 0 0 0 0 0 1 1 1 1 0 1 1 0 1 0 0 1 1 1 1 0 1 0 0 1 0 1 1 
1 0 1 0 0 0 0 1 0 0 1 1 0 1 1 0 1 1 0 0 0 0 0 1 0 0 0 0 0 1 1 0 0 0 0 1 0 0 0 0 1 1 1 1 1 0 0 0 0 1 
0 0 0 1 1 0 0 0 1 0 1 1 1 1 1 0 0 1 0 1 1 0 1 1 0 0 1 1 1 1 1 0 1 0 1 0 1 1 0 0 0 0 0 1 1 0 1 0 1 0 
0 0 0 0 0 1 0 0 1 1 1 1 1 0 0 0 1 0 0 1 1 0 1 0 0 1 0 1 0 0 0 1 0 1 0 0 1 0 0 1 1 0 0 0 0 1 1 0 1 1 
1 1 0 0 1 0 1 1 0 0 0 0 0 0 1 0 0 0 1 0 0 0 0 1 0 0 0 1 0 0 0 0 0 1 0 0 0 1 0 1 1 0 0 1 0 0 0 0 1 1 
1 1 1 1 1 0 0 1 0 0 0 0 0 0 0 0 0 1 0 1 0 0 1 1 0 0 1 1 0 1 0 0 0 1 0 0 0 0 0 0 1 1 0 0 1 0 1 0 0 0 
0 0 1 0 1 1 1 1 0 0 0 1 1 0 1 0 1 0 0 0 1 1 1 0 1 0 0 0 0 0 1 0 0 1 1 1 1 1 1 0 0 0 0 0 1 0 0 0 1 0 
0 1 1 0 1 1 1 1 0 0 1 0 1 0 0 0 1 0 0 0 1 1 0 1 0 0 1 0 1 0 0 0 0 0 0 0 0 0 0 0 1 1 1 1 0 1 0 0 1 1 
0 0 1 0 0 0 1 1 0 0 1 1 0 1 0 0 0 0 1 0 1 0 1 0 0 1 1 1 0 1 0 1 0 0 1 0 0 1 0 0 1 0 1 0 0 1 1 1 0 0 
0 0 1 0 1 1 1 0 0 0 0 0 1 0 0 1 0 1 0 0 0 1 1 1 1 1 0 0 0 1 0 0 0 0 0 1 0 0 0 1 0 0 1 0 0 0 0 0 1 1 
1 0 0 1 0 1 1 0 1 0 1 0 0 0 0 0 0 0 0 1 1 1 0 0 0 0 1 0 0 0 0 1 1 1 0 0 0 0 1 0 0 0 1 0 0 1 0 0 0 1 
1 0 1 1 0 0 0 0 0 0 0 0 0 1 0 0 0 1 0 0 0 0 1 0 0 0 1 1 1 1 0 0 0 1 0 1 0 1 0 1 1 1 0 0 1 1 0 0 0 0 
1 0 0 1 1 1 0 1 0 0 1 1 0 0 0 0 0 1 0 0 1 0 0 0 1 1 0 0 0 1 0 0 0 1 1 0 1 1 0 1 1 1 0 0 0 1 1 0 0 1 
0 1 0 1 0 1 1 0 0 1 0 0 0 1 0 1 1 0 0 0 1 0 1 1 1 0 1 0 1 0 1 0 1 1 1 1 0 0 0 0 1 0 0 1 1 0 0 0 0 1 
0 1 0 0 1 0 0 0 1 0 0 0 1 0 0 0 0 0 0 1 1 0 1 0 0 0 1 1 0 0 0 1 0 0 0 0 1 0 1 0 0 0 0 0 0 1 0 0 0 0 
1 1 0 0 0 0 1 1 0 1 0 0 0 0 1 0 0 0 1 0 0 1 0 0 0 1 1 0 0 0 0 1 1 1 0 1 0 0 0 1 0 0 1 0 1 1 1 1 0 1 
1 1 1 1 0 0 1 1 0 0 1 1 1 0 1 0 1 1 1 0 0 0 0 0 0 0 0 1 0 0 0 1 0 0 1 1 1 1 0 0 0 0 0 0 1 0 0 1 0 1 
1 1 1 0 0 0 0 0 0 0 1 1 0 1 1 0 0 0 0 1 0 0 0 1 0 1 0 1 0 0 1 1 0 0 0 1 0 1 0 1 0 0 0 1 0 0 1 0 1 0 
1 1 1 0 0 0 1 1 0 1 1 0 1 1 0 1 0 1 1 0 0 0 0 0 0 0 1 0 1 0 1 1 1 0 0 0 0 0 0 0 1 0 0 0 0 0 1 0 0 0 
0 1 0 1 0 1 1 0 1 1 0 1 0 1 0 0 0 1 0 0 0 1 0 0 0 0 0 1 1 1 1 0 0 0 0 1 0 0 0 0 0 0 1 0 1 0 1 0 0 0 
1 1 1 1 0 0 0 0 0 0 1 0 0 1 0 0 1 1 0 0 0 0 0 0 0 0 0 1 0 0 0 0 0 0 0 0 1 0 0 1 1 0 0 0 0 0 1 0 1 0 
0 0 0 0 0 0 0 1 0 0 0 0 1 1 0 0 1 0 0 1 0 1 0 0 0 0 1 0 1 0 0 0 1 0 0 0 1 1 1 0 0 1 1 1 0 0 1 1 1 1 
1 0 0 0 0 0 1 0 0 1 0 1 1 0 1 1 0 1 1 1 0 0 1 0 0 1 0 1 0 1 1 0 0 0 0 0 0 0 0 1 1 1 0 1 0 0 0 0 1 0 
0 0 1 0 1 0 1 1 1 1 0 0 1 0 0 1 0 0 1 0 1 1 0 1 1 0 1 0 0 1 1 1 0 0 1 0 0 1 0 1 0 0 0 0 0 0 0 0 1 1 
1 1 0 1 1 0 1 0 0 0 0 1 0 0 0 1 0 1 0 0 0 0 1 1 0 1 0 0 0 0 1 0 0 1 1 1 1 0 0 0 1 1 1 1 0 0 1 0 0 1 
0 1 0 0 1 1 1 0 0 1 0 0 1 1 0 1 1 0 0 0 0 0 0 1 0 0 1 1 0 0 1 0 0 0 1 0 1 1 1 0 0 0 0 0 0 0 1 0 0 1 
0 1 0 1 1 1 1 0 0 0 1 0 0 0 0 0 0 1 0 0 0 1 1 1 0 0 1 1 1 1 0 1 1 1 0 1 0 0 0 0 0 0 0 1 0 0 0 0 0 1 
0 0 0 1 0 0 0 1 0 0 0 0 1 0 1 0 0 0 1 1 1 1 1 0 0 0 0 1 0 0 1 0 1 1 0 0 1 0 1 0 0 0 1 1 0 0 1 0 0 0 
1 1 0 0 1 0 1 0 0 0 0 0 0 0 1 0 0 1 0 1 0 0 1 0 0 1 0 0 0 0 1 1 0 0 1 0 1 0 0 0 0 0 1 0 1 0 0 0 1 1 
1 0 0 0 1 0 0 1 1 1 1 0 0 0 1 1 1 1 0 1 0 0 0 0 0 0 0 0 1 0 1 1 0 0 0 0 0 0 1 0 0 0 1 0 0 0 0 0 1 1 
0 0 1 0 0 0 1 0 0 0 1 0 1 0 0 0 1 1 0 0 1 0 0 0 0 0 0 1 1 1 0 0 1 0 0 0 0 1 0 0 1 0 0 0 0 1 0 0 0 1 
0 0 0 1 1 1 0 0 0 0 1 0 0 1 0 1 0 1 0 1 1 1 0 1 0 0 0 0 1 0 1 0 0 0 0 0 1 1 0 1 1 1 0 0 0 0 1 0 1 1 
0 0 0 0 0 0 1 1 0 0 1 0 0 0 0 0 1 0 1 0 1 0 0 0 1 1 0 0 1 1 0 1 1 0 0 1 0 0 0 0 1 0 1 0 0 1 0 0 0 0 
0 1 0 1 0 0 1 0 1 0 1 0 1 0 0 1 1 0 0 0 1 1 0 0 0 1 0 1 0 1 0 0 0 0 1 1 0 0 1 0 0 0 1 0 0 1 0 1 1 0 
0 1 1 1 1 0 0 0 0 0 1 0 0 0 1 0 0 0 1 0 0 0 0 0 0 1 0 0 0 1 0 1 0 1 0 0 0 1 0 1 0 0 1 1 0 0 0 0 0 0 
1 0 1 1 1 0 0 1 1 0 0 0 0 1 0 1 1 0 0 1 0 1 0 0 1 0 1 1 0 0 0 0 0 0 0 1 0 0 1 0 0 1 0 0 0 1 0 0 0 0 
1 0 0 0 1 1 0 1 1 1 0 1 1 0 0 1 1 1 0 0 0 0 1 0 1 0 1 0 1 0 0 0 0 0 1 1 1 0 0 0 0 0 0 0 1 0 0 0 1 1 
0 1 0 0 1 1 0 0 0 1 0 1 0 0 0 1 1 0 0 0 0 0 0 0 0 1 1 0 1 0 0 0 0 0 0 1 0 0 0 1 0 0 1 0 1 1 0 0 1 0 
1 0 0 1 0 1 0 0 0 0 0 1 1 1 1 0 0 0 0 1 0 0 0 1 0 1 0 0 1 0 0 1 1 1 0 0 1 1 1 0 0 1 0 1 0 0 1 0 0 1 
1 0 0 1 1 1 1 0 1 0 0 1 0 0 0 0 0 1 0 0 0 1 0 0 0 1 1 0 1 0 1 1 0 0 0 0 0 0 1 0 0 0 1 0 1 0 1 1 0 0 
0 0 1 1 0 1 1 0 0 1 1 0 0 0 0 1 0 1 0 1 1 0 0 1 0 0 0 0 0 0 0 0 1 0 0 0 0 0 0 0 1 1 0 1 0 0 1 1 1 0 
0 0 0 0 0 0 0 1 0 0 0 1 1 0 1 1 1 0 1 1 0 0 0 0 0 0 0 0 0 0 0 0 0 0 1 0 1 1 0 1 0 1 0 0 0 0 0 0 0 0 
0 0 1 1 1 0 1 1 0 1 0 0 1 0 0 0 1 0 0 1 0 1 1 1 1 1 0 0 1 1 0 1 0 0 0 1 0 0 0 0 0 0 1 1 1 0 0 0 0 0 
1 0 1 1 0 0 0 0 0 0 0 0 1 0 0 0 0 0 0 1 1 0 0 0 0 1 0 0 0 0 0 0 0 0 0 0 0 1 0 0 0 0 0 1 1 0 0 0 0 1 
0 1 0 0 1 0 1 1 1 0 1 1 0 1 0 0 0 0 0 0 0 1 0 0 1 1 1 1 0 0 0 0 1 1 0 1 0 1 0 0 1 1 0 0 1 0 0 0 0 1 
0 0 0 0 1 1 0 1 1 0 0 1 0 1 1 0 1 1 0 1 1 0 0 0 0 1 0 1 1 1 1 0 1 1 1 1 0 0 0 0 1 0 1 0 0 0 0 1 1 0 

0 0 15 0 0 0 2 4 0 0 0 0 0 0 0 0 0 0 4 0 0 1 6 0 0 0 0 0 0 0 0 0 6 0 0 0 0 0 0 0 0 0 0 0 0 0 0 0 6 0 
0 0 0 0 0 12 0 0 0 0 15 0 0 0 0 0 0 0 0 0 0 0 0 2 0 0 0 0 0 0 0 14 0 17 0 0 0 0 1 0 0 0 0 6 0 0 0 0 0 16 
0 0 0 0 9 0 9 0 0 0 0 0 0 0 0 0 0 15 0 0 13 0 3 0 0 0 0 0 13 0 0 5 0 0 0 0 0 0 0 0 0 0 0 0 0 0 0 0 0 0 
0 0 0 0 8 0 20 0 0 0 0 0 0 0 9 0 0 0 0 0 0 18 0 0 0 3 0 0 0 0 0 0 0 0 4 0 16 0 0 0 0 0 0 0 0 17 0 0 0 0 
0 3 0 0 0 0 0 18 0 14 0 0 0 0 0 0 0 0 6 0 0 0 0 4 0 0 0 0 0 1 0 14 0 0 0 0 12 16 0 0 0 10 0 0 0 0 0 18 2 6 
6 0 0 0 0 0 0 0 16 0 0 0 0 0 0 0 0 10 0 0 0 0 8 19 0 0 3 0 0 0 0 0 0 21 0 0 0 0 0 0 0 0 0 0 0 0 0 0 0 0 
0 11 2 0 0 0 0 0 0 0 10 0 0 0 5 0 5 0 1 9 0 5 0 0 0 0 0 0 0 2 0 0 0 0 0 0 0 0 16 0 0 0 0 5 2 0 0 0 0 0 
0 9 0 0 0 0 10 0 0 0 0 0 0 0 0 7 0 0 15 0 0 0 0 0 0 0 0 2 0 10 0 0 0 13 20 0 19 0 0 2 2 0 6 0 0 0 13 0 0 0 
0 0 0 0 0 0 0 10 0 0 0 15 7 0 0 4 2 0 5 0 0 0 0 0 0 0 0 0 0 0 0 21 0 0 0 0 0 0 0 0 0 0 0 0 0 0 10 0 0 0 
0 0 0 20 0 14 0 4 0 0 0 0 18 15 0 0 0 0 0 0 0 0 0 0 12 0 0 6 2 0 16 0 0 0 0 0 0 0 0 0 0 0 0 0 12 0 0 0 0 0 
0 0 8 0 6 0 0 0 0 0 0 13 0 0 0 3 0 0 0 0 0 0 0 0 6 0 0 0 7 0 0 14 0 0 0 0 0 0 0 0 0 0 0 5 0 0 0 0 0 0 
0 0 0 0 0 12 0 6 0 7 0 0 0 0 0 0 7 0 0 0 0 0 0 0 0 0 20 0 6 0 3 0 0 14 0 0 0 0 4 0 17 0 0 0 0 0 0 9 0 0 
0 0 0 0 0 0 7 6 0 0 16 0 0 0 0 0 0 0 0 0 0 5 0 0 0 0 0 0 2 0 0 12 0 8 0 0 0 0 3 0 0 0 0 0 0 0 0 0 0 0 
0 0 0 0 0 0 14 0 0 0 0 0 0 0 0 0 0 12 17 0 5 0 0 0 0 2 9 0 0 0 0 0 0 0 16 0 0 0 0 0 0 0 0 18 0 1 0 0 0 0 
0 0 0 0 11 0 10 0 0 0 0 0 0 0 0 0 6 0 0 5 0 0 0 0 0 0 0 0 0 17 0 13 0 0 0 0 5 0 0 10 0 0 0 0 0 0 0 0 0 0 
0 0 0 0 0 0 0 0 0 5 15 8 0 0 9 0 0 0 0 8 0 0 0 0 0 0 0 0 0 0 17 0 14 0 0 0 0 0 7 0 0 0 0 0 0 16 0 0 0 0 
0 2 0 3 0 16 0 5 0 0 0 0 5 0 0 0 0 0 0 0 0 0 11 0 0 0 0 0 0 11 0 0 0 0 0 0 0 0 13 0 0 0 0 0 0 0 0 0 0 0 
0 0 0 16 0 0 16 0 0 0 0 0 0 0 0 0 0 0 0 22 6 0 10 3 0 0 0 0 0 7 20 0 0 0 0 0 3 0 0 0 0 18 0 21 9 0 0 15 0 1 
7 2 0 0 0 20 0 0 0 0 0 0 0 0 0 0 0 0 0 0 11 0 0 3 0 0 6 0 0 0 0 0 0 8 0 0 0 0 0 0 0 0 0 4 0 3 0 0 0 0 
0 0 0 0 0 0 0 0 0 3 0 0 0 0 0 0 0 0 0 0 15 7 0 0 0 0 0 3 0 0 0 0 0 12 0 20 0 0 0 0 14 0 0 9 0 0 0 0 0 0 
0 7 0 0 0 0 0 0 0 0 2 6 0 0 0 14 0 0 0 0 0 13 0 0 0 0 0 0 0 0 18 0 0 0 0 0 0 0 0 0 20 0 0 0 9 0 0 0 13 0 
0 0 0 0 16 18 0 0 4 0 17 0 15 0 0 0 0 0 0 0 0 0 6 0 0 7 0 0 0 0 0 0 0 0 0 15 0 4 0 0 0 0 4 0 0 0 0 21 5 0 
0 0 0 0 0 0 0 0 19 13 0 0 0 0 0 0 0 14 18 0 0 0 0 0 19 20 0 0 14 0 2 19 0 0 0 0 5 0 0 0 0 0 0 0 19 0 0 0 0 21 
0 0 8 0 0 1 0 0 0 0 0 0 0 1 0 0 0 0 0 0 0 0 12 0 0 0 0 0 0 0 3 0 8 0 0 0 0 0 0 0 0 0 0 0 0 0 0 0 0 0 
11 0 0 0 0 0 1 0 0 0 0 19 0 0 0 0 0 0 0 0 0 0 0 0 0 3 0 0 0 0 0 0 0 0 0 0 0 0 2 0 0 0 0 0 0 0 0 0 0 0 
2 0 0 0 0 8 0 0 0 0 0 0 0 3 0 0 14 19 0 0 0 0 17 0 0 0 0 0 0 0 13 0 11 0 0 0 0 0 0 3 0 0 0 0 0 14 0 0 15 14 
10 0 20 0 0 1 8 0 0 0 0 0 0 0 0 0 17 0 0 0 0 0 0 0 0 0 0 0 0 0 0 0 0 0 0 0 0 13 0 16 0 0 0 0 0 0 20 0 0 0 
0 0 0 0 16 4 0 19 0 5 0 0 0 0 0 0 0 0 0 0 19 0 0 0 0 19 0 0 0 0 0 0 0 0 5 0 0 0 0 3 0 0 8 0 0 0 1 0 0 0 
0 0 0 2 0 0 16 0 0 0 0 0 0 0 0 0 0 0 0 0 0 0 0 0 0 0 0 0 0 0 0 0 0 0 0 0 0 0 0 0 0 0 0 3 0 14 0 4 0 0 
19 0 19 0 0 0 0 0 0 0 0 0 0 0 0 8 0 15 0 0 0 0 0 0 0 11 0 0 10 0 6 0 15 0 0 1 0 0 0 0 20 0 9 0 0 0 0 0 0 0 
0 13 18 0 11 21 0 0 0 0 0 0 0 0 0 0 0 8 0 16 14 0 0 13 0 0 0 0 17 0 0 14 10 13 16 0 0 0 10 10 0 1 0 9 0 20 0 0 0 0 
9 0 0 0 0 0 0 0 3 0 0 0 15 0 0 0 0 0 0 0 0 0 0 11 15 0 0 0 0 0 0 0 0 10 9 6 0 0 0 0 0 0 17 0 11 0 0 0 0 10 
0 0 0 0 0 20 0 0 0 0 12 0 0 14 18 0 0 0 17 0 0 0 0 0 0 0 19 0 0 0 0 0 0 0 0 0 0 11 0 20 0 17 15 0 0 0 0 0 0 0 
6 0 13 0 0 0 0 0 0 0 16 0 0 0 0 0 14 0 0 0 0 0 0 0 16 0 0 0 0 0 0 0 0 0 0 0 0 6 0 0 0 0 0 0 16 0 15 0 0 0 
0 0 0 0 0 7 0 0 0 0 22 0 0 0 0 0 0 0 21 12 0 0 0 0 0 16 0 0 0 0 0 17 0 1 0 0 0 0 0 0 0 0 0 0 0 0 0 16 0 0 
0 0 0 16 0 0 0 0 0 0 0 0 0 0 0 0 0 0 0 20 0 0 16 0 0 0 0 0 0 0 0 0 0 8 14 0 0 0 7 0 0 0 19 0 0 0 0 0 0 0 
0 0 9 0 0 0 0 20 17 0 0 0 0 0 3 0 0 0 0 0 0 0 0 0 0 0 0 0 0 0 0 0 3 0 4 0 0 0 12 0 0 0 21 0 0 0 0 0 0 8 
0 10 0 0 0 9 0 0 0 0 0 0 0 9 0 0 0 0 0 0 0 0 0 15 0 0 0 0 0 0 0 0 0 0 0 19 5 0 0 0 1 0 0 21 16 0 13 0 0 0 
0 0 0 0 0 0 0 0 7 0 0 0 0 0 0 0 0 0 0 0 0 5 8 0 0 0 0 0 0 0 0 0 0 0 0 0 0 0 0 0 0 0 0 17 0 0 0 0 0 2 
0 0 0 0 0 0 0 0 0 0 0 17 0 0 0 0 0 0 0 11 0 0 0 0 0 18 0 0 8 0 0 3 0 12 0 0 0 0 0 0 0 0 0 0 0 0 0 0 0 3 
0 0 0 0 0 0 0 0 0 19 0 0 8 0 1 13 10 0 0 0 0 0 0 7 0 0 0 0 0 0 0 0 17 0 0 12 0 0 0 14 0 0 0 0 0 0 0 0 0 0 
0 21 0 0 0 20 0 0 7 0 0 14 6 0 0 0 6 0 0 0 0 0 0 0 2 0 0 0 0 0 0 0 0 0 0 0 0 0 0 0 19 0 0 0 0 0 0 11 0 0 
0 0 0 0 0 0 0 0 15 0 0 0 0 0 0 15 0 0 0 20 0 0 0 4 0 0 0 0 0 0 0 0 0 16 5 0 0 0 0 0 10 8 0 0 0 0 2 0 13 0 
0 0 17 0 0 6 0 0 0 0 0 0 0 0 0 0 3 0 5 0 0 0 0 0 0 0 0 0 0 0 0 0 0 0 0 0 0 0 2 17 0 0 0 0 6 0 0 0 0 17 
0 0 0 8 0 0 0 0 0 0 0 0 0 0 12 0 0 0 0 0 0 0 0 0 0 0 0 0 0 2 0 0 0 0 0 0 0 20 0 0 0 0 0 0 0 0 0 18 0 0 
0 0 0 0 0 0 13 0 10 16 0 0 11 0 0 0 0 0 0 0 0 0 0 0 0 0 0 0 3 0 0 0 0 0 16 12 0 0 0 10 0 0 0 0 0 0 0 0 0 0 
0 0 0 0 0 0 18 0 0 0 0 0 0 5 0 0 0 3 20 4 0 0 0 0 0 2 0 0 0 14 0 19 0 0 0 0 21 0 0 0 0 0 11 17 0 0 0 0 0 0 
0 0 0 0 0 0 0 0 0 0 5 0 16 0 0 12 0 0 13 0 0 3 0 0 0 0 0 0 0 0 0 14 0 0 0 0 0 3 0 0 0 7 0 0 0 0 0 0 0 0 
0 6 0 0 0 0 0 0 0 0 0 0 21 0 0 0 0 8 5 2 0 0 1 0 11 16 0 3 0 0 0 3 0 8 0 17 0 17 19 1 0 0 0 0 19 0 0 0 0 0 
0 0 0 4 0 13 0 0 0 0 11 0 0 0 13 0 0 0 0 5 0 0 0 0 0 0 0 0 0 0 0 0 0 0 0 0 0 16 0 0 0 0 0 7 0 0 14 0 0 0 
