50

0 0 0 0 0 0 0 0 1 0 1 0 1 0 0 0 0 1 1 1 1 1 0 0 0 0 0 0 0 1 0 0 0 0 0 0 0 1 0 0 0 1 0 1 0 1 0 0 0 1 
0 0 0 0 0 0 0 0 0 0 0 0 0 1 0 0 0 0 0 0 0 0 0 0 0 0 0 0 0 0 0 0 0 1 0 0 1 0 0 0 1 1 0 0 0 0 0 0 0 0 
0 0 0 0 1 0 0 0 1 0 1 0 0 0 0 0 0 1 0 1 0 0 0 1 0 1 0 0 1 0 1 1 0 0 0 1 1 1 0 0 0 1 0 0 0 0 1 0 0 0 
0 0 0 0 0 0 0 0 0 1 0 0 0 0 1 0 0 0 0 0 0 1 0 0 1 0 0 0 0 0 0 1 0 0 0 0 0 0 0 0 0 0 0 0 0 1 1 1 1 1 
0 0 1 0 0 0 0 0 1 0 0 1 0 1 0 0 0 1 0 0 0 1 0 0 1 1 0 0 0 1 0 0 1 0 1 0 0 0 1 0 1 0 0 0 0 0 0 0 0 0 
0 0 0 0 0 0 0 0 0 0 0 0 0 0 0 1 0 0 0 0 0 1 0 0 0 1 0 0 1 0 0 0 0 0 0 1 0 1 1 0 0 0 0 1 0 0 0 0 0 1 
0 0 0 0 0 0 0 0 1 0 1 1 0 0 1 0 0 0 0 0 0 0 0 0 1 0 0 0 0 0 0 0 0 0 0 0 0 0 0 0 0 0 0 0 0 0 1 0 0 1 
0 0 0 0 0 0 0 0 0 0 0 0 1 0 0 1 0 0 0 0 0 1 1 0 0 0 0 1 1 0 0 0 0 0 0 0 0 0 1 0 0 0 0 0 1 0 1 0 0 0 
1 0 1 0 1 0 1 0 0 0 0 0 0 1 1 0 0 0 0 0 1 1 1 0 0 0 0 0 0 0 0 0 1 0 0 0 0 0 0 0 1 0 0 0 0 0 1 0 0 0 
0 0 0 1 0 0 0 0 0 0 0 0 0 0 0 0 1 0 0 1 0 1 0 0 0 1 0 1 1 0 0 0 0 1 1 0 0 0 0 0 0 0 0 0 0 1 0 0 0 0 
1 0 1 0 0 0 1 0 0 0 0 0 0 0 0 0 0 0 0 0 0 0 0 0 0 0 1 0 0 0 0 0 0 1 1 0 0 1 1 0 0 1 0 0 0 0 0 1 1 0 
0 0 0 0 1 0 1 0 0 0 0 0 0 0 1 0 0 0 1 1 0 0 0 0 0 1 1 1 0 0 0 0 0 0 0 0 0 0 0 0 0 0 0 1 0 0 0 1 1 1 
1 0 0 0 0 0 0 1 0 0 0 0 0 0 0 0 0 1 0 1 1 0 1 0 0 1 0 0 1 0 0 0 0 0 0 0 0 1 0 0 1 0 0 0 0 1 1 0 1 0 
0 1 0 0 1 0 0 0 1 0 0 0 0 0 1 0 0 0 0 0 0 1 0 0 0 1 0 0 0 1 1 1 0 0 0 0 0 0 1 0 1 0 1 0 1 1 0 0 0 1 
0 0 0 1 0 0 1 0 1 0 0 1 0 1 0 0 0 0 1 0 1 0 0 0 0 0 0 0 1 1 0 0 0 0 0 0 0 0 0 0 0 0 0 0 0 0 0 0 0 0 
0 0 0 0 0 1 0 1 0 0 0 0 0 0 0 0 0 1 0 1 0 0 0 0 0 0 1 0 1 0 0 0 1 0 0 0 0 1 0 0 0 0 1 0 0 0 0 1 0 0 
0 0 0 0 0 0 0 0 0 1 0 0 0 0 0 0 0 1 0 0 1 1 0 0 0 0 0 0 0 0 0 0 0 0 0 0 0 0 0 1 0 0 0 1 1 0 0 0 0 0 
1 0 1 0 1 0 0 0 0 0 0 0 1 0 0 1 1 0 0 0 0 1 0 0 1 1 0 0 0 0 1 0 0 0 0 0 0 0 1 0 0 0 0 0 0 0 0 0 0 0 
1 0 0 0 0 0 0 0 0 0 0 1 0 0 1 0 0 0 0 0 0 1 0 0 0 0 1 0 0 0 0 1 0 0 0 0 0 0 0 0 0 0 0 0 1 0 0 0 1 1 
1 0 1 0 0 0 0 0 0 1 0 1 1 0 0 1 0 0 0 0 1 0 0 0 0 1 0 0 1 0 1 0 1 0 1 0 0 0 0 0 0 0 0 0 0 0 1 0 1 0 
1 0 0 0 0 0 0 0 1 0 0 0 1 0 1 0 1 0 0 1 0 0 1 0 0 0 0 0 0 0 0 0 0 0 0 0 1 0 1 0 0 1 0 0 0 0 0 0 0 0 
1 0 0 1 1 1 0 1 1 1 0 0 0 1 0 0 1 1 1 0 0 0 1 1 0 0 0 0 0 0 1 1 0 0 1 0 0 0 0 0 1 0 0 0 0 0 0 0 0 0 
0 0 0 0 0 0 0 1 1 0 0 0 1 0 0 0 0 0 0 0 1 1 0 0 0 0 0 0 0 0 0 0 0 1 1 1 0 0 0 1 0 0 0 0 1 0 0 0 1 0 
0 0 1 0 0 0 0 0 0 0 0 0 0 0 0 0 0 0 0 0 0 1 0 0 1 1 0 0 0 0 0 0 0 0 0 0 0 0 0 0 1 1 0 0 0 0 0 0 0 0 
0 0 0 1 1 0 1 0 0 0 0 0 0 0 0 0 0 1 0 0 0 0 0 1 0 0 0 0 0 0 0 1 0 0 1 0 0 0 0 0 1 0 0 1 0 0 0 0 0 0 
0 0 1 0 1 1 0 0 0 1 0 1 1 1 0 0 0 1 0 1 0 0 0 1 0 0 0 0 0 0 0 0 0 0 1 0 0 1 0 0 0 0 1 0 0 0 0 0 0 0 
0 0 0 0 0 0 0 0 0 0 1 1 0 0 0 1 0 0 1 0 0 0 0 0 0 0 0 1 1 0 0 0 0 0 0 0 0 0 0 0 0 1 1 0 0 1 0 0 0 0 
0 0 0 0 0 0 0 1 0 1 0 1 0 0 0 0 0 0 0 0 0 0 0 0 0 0 1 0 1 0 0 1 0 0 0 0 0 0 0 1 1 0 1 0 0 0 0 1 0 1 
0 0 1 0 0 1 0 1 0 1 0 0 1 0 1 1 0 0 0 1 0 0 0 0 0 0 1 1 0 1 0 0 0 0 0 0 0 1 0 0 0 0 0 0 0 0 0 0 0 1 
1 0 0 0 1 0 0 0 0 0 0 0 0 1 1 0 0 0 0 0 0 0 0 0 0 0 0 0 1 0 0 0 0 0 0 0 0 0 0 0 0 0 0 0 1 1 0 0 0 0 
0 0 1 0 0 0 0 0 0 0 0 0 0 1 0 0 0 1 0 1 0 1 0 0 0 0 0 0 0 0 0 0 0 1 0 0 1 0 0 0 0 0 0 0 0 0 0 1 0 0 
0 0 1 1 0 0 0 0 0 0 0 0 0 1 0 0 0 0 1 0 0 1 0 0 1 0 0 1 0 0 0 0 0 0 0 1 0 0 0 0 1 0 0 0 0 0 1 0 0 0 
0 0 0 0 1 0 0 0 1 0 0 0 0 0 0 1 0 0 0 1 0 0 0 0 0 0 0 0 0 0 0 0 0 0 1 0 0 0 1 0 0 1 1 0 0 0 0 0 1 0 
0 1 0 0 0 0 0 0 0 1 1 0 0 0 0 0 0 0 0 0 0 0 1 0 0 0 0 0 0 0 1 0 0 0 0 0 0 0 0 0 0 0 0 0 0 1 0 1 1 0 
0 0 0 0 1 0 0 0 0 1 1 0 0 0 0 0 0 0 0 1 0 1 1 0 1 1 0 0 0 0 0 0 1 0 0 0 0 0 0 0 1 0 0 1 0 1 0 0 0 1 
0 0 1 0 0 1 0 0 0 0 0 0 0 0 0 0 0 0 0 0 0 0 1 0 0 0 0 0 0 0 0 1 0 0 0 0 1 0 0 0 0 1 0 0 0 1 0 0 0 0 
0 1 1 0 0 0 0 0 0 0 0 0 0 0 0 0 0 0 0 0 1 0 0 0 0 0 0 0 0 0 1 0 0 0 0 1 0 1 0 0 0 0 0 0 1 0 0 0 0 1 
1 0 1 0 0 1 0 0 0 0 1 0 1 0 0 1 0 0 0 0 0 0 0 0 0 1 0 0 1 0 0 0 0 0 0 0 1 0 0 1 0 0 1 0 0 0 1 0 0 1 
0 0 0 0 1 1 0 1 0 0 1 0 0 1 0 0 0 1 0 0 1 0 0 0 0 0 0 0 0 0 0 0 1 0 0 0 0 0 0 0 0 1 1 0 1 0 0 0 0 0 
0 0 0 0 0 0 0 0 0 0 0 0 0 0 0 0 1 0 0 0 0 0 1 0 0 0 0 1 0 0 0 0 0 0 0 0 0 1 0 0 0 0 0 1 0 1 0 0 1 0 
0 1 0 0 1 0 0 0 1 0 0 0 1 1 0 0 0 0 0 0 0 1 0 1 1 0 0 1 0 0 0 1 0 0 1 0 0 0 0 0 0 1 0 1 0 0 0 1 1 0 
1 1 1 0 0 0 0 0 0 0 1 0 0 0 0 0 0 0 0 0 1 0 0 1 0 0 1 0 0 0 0 0 1 0 0 1 0 0 1 0 1 0 0 0 0 0 0 0 1 0 
0 0 0 0 0 0 0 0 0 0 0 0 0 1 0 1 0 0 0 0 0 0 0 0 0 1 1 1 0 0 0 0 1 0 0 0 0 1 1 0 0 0 0 0 0 1 0 0 0 0 
1 0 0 0 0 1 0 0 0 0 0 1 0 0 0 0 1 0 0 0 0 0 0 0 1 0 0 0 0 0 0 0 0 0 1 0 0 0 0 1 1 0 0 0 0 0 1 0 0 0 
0 0 0 0 0 0 0 1 0 0 0 0 0 1 0 0 1 0 1 0 0 0 1 0 0 0 0 0 0 1 0 0 0 0 0 0 1 0 1 0 0 0 0 0 0 1 0 0 0 1 
1 0 0 1 0 0 0 0 0 1 0 0 1 1 0 0 0 0 0 0 0 0 0 0 0 0 1 0 0 1 0 0 0 1 1 1 0 0 0 1 0 0 1 0 1 0 0 0 0 0 
0 0 1 1 0 0 1 1 1 0 0 0 1 0 0 0 0 0 0 1 0 0 0 0 0 0 0 0 0 0 0 1 0 0 0 0 0 1 0 0 0 0 0 1 0 0 0 0 0 0 
0 0 0 1 0 0 0 0 0 0 1 1 0 0 0 1 0 0 0 0 0 0 0 0 0 0 0 1 0 0 1 0 0 1 0 0 0 0 0 0 1 0 0 0 0 0 0 0 0 0 
0 0 0 1 0 0 0 0 0 0 1 1 1 0 0 0 0 0 1 1 0 0 1 0 0 0 0 0 0 0 0 0 1 1 0 0 0 0 0 1 1 1 0 0 0 0 0 0 0 1 
1 0 0 1 0 1 1 0 0 0 0 1 0 1 0 0 0 0 1 0 0 0 0 0 0 0 0 1 1 0 0 0 0 0 1 0 1 1 0 0 0 0 0 0 1 0 0 0 1 0 

0 14 0 0 0 0 0 21 0 0 0 0 0 0 0 28 8 0 0 22 0 0 6 0 30 0 0 0 0 11 0 0 0 0 0 0 0 1 0 7 0 1 0 24 0 0 4 10 9 1 
14 0 0 19 13 0 0 0 0 29 0 0 0 0 0 0 0 0 0 0 0 30 20 0 13 0 0 0 0 0 0 19 0 0 0 0 0 0 0 0 0 0 0 0 0 29 0 0 0 0 
0 0 0 0 4 0 0 0 27 0 0 0 10 0 0 0 14 0 0 4 0 21 0 10 0 0 0 1 14 0 0 0 0 0 0 17 0 3 13 0 0 25 0 22 0 0 0 0 0 12 
0 0 0 0 25 0 0 0 0 16 1 0 0 14 0 0 0 0 0 0 0 0 0 0 0 0 19 27 0 0 0 7 0 0 0 0 0 0 0 0 0 0 0 0 23 0 0 0 0 1 
17 0 7 0 0 15 3 19 0 0 10 0 0 1 0 3 19 0 0 10 0 0 0 0 0 0 0 0 0 0 22 0 0 0 20 0 0 0 13 0 0 15 19 0 0 17 0 0 0 0 
0 0 0 0 0 0 0 0 0 0 0 0 0 13 0 13 0 24 0 4 0 0 0 0 0 0 0 26 0 0 0 0 0 0 18 0 0 0 13 0 0 1 0 0 0 0 0 0 0 0 
0 9 0 15 10 0 0 0 0 0 28 0 0 0 8 0 0 9 0 0 0 0 19 19 0 0 0 0 1 0 7 0 4 22 0 26 0 0 0 0 0 7 0 0 5 28 0 0 0 0 
0 0 0 0 0 0 0 0 0 0 0 0 0 0 5 0 0 0 0 0 22 27 0 0 14 0 0 0 0 0 27 0 6 0 0 0 0 0 0 31 0 0 0 0 0 0 10 5 0 0 
0 0 0 0 0 20 31 0 0 0 0 0 0 0 2 0 0 0 0 0 0 0 0 0 0 0 0 0 0 0 0 0 0 0 0 0 4 20 0 26 0 0 0 0 0 0 0 0 0 0 
0 0 0 0 0 0 0 0 0 0 0 0 0 0 0 0 0 0 0 5 0 0 0 0 23 0 0 0 0 15 26 0 0 0 0 13 0 0 0 8 0 0 0 0 0 0 0 0 0 0 
0 0 15 4 29 0 0 0 6 0 0 0 27 0 2 26 0 0 0 20 0 0 7 0 10 0 31 14 20 0 0 0 0 0 30 22 0 0 0 0 0 0 29 0 0 0 0 0 9 0 
0 0 0 0 0 0 0 0 0 0 0 0 0 0 0 2 0 0 0 0 0 17 0 0 0 0 0 0 0 0 0 8 0 0 0 0 0 0 10 0 0 0 6 0 0 7 21 0 0 0 
0 0 0 0 20 17 0 0 0 0 0 0 0 0 0 0 0 0 0 0 27 26 0 0 0 7 31 0 0 0 0 0 19 0 0 0 0 0 0 0 0 0 0 0 0 0 13 0 0 0 
0 0 13 0 0 0 0 0 0 0 0 0 0 0 15 23 0 0 0 0 0 0 0 0 0 0 0 0 0 21 0 0 0 0 0 0 0 0 0 30 12 7 0 0 31 0 0 0 0 0 
0 0 24 0 0 0 0 0 0 0 0 0 8 9 0 0 0 0 0 0 0 28 0 0 9 0 0 0 1 0 0 8 17 0 0 25 0 8 0 0 0 18 0 0 0 7 0 0 0 0 
0 19 0 8 0 0 0 0 0 0 0 0 0 0 0 0 15 0 0 5 18 0 18 8 0 2 0 0 0 26 2 0 0 0 13 0 0 17 2 0 29 27 22 0 3 0 7 0 0 13 
24 0 0 0 0 0 23 16 0 11 0 0 0 0 0 0 0 0 0 0 6 12 0 0 0 0 0 0 0 0 0 0 0 0 0 0 0 0 0 0 0 0 0 0 16 25 0 0 14 0 
0 0 0 0 0 0 0 0 0 0 0 0 0 0 0 0 2 0 0 27 0 0 0 0 0 0 0 0 0 0 0 0 6 0 0 0 17 0 0 0 0 0 0 25 5 0 0 0 0 19 
0 22 0 0 0 0 0 0 0 0 0 0 0 0 0 0 0 0 0 0 0 0 0 0 9 0 0 0 0 0 0 0 0 29 0 0 0 21 0 0 0 0 0 0 10 0 0 26 0 0 
0 0 0 0 0 0 0 2 0 19 0 23 0 0 0 0 0 0 20 0 0 0 0 27 20 0 7 0 0 0 0 0 0 0 0 0 0 0 0 0 0 0 0 0 7 0 0 0 0 0 
0 0 0 0 0 0 0 0 0 0 11 0 0 25 0 0 15 0 0 0 0 0 0 2 0 0 0 0 0 8 0 0 0 0 0 0 0 0 0 27 0 0 0 0 0 0 0 13 0 0 
2 26 0 0 0 0 0 0 0 0 0 0 0 0 0 6 0 2 0 31 0 0 0 0 0 0 24 0 3 0 0 1 0 0 18 0 0 0 0 0 0 0 0 0 0 0 0 0 0 0 
0 0 0 0 0 0 0 0 0 0 9 0 0 0 0 0 0 13 21 0 0 0 0 11 0 6 0 23 13 0 0 0 0 22 0 0 5 0 16 1 0 0 16 0 0 0 0 0 0 18 
0 25 28 0 0 0 6 24 0 0 9 16 0 2 0 0 0 0 28 0 0 0 0 0 0 4 0 0 0 0 0 0 0 0 0 0 0 25 0 7 0 0 0 0 0 0 0 21 0 0 
0 31 0 0 22 12 0 0 0 0 0 0 0 0 0 0 0 0 0 28 0 20 0 0 0 0 0 0 0 0 0 0 0 0 0 0 0 0 0 0 16 0 25 0 0 0 0 16 0 0 
0 2 0 0 0 0 0 0 0 0 14 0 0 0 0 0 0 0 0 0 0 9 0 0 0 0 0 0 0 0 0 3 0 0 0 0 0 0 0 0 0 0 0 0 0 0 22 9 0 20 
0 0 0 0 0 0 0 3 0 0 15 29 0 26 0 0 0 30 0 0 0 0 0 0 0 0 0 0 0 0 0 0 0 0 1 23 0 0 0 16 31 0 0 0 0 0 0 0 0 0 
0 0 0 25 0 14 0 30 0 0 0 0 5 0 0 2 0 28 0 0 0 0 7 0 0 0 0 0 0 0 7 0 0 0 0 29 0 0 0 5 0 0 0 0 15 0 0 0 0 0 
25 0 0 0 0 0 26 0 22 0 0 0 0 7 0 7 0 0 28 15 0 27 0 11 0 0 25 0 0 0 0 0 0 0 0 0 0 0 0 1 0 2 13 0 0 0 0 0 0 0 
0 0 0 0 0 0 0 5 25 0 0 25 0 0 15 7 0 10 12 0 0 0 0 0 0 0 0 0 0 0 0 11 0 15 0 0 0 0 0 0 0 0 0 0 24 0 0 0 0 0 
0 0 0 0 0 0 0 0 9 0 0 0 0 0 8 2 0 0 0 0 0 0 0 0 0 0 29 0 0 0 0 0 0 0 0 0 0 0 0 0 0 24 0 0 0 0 16 0 0 0 
0 0 0 0 0 0 0 0 0 16 0 0 0 0 0 0 14 0 0 25 0 27 0 0 0 0 0 22 16 0 0 0 0 0 14 0 0 0 7 20 2 0 0 7 0 0 0 0 0 0 
19 0 28 15 0 0 0 21 0 0 0 0 0 0 0 0 24 0 0 30 28 0 0 5 0 0 0 0 0 0 19 0 0 0 3 16 0 0 0 26 0 0 0 0 0 0 11 0 0 0 
0 0 0 0 0 0 0 0 0 0 13 0 0 0 21 0 0 0 0 0 0 1 0 13 0 0 0 0 0 0 0 0 0 0 0 0 0 0 0 0 0 0 0 0 0 0 0 0 14 0 
0 0 0 0 0 0 0 0 3 17 0 3 0 0 18 0 0 0 0 18 0 0 0 13 0 0 0 0 0 0 0 0 0 14 0 0 0 0 18 0 0 0 0 0 0 0 0 0 0 0 
0 27 15 0 0 10 0 28 0 0 0 0 15 0 0 10 17 0 0 0 0 0 0 0 3 0 0 0 27 0 0 20 31 0 0 0 0 0 0 0 0 0 0 4 2 0 7 0 0 0 
0 1 5 0 0 0 0 0 21 0 0 0 3 0 23 0 0 0 0 0 0 0 0 0 0 0 23 0 10 0 0 0 0 19 0 0 0 0 0 0 31 0 0 0 0 5 0 0 0 0 
0 0 0 0 0 10 0 0 0 0 0 10 0 16 0 0 0 0 0 0 0 0 0 0 0 0 0 0 0 10 0 0 0 0 0 4 0 0 0 0 0 0 0 0 0 13 0 0 0 1 
0 18 0 5 0 0 0 0 0 0 0 0 0 0 0 29 0 0 0 0 0 0 0 0 0 0 0 0 0 0 0 0 0 0 0 0 0 0 0 16 0 0 0 0 4 0 0 0 0 1 
17 0 0 0 0 0 0 0 0 0 0 0 0 0 0 0 0 0 5 0 0 0 0 0 0 0 0 0 0 0 0 0 0 0 0 0 0 0 0 0 0 0 29 0 0 0 18 17 0 31 
0 0 0 0 0 0 0 0 0 2 0 0 0 0 0 0 0 10 0 0 0 4 0 0 0 0 0 0 0 0 14 0 0 0 0 0 0 19 0 0 0 0 0 0 0 0 0 0 0 0 
0 0 0 0 0 0 24 0 0 0 0 12 0 0 0 12 0 18 0 0 0 0 0 0 0 0 0 0 0 0 0 19 0 0 0 15 0 0 0 0 15 0 16 0 0 11 0 0 10 0 
0 0 0 0 0 0 0 17 0 0 0 0 0 0 0 0 0 29 0 0 0 7 0 0 0 0 0 0 0 0 0 0 0 30 0 0 0 0 0 0 0 0 0 26 14 0 0 0 0 0 
0 0 0 0 0 0 30 26 23 0 0 0 0 0 0 0 0 0 19 11 0 0 0 0 0 0 0 0 0 0 0 0 0 0 0 0 1 31 0 0 2 0 0 0 14 0 0 0 0 0 
0 0 0 0 0 0 0 0 0 0 0 0 0 0 0 0 0 0 0 0 0 31 0 0 18 0 0 5 0 0 0 0 0 0 0 0 0 0 4 0 27 0 0 0 0 0 14 0 0 0 
0 0 0 0 0 0 4 14 0 0 19 0 0 0 0 0 0 0 0 0 0 0 0 0 0 0 0 0 0 0 0 19 0 0 0 0 0 0 0 16 0 28 6 0 0 0 27 0 0 0 
0 0 14 0 0 0 0 12 0 29 0 0 0 0 13 0 0 24 0 12 0 0 0 0 0 1 0 0 0 0 0 0 0 0 0 14 14 0 0 0 0 0 0 0 25 0 0 26 0 0 
0 0 0 11 0 21 0 0 0 4 0 0 0 0 0 0 0 1 0 0 0 0 0 0 0 0 0 0 0 0 0 0 16 0 0 0 0 17 0 21 0 0 0 0 0 11 0 0 0 0 
0 0 0 14 0 0 0 0 0 0 0 0 0 25 0 18 0 0 29 0 0 0 17 0 0 0 15 0 0 9 0 0 0 0 17 0 0 0 0 0 0 0 0 9 0 10 0 0 0 0 
0 31 7 0 0 0 0 0 0 0 0 0 9 0 0 0 18 0 0 15 1 0 0 15 6 28 0 0 0 0 0 30 0 0 0 0 0 0 0 17 14 0 0 0 4 0 0 0 0 0 
