50

0 0 0 0 0 0 0 1 0 1 0 1 0 0 1 0 1 0 1 0 0 0 0 0 0 0 1 0 0 0 0 0 0 0 0 1 0 1 1 0 0 0 0 0 0 1 0 0 1 1 
0 0 0 0 0 0 0 0 1 0 0 0 0 1 0 1 0 1 0 0 1 0 0 0 0 1 0 1 1 1 0 0 0 1 0 0 1 0 1 1 0 1 0 0 1 1 0 1 0 0 
0 0 0 1 0 1 0 0 1 1 0 0 1 0 0 0 0 1 0 0 0 0 0 0 1 0 1 1 0 1 1 0 0 1 0 0 1 1 1 0 0 0 1 0 0 0 0 1 0 1 
0 0 1 0 1 1 1 1 0 0 0 1 1 1 1 1 0 0 1 0 0 0 0 0 0 0 1 0 0 1 0 0 0 0 0 1 0 0 0 0 0 0 1 0 1 0 1 1 1 1 
0 0 0 1 0 1 0 1 0 0 0 0 1 1 0 0 0 0 1 0 0 0 0 0 0 0 1 0 1 1 0 1 0 0 0 1 0 1 0 1 1 0 1 0 0 0 0 0 0 1 
0 0 1 1 1 0 1 0 0 0 0 0 0 1 0 1 1 1 0 0 0 0 1 0 0 0 0 0 0 1 0 0 0 0 1 0 1 1 0 1 0 0 0 0 1 0 0 1 1 0 
0 0 0 1 0 1 0 0 1 0 1 0 0 1 0 1 1 0 1 0 1 1 1 0 0 0 0 0 0 0 0 0 0 0 0 0 0 0 0 0 1 0 0 0 0 1 1 1 0 0 
1 0 0 1 1 0 0 0 0 0 1 1 1 0 1 0 1 0 1 0 0 0 1 0 1 0 0 1 1 0 0 0 0 0 1 0 0 0 0 0 0 0 0 0 1 0 0 0 1 0 
0 1 1 0 0 0 1 0 0 0 1 1 0 0 1 0 0 0 0 0 0 0 1 0 0 1 1 0 0 0 1 1 1 0 0 0 0 1 0 0 0 1 0 0 1 0 0 0 1 0 
1 0 1 0 0 0 0 0 0 0 0 0 0 0 0 1 0 1 0 0 0 1 0 0 1 0 1 1 0 1 1 0 1 0 0 1 0 0 0 0 0 0 1 0 0 0 1 0 1 0 
0 0 0 0 0 0 1 1 1 0 0 0 1 0 1 0 0 0 0 1 0 1 0 0 0 1 0 0 1 0 0 0 0 0 0 1 0 0 1 0 1 0 0 0 0 1 1 1 0 0 
1 0 0 1 0 0 0 1 1 0 0 0 0 1 0 0 1 0 0 0 1 0 1 0 0 0 1 0 0 0 0 0 0 0 0 0 0 0 1 0 0 0 0 0 0 0 0 1 1 1 
0 0 1 1 1 0 0 1 0 0 1 0 0 1 0 1 0 0 1 1 1 0 0 0 0 0 0 0 0 0 0 0 0 0 0 0 0 0 0 0 0 0 0 1 0 0 1 1 0 0 
0 1 0 1 1 1 1 0 0 0 0 1 1 0 0 0 0 0 0 0 0 0 0 0 1 1 0 1 0 0 0 0 0 0 1 0 0 0 0 1 0 0 0 1 0 0 0 0 0 1 
1 0 0 1 0 0 0 1 1 0 1 0 0 0 0 1 0 0 0 0 1 0 0 0 1 0 0 1 1 0 1 0 1 0 0 0 0 1 1 0 0 1 0 0 0 0 0 0 1 0 
0 1 0 1 0 1 1 0 0 1 0 0 1 0 1 0 1 1 0 0 1 0 0 0 0 0 0 1 0 0 1 1 0 0 0 0 0 0 1 1 1 0 0 0 1 1 0 0 0 1 
1 0 0 0 0 1 1 1 0 0 0 1 0 0 0 1 0 0 0 0 0 1 1 0 1 0 0 0 1 0 0 1 0 0 0 0 1 1 1 0 0 1 0 0 0 1 1 0 1 1 
0 1 1 0 0 1 0 0 0 1 0 0 0 0 0 1 0 0 0 0 0 0 0 0 0 1 0 0 1 0 0 0 1 1 0 1 1 0 0 0 0 1 1 1 0 0 1 0 0 0 
1 0 0 1 1 0 1 1 0 0 0 0 1 0 0 0 0 0 0 0 1 0 0 0 1 1 0 1 1 0 0 0 1 0 0 1 0 0 0 0 0 0 0 0 1 1 0 1 0 1 
0 0 0 0 0 0 0 0 0 0 1 0 1 0 0 0 0 0 0 0 0 0 0 0 0 0 1 0 0 0 0 0 0 0 0 0 0 0 0 1 1 0 0 0 1 0 0 0 0 1 
0 1 0 0 0 0 1 0 0 0 0 1 1 0 1 1 0 0 1 0 0 0 0 0 1 0 0 0 0 1 0 0 1 1 1 0 0 0 0 0 1 0 0 0 1 0 1 1 0 0 
0 0 0 0 0 0 1 0 0 1 1 0 0 0 0 0 1 0 0 0 0 0 0 0 1 1 0 1 1 0 1 0 1 1 0 0 0 0 0 0 0 0 0 1 0 0 1 0 0 0 
0 0 0 0 0 1 1 1 1 0 0 1 0 0 0 0 1 0 0 0 0 0 0 0 0 0 1 1 1 0 1 0 1 0 0 1 0 0 0 0 0 0 0 1 1 1 0 0 0 1 
0 0 0 0 0 0 0 0 0 0 0 0 0 0 0 0 0 0 0 0 0 0 0 0 1 0 1 0 0 1 0 0 1 0 1 0 0 0 0 1 0 1 1 0 0 0 0 0 1 0 
0 0 1 0 0 0 0 1 0 1 0 0 0 1 1 0 1 0 1 0 1 1 0 1 0 0 0 0 0 0 1 0 0 0 0 1 1 0 1 0 0 1 0 0 0 0 0 1 0 0 
0 1 0 0 0 0 0 0 1 0 1 0 0 1 0 0 0 1 1 0 0 1 0 0 0 0 0 0 0 0 0 0 0 0 1 0 0 1 0 0 0 0 1 1 1 0 0 0 0 0 
1 0 1 1 1 0 0 0 1 1 0 1 0 0 0 0 0 0 0 1 0 0 1 1 0 0 0 0 0 1 0 1 0 0 0 0 1 0 0 0 1 0 0 0 1 0 0 0 0 1 
0 1 1 0 0 0 0 1 0 1 0 0 0 1 1 1 0 0 1 0 0 1 1 0 0 0 0 0 0 1 0 0 0 0 0 1 1 1 0 1 1 0 1 1 0 0 0 0 0 0 
0 1 0 0 1 0 0 1 0 0 1 0 0 0 1 0 1 1 1 0 0 1 1 0 0 0 0 0 0 0 0 0 0 0 0 0 0 0 0 0 0 0 0 0 0 0 1 0 0 0 
0 1 1 1 1 1 0 0 0 1 0 0 0 0 0 0 0 0 0 0 1 0 0 1 0 0 1 1 0 0 0 0 1 1 1 1 1 1 0 0 0 0 0 0 0 0 0 0 0 1 
0 0 1 0 0 0 0 0 1 1 0 0 0 0 1 1 0 0 0 0 0 1 1 0 1 0 0 0 0 0 0 1 0 1 0 0 0 0 0 0 1 1 1 0 0 0 0 0 1 1 
0 0 0 0 1 0 0 0 1 0 0 0 0 0 0 1 1 0 0 0 0 0 0 0 0 0 1 0 0 0 1 0 1 0 1 1 0 1 0 1 1 0 0 0 0 0 1 0 0 0 
0 0 0 0 0 0 0 0 1 1 0 0 0 0 1 0 0 1 1 0 1 1 1 1 0 0 0 0 0 1 0 1 0 0 0 0 0 0 0 1 0 0 1 0 1 0 1 0 1 0 
0 1 1 0 0 0 0 0 0 0 0 0 0 0 0 0 0 1 0 0 1 1 0 0 0 0 0 0 0 1 1 0 0 0 0 1 1 1 1 1 1 0 1 0 0 0 0 1 0 0 
0 0 0 0 0 1 0 1 0 0 0 0 0 1 0 0 0 0 0 0 1 0 0 1 0 1 0 0 0 1 0 1 0 0 0 0 0 1 0 0 0 0 1 0 0 0 1 0 0 0 
1 0 0 1 1 0 0 0 0 1 1 0 0 0 0 0 0 1 1 0 0 0 1 0 1 0 0 1 0 1 0 1 0 1 0 0 0 1 0 0 0 1 0 1 0 0 0 0 1 0 
0 1 1 0 0 1 0 0 0 0 0 0 0 0 0 0 1 1 0 0 0 0 0 0 1 0 1 1 0 1 0 0 0 1 0 0 0 0 0 0 0 1 1 0 0 0 0 0 0 1 
1 0 1 0 1 1 0 0 1 0 0 0 0 0 1 0 1 0 0 0 0 0 0 0 0 1 0 1 0 1 0 1 0 1 1 1 0 0 0 0 0 1 1 1 0 0 0 1 0 0 
1 1 1 0 0 0 0 0 0 0 1 1 0 0 1 1 1 0 0 0 0 0 0 0 1 0 0 0 0 0 0 0 0 1 0 0 0 0 0 0 0 0 0 0 0 1 0 0 0 0 
0 1 0 0 1 1 0 0 0 0 0 0 0 1 0 1 0 0 0 1 0 0 0 1 0 0 0 1 0 0 0 1 1 1 0 0 0 0 0 0 0 0 0 0 0 0 0 0 0 0 
0 0 0 0 1 0 1 0 0 0 1 0 0 0 0 1 0 0 0 1 1 0 0 0 0 0 1 1 0 0 1 1 0 1 0 0 0 0 0 0 0 1 0 0 0 1 0 0 0 0 
0 1 0 0 0 0 0 0 1 0 0 0 0 0 1 0 1 1 0 0 0 0 0 1 1 0 0 0 0 0 1 0 0 0 0 1 1 1 0 0 1 0 0 0 0 1 1 0 0 0 
0 0 1 1 1 0 0 0 0 1 0 0 0 0 0 0 0 1 0 0 0 0 0 1 0 1 0 1 0 0 1 0 1 1 1 0 1 1 0 0 0 0 0 0 0 1 0 1 0 0 
0 0 0 0 0 0 0 0 0 0 0 0 1 1 0 0 0 1 0 0 0 1 1 0 0 1 0 1 0 0 0 0 0 0 0 1 0 1 0 0 0 0 0 0 0 0 0 0 1 0 
0 1 0 1 0 1 0 1 1 0 0 0 0 0 0 1 0 0 1 1 1 0 1 0 0 1 1 0 0 0 0 0 1 0 0 0 0 0 0 0 0 0 0 0 0 1 0 1 0 0 
1 1 0 0 0 0 1 0 0 0 1 0 0 0 0 1 1 0 1 0 0 0 1 0 0 0 0 0 0 0 0 0 0 0 0 0 0 0 1 0 1 1 1 0 1 0 1 0 1 0 
0 0 0 1 0 0 1 0 0 1 1 0 1 0 0 0 1 1 0 0 1 1 0 0 0 0 0 0 1 0 0 1 1 0 1 0 0 0 0 0 0 1 0 0 0 1 0 0 1 1 
0 1 1 1 0 1 1 0 0 0 1 1 1 0 0 0 0 0 1 0 1 0 0 0 1 0 0 0 0 0 0 0 0 1 0 0 0 1 0 0 0 0 1 0 1 0 0 0 0 0 
1 0 0 1 0 1 0 1 1 1 0 1 0 0 1 0 1 0 0 0 0 0 0 1 0 0 0 0 0 0 1 0 1 0 0 1 0 0 0 0 0 0 0 1 0 1 1 0 0 1 
1 0 1 1 1 0 0 0 0 0 0 1 0 1 0 1 1 0 1 1 0 0 1 0 0 0 1 0 0 1 1 0 0 0 0 0 1 0 0 0 0 0 0 0 0 0 1 0 1 0 

0 0 0 0 7 0 0 17 9 0 0 4 0 0 14 7 0 0 0 20 0 0 0 0 0 0 0 0 0 0 0 0 0 0 0 0 0 17 0 0 0 0 0 19 0 0 0 0 0 2 
9 0 0 0 0 0 0 0 0 11 0 0 0 0 0 0 0 13 6 3 0 0 0 0 0 0 0 0 0 9 11 0 18 7 0 0 0 0 17 17 0 0 0 0 0 0 0 0 0 0 
0 0 0 0 0 0 0 12 0 0 0 0 0 0 0 0 0 0 7 0 0 4 0 0 0 0 0 16 4 0 0 0 0 0 0 0 0 0 0 13 0 0 0 10 0 0 6 0 0 0 
1 0 0 0 0 0 0 0 0 0 0 15 0 0 4 0 0 0 1 0 0 0 15 17 0 0 0 0 0 0 0 0 0 0 0 0 16 17 0 0 0 0 13 0 0 0 0 0 0 0 
2 0 15 8 0 0 0 0 0 0 10 17 0 0 0 0 0 0 0 9 0 0 2 0 0 0 19 0 0 0 0 0 0 0 0 0 0 0 0 0 0 16 0 0 0 0 10 0 0 0 
0 18 0 0 0 0 0 5 0 0 0 0 0 0 0 0 0 0 0 0 0 0 0 0 0 0 0 0 10 18 0 2 0 0 0 0 8 0 0 17 0 0 0 5 6 0 0 0 0 5 
20 0 0 0 0 17 0 0 16 0 0 0 9 0 0 0 0 0 0 0 0 0 0 0 0 0 1 0 0 0 0 0 16 0 0 0 0 0 0 0 10 0 0 0 14 0 0 0 0 0 
0 0 0 0 11 0 8 0 0 0 0 0 0 0 0 16 0 0 0 0 0 0 0 0 0 0 0 0 0 17 0 0 0 0 0 0 0 0 0 12 0 0 0 10 0 0 0 0 0 0 
0 17 0 0 0 0 10 0 0 0 0 0 0 0 19 0 0 0 10 0 2 6 14 0 0 0 0 0 0 19 0 17 0 0 0 0 0 0 0 0 0 0 0 0 0 0 0 0 0 0 
8 0 0 0 0 0 2 0 0 0 0 12 11 0 1 0 15 0 0 0 13 0 0 0 5 0 0 0 6 0 0 0 0 0 0 0 17 0 10 0 0 0 0 1 0 0 11 0 0 0 
0 12 0 0 0 16 15 0 0 0 0 0 14 7 0 5 17 18 0 0 0 0 2 0 0 0 0 0 0 0 0 0 0 0 0 0 0 0 1 11 0 5 14 1 0 0 0 0 0 0 
0 0 19 14 0 0 0 0 0 0 0 0 0 19 0 0 0 0 0 0 0 0 0 0 12 0 8 0 0 20 0 13 0 0 0 0 0 0 0 0 0 16 0 11 0 13 0 0 0 14 
12 0 0 0 0 4 0 0 9 0 0 0 0 1 0 8 0 18 0 0 0 6 0 0 0 0 0 5 0 0 0 0 0 11 1 0 0 0 0 8 0 0 0 0 0 0 0 0 0 0 
0 14 0 0 0 0 0 4 0 0 0 0 0 0 0 0 0 0 19 0 0 3 0 0 9 0 0 0 0 0 0 0 0 0 0 0 0 20 0 4 7 0 0 0 19 0 0 0 0 0 
13 0 1 0 0 0 0 0 0 0 0 0 0 0 0 0 15 15 0 0 0 0 4 0 0 0 0 14 0 0 0 16 0 0 0 0 0 0 0 0 0 0 3 0 0 5 0 0 0 0 
0 0 0 0 0 2 0 0 0 0 0 0 0 17 0 0 0 0 0 0 0 0 16 0 0 0 0 0 0 0 5 0 0 0 0 0 2 15 0 12 0 0 0 0 0 17 0 0 0 0 
0 0 17 1 15 0 2 18 0 0 0 0 0 0 0 0 0 9 4 0 0 0 0 0 0 0 15 0 8 10 6 0 0 0 0 4 0 0 0 0 0 5 0 6 0 0 0 15 0 0 
0 0 0 0 0 4 0 0 1 0 0 0 0 0 4 0 0 0 0 0 0 3 0 0 0 0 0 0 0 0 0 0 0 0 0 0 4 0 0 0 0 0 0 0 0 0 0 4 0 11 
0 0 0 0 0 8 0 0 0 12 0 0 0 0 14 0 7 0 0 13 0 0 16 16 8 0 0 0 17 0 0 0 0 0 0 1 0 12 0 0 13 0 0 0 0 14 0 0 0 0 
0 0 0 0 0 15 0 0 9 0 0 0 10 0 0 16 0 0 0 0 0 0 0 0 0 0 0 3 8 0 0 0 0 0 10 0 15 6 0 13 3 0 19 4 0 0 0 6 0 0 
0 2 0 0 3 10 0 0 0 3 0 10 2 0 19 0 0 0 0 10 0 0 1 10 0 12 0 0 0 19 0 12 0 0 0 0 0 0 0 0 0 0 0 0 0 0 0 7 0 9 
0 8 0 0 0 0 0 5 0 0 1 17 0 0 0 0 10 10 0 0 14 0 0 0 0 0 0 0 0 0 0 0 11 0 0 7 0 16 0 0 0 0 0 0 0 0 16 0 0 0 
0 0 0 1 3 0 0 10 0 0 0 0 12 0 0 0 0 0 0 0 14 0 0 0 0 0 4 0 0 0 0 0 0 0 0 0 0 0 0 19 14 4 0 0 0 13 0 0 0 0 
1 0 0 0 0 0 0 0 0 2 0 0 0 0 0 0 0 0 0 0 0 0 0 0 0 10 0 0 0 0 0 0 0 2 0 0 0 0 0 0 0 0 17 15 0 0 0 0 1 4 
0 0 0 0 0 0 0 0 0 0 0 8 0 0 0 0 0 0 0 0 0 8 15 9 0 12 12 0 0 0 1 0 0 0 0 0 0 0 0 0 0 7 0 0 0 8 0 0 0 13 
0 0 0 0 0 0 0 17 0 0 0 0 5 17 0 17 0 0 0 0 0 0 0 0 5 0 0 0 0 14 5 0 0 10 0 0 0 0 0 0 0 14 0 0 13 4 0 0 0 0 
0 0 0 0 10 0 9 0 0 6 0 0 0 0 13 17 0 0 0 0 0 0 7 14 0 11 0 0 0 0 0 0 0 0 19 0 0 0 0 0 17 0 0 0 0 9 1 0 0 0 
0 0 0 0 0 0 0 0 0 7 0 0 0 0 0 8 0 0 0 0 0 0 0 0 4 4 0 0 0 0 0 0 0 0 0 16 0 14 0 0 0 17 0 0 0 0 0 0 0 16 
0 7 13 0 0 0 0 9 0 0 0 0 0 0 0 1 0 0 1 0 0 0 1 0 0 0 0 0 0 1 0 0 1 0 0 0 0 3 0 0 0 0 0 0 0 0 0 0 11 0 
0 0 0 0 3 0 0 0 5 0 0 0 0 2 0 0 0 0 0 0 18 0 10 0 19 0 0 0 0 0 11 0 0 0 11 0 0 1 0 0 5 0 0 0 0 0 0 0 0 16 
0 0 0 0 0 0 0 0 0 0 17 0 16 18 0 0 0 8 0 0 1 0 0 0 0 0 0 0 0 3 0 0 14 0 0 5 14 0 0 2 4 0 0 0 0 19 9 0 0 11 
0 0 0 0 0 0 0 1 0 0 0 3 0 14 0 0 0 0 0 1 0 0 0 0 0 0 0 0 0 0 0 0 0 0 0 0 0 0 0 0 0 0 0 0 0 0 0 0 0 0 
0 0 12 0 0 8 0 0 2 0 7 0 0 10 0 0 1 0 0 0 0 7 0 0 0 0 15 0 0 0 8 0 0 0 0 0 0 0 8 0 0 0 0 0 0 0 0 0 0 3 
9 0 0 0 0 0 0 0 0 0 6 0 6 0 18 0 14 0 0 0 0 0 10 0 0 0 0 0 0 8 14 0 0 0 14 0 0 0 0 0 0 0 0 0 0 0 0 18 0 0 
0 0 0 0 0 0 0 13 0 0 0 0 0 0 0 8 8 0 0 0 14 0 3 0 0 13 0 1 0 0 0 0 0 13 0 0 0 0 0 17 0 0 0 6 0 0 0 2 0 0 
0 0 14 0 0 0 0 3 0 0 8 0 0 0 0 3 0 0 0 0 0 0 0 0 16 0 0 0 0 3 0 14 0 0 0 0 0 0 6 0 13 0 0 15 16 16 0 0 0 0 
0 12 0 0 0 0 0 11 5 0 0 0 0 0 0 0 0 0 0 0 14 0 0 0 0 0 0 0 15 0 0 0 0 0 0 0 0 0 0 0 0 0 0 0 0 1 0 0 0 0 
0 0 20 0 11 0 0 0 0 0 18 0 0 0 0 0 0 16 0 0 0 0 0 0 0 0 0 0 0 0 0 7 0 0 0 7 7 0 0 0 0 14 8 0 3 0 0 0 0 20 
0 0 0 0 0 8 0 0 0 0 0 0 0 0 4 0 4 0 14 0 0 0 19 15 0 0 0 0 0 0 0 0 0 19 0 0 0 0 0 0 0 0 0 0 8 0 0 0 0 0 
0 0 0 0 3 0 0 0 0 0 0 0 0 2 1 0 0 0 0 17 0 0 0 0 0 0 0 0 0 0 15 0 10 0 0 0 0 0 0 0 0 0 0 0 0 16 3 0 3 14 
5 0 0 0 0 1 0 13 6 0 0 17 0 0 16 0 0 0 0 0 0 0 0 0 0 0 19 0 3 0 0 0 0 12 0 0 0 0 0 10 0 0 0 0 0 0 0 18 0 0 
0 0 0 0 0 0 0 0 0 0 0 0 0 0 0 0 0 0 0 0 0 0 0 0 0 0 0 0 0 0 0 0 0 0 0 7 20 0 14 0 1 0 17 0 0 10 0 0 0 0 
0 0 0 0 13 0 0 3 0 0 0 0 0 0 0 0 0 0 0 3 0 0 0 0 0 0 0 0 11 11 0 0 0 0 0 0 0 0 0 0 1 0 0 0 0 0 0 0 0 0 
0 0 0 0 0 0 0 0 0 0 0 0 0 0 19 0 0 0 0 0 0 0 0 0 0 0 0 0 18 0 0 0 0 0 0 0 0 0 20 13 0 0 7 0 0 0 0 0 0 0 
0 11 0 0 0 0 2 0 4 0 0 0 0 0 0 0 0 0 0 0 0 0 0 0 0 0 0 0 10 7 0 0 4 0 0 0 0 0 0 4 0 0 0 0 0 0 0 12 0 0 
0 0 0 0 0 0 13 0 0 0 0 0 0 2 0 0 12 0 0 0 0 0 11 0 0 14 0 0 0 0 0 0 0 0 0 0 0 0 0 0 9 0 0 0 0 0 0 0 0 18 
0 0 0 0 0 0 0 0 0 0 4 0 15 0 0 0 0 0 18 0 0 0 0 0 0 0 0 0 0 0 0 0 0 0 12 0 0 0 3 13 0 4 0 10 9 0 0 0 0 0 
0 0 10 0 11 0 1 0 0 0 0 0 0 16 4 0 0 0 0 0 0 0 0 1 0 4 0 0 3 0 17 0 0 0 0 0 17 0 1 13 0 0 0 16 0 15 0 0 3 4 
0 10 0 0 0 0 0 0 0 0 15 0 0 0 0 0 0 15 0 2 0 0 0 0 0 0 0 0 0 0 7 15 0 0 0 0 0 14 0 0 0 18 0 0 0 4 0 2 0 0 
0 0 0 0 0 4 0 11 0 9 0 0 0 0 0 0 0 0 0 10 1 0 0 0 17 0 0 0 14 0 0 0 0 0 0 0 0 0 0 0 0 18 0 0 0 0 0 12 0 0 
