60

0 1 1 1 1 1 0 1 1 1 1 1 1 1 1 1 1 1 1 1 1 0 1 0 1 1 0 0 1 0 1 1 1 1 1 1 1 1 1 1 0 1 1 1 1 1 1 0 1 1 1 0 1 1 1 0 1 1 1 1 
1 0 1 1 1 1 1 1 1 1 1 1 1 1 1 1 1 1 1 0 0 0 1 1 1 1 0 1 1 1 1 1 0 1 1 1 0 1 1 0 0 0 1 1 1 1 1 1 0 0 1 1 1 1 1 1 1 0 1 0 
1 1 0 1 1 1 1 1 0 0 1 0 1 1 1 1 1 1 1 1 1 0 0 1 0 1 1 0 1 1 1 0 1 1 1 1 1 1 1 0 1 1 1 1 1 0 0 1 1 1 1 1 1 0 1 0 1 1 0 1 
1 1 1 0 1 1 1 1 1 1 1 1 1 1 1 1 1 1 1 1 1 1 0 1 1 1 0 1 0 1 1 1 1 1 1 1 0 1 1 1 1 1 1 1 1 1 1 0 0 1 1 0 1 0 0 1 1 0 1 1 
1 1 1 1 0 1 1 1 1 1 1 0 1 0 1 1 1 0 0 1 1 1 0 1 1 1 1 0 1 0 1 1 1 1 1 1 0 1 0 1 1 1 1 1 0 1 1 1 1 1 1 1 1 1 1 1 1 1 0 1 
1 1 1 1 1 0 1 0 1 1 0 1 1 1 1 1 1 0 1 0 1 1 1 1 1 1 1 1 1 1 1 1 1 1 0 1 1 1 0 1 0 1 1 1 1 1 1 1 1 0 1 0 1 0 1 1 1 0 1 1 
0 1 1 1 1 1 0 1 1 1 1 1 1 1 1 1 1 1 0 1 1 1 1 0 1 1 1 1 1 1 0 1 1 1 1 1 1 1 1 1 1 1 1 1 0 1 1 1 1 1 1 0 1 1 1 0 1 1 1 1 
1 1 1 1 1 0 1 0 1 1 1 0 0 0 1 1 1 1 1 1 1 1 1 0 0 0 1 0 1 1 1 1 1 1 0 1 1 1 1 1 1 1 1 0 1 1 1 1 1 1 1 1 1 0 1 1 1 1 1 1 
1 1 0 1 1 1 1 1 0 1 0 1 1 1 0 1 1 1 1 1 1 1 1 1 1 1 1 1 1 1 1 1 1 0 1 1 0 1 1 1 1 1 0 1 1 1 1 0 1 1 1 1 1 1 1 0 1 1 1 1 
1 1 0 1 1 1 1 1 1 0 1 1 1 1 1 1 1 0 1 0 1 1 1 1 1 1 1 1 1 1 0 1 1 1 1 1 1 1 1 1 1 0 1 1 1 0 0 1 1 1 1 1 0 0 1 1 1 0 1 0 
1 1 1 1 1 0 1 1 0 1 0 1 1 1 1 1 1 1 1 1 0 0 1 1 1 1 0 0 1 1 1 1 1 1 0 1 1 1 0 1 1 1 1 1 1 1 1 1 1 1 0 1 1 1 1 1 1 0 1 0 
1 1 0 1 0 1 1 0 1 1 1 0 0 1 1 0 0 0 1 1 1 1 1 0 1 1 1 0 1 1 0 1 1 1 1 1 1 1 1 1 1 1 1 1 1 1 1 1 0 1 1 1 1 1 1 1 1 1 0 1 
1 1 1 1 1 1 1 0 1 1 1 0 0 1 0 1 1 1 1 1 1 1 1 1 1 1 1 1 1 1 0 1 1 1 1 1 1 1 1 1 1 1 1 1 1 1 0 1 1 1 1 1 1 1 1 0 0 1 1 1 
1 1 1 1 0 1 1 0 1 1 1 1 1 0 1 0 1 1 1 1 1 1 1 1 1 1 0 0 1 1 1 1 1 0 1 1 1 1 1 1 1 0 0 1 0 1 1 1 1 0 1 1 1 1 1 1 0 0 1 1 
1 1 1 1 1 1 1 1 0 1 1 1 0 1 0 1 0 1 0 1 0 1 1 1 1 1 1 1 0 1 0 0 1 1 1 1 1 1 0 0 1 1 1 1 1 1 1 1 1 1 1 1 1 1 1 1 1 0 1 1 
1 1 1 1 1 1 1 1 1 1 1 0 1 0 1 0 0 0 1 1 1 1 1 1 1 0 1 1 0 0 0 1 1 0 1 1 1 1 1 1 1 1 0 1 1 1 1 0 1 1 1 1 1 1 1 1 1 1 1 0 
1 1 1 1 1 1 1 1 1 1 1 0 1 1 0 0 0 1 1 1 1 1 1 1 1 1 1 0 1 1 0 1 1 1 1 1 1 1 1 1 0 1 1 0 0 1 1 1 1 1 0 1 1 1 0 0 1 0 0 1 
1 1 1 1 0 0 1 1 1 0 1 0 1 1 1 0 1 0 1 0 1 1 1 1 1 1 1 1 1 1 1 1 1 1 1 1 1 1 1 1 1 1 1 1 1 1 0 0 1 1 0 1 1 1 0 1 1 1 1 1 
1 1 1 1 0 1 0 1 1 1 1 1 1 1 0 1 1 1 0 1 1 1 1 1 1 1 1 1 1 1 1 1 1 1 1 1 1 0 0 1 1 1 1 1 1 1 1 0 1 1 1 1 1 0 0 1 1 1 0 1 
1 0 1 1 1 0 1 1 1 0 1 1 1 1 1 1 1 0 1 0 0 1 1 0 1 1 1 0 1 1 1 1 1 1 1 1 0 1 0 1 1 1 0 0 1 1 1 1 1 1 0 1 1 0 1 1 1 1 1 1 
1 0 1 1 1 1 1 1 1 1 0 1 1 1 0 1 1 1 1 0 0 1 0 0 0 0 1 1 1 1 1 1 1 1 1 1 1 0 1 1 1 1 1 1 1 0 1 1 1 1 1 1 1 1 1 1 0 1 0 1 
0 0 0 1 1 1 1 1 1 1 0 1 1 1 1 1 1 1 1 1 1 0 1 1 1 0 1 1 1 1 0 1 1 1 1 1 1 1 1 1 1 0 1 0 1 1 0 0 0 1 1 0 1 1 1 1 1 1 0 1 
1 1 0 0 0 1 1 1 1 1 1 1 1 1 1 1 1 1 1 1 0 1 0 0 1 0 1 1 1 1 0 1 0 1 1 1 0 1 1 1 0 1 1 1 1 1 1 1 1 1 1 1 1 1 1 0 0 1 0 0 
0 1 1 1 1 1 0 0 1 1 1 0 1 1 1 1 1 1 1 0 0 1 0 0 1 1 1 0 1 0 0 1 1 0 1 1 1 0 1 1 1 1 1 0 1 1 1 1 1 1 1 1 1 1 1 1 1 0 1 1 
1 1 0 1 1 1 1 0 1 1 1 1 1 1 1 1 1 1 1 1 0 1 1 1 0 1 0 1 0 1 1 1 1 1 1 0 1 1 0 1 1 0 1 1 1 1 1 1 0 1 1 1 0 0 1 0 1 1 1 1 
1 1 1 1 1 1 1 0 1 1 1 1 1 1 1 0 1 1 1 1 0 0 0 1 1 0 1 1 1 0 1 1 1 1 1 0 0 1 1 0 1 1 1 1 0 1 1 1 1 1 1 1 1 1 1 1 1 1 0 1 
0 0 1 0 1 1 1 1 1 1 0 1 1 0 1 1 1 1 1 1 1 1 1 1 0 1 0 1 0 1 1 1 1 1 0 1 0 1 1 1 1 0 1 1 0 1 1 0 1 1 1 1 1 1 1 1 0 1 1 1 
0 1 0 1 0 1 1 0 1 1 0 0 1 0 1 1 0 1 1 0 1 1 1 0 1 1 1 0 1 1 1 1 1 0 1 1 1 1 1 1 1 1 1 0 0 1 0 1 0 1 1 1 0 1 1 1 1 1 1 1 
1 1 1 0 1 1 1 1 1 1 1 1 1 1 0 0 1 1 1 1 1 1 1 1 0 1 0 1 0 1 1 1 1 1 1 1 1 1 0 1 1 1 1 1 1 1 1 1 1 1 1 1 1 1 1 1 1 1 1 1 
0 1 1 1 0 1 1 1 1 1 1 1 1 1 1 0 1 1 1 1 1 1 1 0 1 0 1 1 1 0 0 1 1 0 1 1 1 1 0 1 1 1 1 1 1 1 1 1 1 1 1 0 1 0 0 1 1 1 1 1 
1 1 1 1 1 1 0 1 1 0 1 0 0 1 0 0 0 1 1 1 1 0 0 0 1 1 1 1 1 0 0 0 1 0 1 0 0 1 1 1 1 0 1 0 0 0 1 1 1 1 1 1 1 1 0 0 1 1 1 1 
1 1 0 1 1 1 1 1 1 1 1 1 1 1 0 1 1 1 1 1 1 1 1 1 1 1 1 1 1 1 0 0 1 1 1 1 1 1 0 1 1 1 1 1 1 1 1 1 1 1 1 1 1 1 1 1 1 1 1 0 
1 0 1 1 1 1 1 1 1 1 1 1 1 1 1 1 1 1 1 1 1 1 0 1 1 1 1 1 1 1 1 1 0 0 1 1 1 0 1 1 1 1 1 1 1 1 1 1 1 1 1 1 0 0 1 1 1 1 1 1 
1 1 1 1 1 1 1 1 0 1 1 1 1 0 1 0 1 1 1 1 1 1 1 0 1 1 1 0 1 0 0 1 0 0 1 1 0 1 0 1 1 0 0 0 1 1 0 0 0 1 1 1 1 1 1 1 1 1 1 1 
1 1 1 1 1 0 1 0 1 1 0 1 1 1 1 1 1 1 1 1 1 1 1 1 1 1 0 1 1 1 1 1 1 1 0 1 1 1 1 1 0 1 1 1 1 0 1 1 1 1 1 1 0 1 1 0 1 1 1 1 
1 1 1 1 1 1 1 1 1 1 1 1 1 1 1 1 1 1 1 1 1 1 1 1 0 0 1 1 1 1 0 1 1 1 1 0 0 1 0 1 0 1 1 1 1 0 0 1 0 1 1 1 0 1 1 1 1 1 0 1 
1 0 1 0 0 1 1 1 0 1 1 1 1 1 1 1 1 1 1 0 1 1 0 1 1 0 0 1 1 1 0 1 1 0 1 0 0 0 1 1 1 1 1 1 0 1 1 0 1 1 1 1 1 0 1 0 1 1 1 1 
1 1 1 1 1 1 1 1 1 1 1 1 1 1 1 1 1 1 0 1 0 1 1 0 1 1 1 1 1 1 1 1 0 1 1 1 0 0 1 1 1 1 1 1 1 1 1 0 0 1 1 1 1 1 1 0 1 1 1 1 
1 1 1 1 0 0 1 1 1 1 0 1 1 1 0 1 1 1 0 0 1 1 1 1 0 1 1 1 0 0 1 0 1 0 1 0 1 1 0 1 1 0 1 0 1 1 1 1 0 1 1 1 1 1 1 1 1 1 1 1 
1 0 0 1 1 1 1 1 1 1 1 1 1 1 0 1 1 1 1 1 1 1 1 1 1 0 1 1 1 1 1 1 1 1 1 1 1 1 1 0 0 0 1 1 1 1 1 1 0 1 1 1 0 0 1 1 0 1 0 0 
0 0 1 1 1 0 1 1 1 1 1 1 1 1 1 1 0 1 1 1 1 1 0 1 1 1 1 1 1 1 1 1 1 1 0 0 1 1 1 0 0 1 1 1 1 1 0 1 1 1 1 0 1 1 1 1 1 1 1 1 
1 0 1 1 1 1 1 1 1 0 1 1 1 0 1 1 1 1 1 1 1 0 1 1 0 1 0 1 1 1 0 1 1 0 1 1 1 1 0 0 1 0 1 1 1 0 0 0 1 1 1 1 1 1 1 1 1 1 1 1 
1 1 1 1 1 1 1 1 0 1 1 1 1 0 1 0 1 1 1 0 1 1 1 1 1 1 1 1 1 1 1 1 1 0 1 1 1 1 1 1 1 1 0 1 1 1 1 0 1 0 1 0 0 1 1 1 0 1 1 1 
1 1 1 1 1 1 1 0 1 1 1 1 1 1 1 1 0 1 1 0 1 0 1 0 1 1 1 0 1 1 0 1 1 0 1 1 1 1 0 1 1 1 1 0 1 0 1 1 1 0 1 1 1 1 0 1 1 1 0 1 
1 1 1 1 0 1 0 1 1 1 1 1 1 0 1 1 0 1 1 1 1 1 1 1 1 0 0 0 1 1 0 1 1 1 1 1 0 1 1 1 1 1 1 1 0 1 1 1 0 1 1 1 0 1 1 1 0 1 1 1 
1 1 0 1 1 1 1 1 1 0 1 1 1 1 1 1 1 1 1 1 0 1 1 1 1 1 1 1 1 1 0 1 1 1 0 0 1 1 1 1 1 0 1 0 1 0 0 1 1 1 1 1 1 1 1 1 0 1 1 1 
1 1 0 1 1 1 1 1 1 0 1 1 0 1 1 1 1 0 1 1 1 0 1 1 1 1 1 0 1 1 1 1 1 0 1 0 1 1 1 1 0 0 1 1 1 0 0 1 0 1 1 1 0 1 1 1 0 1 1 1 
0 1 1 0 1 1 1 1 0 1 1 1 1 1 1 0 1 0 0 1 1 0 1 1 1 1 0 1 1 1 1 1 1 0 1 1 0 0 1 1 1 0 0 1 1 1 1 0 0 1 1 0 0 0 1 1 1 1 1 0 
1 0 1 0 1 1 1 1 1 1 1 0 1 1 1 1 1 1 1 1 1 0 1 1 0 1 1 0 1 1 1 1 1 0 1 0 1 0 0 0 1 1 1 1 0 1 0 0 0 1 1 1 1 0 1 1 1 1 1 1 
1 0 1 1 1 0 1 1 1 1 1 1 1 0 1 1 1 1 1 1 1 1 1 1 1 1 1 1 1 1 1 1 1 1 1 1 1 1 1 1 1 1 0 0 1 1 1 1 1 0 1 1 1 1 1 1 1 1 1 1 
1 1 1 1 1 1 1 1 1 1 0 1 1 1 1 1 0 0 1 0 1 1 1 1 1 1 1 1 1 1 1 1 1 1 1 1 1 1 1 1 1 1 1 1 1 1 1 1 1 1 0 1 1 1 0 0 0 1 0 1 
0 1 1 0 1 0 0 1 1 1 1 1 1 1 1 1 1 1 1 1 1 0 1 1 1 1 1 1 1 0 1 1 1 1 1 1 1 1 1 1 0 1 0 1 1 1 1 0 1 1 1 0 1 0 0 1 0 1 0 1 
1 1 1 1 1 1 1 1 1 0 1 1 1 1 1 1 1 1 1 1 1 1 1 1 0 1 1 0 1 1 1 1 0 1 0 0 1 1 1 0 1 1 0 1 0 1 0 0 1 1 1 1 0 1 0 1 1 1 1 1 
1 1 0 0 1 0 1 0 1 0 1 1 1 1 1 1 1 1 0 0 1 1 1 1 0 1 1 1 1 0 1 1 0 1 1 1 0 1 1 0 1 1 1 1 1 1 1 0 0 1 1 0 1 0 1 1 1 0 1 0 
1 1 1 0 1 1 1 1 1 1 1 1 1 1 1 1 0 0 0 1 1 1 1 1 1 1 1 1 1 0 0 1 1 1 1 1 1 1 1 1 1 1 1 0 1 1 1 1 1 1 0 0 0 1 0 1 0 1 1 1 
0 1 0 1 1 1 0 1 0 1 1 1 0 1 1 1 0 1 1 1 1 1 0 1 0 1 1 1 1 1 0 1 1 1 0 1 0 0 1 1 1 1 1 1 1 1 1 1 1 1 0 1 1 1 1 0 1 1 1 0 
1 1 1 1 1 1 1 1 1 1 1 1 0 0 1 1 1 1 1 1 0 1 0 1 1 1 0 1 1 1 1 1 1 1 1 1 1 1 1 0 1 1 0 1 0 0 0 1 1 1 0 0 1 1 0 1 0 1 1 1 
1 0 1 0 1 0 1 1 1 0 0 1 1 0 0 1 0 1 1 1 1 1 1 0 1 1 1 1 1 1 1 1 1 1 1 1 1 1 1 1 1 1 1 1 1 1 1 1 1 1 1 1 1 0 1 1 1 0 1 1 
1 1 0 1 0 1 1 1 1 1 1 0 1 1 1 1 0 1 0 1 0 0 0 1 1 0 1 1 1 1 1 1 1 1 1 0 1 1 1 0 1 1 1 0 1 1 1 1 1 1 0 0 1 1 1 1 1 1 0 1 
1 0 1 1 1 1 1 1 1 0 0 1 1 1 1 0 1 1 1 1 1 1 0 1 1 1 1 1 1 1 1 0 1 1 1 1 1 1 1 0 1 1 1 1 1 1 1 0 1 1 1 1 1 0 1 0 1 1 1 0 

0 0 0 0 28 0 0 0 0 0 0 0 22 0 0 3 14 0 0 14 0 8 0 0 27 23 0 0 0 0 27 0 25 0 0 0 0 0 0 0 0 0 0 0 0 0 0 0 3 29 0 0 18 0 0 0 0 0 0 0 
2 0 28 0 0 0 0 0 0 0 14 4 0 0 0 0 0 0 0 17 0 0 0 0 0 0 0 0 0 0 0 0 23 0 0 0 0 0 0 0 0 0 0 0 0 0 0 7 0 23 0 0 0 0 0 0 0 0 0 0 
0 0 0 0 0 0 0 0 0 0 0 0 0 0 0 0 0 0 0 0 0 0 0 0 0 0 0 0 28 0 0 0 0 0 0 15 0 0 0 0 0 0 5 0 6 0 0 0 0 0 24 13 0 0 0 0 0 0 0 0 
0 0 0 0 0 23 0 0 0 0 0 0 0 0 0 0 0 0 0 3 0 0 0 0 0 0 0 0 0 23 0 29 18 30 20 0 0 14 0 0 0 15 29 0 0 0 0 0 0 0 0 0 0 0 0 0 0 0 23 0 
0 0 0 0 0 0 0 0 0 0 0 0 0 0 0 0 1 19 0 16 0 0 0 0 29 0 0 23 0 0 0 0 8 0 0 0 0 0 5 0 0 0 0 10 0 0 0 0 4 0 0 0 0 0 0 0 0 0 0 0 
0 0 17 0 10 0 0 15 20 0 0 0 0 0 8 0 0 27 0 0 0 22 0 0 0 0 0 14 0 1 0 18 0 23 19 9 0 0 0 0 0 19 0 0 0 0 0 0 0 0 0 0 0 0 0 5 0 0 0 10 
1 0 0 0 0 8 0 0 0 0 0 18 0 0 0 0 0 0 21 26 0 0 0 0 3 0 0 0 0 26 0 19 0 0 0 0 0 0 17 0 0 0 0 0 0 12 0 0 0 0 0 19 0 0 0 0 24 0 0 0 
0 0 0 24 0 0 0 0 0 23 0 0 0 0 28 0 0 0 0 0 0 15 0 0 0 10 0 0 0 6 26 0 0 0 0 0 19 0 0 0 0 0 0 0 0 0 11 0 0 0 0 0 25 0 12 27 0 0 17 0 
15 0 0 0 19 5 0 0 0 0 0 13 22 0 0 28 0 4 0 0 0 0 0 0 24 0 0 0 0 0 0 0 0 19 0 0 0 0 0 0 0 0 0 0 22 0 0 0 0 0 0 0 3 0 0 0 0 0 4 0 
0 0 0 0 0 0 0 0 16 0 18 0 27 0 0 0 0 16 11 6 0 0 0 0 0 0 19 0 0 0 0 0 0 15 0 0 0 0 0 0 0 0 0 0 0 0 0 23 16 0 0 0 13 0 0 0 0 0 12 0 
0 0 27 0 2 14 0 22 0 6 0 0 0 13 0 2 19 0 0 0 2 0 0 0 0 0 0 16 0 0 0 0 0 0 0 15 0 0 0 0 0 2 0 0 0 0 0 0 0 0 0 0 0 0 0 0 0 21 0 0 
0 0 0 7 4 18 3 0 0 0 0 0 0 0 0 0 8 0 1 0 0 0 0 0 0 13 0 0 24 0 0 0 0 0 10 0 0 0 0 0 0 0 0 0 4 0 0 0 0 0 0 0 0 24 0 0 0 0 1 0 
14 0 10 0 0 0 0 5 0 0 2 0 0 0 0 0 0 0 0 0 0 6 25 0 0 0 0 0 0 0 0 0 25 0 0 0 0 0 22 1 0 0 0 0 0 0 0 16 0 0 7 0 0 0 0 30 0 0 0 0 
0 0 15 0 0 12 0 28 0 0 0 0 0 0 0 0 16 0 0 0 0 3 0 0 0 21 0 0 17 0 0 0 0 0 0 0 28 0 0 0 0 6 23 0 3 3 0 0 0 0 0 0 0 0 0 0 0 0 0 0 
0 0 0 4 0 0 0 28 0 0 0 0 0 0 0 0 0 0 0 0 0 0 0 2 0 0 0 17 0 30 13 0 0 0 0 0 0 0 0 0 0 0 0 0 0 20 0 0 0 0 0 19 0 0 0 0 14 0 21 0 
0 0 0 0 0 0 0 0 0 0 0 0 26 0 0 0 0 0 0 0 0 0 0 0 0 0 22 0 0 0 7 0 0 20 0 19 0 0 0 0 0 0 0 0 0 0 0 0 0 0 0 0 8 0 1 0 0 0 9 0 
0 9 29 0 0 0 0 0 0 0 0 0 0 0 0 0 0 0 28 0 0 4 4 0 0 0 0 12 0 0 0 0 1 25 24 24 16 0 0 22 0 0 21 0 0 0 16 0 0 0 0 0 0 0 0 24 0 0 0 0 
0 0 0 0 0 0 0 0 24 0 30 0 0 15 0 0 0 0 0 16 0 0 0 0 0 0 0 0 0 0 0 0 0 0 0 0 0 4 0 0 0 0 0 0 0 0 0 0 0 0 0 0 0 21 2 27 0 0 0 0 
13 0 0 23 0 0 3 0 0 0 0 0 0 0 0 0 0 0 0 0 14 2 0 6 0 0 0 0 0 0 0 0 0 0 0 0 0 0 0 0 19 0 0 0 0 0 0 0 0 0 0 0 16 0 0 0 0 0 0 0 
0 3 0 7 5 0 19 0 0 0 0 0 0 2 11 0 12 0 0 0 0 0 0 0 0 0 0 27 0 0 0 0 24 0 0 0 0 4 0 0 0 0 0 0 0 0 0 0 26 0 0 0 0 0 0 0 0 0 0 2 
0 0 0 0 0 24 2 1 0 6 0 0 0 0 15 0 0 0 0 0 0 0 0 0 14 0 17 0 0 23 0 0 0 0 0 0 0 4 27 0 0 0 0 26 12 0 0 0 0 21 0 0 0 0 0 0 20 0 0 0 
0 0 17 9 0 0 0 0 0 0 0 0 0 0 0 0 11 0 0 0 0 0 0 0 0 0 0 0 4 0 17 0 6 0 10 12 0 0 0 0 0 9 0 4 0 0 0 0 0 14 0 29 29 0 0 0 23 0 0 0 
0 0 0 23 24 0 0 0 0 0 0 0 0 17 0 0 0 0 0 0 0 0 0 0 25 0 0 0 0 0 0 0 0 0 0 0 0 0 2 0 0 0 10 0 1 0 0 6 0 0 8 0 0 15 0 0 0 0 0 25 
6 0 10 0 0 0 0 0 0 0 26 5 0 0 0 0 0 5 0 0 0 0 0 0 0 0 0 0 0 0 12 0 0 0 0 0 0 0 0 0 0 0 0 10 0 0 0 0 0 0 0 0 0 0 0 0 0 12 0 0 
8 0 0 0 0 6 0 0 0 0 0 0 29 26 0 0 0 20 0 0 0 0 0 0 0 0 3 0 4 19 0 0 0 0 0 0 0 0 0 28 24 0 28 0 20 0 0 0 0 0 0 0 0 0 0 0 0 0 0 0 
0 0 0 0 0 0 24 0 0 0 0 0 0 15 0 0 22 0 0 0 0 0 0 0 0 0 0 0 0 0 0 0 0 0 0 0 0 0 0 3 0 0 27 0 18 25 0 0 0 0 0 0 21 0 0 0 0 0 0 0 
0 0 0 0 0 16 19 0 0 10 17 0 0 0 0 0 7 0 0 0 0 0 0 0 0 0 0 0 0 28 0 0 0 28 0 0 0 0 0 0 0 0 0 0 0 0 0 0 0 0 0 26 15 0 0 0 0 0 0 0 
0 4 0 0 0 0 0 0 0 0 15 0 0 0 8 0 0 0 0 0 12 2 27 0 0 14 0 0 0 3 0 25 0 23 0 0 0 22 0 0 0 0 0 23 0 0 16 0 0 3 0 26 0 0 0 0 1 0 0 0 
17 0 0 0 0 0 0 0 28 0 0 7 7 24 0 16 0 0 0 0 3 14 0 0 0 0 26 14 0 0 0 0 0 0 0 0 0 0 0 0 0 0 0 20 0 0 3 29 0 0 0 24 0 17 4 0 0 0 0 0 
0 0 0 0 0 0 0 0 21 0 0 0 0 0 11 0 0 0 0 17 13 0 0 0 0 0 19 0 0 0 1 0 0 0 0 0 0 0 0 0 0 0 0 9 0 0 10 0 12 0 0 0 0 0 0 0 15 0 20 0 
28 0 0 0 0 0 0 0 23 0 0 0 6 0 0 0 0 30 0 0 21 0 0 0 0 18 0 11 18 0 0 0 26 0 0 1 0 0 0 0 0 0 25 0 0 22 0 0 16 0 0 0 0 0 0 0 0 0 0 0 
0 24 0 0 0 0 0 24 0 0 0 0 0 4 0 27 0 0 29 0 0 0 20 0 0 0 0 0 0 0 15 0 30 0 2 0 0 19 0 0 0 0 0 0 16 0 0 0 11 0 0 0 22 4 0 0 0 0 0 0 
0 0 0 0 0 0 0 0 0 18 0 0 0 0 0 0 0 3 0 0 14 0 0 0 0 0 0 0 0 0 17 0 0 0 0 0 0 0 0 0 0 0 0 0 0 0 0 0 0 0 0 23 0 0 20 0 0 0 0 28 
0 0 0 0 0 0 0 0 0 0 0 0 0 0 0 0 0 0 0 0 0 0 13 0 0 0 0 0 13 0 0 0 0 0 0 0 0 26 0 0 0 0 3 1 0 20 0 0 0 0 0 0 26 0 0 15 0 5 0 0 
0 0 0 0 0 24 15 9 0 0 0 22 0 0 0 0 0 0 25 0 4 0 0 0 0 0 0 0 0 0 0 26 0 0 0 0 0 0 0 0 0 0 0 0 0 0 0 0 0 0 0 6 0 15 0 0 20 0 9 0 
0 0 20 0 29 0 0 0 0 0 0 0 21 0 11 17 0 0 0 0 14 0 0 0 0 19 0 0 0 4 0 0 3 21 0 0 0 0 0 0 0 17 0 0 0 0 0 0 2 0 0 3 26 0 0 19 0 0 0 9 
0 0 0 0 2 0 0 0 0 0 10 0 0 0 0 0 0 4 14 0 0 0 0 17 0 0 0 0 24 13 0 0 0 0 0 0 0 0 0 3 0 0 0 11 0 0 0 0 0 9 0 0 0 0 0 0 0 0 0 0 
0 0 0 0 0 0 0 0 0 0 0 0 0 3 0 6 0 0 0 0 12 0 0 0 0 0 0 0 8 0 0 0 0 0 0 0 0 0 25 0 0 0 5 0 0 0 0 0 0 2 0 0 0 28 0 0 0 0 0 0 
0 0 0 0 16 23 0 0 22 0 0 24 0 0 0 0 0 0 0 0 0 27 13 0 17 0 0 3 0 0 0 0 0 0 0 0 0 0 0 0 0 0 0 26 16 0 0 0 0 0 21 0 0 0 0 0 19 0 18 0 
0 0 0 0 0 0 0 0 0 0 0 0 14 0 0 16 0 23 0 0 0 0 0 0 0 0 10 26 0 0 0 0 0 0 0 12 0 0 0 0 0 0 0 0 0 0 0 0 7 0 0 0 0 0 0 0 0 0 0 0 
0 0 0 22 5 0 0 23 0 23 0 6 18 0 0 0 13 0 0 0 13 20 28 6 0 0 0 0 0 0 5 0 0 0 0 0 0 0 0 0 0 0 0 27 0 0 21 0 0 0 0 0 0 0 19 0 27 0 0 0 
18 0 9 16 0 0 0 0 0 0 22 0 0 0 0 0 0 0 0 0 0 0 0 0 0 27 0 0 0 0 0 0 0 10 10 0 0 0 0 0 0 0 0 0 0 0 0 0 10 0 0 0 0 0 24 0 0 0 0 0 
0 0 0 0 0 0 0 0 0 0 0 24 11 0 0 8 6 0 0 0 0 0 0 19 0 0 0 0 24 0 0 0 0 0 0 0 0 15 0 0 0 0 0 0 0 0 0 0 0 0 0 0 0 10 0 0 0 0 0 1 
0 29 0 0 0 0 0 0 0 7 0 0 26 22 0 0 0 26 0 1 0 0 25 0 0 0 0 0 0 0 0 0 26 0 0 0 0 10 0 19 0 0 0 0 0 12 0 0 0 0 0 0 0 7 0 0 0 0 0 17 
0 0 0 0 22 0 0 0 3 0 0 0 0 0 0 0 11 0 0 0 0 0 0 0 0 0 0 0 0 29 0 26 0 0 14 0 0 0 0 0 0 0 0 0 0 0 0 0 0 0 0 0 0 0 0 0 0 24 0 5 
0 0 0 0 0 0 0 0 0 0 0 0 0 0 13 0 0 0 10 14 0 23 0 0 0 15 1 0 0 0 0 10 0 0 0 0 0 0 0 0 0 0 0 0 13 0 25 10 0 0 17 0 0 24 27 0 0 6 0 0 
0 0 0 0 0 0 0 12 0 0 0 0 0 0 0 0 0 0 20 16 18 0 27 0 0 0 11 0 14 0 0 0 0 5 28 0 0 0 0 0 28 7 0 26 0 0 0 0 0 0 0 0 0 0 0 0 0 0 0 0 
0 0 0 0 0 13 0 0 0 0 0 0 12 13 16 0 0 0 0 27 0 0 18 0 0 0 0 0 0 0 27 0 4 3 6 0 0 0 27 0 0 8 0 0 0 0 0 0 0 0 0 10 0 0 0 0 21 0 0 0 
0 0 21 0 0 0 24 10 25 25 2 0 0 0 0 0 0 16 0 0 0 16 0 0 0 0 0 0 0 0 0 0 0 0 0 0 0 13 8 21 0 11 0 0 0 0 0 0 0 0 0 0 0 0 0 0 0 0 0 0 
0 0 0 0 0 0 0 19 28 0 0 0 0 0 0 0 0 10 0 0 0 0 0 0 0 0 24 0 0 4 0 0 21 0 0 0 0 0 0 0 10 0 0 0 0 0 25 0 0 0 0 28 0 7 18 16 0 16 2 0 
0 0 0 0 7 0 0 0 0 0 0 0 0 0 0 0 0 0 0 13 0 0 0 7 0 21 0 0 0 0 0 0 0 0 0 0 0 0 0 0 0 0 26 20 0 0 3 30 0 0 0 0 0 0 15 0 0 0 0 0 
15 0 0 0 0 16 20 0 0 0 0 0 0 0 0 0 0 0 0 0 0 0 0 0 0 0 27 0 0 0 26 0 0 1 0 16 0 0 4 0 0 0 0 0 0 0 0 4 0 0 0 0 16 0 0 0 15 0 0 0 
0 0 0 0 0 0 0 0 0 0 13 0 0 0 0 0 14 0 0 0 28 25 0 0 0 0 0 0 0 6 0 3 0 0 0 0 0 0 0 0 0 0 0 0 0 0 0 0 0 0 0 0 0 0 0 0 29 0 0 0 
13 0 0 0 16 0 0 0 28 0 0 0 13 0 0 0 0 0 18 14 23 0 0 4 0 0 0 14 0 0 0 0 30 0 0 4 0 9 0 0 0 0 0 0 0 0 22 0 26 0 0 0 0 0 13 5 11 0 0 22 
0 0 17 0 0 0 16 0 0 0 0 0 0 0 0 0 0 0 0 0 0 21 26 0 0 0 0 0 0 24 3 0 0 16 0 0 0 0 0 0 0 22 0 0 0 27 0 0 0 0 0 18 0 0 0 11 0 0 21 20 
0 0 28 8 0 11 0 0 0 0 0 0 0 0 2 0 0 0 0 28 0 0 0 0 0 20 16 15 0 13 0 0 0 0 0 0 0 0 0 12 12 0 0 0 23 0 0 0 0 0 0 0 0 0 0 0 0 0 0 0 
1 0 12 0 0 0 22 0 0 0 0 0 0 0 0 0 0 1 0 0 18 0 1 0 3 0 0 0 0 24 0 0 0 0 0 0 0 0 0 0 0 0 0 6 19 17 21 0 0 0 0 17 0 14 16 0 0 0 0 0 
0 0 0 0 0 0 0 0 0 27 0 0 0 0 0 0 0 0 0 0 0 0 0 0 0 0 16 0 24 0 0 0 0 0 0 0 0 0 0 0 13 0 0 29 0 0 21 0 0 17 0 0 0 0 0 0 0 0 19 0 
0 14 0 0 10 0 0 0 0 0 0 0 0 0 19 0 0 0 8 0 0 0 17 0 0 0 0 0 0 8 0 0 0 0 0 0 0 17 0 0 0 0 0 9 0 0 0 0 20 0 0 0 0 0 0 0 0 0 0 0 
0 0 0 28 0 23 0 0 0 0 0 0 0 0 23 0 3 5 0 0 0 7 0 0 5 0 0 0 0 0 26 0 19 0 0 0 0 0 0 0 0 0 0 0 2 0 13 0 0 0 0 0 5 0 0 0 27 0 0 0 
