60

0 1 1 1 1 1 1 0 1 1 1 1 0 1 1 1 1 1 1 1 1 0 1 1 1 0 0 1 0 1 1 1 0 0 0 1 1 0 0 1 1 0 1 1 1 1 1 0 1 1 0 1 0 0 0 1 0 1 0 1 
1 0 1 1 1 1 0 1 1 1 1 0 0 0 1 1 0 1 1 1 1 1 1 1 1 1 1 0 1 1 1 0 0 1 1 1 1 0 0 1 1 1 1 0 1 1 1 0 1 1 0 1 1 1 1 0 1 1 0 1 
1 1 0 1 1 1 0 0 0 0 1 1 1 1 0 1 1 1 0 1 1 1 1 1 1 1 1 0 1 0 1 1 1 1 1 1 0 0 1 0 1 0 0 0 0 0 1 1 1 1 1 1 1 1 1 1 1 1 1 1 
1 1 1 0 0 0 0 1 1 1 1 1 1 0 0 1 0 1 0 1 1 1 1 1 0 1 0 1 0 0 1 1 1 1 0 1 1 0 1 0 1 1 1 1 1 1 1 1 1 1 1 1 0 1 0 0 0 0 0 1 
1 1 1 0 0 0 1 1 1 1 1 1 1 0 0 1 0 1 1 1 1 1 1 0 0 1 1 0 1 1 1 1 0 1 1 1 1 1 1 0 0 1 0 1 1 1 1 1 0 1 0 1 1 1 1 1 1 1 1 1 
1 1 1 0 0 0 0 1 1 1 1 0 1 1 0 1 0 0 1 0 1 1 1 1 0 0 1 1 1 0 1 1 0 1 1 1 1 1 1 1 1 1 1 0 1 1 1 1 1 1 1 1 1 1 0 1 0 0 1 1 
1 0 0 0 1 0 0 1 1 1 1 1 1 1 1 1 1 1 1 0 0 1 1 0 1 0 0 1 0 1 1 0 0 0 1 1 0 1 1 1 0 0 1 1 1 1 1 1 0 0 0 0 1 1 1 1 1 1 0 1 
0 1 0 1 1 1 1 0 1 1 1 1 1 0 1 0 0 1 1 1 1 0 1 1 0 1 1 1 0 1 1 1 1 1 1 0 1 1 1 1 1 1 1 0 1 1 0 0 1 1 0 1 1 0 1 1 1 1 1 1 
1 1 0 1 1 1 1 1 0 1 1 1 1 1 0 0 0 1 1 1 1 0 1 1 1 1 1 1 1 0 1 1 1 1 1 1 0 1 1 0 1 0 1 1 1 1 0 0 1 0 1 1 0 0 1 0 1 1 1 1 
1 1 0 1 1 1 1 1 1 0 0 0 1 1 1 1 1 1 1 1 0 0 1 0 1 1 1 1 0 1 1 0 1 0 0 0 1 1 0 0 1 1 1 0 1 1 1 1 1 1 0 1 1 1 1 1 1 0 1 0 
1 1 1 1 1 1 1 1 1 0 0 0 1 1 1 1 1 0 0 1 0 0 1 0 0 1 1 1 1 0 0 1 1 1 0 1 1 0 1 1 1 1 1 0 0 1 1 1 1 1 0 0 0 1 1 1 1 1 1 1 
1 0 1 1 1 0 1 1 1 0 0 0 1 1 1 0 1 1 1 1 1 1 1 0 1 0 1 1 1 1 1 1 1 1 1 1 0 1 1 1 1 0 1 1 1 1 1 0 0 0 1 0 0 1 0 1 1 1 1 0 
0 0 1 1 1 1 1 1 1 1 1 1 0 1 0 1 1 1 1 0 0 1 0 1 1 1 1 1 1 1 1 1 0 0 0 1 1 0 1 0 0 0 0 1 0 1 0 0 1 1 1 0 0 1 0 0 1 1 1 0 
1 0 1 0 0 1 1 0 1 1 1 1 1 0 1 1 1 1 1 1 1 1 1 1 0 1 1 1 0 1 1 0 0 1 0 1 0 1 0 0 1 0 1 1 1 1 1 1 1 1 1 1 1 1 0 0 1 1 1 1 
1 1 0 0 0 0 1 1 0 1 1 1 0 1 0 0 1 1 0 1 1 0 0 1 1 0 1 1 0 0 0 1 1 1 0 0 0 1 1 1 0 0 1 1 1 1 1 0 1 0 1 0 1 1 1 1 1 1 0 1 
1 1 1 1 1 1 1 0 0 1 1 0 1 1 0 0 0 1 0 1 1 1 1 0 1 0 1 1 1 1 0 1 1 1 1 0 0 1 1 1 1 1 1 1 0 1 1 1 0 1 1 1 1 1 0 0 1 1 1 1 
1 0 1 0 0 0 1 0 0 1 1 1 1 1 1 0 0 1 1 1 1 1 1 1 0 1 1 0 0 1 0 0 1 1 0 1 1 1 1 1 0 1 1 0 1 0 1 0 0 1 1 1 1 1 1 1 0 1 1 1 
1 1 1 1 1 0 1 1 1 1 0 1 1 1 1 1 1 0 1 0 1 1 0 1 1 0 0 0 0 1 1 0 0 1 1 0 1 0 1 1 1 1 0 1 1 1 0 0 0 1 1 1 0 1 1 1 1 1 1 0 
1 1 0 0 1 1 1 1 1 1 0 1 1 1 0 0 1 1 0 1 1 1 1 1 0 1 0 1 1 1 0 1 0 1 1 1 1 1 0 1 1 1 1 1 1 1 1 1 0 1 1 1 1 1 0 0 0 0 1 1 
1 1 1 1 1 0 0 1 1 1 1 1 0 1 1 1 1 0 1 0 1 1 1 0 0 1 0 0 0 1 1 1 1 1 1 1 0 0 1 1 1 0 1 1 0 1 1 1 1 0 1 1 0 1 1 1 0 1 1 1 
1 1 1 1 1 1 0 1 1 0 0 1 0 1 1 1 1 1 1 1 0 0 0 1 1 1 0 1 1 1 1 0 1 1 0 0 1 0 1 0 1 1 1 0 1 1 0 1 1 1 1 1 1 0 1 1 1 0 1 1 
0 1 1 1 1 1 1 0 0 0 0 1 1 1 0 1 1 1 1 1 0 0 0 1 1 1 0 1 1 1 1 0 1 0 1 0 1 1 1 1 1 1 0 1 1 1 1 1 1 1 0 1 1 1 1 0 1 0 1 0 
1 1 1 1 1 1 1 1 1 1 1 1 0 1 0 1 1 0 1 1 0 0 0 1 1 1 1 1 1 0 0 0 1 1 0 1 1 1 1 1 0 1 1 0 1 1 1 0 1 0 1 1 1 1 1 0 1 1 1 1 
1 1 1 1 0 1 0 1 1 0 0 0 1 1 1 0 1 1 1 0 1 1 1 0 1 1 1 1 0 0 0 1 1 1 1 1 1 1 1 1 1 0 1 1 1 1 1 1 1 1 1 0 1 1 0 1 1 1 0 1 
1 1 1 0 0 0 1 0 1 1 0 1 1 0 1 1 0 1 0 0 1 1 1 1 0 1 1 0 1 1 1 1 1 0 1 1 1 1 0 1 1 0 1 0 0 1 0 0 0 1 1 1 1 1 0 0 1 0 1 1 
0 1 1 1 1 0 0 1 1 1 1 0 1 1 0 0 1 0 1 1 1 1 1 1 1 0 1 1 1 1 0 1 1 1 1 0 1 1 1 1 1 0 1 1 1 1 1 1 0 1 1 1 1 1 1 0 1 1 1 1 
0 1 1 0 1 1 0 1 1 1 1 1 1 1 1 1 1 0 0 0 0 0 1 1 1 1 0 1 1 1 1 1 0 1 0 1 1 1 0 1 1 1 1 1 0 1 0 1 1 1 1 1 1 1 0 1 0 1 1 0 
1 0 0 1 0 1 1 1 1 1 1 1 1 1 1 1 0 0 1 0 1 1 1 1 0 1 1 0 0 1 1 0 0 0 1 1 1 1 0 0 1 1 1 0 1 1 1 1 1 1 0 1 0 0 0 1 0 0 1 1 
0 1 1 0 1 1 0 0 1 0 1 1 1 0 0 1 0 0 1 0 1 1 1 0 1 1 1 0 0 1 1 1 0 1 0 0 1 1 0 0 0 1 1 1 0 1 0 1 1 1 1 1 0 1 0 0 1 0 1 1 
1 1 0 0 1 0 1 1 0 1 0 1 1 1 0 1 1 1 1 1 1 1 0 0 1 1 1 1 1 0 1 1 0 0 1 1 1 1 1 1 1 1 1 0 0 0 1 1 0 0 1 1 0 0 0 1 1 1 0 0 
1 1 1 1 1 1 1 1 1 1 0 1 1 1 0 0 0 1 0 1 1 1 0 0 1 0 1 1 1 1 0 1 1 1 1 1 1 1 1 1 1 1 1 0 1 1 0 1 0 0 1 0 1 1 1 0 0 0 0 1 
1 0 1 1 1 1 0 1 1 0 1 1 1 0 1 1 0 0 1 1 0 0 0 1 1 1 1 0 1 1 1 0 1 0 1 1 1 1 1 1 0 0 1 1 1 1 1 1 1 0 1 1 1 0 0 0 0 1 0 0 
0 0 1 1 0 0 0 1 1 1 1 1 0 0 1 1 1 0 0 1 1 1 1 1 1 1 0 0 0 0 1 1 0 1 1 0 1 1 0 1 1 0 0 0 1 1 1 0 1 1 1 0 0 1 1 0 0 1 0 1 
0 1 1 1 1 1 0 1 1 0 1 1 0 1 1 1 1 1 1 1 1 0 1 1 0 1 1 0 1 0 1 0 1 0 1 1 0 1 0 1 0 1 1 1 1 1 1 0 1 0 1 0 0 1 1 1 0 0 1 1 
0 1 1 0 1 1 1 1 1 0 0 1 0 0 0 1 0 1 1 1 0 1 0 1 1 1 0 1 0 1 1 1 1 1 0 1 1 1 1 1 1 1 1 1 0 1 1 1 1 1 1 0 1 1 0 1 1 1 0 1 
1 1 1 1 1 1 1 0 1 0 1 1 1 1 0 0 1 0 1 1 0 0 1 1 1 0 1 1 0 1 1 1 0 1 1 0 0 0 1 1 1 1 0 1 1 1 1 0 0 1 0 1 1 0 1 0 1 0 1 1 
1 1 0 1 1 1 0 1 0 1 1 0 1 0 0 0 1 1 1 0 1 1 1 1 1 1 1 1 1 1 1 1 1 0 1 0 0 0 1 1 0 1 0 0 1 1 1 0 1 0 1 1 1 0 0 1 1 1 1 1 
0 0 0 0 1 1 1 1 1 1 0 1 0 1 1 1 1 0 1 0 0 1 1 1 1 1 1 1 1 1 1 1 1 1 1 0 0 0 0 1 1 1 0 1 1 1 1 1 1 1 1 0 1 1 1 0 1 1 1 1 
0 0 1 1 1 1 1 1 1 0 1 1 1 0 1 1 1 1 0 1 1 1 1 1 0 1 0 0 0 1 1 1 0 0 1 1 1 0 0 0 0 0 0 1 0 1 1 1 1 0 1 1 1 1 1 1 0 1 1 0 
1 1 0 0 0 1 1 1 0 0 1 1 0 0 1 1 1 1 1 1 0 1 1 1 1 1 1 0 0 1 1 1 1 1 1 1 1 1 0 0 1 1 1 0 1 1 1 1 1 0 1 1 1 1 1 1 0 0 0 1 
1 1 1 1 0 1 0 1 1 1 1 1 0 1 0 1 0 1 1 1 1 1 0 1 1 1 1 1 0 1 1 0 1 0 1 1 0 1 0 1 0 0 1 1 1 1 1 1 1 1 1 0 1 0 1 0 1 1 1 0 
0 1 0 1 1 1 0 1 0 1 1 0 0 0 0 1 1 1 1 0 1 1 1 0 0 0 1 1 1 1 1 0 0 1 1 1 1 1 0 1 0 0 1 1 1 1 1 0 1 1 1 1 1 1 1 0 1 1 0 1 
1 1 0 1 0 1 1 1 1 1 1 1 0 1 1 1 1 0 1 1 1 0 1 1 1 1 1 1 1 1 1 1 0 1 1 0 0 0 0 1 1 1 0 1 0 0 1 1 1 1 0 0 1 1 0 1 0 1 1 1 
1 0 0 1 1 0 1 0 1 0 0 1 1 1 1 1 0 1 1 1 0 1 0 1 0 1 1 0 1 0 0 1 0 1 1 1 0 1 1 0 1 1 1 0 1 0 1 1 0 1 0 1 1 1 1 1 0 1 1 1 
1 1 0 1 1 1 1 1 1 1 0 1 0 1 1 0 1 1 1 0 1 1 1 1 0 1 0 1 0 0 1 1 1 1 0 1 1 1 0 1 1 1 0 1 0 1 1 1 0 0 0 1 1 1 0 1 1 0 0 1 
1 1 0 1 1 1 1 1 1 1 1 1 1 1 1 1 0 1 1 1 1 1 1 1 1 1 1 1 1 0 1 1 1 1 1 1 1 1 1 1 1 1 0 0 1 0 1 1 1 1 1 1 1 0 1 0 1 0 1 0 
1 1 1 1 1 1 1 0 0 1 1 1 0 1 1 1 1 0 1 1 0 1 1 1 0 1 0 1 0 1 0 1 1 1 1 1 1 1 1 1 1 1 1 1 1 1 0 1 1 1 1 1 0 1 0 0 0 0 1 0 
0 0 1 1 1 1 1 0 0 1 1 0 0 1 0 1 0 0 1 1 1 1 0 1 0 1 1 1 1 1 1 1 0 0 1 0 0 1 1 1 1 0 1 1 1 1 1 0 1 1 1 0 1 0 1 1 0 1 0 0 
1 1 1 1 0 1 0 1 1 1 1 0 1 1 1 0 0 0 0 1 1 1 1 1 0 0 1 1 1 0 0 1 1 1 1 0 1 1 1 1 1 1 1 0 0 1 1 1 0 1 0 0 0 1 1 1 1 1 0 1 
1 1 1 1 1 1 0 1 0 1 1 0 1 1 0 1 1 1 1 0 1 1 0 1 1 1 1 1 1 0 0 0 1 0 1 1 0 1 0 0 1 1 1 1 0 1 1 1 1 0 0 1 1 0 1 1 1 1 1 1 
0 0 1 1 0 1 0 0 1 0 0 1 1 1 1 1 1 1 1 1 1 0 1 1 1 1 1 0 1 1 1 1 1 1 1 0 1 1 1 1 1 1 0 0 0 1 1 1 0 0 0 1 0 0 1 0 1 1 1 1 
1 1 1 1 1 1 0 1 1 1 0 0 0 1 0 1 1 1 1 1 1 1 1 0 1 1 1 1 1 1 0 1 0 0 0 1 1 0 1 1 0 1 0 1 1 1 1 0 0 1 1 0 1 1 1 1 1 1 1 1 
0 1 1 0 1 1 1 1 0 1 0 0 0 1 1 1 1 0 1 0 1 1 1 1 1 1 1 0 0 0 1 1 0 0 1 1 1 1 1 1 1 1 1 1 1 1 0 1 0 1 0 1 0 1 1 1 1 1 1 1 
0 1 1 1 1 1 1 0 0 1 1 1 1 1 1 1 1 1 1 1 0 1 1 1 1 1 1 0 1 0 1 0 1 1 1 0 0 1 1 1 0 1 1 1 1 0 1 0 1 0 0 1 1 0 1 1 0 0 1 0 
0 1 1 0 1 0 1 1 1 1 1 0 0 0 1 0 1 1 0 1 1 1 1 0 0 1 0 0 0 0 1 0 1 1 0 1 0 1 1 1 1 1 0 1 0 1 0 1 1 1 1 1 1 1 0 1 1 1 1 1 
1 0 1 0 1 1 1 1 0 1 1 1 0 0 1 0 1 1 0 1 1 0 0 1 0 0 1 1 0 1 0 0 0 1 1 0 1 0 1 1 0 0 1 1 1 0 0 1 1 1 0 1 1 1 1 0 1 0 1 0 
0 1 1 0 1 0 1 1 1 1 1 1 1 1 1 1 0 1 0 0 1 1 1 1 1 1 0 0 1 1 0 0 0 0 1 1 1 1 0 0 1 1 0 0 1 1 0 0 1 1 1 1 1 0 1 1 0 0 1 0 
1 1 1 0 1 0 1 1 1 0 1 1 1 1 1 1 1 1 0 1 0 0 1 1 0 1 1 0 0 1 0 1 1 0 1 0 1 1 1 0 1 1 1 1 0 0 0 1 1 1 1 1 1 0 1 0 0 0 0 1 
0 0 1 0 1 1 0 1 1 1 1 1 1 1 0 1 1 1 1 1 1 1 1 0 1 1 1 1 1 0 0 0 0 1 0 1 1 1 1 0 1 0 1 1 0 1 1 0 0 1 1 1 1 1 1 1 1 0 0 1 
1 1 1 1 1 1 1 1 1 0 1 0 0 1 1 1 1 0 1 1 1 0 1 1 1 1 0 1 1 0 1 0 1 1 1 1 1 1 0 1 0 1 1 1 1 0 0 0 1 1 1 1 1 0 1 0 0 1 1 0 

0 0 0 0 0 0 0 3 0 0 8 0 0 0 0 0 0 0 16 0 0 0 0 0 13 0 0 8 0 0 0 1 1 0 0 0 0 0 0 0 0 0 0 0 0 0 0 9 19 0 0 0 0 0 0 0 0 0 0 14 
0 0 0 0 16 0 0 13 0 0 0 0 15 0 0 0 0 0 0 0 3 0 0 0 0 0 2 0 0 0 0 4 8 12 20 0 12 1 19 0 0 0 0 0 0 0 3 0 11 0 0 6 9 0 0 0 0 4 0 0 
0 0 0 0 0 8 0 0 0 0 8 0 7 0 0 0 0 0 0 0 0 0 0 0 0 0 0 0 0 0 0 0 6 0 0 0 0 0 0 0 0 0 0 0 13 0 0 0 0 0 16 11 0 8 0 0 0 13 0 0 
11 16 0 0 0 0 0 0 0 0 0 0 0 0 0 19 0 0 0 10 0 16 0 0 0 0 19 0 0 0 0 0 0 0 19 0 0 0 0 0 0 0 0 13 0 0 0 0 2 4 0 0 9 8 0 17 0 0 7 0 
0 3 0 0 0 0 0 0 0 0 0 0 0 0 0 0 0 0 12 0 1 0 0 0 4 0 0 0 0 0 0 0 0 0 0 4 0 0 0 0 0 0 0 0 0 0 0 0 0 0 0 0 4 21 10 0 0 18 11 0 
0 0 0 0 0 0 0 0 0 0 5 0 0 0 0 0 0 0 0 14 0 0 0 2 0 0 0 0 15 16 0 8 0 0 0 0 0 0 0 2 0 20 0 9 17 0 0 0 0 15 0 0 9 0 0 0 0 0 0 0 
0 0 9 0 0 0 0 2 0 0 0 0 0 0 0 0 0 13 0 0 16 0 0 0 0 0 0 0 0 10 0 0 0 0 10 0 1 20 0 0 0 1 0 0 0 0 1 0 0 0 0 0 0 0 0 0 1 0 0 0 
0 0 0 0 0 0 0 0 16 0 0 0 0 0 0 0 0 0 0 0 0 0 0 0 0 0 0 0 0 0 0 0 0 0 0 0 0 15 12 0 0 0 0 0 0 0 0 19 0 2 0 0 0 0 0 0 0 0 17 0 
0 0 0 0 16 0 0 0 0 0 18 0 0 18 0 0 0 0 0 0 0 7 0 0 0 2 0 0 0 0 0 0 0 0 0 0 0 0 0 0 0 19 0 0 0 9 0 0 0 0 0 0 12 0 0 0 2 0 13 0 
0 1 0 16 0 11 0 0 0 0 0 0 0 19 0 0 0 18 0 0 0 0 3 0 17 0 0 0 0 0 0 0 12 0 0 0 0 0 0 0 0 0 0 0 0 0 0 0 0 0 0 0 13 0 0 6 0 0 0 16 
0 0 0 0 0 0 0 0 0 0 0 0 0 0 0 0 1 0 0 0 0 5 0 1 0 0 0 0 0 7 0 0 4 0 0 0 0 15 0 16 0 0 0 0 0 0 0 0 10 17 0 2 7 0 12 0 0 0 0 0 
0 0 0 0 0 15 0 5 0 0 0 0 0 0 0 0 0 0 9 6 0 0 0 0 8 0 0 8 0 0 0 0 1 0 0 0 0 0 0 0 0 0 0 0 2 2 0 0 0 0 1 0 0 0 0 0 0 0 0 6 
0 0 0 0 0 0 0 0 4 0 0 0 0 0 0 0 0 0 0 0 0 0 0 0 0 0 0 0 0 0 18 7 0 0 0 20 0 20 0 0 8 0 0 0 0 0 0 0 0 0 0 0 0 0 0 0 0 0 0 0 
0 0 4 0 0 2 12 0 0 0 0 16 0 0 16 0 0 0 0 0 2 0 0 0 5 0 0 0 0 0 0 0 0 0 0 0 0 0 3 8 0 0 2 0 0 0 0 14 0 0 0 14 0 0 4 15 0 11 0 0 
0 0 6 0 0 0 0 0 0 0 0 0 0 0 0 0 0 3 0 0 0 0 0 0 0 0 0 0 0 0 0 0 0 0 14 0 0 0 0 0 0 0 0 0 14 0 4 0 0 0 0 14 0 0 0 0 0 0 0 4 
0 0 0 2 0 0 0 19 3 0 0 0 0 0 0 0 0 0 0 0 0 0 0 0 0 0 0 0 0 10 0 0 2 0 0 0 0 0 11 0 14 0 0 0 0 0 0 0 7 0 14 0 0 0 0 0 0 0 0 0 
0 0 0 2 18 0 0 0 3 0 0 9 1 0 0 0 0 4 0 0 0 0 0 0 2 0 0 0 0 0 0 0 0 0 0 0 0 0 0 0 0 0 0 7 0 19 0 13 0 0 0 0 0 0 0 5 5 0 0 0 
0 0 0 17 0 0 0 0 0 0 0 0 0 0 0 0 0 0 12 0 1 0 0 0 0 0 0 0 0 0 16 0 0 0 0 18 0 0 0 0 6 0 0 0 0 0 10 0 0 0 0 0 0 0 0 4 0 0 0 0 
0 0 0 0 0 0 2 7 0 0 0 0 0 0 4 16 3 0 0 0 0 0 0 6 0 0 0 4 0 13 11 0 21 0 1 0 17 0 0 9 0 16 21 0 19 3 0 0 0 20 0 0 0 0 0 6 0 0 0 0 
0 12 0 0 4 0 0 6 0 0 0 0 16 6 0 14 0 0 0 0 5 0 0 0 10 0 0 0 15 0 0 0 0 0 0 0 0 0 0 4 0 0 0 0 0 0 11 0 0 0 0 0 0 6 0 0 10 0 0 0 
0 0 0 0 0 7 9 12 4 0 8 0 0 0 1 0 0 0 0 0 0 0 14 0 0 0 0 0 0 0 17 0 0 12 5 0 9 0 0 7 0 20 0 2 0 0 0 0 0 0 0 0 0 0 0 0 18 0 19 0 
0 17 0 0 0 0 0 0 0 0 0 0 0 0 0 0 0 0 0 12 0 0 0 0 3 0 0 0 0 10 0 0 18 0 0 0 0 20 0 11 0 6 0 0 0 3 0 6 0 0 0 0 0 0 1 0 1 0 0 0 
0 3 0 0 0 2 0 0 0 20 0 9 0 0 0 0 0 0 0 0 0 0 0 19 9 0 0 0 0 0 0 0 11 0 0 0 0 9 0 0 0 0 0 0 0 0 0 0 0 0 0 16 0 0 11 0 0 0 0 0 
20 6 0 0 0 0 0 0 0 13 1 0 13 0 0 0 0 0 0 0 0 0 0 0 0 0 0 0 14 4 0 9 0 0 0 0 0 9 0 0 0 10 0 14 4 16 0 0 0 0 0 0 0 0 0 15 0 0 0 0 
0 0 0 0 0 6 0 0 5 0 0 0 0 5 0 0 0 0 0 0 13 9 11 16 0 0 0 0 0 0 3 0 17 0 0 0 3 0 18 3 0 17 0 0 0 0 0 0 0 0 0 0 0 0 0 0 0 0 0 0 
0 0 18 0 0 11 0 0 0 0 0 0 7 6 5 0 0 0 0 3 0 0 0 9 0 0 3 5 0 0 0 21 0 4 0 0 0 9 0 0 0 0 0 0 12 0 0 0 15 0 0 3 0 0 0 0 0 0 0 0 
0 0 2 0 0 0 0 0 0 0 0 14 0 15 0 20 0 0 0 0 0 0 0 18 0 0 0 0 18 13 8 19 1 0 10 0 0 0 0 0 0 0 17 0 0 0 0 0 0 12 0 0 0 19 0 0 0 0 0 0 
0 0 0 0 0 0 0 0 0 0 5 0 0 0 0 20 0 5 0 0 0 0 0 0 0 0 0 0 0 0 0 0 0 0 0 0 8 0 9 0 5 0 0 17 0 0 0 0 0 0 0 0 0 0 0 3 12 0 0 0 
0 8 0 0 11 8 0 17 9 0 0 0 0 0 0 0 0 0 0 14 2 0 0 0 0 0 0 0 0 0 0 0 0 0 0 0 0 0 0 0 0 0 0 0 12 0 0 0 0 17 15 0 0 0 0 1 0 0 0 0 
0 0 0 2 0 7 0 0 0 0 0 7 0 0 0 0 0 0 0 0 0 0 0 0 0 0 0 0 0 0 0 0 0 0 0 13 0 0 0 1 0 0 0 0 0 0 10 17 8 0 0 0 0 0 0 0 0 0 0 0 
0 0 0 0 0 0 0 20 0 0 0 0 0 0 0 11 13 0 0 0 0 0 1 16 0 0 0 0 0 0 0 10 5 0 0 0 0 0 0 0 0 17 0 0 0 0 9 0 21 2 0 0 0 0 0 0 0 18 0 14 
7 0 0 0 0 21 0 0 0 0 13 0 0 0 20 0 0 20 0 0 9 0 3 0 0 0 0 10 0 0 0 0 0 0 18 0 0 0 0 0 16 0 0 13 0 0 0 0 0 0 0 18 0 2 0 16 0 0 0 0 
20 0 1 0 12 0 0 0 0 21 0 0 14 0 17 0 0 0 4 0 0 0 16 0 12 0 0 0 0 0 5 0 0 0 0 0 0 11 1 0 0 0 0 0 0 0 0 0 9 0 16 0 0 0 0 0 0 0 8 0 
0 0 6 0 0 0 16 0 0 2 10 10 0 0 4 21 0 0 1 8 0 0 10 0 0 0 0 0 5 0 0 0 0 0 0 13 0 0 0 19 0 0 0 0 12 0 17 0 0 0 0 0 0 0 0 0 0 0 0 0 
20 0 0 0 0 0 0 0 0 0 10 0 0 0 0 0 0 0 0 8 8 18 0 0 0 10 0 0 0 0 0 11 0 16 0 14 0 20 0 0 0 0 18 13 11 0 0 0 0 0 0 0 0 4 0 0 0 0 0 0 
0 0 0 0 0 0 0 0 0 3 0 0 0 0 0 0 0 0 0 0 0 0 0 0 0 8 7 0 0 0 13 0 1 0 0 0 19 0 0 0 7 0 10 0 0 0 0 0 0 0 0 0 0 0 0 0 0 0 0 0 
0 0 0 0 0 0 0 0 0 0 0 0 2 0 11 0 0 0 0 0 2 0 0 0 0 0 0 0 0 0 0 0 0 0 0 0 0 0 0 0 0 0 4 0 1 0 0 0 0 0 0 11 0 0 0 2 0 0 0 13 
0 18 0 0 0 4 0 0 18 0 0 0 0 0 0 0 0 3 14 0 0 0 0 16 10 0 5 0 0 0 0 0 0 0 17 19 0 0 0 0 0 0 0 0 5 3 0 0 0 6 2 7 0 0 11 4 0 0 0 0 
0 0 4 0 2 19 0 0 0 0 0 7 7 2 8 0 7 0 9 0 0 0 0 0 0 0 0 0 0 0 0 0 0 15 0 0 0 0 0 0 0 0 0 0 0 11 5 13 0 0 0 13 0 0 0 0 0 0 0 0 
0 0 0 5 7 0 0 0 0 0 0 0 2 0 13 0 0 0 0 0 0 0 0 0 0 0 0 0 0 0 0 0 0 0 0 0 0 0 0 0 0 0 0 0 0 0 0 0 0 0 2 7 0 0 0 0 0 0 0 0 
1 0 15 0 0 0 0 0 19 0 15 12 12 4 0 0 0 0 0 7 0 14 0 0 0 13 0 0 0 0 0 0 20 0 15 0 0 0 13 0 0 0 0 19 6 0 0 0 3 18 0 0 0 0 0 0 0 0 0 17 
0 0 5 0 9 0 0 0 0 0 0 0 0 0 8 18 0 0 0 0 0 0 0 0 0 0 1 0 0 5 0 0 0 0 0 0 0 12 0 0 0 0 4 0 0 19 0 2 20 14 0 14 0 0 0 0 0 0 0 0 
0 5 8 0 0 17 0 0 0 0 0 0 0 18 0 0 0 0 11 0 15 0 0 0 0 0 0 0 0 0 18 1 7 0 0 15 0 9 0 0 0 0 0 0 0 0 0 0 0 0 0 0 0 0 8 21 0 0 0 0 
0 20 0 20 0 0 0 0 0 0 0 0 0 0 0 7 0 1 0 4 0 0 8 0 0 0 0 0 8 0 17 0 0 0 4 0 0 0 0 0 0 0 0 0 0 0 0 0 0 0 0 18 0 13 0 0 0 0 0 0 
0 0 0 1 0 0 11 0 0 2 0 0 0 0 0 0 0 4 0 0 10 0 0 0 0 0 0 0 20 0 0 0 0 14 0 0 0 0 15 0 0 0 0 0 0 0 0 0 0 0 0 0 0 0 12 0 3 0 0 0 
0 0 1 0 0 0 0 0 0 0 0 0 0 0 0 0 0 0 0 0 0 0 0 0 0 0 13 0 9 0 0 0 14 0 0 0 0 0 3 0 0 0 0 18 15 0 0 16 20 0 0 0 0 0 0 1 0 0 0 0 
3 0 0 0 0 0 7 7 0 0 13 0 0 0 0 0 0 13 0 0 0 0 14 0 0 20 0 0 0 0 0 0 0 0 0 6 0 0 0 0 0 0 0 0 2 0 0 0 0 0 9 0 0 13 0 0 0 0 0 16 
0 0 11 0 0 0 0 0 0 0 0 0 1 0 21 0 0 0 19 0 0 13 2 0 0 0 0 0 0 0 0 0 11 0 9 1 0 0 14 0 0 0 0 0 0 0 0 0 0 0 0 0 0 0 1 0 0 0 16 13 
16 0 0 0 0 0 0 14 0 1 0 0 0 21 0 0 0 0 0 0 16 0 0 0 0 0 0 0 0 0 0 0 0 0 21 0 0 0 0 1 0 0 0 13 0 0 16 15 0 0 7 0 0 0 14 0 0 0 0 13 
0 0 0 0 9 0 6 0 0 18 0 12 0 0 0 0 0 0 0 0 0 0 0 0 14 0 0 0 0 0 0 0 0 0 0 0 0 0 17 0 0 0 0 11 0 0 0 0 0 0 0 14 0 0 2 0 0 0 0 0 
0 0 0 2 0 16 0 0 0 0 0 5 0 0 0 7 0 0 0 0 0 0 0 10 0 0 0 0 0 0 0 0 17 0 14 0 17 17 0 0 0 0 0 4 0 0 0 0 0 0 0 0 0 0 0 0 0 4 0 0 
0 0 0 0 0 0 19 0 0 0 0 0 3 0 0 2 0 0 0 0 0 0 0 14 0 0 11 0 0 0 0 0 0 2 0 6 0 0 0 0 0 0 0 0 0 15 0 0 0 0 0 0 0 0 0 14 0 0 0 17 
0 0 16 0 0 0 0 20 0 0 0 0 14 18 20 0 0 0 12 0 0 0 0 0 0 16 2 0 0 0 1 0 0 0 0 0 5 0 0 0 0 0 0 0 0 0 19 0 0 0 0 16 0 0 0 0 0 0 0 19 
5 0 0 10 0 0 0 9 0 0 2 0 0 0 0 0 0 0 0 0 0 0 11 0 0 0 0 0 0 0 1 0 0 0 3 0 9 0 0 0 3 0 0 0 0 0 0 0 0 0 0 0 0 0 0 18 0 0 0 0 
0 0 0 0 0 0 0 0 0 0 0 0 0 0 9 0 0 6 0 0 0 0 0 13 0 0 0 1 0 8 0 0 0 0 0 3 13 9 0 0 0 0 0 2 0 0 0 0 0 12 0 0 0 0 0 3 0 0 0 0 
20 0 0 0 0 0 0 0 0 0 10 0 1 0 0 0 0 0 0 0 0 0 0 0 19 0 0 0 21 16 0 0 2 0 0 0 0 0 0 0 0 2 0 0 0 17 0 0 0 0 0 0 0 0 0 0 1 1 0 0 
13 0 0 0 0 0 0 0 0 0 14 3 0 1 0 0 0 0 0 0 13 13 0 0 0 0 0 0 9 10 0 16 0 0 3 0 0 0 0 13 11 0 7 0 0 0 0 0 0 0 0 0 0 0 0 0 0 0 0 0 
0 7 0 0 0 0 0 14 0 0 0 0 0 0 0 3 0 0 14 0 0 0 0 0 0 0 0 0 0 0 20 0 0 0 12 0 0 0 14 0 0 0 0 1 0 0 0 0 0 0 0 0 0 0 4 0 0 0 0 0 
0 0 0 0 0 0 0 14 0 0 0 2 8 0 0 0 0 0 0 0 0 0 0 0 11 0 0 0 19 0 0 0 0 0 8 4 0 0 0 0 1 0 0 1 0 0 0 7 0 0 0 8 0 0 0 0 0 16 0 7 
9 7 7 0 0 0 8 0 0 0 0 0 5 0 0 0 3 0 9 0 0 0 0 9 20 0 0 0 0 0 0 0 0 0 0 0 0 0 0 0 0 0 0 0 0 0 11 0 0 0 0 0 0 0 9 0 0 0 0 0 
