60

0 0 0 0 0 1 0 0 0 1 1 1 0 0 1 0 0 0 0 1 0 1 0 1 1 0 1 1 1 1 0 1 1 1 1 0 1 1 1 0 1 1 0 0 1 1 1 1 1 1 0 0 0 0 1 1 1 0 0 0 
0 0 0 0 0 1 0 1 0 0 0 1 0 0 0 0 0 0 0 0 0 1 1 1 0 0 0 0 1 0 1 0 0 0 0 0 0 1 1 0 1 0 1 0 0 0 1 0 0 0 0 1 0 0 0 0 0 0 1 0 
0 0 0 1 0 1 0 0 1 0 0 0 0 0 0 1 1 0 0 0 1 1 0 1 0 1 1 1 0 0 1 0 1 0 1 0 0 0 0 1 1 0 0 0 0 1 1 1 1 0 0 0 0 0 1 0 0 1 1 1 
0 0 1 0 0 0 0 0 0 1 0 0 1 1 0 1 0 0 0 1 1 0 0 1 0 0 0 0 1 1 1 1 1 0 0 1 0 0 0 1 0 1 0 0 0 0 0 0 1 1 0 0 0 0 1 0 1 1 1 0 
0 0 0 0 0 0 1 0 0 0 0 0 0 1 0 0 0 0 0 0 0 0 0 0 0 1 0 0 1 0 0 0 0 0 0 0 0 1 0 1 0 1 0 0 1 0 0 1 0 0 1 0 0 0 0 1 1 1 0 0 
1 1 1 0 0 0 1 0 1 1 1 0 1 1 1 0 1 0 0 0 1 0 0 1 0 0 0 1 1 0 0 0 0 0 0 0 0 0 1 1 1 1 1 0 0 0 1 1 0 0 0 0 1 0 0 0 0 1 1 0 
0 0 0 0 1 1 0 0 1 1 1 0 0 1 1 0 0 0 1 0 1 0 1 1 0 0 0 0 0 1 0 1 0 1 0 1 1 0 1 1 0 0 0 0 0 1 1 0 0 1 1 0 1 0 0 0 1 0 1 1 
0 1 0 0 0 0 0 0 1 1 0 0 1 0 1 0 0 0 0 0 0 1 1 0 1 0 1 1 0 1 0 0 1 1 0 1 1 0 0 0 0 1 0 0 1 1 0 0 1 0 0 0 1 0 0 0 0 0 1 1 
0 0 1 0 0 1 1 1 0 1 1 1 1 0 1 0 1 1 1 1 1 1 0 1 1 0 0 0 1 0 0 0 0 0 1 0 1 0 1 0 1 1 0 0 0 0 0 1 0 0 0 1 1 0 0 0 0 0 1 0 
1 0 0 1 0 1 1 1 1 0 0 0 1 0 1 0 0 0 0 1 1 0 1 1 1 1 0 1 1 0 1 1 0 0 0 1 1 1 1 0 1 0 0 0 1 1 1 0 1 1 1 0 0 1 1 1 0 0 1 0 
1 0 0 0 0 1 1 0 1 0 0 1 1 0 0 1 0 0 0 1 0 0 0 1 0 0 0 0 1 0 1 1 0 0 1 1 0 0 0 0 0 1 0 1 0 0 0 0 1 1 0 1 0 1 0 1 1 0 0 1 
1 1 0 0 0 0 0 0 1 0 1 0 0 1 0 0 0 0 0 0 0 1 0 1 0 1 0 0 0 1 0 0 1 0 1 1 0 1 1 0 0 1 1 1 0 0 0 0 0 0 0 1 1 0 0 1 1 0 1 1 
0 0 0 1 0 1 0 1 1 1 1 0 0 1 1 0 0 1 0 0 1 1 1 0 1 0 0 0 0 0 1 1 0 0 1 1 0 1 0 0 0 0 0 1 1 0 1 0 0 0 1 1 1 0 0 1 0 1 0 0 
0 0 0 1 1 1 1 0 0 0 0 1 1 0 0 1 0 0 0 0 1 0 1 0 0 0 0 0 0 0 1 0 0 0 1 1 0 1 0 1 1 0 1 0 0 0 0 0 0 0 0 1 0 0 1 1 1 0 1 0 
1 0 0 0 0 1 1 1 1 1 0 0 1 0 0 1 0 0 0 0 1 0 1 0 0 0 0 0 1 0 1 0 0 1 1 1 1 0 0 1 0 1 1 1 1 0 1 1 0 0 0 0 1 0 1 1 0 0 0 0 
0 0 1 1 0 0 0 0 0 0 1 0 0 1 1 0 0 1 0 0 0 0 1 0 0 1 0 0 0 1 0 0 1 1 1 1 0 0 1 0 0 0 1 1 1 1 0 0 0 0 1 1 0 0 1 0 1 0 1 1 
0 0 1 0 0 1 0 0 1 0 0 0 0 0 0 0 0 0 0 1 0 0 1 1 1 0 0 1 0 0 1 1 0 1 0 1 1 0 0 0 1 0 0 0 1 0 0 0 0 0 0 0 1 0 0 1 0 0 0 1 
0 0 0 0 0 0 0 0 1 0 0 0 1 0 0 1 0 0 1 0 1 0 0 0 1 0 0 0 0 0 0 1 0 1 0 0 0 1 1 0 1 0 1 0 0 0 0 0 0 0 0 0 1 0 1 1 0 0 1 1 
0 0 0 0 0 0 1 0 1 0 0 0 0 0 0 0 0 1 0 1 0 0 1 0 0 1 0 0 0 0 1 1 0 0 0 1 0 1 0 0 0 0 0 1 1 0 0 0 0 1 1 0 1 1 0 1 0 0 0 1 
1 0 0 1 0 0 0 0 1 1 1 0 0 0 0 0 1 0 1 0 0 0 1 0 0 1 0 0 1 0 0 1 0 0 0 0 0 0 0 0 1 0 1 0 0 1 0 0 1 0 0 0 0 1 0 0 1 1 0 1 
0 0 1 1 0 1 1 0 1 1 0 0 1 1 1 0 0 1 0 0 0 1 1 0 1 1 0 0 0 1 0 0 0 0 1 1 0 0 1 0 1 1 0 0 0 1 1 1 0 0 0 1 1 0 0 0 0 1 1 0 
1 1 1 0 0 0 0 1 1 0 0 1 1 0 0 0 0 0 0 0 1 0 0 1 0 0 0 0 0 0 1 1 0 0 1 1 0 1 1 0 0 1 0 0 0 0 0 1 0 0 0 1 1 0 0 0 0 1 1 0 
0 1 0 0 0 0 1 1 0 1 0 0 1 1 1 1 1 0 1 1 1 0 0 0 1 0 0 1 1 1 1 1 0 0 1 0 0 1 0 1 1 1 0 1 0 1 1 0 1 1 0 0 1 0 0 0 0 0 0 0 
1 1 1 1 0 1 1 0 1 1 1 1 0 0 0 0 1 0 0 0 0 1 0 0 0 0 1 1 1 1 0 1 0 0 1 1 0 0 0 1 0 0 0 0 0 1 0 0 0 1 1 1 1 0 0 0 0 1 0 0 
1 0 0 0 0 0 0 1 1 1 0 0 1 0 0 0 1 1 0 0 1 0 1 0 0 0 0 1 0 1 1 0 1 0 1 1 0 0 0 0 1 1 1 1 1 1 0 1 0 0 1 0 0 1 0 0 0 1 0 0 
0 0 1 0 1 0 0 0 0 1 0 1 0 0 0 1 0 0 1 1 1 0 0 0 0 0 0 0 1 1 1 0 0 0 0 0 0 1 1 0 1 1 0 0 0 0 1 1 0 1 1 1 0 1 1 0 1 0 0 0 
1 0 1 0 0 0 0 1 0 0 0 0 0 0 0 0 0 0 0 0 0 0 0 1 0 0 0 0 0 0 0 1 1 0 1 1 0 0 0 0 0 0 1 0 1 1 0 1 0 0 0 1 0 0 0 0 0 0 0 0 
1 0 1 0 0 1 0 1 0 1 0 0 0 0 0 0 1 0 0 0 0 0 1 1 1 0 0 0 0 0 0 0 1 0 1 1 0 0 1 0 0 1 0 0 1 0 0 1 0 0 0 0 0 1 1 1 1 0 1 0 
1 1 0 1 1 1 0 0 1 1 1 0 0 0 1 0 0 0 0 1 0 0 1 1 0 1 0 0 0 1 0 1 0 0 0 1 1 1 0 0 0 0 0 0 0 0 0 0 0 1 1 0 0 0 0 1 0 0 1 1 
1 0 0 1 0 0 1 1 0 0 0 1 0 0 0 1 0 0 0 0 1 0 1 1 1 1 0 0 1 0 0 1 0 0 1 0 0 0 1 0 0 1 1 0 0 1 1 0 0 1 1 0 0 0 1 0 1 1 1 1 
0 1 1 1 0 0 0 0 0 1 1 0 1 1 1 0 1 0 1 0 0 1 1 0 1 1 0 0 0 0 0 1 1 0 0 0 1 1 0 1 1 0 1 0 1 1 1 0 0 1 1 1 1 0 0 1 1 1 1 1 
1 0 0 1 0 0 1 0 0 1 1 0 1 0 0 0 1 1 1 1 0 1 1 1 0 0 1 0 1 1 1 0 0 1 0 1 0 0 1 0 0 0 0 0 0 0 0 1 0 0 0 1 0 0 0 0 0 0 0 0 
1 0 1 1 0 0 0 1 0 0 0 1 0 0 0 1 0 0 0 0 0 0 0 0 1 0 1 1 0 0 1 0 0 0 0 1 0 0 1 0 0 0 0 1 1 0 0 0 0 1 0 0 1 1 0 1 0 0 1 1 
1 0 0 0 0 0 1 1 0 0 0 0 0 0 1 1 1 1 0 0 0 0 0 0 0 0 0 0 0 0 0 1 0 0 1 1 1 1 0 1 0 1 0 1 0 1 0 1 0 1 1 1 0 1 0 0 0 0 1 1 
1 0 1 0 0 0 0 0 1 0 1 1 1 1 1 1 0 0 0 0 1 1 1 1 1 0 1 1 0 1 0 0 0 1 0 1 1 1 1 0 0 1 0 1 0 1 1 0 1 0 0 1 1 0 0 0 0 0 1 0 
0 0 0 1 0 0 1 1 0 1 1 1 1 1 1 1 1 0 1 0 1 1 0 1 1 0 1 1 1 0 0 1 1 1 1 0 1 0 0 0 1 0 0 0 1 0 1 1 1 0 1 0 1 1 0 0 0 0 0 0 
1 0 0 0 0 0 1 1 1 1 0 0 0 0 1 0 1 0 0 0 0 0 0 0 0 0 0 0 1 0 1 0 0 1 1 1 0 0 1 0 0 1 0 1 1 1 0 0 0 1 0 0 1 0 0 0 0 1 0 0 
1 1 0 0 1 0 0 0 0 1 0 1 1 1 0 0 0 1 1 0 0 1 1 0 0 1 0 0 1 0 1 0 0 1 1 0 0 0 0 1 0 1 1 1 0 0 0 0 1 1 0 1 0 0 0 1 0 1 0 0 
1 1 0 0 0 1 1 0 1 1 0 1 0 0 0 1 0 1 0 0 1 1 0 0 0 1 0 1 0 1 0 1 1 0 1 0 1 0 0 1 1 0 0 1 1 1 0 0 0 1 0 1 0 1 0 0 0 0 1 0 
0 0 1 1 1 1 1 0 0 0 0 0 0 1 1 0 0 0 0 0 0 0 1 1 0 0 0 0 0 0 1 0 0 1 0 0 0 1 1 0 0 0 0 0 0 0 1 0 0 1 0 1 0 1 1 0 0 1 0 1 
1 1 1 0 0 1 0 0 1 1 0 0 0 1 0 0 1 1 0 1 1 0 1 0 1 1 0 0 0 0 1 0 0 0 0 1 0 0 1 0 0 1 0 1 0 0 1 0 0 0 0 1 1 0 0 1 0 0 1 1 
1 0 0 1 1 1 0 1 1 0 1 1 0 0 1 0 0 0 0 0 1 1 1 0 1 1 0 1 0 1 0 0 0 1 1 0 1 1 0 0 1 0 0 0 1 0 0 0 0 1 0 1 0 1 0 1 0 1 1 1 
0 1 0 0 0 1 0 0 0 0 0 1 0 1 1 1 0 1 0 1 0 0 0 0 1 0 1 0 0 1 1 0 0 0 0 0 0 1 0 0 0 0 0 0 0 0 0 0 0 0 0 0 1 0 0 0 0 0 0 1 
0 0 0 0 0 0 0 0 0 0 1 1 1 0 1 1 0 0 1 0 0 0 1 0 1 0 0 0 0 0 0 0 1 1 1 0 1 1 1 0 1 0 0 0 1 1 1 0 0 1 0 0 0 1 1 1 0 1 1 0 
1 0 0 0 1 0 0 1 0 1 0 0 1 0 1 1 1 0 1 0 0 0 0 0 1 0 1 1 0 0 1 0 1 0 0 1 1 0 1 0 0 1 0 1 0 0 0 0 1 0 0 1 1 1 1 1 0 0 1 1 
1 0 1 0 0 0 1 1 0 1 0 0 0 0 0 1 0 0 0 1 1 0 1 1 1 0 1 0 0 1 1 0 0 1 1 0 1 0 1 0 0 0 0 1 0 0 0 1 0 1 0 1 0 0 0 0 0 0 0 1 
1 1 1 0 0 1 1 0 0 1 0 0 1 0 1 0 0 0 0 0 1 0 1 0 0 1 0 0 0 1 1 0 0 0 1 1 0 0 0 1 1 0 0 1 0 0 0 0 0 0 1 1 1 0 0 1 0 0 1 1 
1 0 1 0 1 1 0 0 1 0 0 0 0 0 1 0 0 0 0 0 1 1 0 0 1 1 1 1 0 0 0 1 0 1 0 1 0 0 0 0 0 0 0 0 0 1 0 0 0 1 0 0 1 0 1 1 0 0 1 1 
1 0 1 1 0 0 0 1 0 1 1 0 0 0 0 0 0 0 0 1 0 0 1 0 0 0 0 0 0 0 0 0 0 0 1 1 0 1 0 0 0 0 0 0 1 0 0 0 0 0 0 1 0 0 1 0 1 0 0 1 
1 0 0 1 0 0 1 0 0 1 1 0 0 0 0 0 0 0 1 0 0 0 1 1 0 1 0 0 1 1 1 0 1 1 0 0 1 1 1 1 0 1 0 1 0 1 0 1 0 0 0 1 0 0 1 1 1 0 0 1 
0 0 0 0 1 0 1 0 0 1 0 0 1 0 0 1 0 0 1 0 0 0 0 1 1 1 0 0 1 1 1 0 0 1 0 1 0 0 0 0 0 0 0 0 0 0 1 0 0 0 0 1 0 1 0 0 0 0 0 1 
0 1 0 0 0 0 0 0 1 0 1 1 1 1 0 1 0 0 0 0 1 1 0 1 0 1 1 0 0 0 1 1 0 1 1 0 0 1 1 1 1 1 0 0 1 1 1 0 1 1 1 0 0 0 0 0 0 1 0 0 
0 0 0 0 0 1 1 1 1 0 0 1 1 0 1 0 1 1 1 0 1 1 1 1 0 0 0 0 0 0 1 0 1 0 1 1 1 0 0 0 1 0 1 0 1 0 1 1 0 0 0 0 0 1 0 0 1 0 1 0 
0 0 0 0 0 0 0 0 0 1 1 0 0 0 0 0 0 0 1 1 0 0 0 0 1 1 0 1 0 0 0 0 1 1 0 1 0 0 1 1 0 1 0 1 1 0 0 0 0 0 1 0 1 0 1 0 1 0 0 0 
1 0 1 1 0 0 0 0 0 1 0 0 0 1 1 1 0 1 0 0 0 0 0 0 0 1 0 1 0 1 0 0 0 0 0 0 0 0 0 1 0 0 0 1 1 0 0 1 1 1 0 0 0 1 0 0 1 0 1 1 
1 0 0 0 1 0 0 0 0 1 1 1 1 1 1 0 1 1 1 0 0 0 0 0 0 0 0 1 1 0 1 0 1 0 0 0 0 1 0 0 1 1 0 1 1 0 1 1 0 1 0 0 0 0 0 0 1 0 0 1 
1 0 0 1 1 0 1 0 0 0 1 1 0 1 0 1 0 0 0 1 0 0 0 0 0 1 0 1 0 1 1 0 0 0 0 0 0 0 0 0 0 0 0 0 0 0 0 0 1 1 0 0 1 1 1 1 0 0 0 0 
0 0 1 1 1 1 0 0 0 0 0 0 1 0 0 0 0 0 0 1 1 1 0 1 1 0 0 0 0 1 1 0 0 0 0 0 1 1 0 1 0 1 0 1 0 0 0 0 0 0 0 1 0 0 0 0 0 0 0 0 
0 1 1 1 0 1 1 1 1 1 0 1 0 1 0 1 0 1 0 0 1 1 0 0 0 0 0 1 1 1 1 0 1 1 1 0 0 0 1 0 1 1 0 1 1 0 1 1 0 0 0 0 1 0 1 0 0 0 0 0 
0 0 1 0 0 0 1 1 0 0 1 1 0 0 0 1 1 1 1 1 0 0 0 0 0 0 0 0 1 1 1 0 1 1 0 0 0 0 0 1 1 1 1 0 1 1 1 1 1 1 1 0 0 0 1 1 0 0 0 0 

0 0 0 0 0 6 0 0 0 0 0 17 0 0 0 0 0 1 27 0 0 0 0 0 19 0 0 0 13 0 24 0 0 3 0 5 0 7 0 0 0 0 0 0 0 0 7 0 0 0 0 0 10 0 0 0 0 0 0 0 
0 0 0 0 27 24 0 6 13 0 0 0 17 0 0 0 0 0 0 0 0 28 0 0 0 0 0 0 2 0 0 0 3 21 0 0 0 0 0 12 0 0 25 0 0 0 0 0 0 0 0 0 0 0 0 0 16 26 0 0 
0 0 0 9 0 11 0 0 0 0 0 0 0 0 0 0 28 0 0 0 0 0 0 0 0 20 0 0 29 0 10 14 0 30 0 24 0 7 0 0 0 0 0 2 0 0 0 0 0 0 0 0 0 0 0 0 0 0 5 0 
0 0 0 0 0 0 27 0 0 0 0 0 0 0 0 0 0 0 0 0 0 0 0 0 0 0 0 0 0 0 19 17 0 0 0 0 0 1 0 0 20 0 6 0 21 0 0 0 4 0 0 0 0 0 0 0 0 0 13 0 
0 0 0 0 0 7 0 0 0 0 0 2 0 0 0 0 0 0 0 0 8 12 0 0 0 0 0 5 0 0 22 0 3 0 13 0 0 15 26 0 3 0 0 0 0 1 0 0 0 0 0 17 0 0 0 0 0 7 0 0 
0 0 2 0 0 0 14 0 0 0 0 0 15 0 0 0 0 7 0 16 0 20 0 0 0 0 0 25 21 31 0 0 0 0 2 1 0 0 0 30 0 0 0 0 0 0 0 0 0 0 0 0 0 2 0 0 3 0 0 0 
0 0 0 0 22 0 0 28 0 0 0 0 0 0 22 0 0 0 4 0 14 0 0 0 0 25 0 0 0 26 0 0 0 0 32 0 0 6 0 17 26 0 0 23 19 0 19 0 0 0 10 0 19 27 4 0 0 0 0 0 
0 31 0 0 0 0 0 0 0 0 0 0 11 0 0 17 5 0 0 17 0 0 0 0 0 0 0 0 0 0 0 0 0 0 0 0 0 0 28 25 0 0 0 0 0 0 0 0 0 0 0 0 0 0 0 0 0 0 28 0 
3 20 0 24 0 0 0 0 0 27 0 0 0 0 0 0 0 0 0 0 17 0 0 31 0 0 0 20 0 0 0 0 0 0 21 0 0 11 0 0 0 0 0 0 0 0 0 24 0 0 0 24 0 0 0 32 0 31 0 29 
25 0 0 0 0 0 0 0 29 0 0 0 0 16 0 0 0 0 0 8 0 16 0 0 0 0 0 18 10 17 0 0 28 3 0 0 0 0 0 7 0 0 0 0 0 0 0 0 0 20 0 2 0 0 29 0 0 0 0 0 
0 22 30 0 0 6 23 0 0 0 0 0 0 11 0 0 0 0 13 0 0 0 0 0 0 0 0 0 0 0 0 0 0 0 0 0 2 0 0 10 0 0 0 0 3 0 0 13 0 0 0 0 0 27 0 0 28 0 0 1 
0 0 0 0 5 0 0 0 0 0 0 0 0 0 0 18 0 0 0 0 0 0 0 12 0 22 0 0 0 0 0 0 0 0 5 0 0 0 0 0 0 0 12 0 3 0 0 28 0 0 0 0 0 0 0 0 0 0 0 0 
0 0 0 2 0 0 0 0 0 0 0 0 0 0 12 0 0 0 0 0 0 0 0 0 0 0 3 12 0 3 0 22 0 12 0 0 0 0 0 0 0 0 0 0 0 0 0 23 7 0 0 0 0 0 0 0 0 0 0 0 
15 0 12 2 29 0 0 0 0 0 0 9 0 0 28 0 0 0 0 0 0 0 0 0 0 0 0 0 8 0 0 0 0 0 12 0 0 0 0 0 0 0 0 0 0 1 11 0 19 0 0 0 0 14 0 0 0 0 0 0 
0 20 0 0 0 0 20 0 0 0 0 0 0 17 0 0 0 29 0 30 0 0 8 0 0 13 0 0 0 0 0 0 0 0 9 0 0 0 0 0 0 0 0 7 0 0 0 0 0 0 0 0 0 0 0 0 0 0 0 0 
0 0 0 4 27 0 0 0 0 24 0 0 0 0 2 0 0 0 0 0 0 0 0 0 0 0 0 0 27 0 6 0 0 26 1 0 0 0 0 24 0 0 0 0 0 0 9 0 0 0 0 20 18 0 0 0 0 0 3 12 
2 0 0 0 23 0 0 17 0 0 0 0 0 0 0 0 0 0 0 0 26 23 0 0 0 23 0 11 18 0 0 0 0 0 0 0 0 0 26 0 0 0 0 0 0 0 0 0 16 0 29 0 0 0 0 0 0 0 0 0 
0 11 0 0 0 15 0 0 0 3 0 0 0 0 0 16 0 0 0 0 0 0 0 0 0 0 0 0 0 0 0 27 0 0 0 9 0 5 18 0 0 22 0 0 0 10 0 0 0 0 0 0 0 0 0 0 0 0 0 0 
0 0 0 0 15 0 0 27 0 0 0 0 0 4 0 0 0 0 0 0 0 0 0 2 0 30 0 0 0 0 0 0 10 0 0 0 9 30 0 0 0 0 0 0 0 19 0 0 0 0 0 0 0 0 8 0 0 0 3 0 
0 0 0 0 0 0 28 0 0 0 0 0 28 0 0 0 0 0 0 0 1 0 1 0 0 0 0 0 0 28 0 0 0 0 0 21 0 2 0 0 0 0 0 0 7 0 0 4 0 0 0 0 0 0 0 0 0 0 18 0 
0 0 0 31 0 0 0 0 0 0 0 0 0 0 0 0 0 28 2 0 0 0 0 0 0 0 0 0 0 0 0 0 0 0 0 0 0 3 13 0 0 15 1 26 0 0 0 25 0 0 0 3 0 0 0 0 17 0 0 0 
0 0 13 0 0 5 0 15 0 0 0 0 0 0 0 15 0 0 0 23 7 0 0 0 0 0 0 0 0 0 0 0 22 0 0 27 0 0 0 0 0 7 0 0 0 0 0 0 20 0 0 0 0 15 0 0 0 0 10 6 
30 0 0 0 24 0 0 22 0 0 0 0 0 0 0 17 0 0 24 0 22 30 0 0 11 1 0 0 0 0 0 0 0 0 0 0 0 0 0 0 0 20 0 17 0 0 0 0 0 0 0 0 0 0 0 0 0 0 0 0 
0 0 10 0 20 0 0 0 0 0 27 0 0 10 11 0 23 0 0 0 0 22 0 0 0 0 0 0 0 0 0 0 0 0 0 0 0 4 0 0 28 0 19 0 0 0 0 0 0 0 0 0 0 0 0 0 0 8 30 0 
0 0 0 0 0 0 0 0 9 17 22 0 0 0 0 0 0 22 0 0 0 0 0 0 0 0 2 0 0 11 0 8 0 18 0 0 0 0 0 0 20 0 0 0 0 0 0 29 0 0 0 0 0 3 0 0 0 0 0 0 
5 0 0 11 0 19 0 0 0 0 0 3 0 0 0 14 0 21 0 0 0 29 0 0 0 0 11 0 0 23 0 0 14 0 0 0 0 0 29 0 7 0 0 0 0 0 0 0 0 0 15 0 0 0 0 0 0 0 0 0 
0 27 12 0 0 0 0 16 0 0 0 29 0 0 0 0 0 0 0 0 0 0 6 8 0 0 0 0 0 0 0 0 0 0 0 0 0 0 0 0 0 10 0 0 28 0 0 0 0 0 0 0 0 0 0 0 0 0 20 17 
27 0 0 0 0 0 0 0 5 0 0 0 0 0 0 0 0 0 0 0 0 0 0 0 0 0 0 0 0 0 0 29 0 0 0 0 0 0 0 16 9 0 26 9 0 0 0 0 0 9 20 0 23 0 0 0 0 0 0 0 
0 0 0 9 0 0 0 0 0 0 0 0 0 0 0 0 0 0 27 0 0 0 0 0 0 0 0 12 0 32 24 0 0 0 0 26 5 0 0 0 22 31 0 0 0 0 0 0 0 0 0 0 0 0 0 18 0 0 0 0 
0 0 0 0 0 0 0 0 2 0 0 0 0 4 0 0 0 7 0 0 0 0 0 0 0 0 0 0 0 0 0 0 0 4 0 3 0 0 0 29 0 0 27 0 0 0 0 0 25 0 0 0 0 0 15 0 0 11 0 0 
0 0 0 0 0 0 0 0 0 0 0 11 0 31 0 22 0 25 0 0 0 0 0 0 19 0 0 0 0 0 0 0 0 29 0 0 0 22 0 0 0 23 0 5 0 0 0 16 0 0 0 0 0 0 0 0 0 0 0 4 
0 13 0 0 0 0 0 0 21 0 0 30 16 0 0 0 0 0 0 0 0 0 0 0 0 0 0 0 0 0 11 0 0 24 11 17 0 0 0 0 0 0 33 28 9 0 0 29 0 0 0 17 0 0 0 0 19 0 4 0 
0 0 0 0 0 0 0 0 0 0 0 0 0 0 0 0 0 0 0 0 0 0 0 0 0 0 0 8 11 0 20 0 0 0 0 0 0 0 0 0 0 0 0 2 0 16 30 5 0 0 0 11 0 0 0 0 5 0 0 1 
0 0 15 0 8 0 0 0 8 0 30 0 0 0 0 0 19 0 0 0 0 0 0 18 0 0 0 0 0 0 18 0 0 0 13 0 0 0 0 5 0 0 0 0 0 3 0 0 12 17 22 0 9 0 0 0 6 0 0 0 
0 0 0 0 7 0 0 0 0 2 0 0 12 0 0 0 0 0 0 11 0 0 0 0 0 25 0 0 8 0 0 0 0 0 0 0 0 0 0 0 0 8 0 0 0 0 0 0 0 0 3 24 0 0 0 0 18 0 0 30 
4 0 0 0 0 21 0 0 8 0 0 0 0 0 0 0 0 0 0 0 0 0 0 0 0 0 28 0 23 0 0 0 0 0 0 0 19 0 24 0 0 0 0 29 0 0 0 0 26 0 0 0 0 0 0 0 0 0 19 0 
0 0 0 5 0 0 0 0 0 0 0 0 0 0 0 0 18 0 0 0 0 0 0 0 0 0 0 0 0 0 0 0 15 0 0 7 0 0 0 4 0 0 0 4 0 1 0 0 9 0 0 23 0 0 0 23 0 0 0 11 
0 0 0 14 0 0 0 0 0 0 0 0 15 0 0 0 0 0 0 0 0 0 0 0 0 0 0 0 0 20 0 0 0 0 27 0 0 0 0 19 0 0 0 0 0 0 0 3 2 18 0 24 18 0 28 0 0 27 0 0 
0 0 14 0 0 5 0 0 0 3 0 0 24 0 11 10 0 0 0 0 0 0 5 0 0 12 10 0 27 29 8 0 0 12 0 0 0 0 0 0 0 11 0 0 0 0 0 0 28 0 0 0 14 0 0 0 7 0 0 0 
0 8 0 0 0 0 0 0 0 0 15 1 6 0 0 0 0 0 0 0 15 23 0 0 0 0 0 0 0 0 0 31 0 0 0 0 0 0 0 0 2 0 0 0 24 0 0 0 0 0 0 0 0 0 1 0 0 0 0 0 
26 0 0 0 0 0 0 0 0 0 27 0 0 10 0 0 0 0 3 0 11 28 24 22 0 0 0 0 0 0 0 0 0 0 0 0 0 0 0 0 0 0 0 0 0 30 21 0 0 0 0 0 0 0 0 0 4 0 0 0 
0 0 0 0 0 3 0 0 0 0 0 0 0 0 0 0 1 0 11 0 11 0 0 0 0 0 0 0 5 0 27 0 0 0 0 0 30 0 0 0 0 0 0 3 0 19 0 0 0 10 1 0 0 25 0 0 0 0 0 0 
0 26 13 0 17 0 0 14 0 0 0 0 0 0 25 0 0 0 0 0 0 0 0 0 0 0 0 0 0 0 29 0 0 0 0 1 0 0 0 0 0 25 0 0 0 0 0 0 0 9 0 27 2 0 0 0 8 0 0 24 
0 22 0 0 0 0 0 0 0 0 0 0 0 0 0 0 0 0 9 0 0 0 16 14 0 26 0 0 0 22 0 0 0 0 17 0 1 0 0 0 0 0 0 0 0 0 8 0 16 0 0 0 0 0 28 14 0 0 0 0 
0 0 0 13 0 3 27 0 0 0 0 0 23 0 0 0 0 9 0 0 0 0 0 0 0 0 17 0 0 0 0 0 0 7 0 0 0 0 0 0 0 0 0 0 0 0 0 0 3 0 0 0 0 0 5 0 5 13 0 0 
0 0 0 17 0 0 0 0 0 0 31 0 0 0 0 0 0 0 0 0 0 0 14 0 0 0 0 0 0 30 0 0 11 4 19 20 0 0 0 0 0 0 27 0 27 0 18 0 0 0 30 0 0 0 0 0 0 4 0 0 
0 0 0 0 0 0 0 0 7 0 0 0 0 0 6 25 0 10 0 0 0 0 0 2 0 5 0 22 0 0 0 0 0 0 27 0 21 0 28 17 17 0 0 12 0 0 0 0 0 0 0 0 22 0 21 0 19 0 0 0 
6 0 0 0 0 0 18 0 30 0 0 0 0 0 0 0 0 0 0 0 26 0 0 0 0 5 0 0 0 0 0 27 0 0 0 0 0 0 0 20 0 0 0 0 28 23 0 0 0 0 0 21 0 0 0 0 0 19 0 0 
0 0 0 0 0 0 0 0 0 0 0 0 0 0 0 0 0 0 0 0 0 6 0 0 25 0 0 0 2 0 17 0 0 0 0 0 0 0 0 0 0 5 0 0 0 14 0 16 0 0 0 0 5 0 11 0 0 0 0 4 
0 0 9 13 2 0 0 1 0 19 0 0 0 1 0 0 0 0 0 0 12 0 0 0 0 0 20 0 0 0 0 0 0 0 0 19 0 12 23 0 0 0 28 12 0 0 16 0 0 0 0 0 0 5 28 0 25 0 0 0 
1 0 0 0 0 13 0 0 0 0 11 0 0 1 17 0 0 0 0 0 0 22 0 0 0 7 0 0 0 0 0 0 10 0 0 25 0 13 0 0 0 23 0 0 0 0 0 0 0 0 0 0 27 0 29 0 8 0 30 3 
0 0 0 0 0 0 0 0 0 1 4 0 0 5 0 0 0 0 7 0 0 0 24 0 0 0 0 0 13 15 0 0 0 0 16 0 22 0 6 0 7 0 0 0 0 2 0 0 0 0 0 0 0 0 0 0 0 0 0 0 
0 0 0 29 0 0 0 1 0 0 0 0 0 0 0 0 22 3 0 0 0 0 0 0 0 0 0 0 0 0 5 0 0 0 0 0 0 0 0 0 0 0 0 28 0 0 0 0 0 0 0 0 0 0 0 0 3 0 0 0 
0 0 0 0 0 0 15 0 0 0 0 0 0 0 0 0 0 0 0 0 0 0 23 0 0 0 0 0 0 0 0 0 0 0 6 0 0 7 17 0 0 0 0 0 0 0 0 0 0 19 0 0 0 0 0 15 0 0 0 9 
0 0 0 0 0 0 17 0 0 7 0 0 0 0 28 0 0 0 9 0 0 0 0 0 0 0 0 27 0 0 0 0 0 0 0 0 0 0 18 0 0 0 0 0 0 0 0 4 0 1 0 15 19 0 0 0 0 0 0 0 
0 0 30 0 0 0 0 0 0 2 0 11 0 0 0 0 0 0 1 0 0 0 0 0 0 22 0 0 0 0 0 0 0 0 0 0 0 20 0 0 0 0 0 0 18 0 0 17 0 0 0 0 0 28 1 0 0 0 0 0 
0 22 0 0 0 0 0 0 0 0 0 0 0 0 0 0 0 0 0 0 0 0 0 0 0 0 0 0 0 0 0 0 0 13 0 6 0 0 22 0 0 0 2 0 19 0 0 0 0 0 0 0 6 0 0 0 0 0 0 0 
0 0 0 0 14 7 0 0 0 0 24 0 23 0 0 6 0 0 20 0 0 0 0 0 0 0 0 0 24 26 0 0 0 0 0 0 3 0 0 0 0 0 0 0 0 0 0 0 0 0 0 0 0 0 0 0 0 0 0 0 
0 15 0 9 4 0 0 0 0 0 0 0 26 10 0 0 0 0 0 0 0 0 0 0 0 0 0 0 0 0 0 0 0 0 0 0 0 0 0 0 0 0 0 0 0 0 0 0 0 0 29 0 29 0 16 0 0 0 0 0 
0 0 0 0 0 0 0 0 0 0 0 0 4 0 0 0 0 15 0 0 0 0 11 20 8 24 0 0 0 0 0 0 0 0 18 0 0 0 6 0 29 0 0 0 0 0 0 10 0 0 0 0 0 0 0 0 0 0 0 0 
