60

0 1 1 1 1 1 1 0 1 1 1 1 0 1 1 0 1 1 1 1 1 1 1 1 0 1 1 1 0 1 1 0 1 1 1 1 1 0 1 1 1 0 1 0 1 1 1 0 1 1 1 1 1 1 1 1 1 0 1 1 
1 0 1 0 1 1 1 1 1 1 1 1 1 1 1 1 1 1 0 1 1 0 1 1 1 1 1 1 1 0 1 1 0 1 0 0 1 1 1 1 1 1 0 1 1 1 0 1 1 1 1 1 1 0 1 1 1 1 0 0 
1 1 0 1 1 1 1 1 0 1 1 1 1 1 1 1 1 1 1 1 0 1 1 1 1 0 0 0 1 1 1 1 1 1 1 0 1 0 1 1 1 1 0 0 1 1 0 0 1 1 1 0 1 1 1 1 0 0 0 0 
1 0 1 0 1 1 0 1 1 1 1 0 1 1 1 1 1 1 1 1 1 0 0 1 1 0 0 1 1 0 0 1 1 1 1 1 0 1 1 0 1 1 1 0 1 1 1 1 1 1 0 1 0 1 0 0 1 0 1 1 
1 1 1 1 0 1 1 1 1 1 0 0 1 0 1 1 1 0 1 0 1 1 1 1 1 1 0 1 1 1 1 1 0 0 1 1 0 1 1 1 1 0 0 1 1 1 0 0 1 1 0 0 1 1 0 0 1 1 1 1 
1 1 1 1 1 0 1 1 0 1 1 0 1 1 1 1 1 1 1 1 1 1 1 1 1 1 1 0 1 1 0 1 1 1 1 1 1 0 1 1 0 0 1 0 1 1 1 1 1 1 1 1 1 0 1 1 1 1 1 1 
1 1 1 0 1 1 0 1 1 0 1 1 1 1 1 1 1 0 1 0 0 1 0 1 1 1 1 1 1 1 1 1 0 0 1 1 1 1 1 1 1 1 1 1 1 1 1 1 0 1 1 1 1 1 0 1 1 0 1 1 
0 1 1 1 1 1 1 0 1 1 1 1 1 1 1 1 1 1 1 1 1 1 1 1 1 1 1 1 1 1 0 0 1 1 1 0 1 1 1 1 1 1 1 0 1 1 1 1 1 1 1 1 1 1 1 1 1 1 0 1 
1 1 0 1 1 0 1 1 0 1 1 1 1 1 1 1 1 0 1 1 1 1 1 1 1 1 1 1 1 1 1 1 1 1 1 1 0 1 1 1 1 1 1 1 0 1 0 1 1 1 1 1 1 1 0 1 1 0 1 1 
1 1 1 1 1 1 0 1 1 0 0 1 1 1 1 1 1 1 1 1 1 0 1 1 1 0 1 1 1 1 1 1 1 1 1 1 1 1 1 1 1 1 0 1 0 1 1 1 1 1 1 0 1 1 1 1 1 1 1 1 
1 1 1 1 0 1 1 1 1 0 0 0 0 1 1 1 1 0 1 1 1 0 1 1 0 1 1 1 1 1 1 1 1 1 1 1 1 1 0 1 1 1 0 1 0 0 0 1 1 1 1 1 1 1 1 1 1 1 1 1 
1 1 1 0 0 0 1 1 1 1 0 0 1 1 0 0 1 0 1 1 1 1 1 1 0 1 1 1 1 1 1 1 1 1 1 0 1 1 1 1 1 1 1 0 0 1 1 0 1 1 0 1 0 1 1 1 1 1 1 1 
0 1 1 1 1 1 1 1 1 1 0 1 0 1 1 1 1 1 1 0 0 1 1 1 0 1 1 1 1 1 1 1 1 1 1 0 0 1 1 1 0 1 1 0 1 1 1 1 1 1 0 1 1 1 1 0 0 1 1 1 
1 1 1 1 0 1 1 1 1 1 1 1 1 0 1 1 1 0 1 1 1 1 1 1 1 1 1 0 1 1 1 1 1 1 0 1 0 0 1 1 0 0 1 1 1 1 1 1 1 0 0 1 1 1 0 1 0 1 1 1 
1 1 1 1 1 1 1 1 1 1 1 0 1 1 0 1 0 1 1 1 1 0 1 1 1 1 1 1 1 1 1 1 1 1 1 1 1 1 0 1 0 1 1 1 1 0 1 1 1 1 0 1 1 1 1 1 1 1 1 1 
0 1 1 1 1 1 1 1 1 1 1 0 1 1 1 0 0 1 1 1 0 1 0 0 1 1 1 1 1 1 1 0 0 1 0 1 1 1 1 1 1 1 1 1 1 1 1 0 1 1 1 1 0 1 1 0 0 1 1 1 
1 1 1 1 1 1 1 1 1 1 1 1 1 1 0 0 0 1 1 1 1 1 1 1 1 1 1 1 1 1 1 1 1 1 1 1 1 1 1 1 1 1 1 1 1 1 1 1 1 1 1 1 1 1 1 0 0 1 1 1 
1 1 1 1 0 1 0 1 0 1 0 0 1 0 1 1 1 0 0 1 1 1 1 1 1 1 1 1 1 1 1 1 0 1 1 1 0 1 0 1 1 1 1 1 1 1 1 0 1 1 1 1 1 0 0 1 1 1 1 1 
1 0 1 1 1 1 1 1 1 1 1 1 1 1 1 1 1 0 0 0 1 1 1 1 1 1 1 1 1 1 0 1 1 1 0 1 1 0 1 1 0 1 0 1 1 1 1 1 1 1 0 1 1 1 1 1 1 1 1 0 
1 1 1 1 0 1 0 1 1 1 1 1 0 1 1 1 1 1 0 0 0 0 1 0 1 1 1 1 1 1 1 1 0 1 1 0 1 1 1 1 1 0 0 1 1 1 1 1 0 0 1 1 1 1 1 0 1 1 1 1 
1 1 0 1 1 1 0 1 1 1 1 1 0 1 1 0 1 1 1 0 0 1 1 1 1 0 0 1 1 1 1 1 1 0 0 1 1 1 1 1 1 1 1 1 0 1 1 1 1 1 1 1 1 1 0 1 1 1 1 0 
1 0 1 0 1 1 1 1 1 0 0 1 1 1 0 1 1 1 1 0 1 0 1 1 1 1 1 1 1 1 1 1 1 1 0 1 1 1 1 1 0 1 1 0 1 1 1 0 0 0 1 1 0 1 1 1 0 1 1 0 
1 1 1 0 1 1 0 1 1 1 1 1 1 1 1 0 1 1 1 1 1 1 0 0 1 0 1 1 1 1 0 1 0 1 0 0 1 1 1 1 1 1 0 0 0 1 1 1 1 0 1 1 1 0 1 1 0 1 1 1 
1 1 1 1 1 1 1 1 1 1 1 1 1 1 1 0 1 1 1 0 1 1 0 0 1 1 0 0 0 1 1 1 1 1 1 1 1 1 1 1 1 1 1 0 1 1 1 0 1 1 1 1 1 0 1 1 1 1 1 1 
0 1 1 1 1 1 1 1 1 1 0 0 0 1 1 1 1 1 1 1 1 1 1 1 0 1 1 1 1 0 1 1 1 0 1 1 1 1 1 1 1 0 1 1 1 1 0 1 0 1 1 1 1 0 1 1 0 0 1 1 
1 1 0 0 1 1 1 1 1 0 1 1 1 1 1 1 1 1 1 1 0 1 0 1 1 0 1 1 1 1 0 0 1 1 0 0 1 1 1 1 1 1 0 1 1 0 0 1 1 1 1 0 1 1 1 1 1 1 1 1 
1 1 0 0 0 1 1 1 1 1 1 1 1 1 1 1 1 1 1 1 0 1 1 0 1 1 0 0 1 0 0 1 1 0 1 1 1 1 1 1 1 1 1 1 1 1 1 1 1 1 1 1 1 1 1 1 1 1 1 1 
1 1 0 1 1 0 1 1 1 1 1 1 1 0 1 1 1 1 1 1 1 1 1 0 1 1 0 0 1 1 1 1 1 1 1 0 1 1 0 0 1 1 1 1 1 1 1 1 1 1 1 1 1 1 1 1 1 1 1 0 
0 1 1 1 1 1 1 1 1 1 1 1 1 1 1 1 1 1 1 1 1 1 1 0 1 1 1 1 0 0 0 0 1 1 1 1 1 0 1 1 0 0 1 1 1 0 1 1 1 1 1 1 1 1 1 0 1 1 1 1 
1 0 1 0 1 1 1 1 1 1 1 1 1 1 1 1 1 1 1 1 1 1 1 1 0 1 0 1 0 0 1 1 1 0 1 0 1 1 1 0 1 1 1 1 1 1 1 1 1 1 1 1 1 0 1 1 1 1 0 1 
1 1 1 0 1 0 1 0 1 1 1 1 1 1 1 1 1 1 0 1 1 1 0 1 1 0 0 1 0 1 0 0 1 0 1 0 1 1 1 1 1 1 1 1 1 1 1 0 1 1 1 1 1 1 1 1 0 0 1 1 
0 1 1 1 1 1 1 0 1 1 1 1 1 1 1 0 1 1 1 1 1 1 1 1 1 0 1 1 0 1 0 0 1 0 1 1 1 0 1 1 1 1 1 1 1 1 1 1 1 1 1 1 0 1 1 1 1 1 1 1 
1 0 1 1 0 1 0 1 1 1 1 1 1 1 1 0 1 0 1 0 1 1 0 1 1 1 1 1 1 1 1 1 0 1 1 1 1 1 1 1 0 1 1 0 1 0 1 1 1 1 1 1 1 1 1 1 1 1 1 1 
1 1 1 1 0 1 0 1 1 1 1 1 1 1 1 1 1 1 1 1 0 1 1 1 0 1 0 1 1 0 0 0 1 0 1 0 1 1 1 1 1 0 1 1 0 1 0 1 1 0 1 0 0 0 1 0 0 1 1 1 
1 0 1 1 1 1 1 1 1 1 1 1 1 0 1 0 1 1 0 1 0 0 0 1 1 0 1 1 1 1 1 1 1 1 0 0 1 0 1 0 1 1 1 1 1 1 0 0 0 1 1 1 1 1 1 0 1 1 0 1 
1 0 0 1 1 1 1 0 1 1 1 0 0 1 1 1 1 1 1 0 1 1 0 1 1 0 1 0 1 0 0 1 1 0 0 0 1 1 1 1 1 1 1 1 1 1 0 0 0 1 1 1 1 1 0 1 0 1 1 1 
1 1 1 0 0 1 1 1 0 1 1 1 0 0 1 1 1 0 1 1 1 1 1 1 1 1 1 1 1 1 1 1 1 1 1 1 0 1 1 0 0 1 1 1 1 1 1 1 1 1 1 1 0 1 1 1 1 1 0 1 
0 1 0 1 1 0 1 1 1 1 1 1 1 0 1 1 1 1 0 1 1 1 1 1 1 1 1 1 0 1 1 0 1 1 0 1 1 0 1 1 1 1 1 1 1 1 0 1 1 1 1 1 1 1 1 1 1 1 1 1 
1 1 1 1 1 1 1 1 1 1 0 1 1 1 0 1 1 0 1 1 1 1 1 1 1 1 1 0 1 1 1 1 1 1 1 1 1 1 0 1 0 0 0 1 0 1 1 1 1 1 1 1 1 1 1 1 1 1 1 1 
1 1 1 0 1 1 1 1 1 1 1 1 1 1 1 1 1 1 1 1 1 1 1 1 1 1 1 0 1 0 1 1 1 1 0 1 0 1 1 0 1 1 0 1 1 1 1 1 1 1 1 1 1 1 1 0 1 0 1 1 
1 1 1 1 1 0 1 1 1 1 1 1 0 0 0 1 1 1 0 1 1 0 1 1 1 1 1 1 0 1 1 1 0 1 1 1 0 1 0 1 0 0 1 1 0 1 1 1 1 1 1 1 1 1 0 1 1 1 0 1 
0 1 1 1 0 0 1 1 1 1 1 1 1 0 1 1 1 1 1 0 1 1 1 1 0 1 1 1 0 1 1 1 1 0 1 1 1 1 0 1 0 0 0 1 0 1 1 1 1 1 1 0 1 0 1 1 1 1 1 1 
1 0 0 1 0 1 1 1 1 0 0 1 1 1 1 1 1 1 0 0 1 1 0 1 1 0 1 1 1 1 1 1 1 1 1 1 1 1 0 0 1 0 0 1 0 1 1 1 1 1 1 1 1 1 1 1 1 1 0 1 
0 1 0 0 1 0 1 0 1 1 1 0 0 1 1 1 1 1 1 1 1 0 0 0 1 1 1 1 1 1 1 1 0 1 1 1 1 1 1 1 1 1 1 0 1 1 1 1 0 1 1 1 1 1 0 1 1 0 1 1 
1 1 1 1 1 1 1 1 0 0 0 0 1 1 1 1 1 1 1 1 0 1 0 1 1 1 1 1 1 1 1 1 1 0 1 1 1 1 0 1 0 0 0 1 0 1 1 1 1 1 1 1 1 1 1 1 0 1 0 1 
1 1 1 1 1 1 1 1 1 1 0 1 1 1 0 1 1 1 1 1 1 1 1 1 1 0 1 1 0 1 1 1 0 1 1 1 1 1 1 1 1 1 1 1 1 0 1 1 1 1 1 0 0 1 1 0 1 0 1 1 
1 0 0 1 0 1 1 1 0 1 0 1 1 1 1 1 1 1 1 1 1 1 1 1 0 0 1 1 1 1 1 1 1 0 0 0 1 0 1 1 1 1 1 1 1 1 0 1 1 1 1 1 0 0 1 1 0 1 0 1 
0 1 0 1 0 1 1 1 1 1 1 0 1 1 1 0 1 0 1 1 1 0 1 0 1 1 1 1 1 1 0 1 1 1 0 0 1 1 1 1 1 1 1 1 1 1 1 0 1 1 1 1 1 1 0 1 1 1 1 1 
1 1 1 1 1 1 0 1 1 1 1 1 1 1 1 1 1 1 1 0 1 0 1 1 0 1 1 1 1 1 1 1 1 1 0 0 1 1 1 1 1 1 1 0 1 1 1 1 0 1 0 0 1 1 1 1 1 1 0 1 
1 1 1 1 1 1 1 1 1 1 1 1 1 0 1 1 1 1 1 0 1 0 0 1 1 1 1 1 1 1 1 1 1 0 1 1 1 1 1 1 1 1 1 1 1 1 1 1 1 0 0 1 1 1 0 1 1 0 0 1 
1 1 1 0 0 1 1 1 1 1 1 0 0 0 0 1 1 1 0 1 1 1 1 1 1 1 1 1 1 1 1 1 1 1 1 1 1 1 1 1 1 1 1 1 1 1 1 1 0 0 0 1 1 1 1 1 1 1 1 1 
1 1 0 1 0 1 1 1 1 0 1 1 1 1 1 1 1 1 1 1 1 1 1 1 1 0 1 1 1 1 1 1 1 0 1 1 1 1 1 1 1 0 1 1 1 0 1 1 0 1 1 0 1 1 1 1 1 1 1 1 
1 1 1 0 1 1 1 1 1 1 1 0 1 1 1 0 1 1 1 1 1 0 1 1 1 1 1 1 1 1 1 0 1 0 1 1 0 1 1 1 1 1 1 1 1 0 0 1 1 1 1 1 0 1 1 1 1 1 1 1 
1 0 1 1 1 0 1 1 1 1 1 1 1 1 1 1 1 0 1 1 1 1 0 0 0 1 1 1 1 0 1 1 1 0 1 1 1 1 1 1 1 0 1 1 1 1 0 1 1 1 1 1 1 0 1 1 1 1 0 1 
1 1 1 0 0 1 0 1 0 1 1 1 1 0 1 1 1 0 1 1 0 1 1 1 1 1 1 1 1 1 1 1 1 1 1 0 1 1 1 1 0 1 1 0 1 1 1 0 1 0 1 1 1 1 0 1 0 1 1 1 
1 1 1 0 0 1 1 1 1 1 1 1 0 1 1 0 0 1 1 0 1 1 1 1 1 1 1 1 0 1 1 1 1 0 0 1 1 1 1 0 1 1 1 1 1 0 1 1 1 1 1 1 1 1 1 0 1 1 1 1 
1 1 0 1 1 1 1 1 1 1 1 1 0 0 1 0 0 1 1 1 1 0 0 1 0 1 1 1 1 1 0 1 1 0 1 0 1 1 1 1 1 1 1 1 0 1 0 1 1 1 1 1 1 1 0 1 0 1 1 1 
0 1 0 0 1 1 0 1 0 1 1 1 1 1 1 1 1 1 1 1 1 1 1 1 0 1 1 1 1 1 0 1 1 1 1 1 1 1 1 0 1 1 1 0 1 0 1 1 1 0 1 1 1 1 1 1 1 0 1 0 
1 0 0 1 1 1 1 0 1 1 1 1 1 1 1 1 1 1 1 1 1 1 1 1 1 1 1 1 1 0 1 1 1 1 0 1 0 1 1 1 0 1 0 1 0 1 0 1 0 0 1 1 1 0 1 1 1 1 0 0 
1 0 0 1 1 1 1 1 1 1 1 1 1 1 1 1 1 1 0 1 0 0 1 1 1 1 1 0 1 1 1 1 1 1 1 1 1 1 1 1 1 1 1 1 1 1 1 1 1 1 1 1 1 1 1 1 1 0 0 0 

0 15 0 0 0 0 0 15 0 7 0 15 20 0 27 0 0 0 0 0 4 0 0 0 0 23 0 0 0 0 12 19 0 0 0 0 0 0 0 0 22 0 11 28 13 0 0 0 0 0 0 0 0 0 0 0 0 1 0 0 
0 0 4 0 0 0 23 0 0 3 0 14 15 0 0 0 26 0 20 1 0 0 0 22 0 0 0 0 0 0 0 26 0 0 0 0 0 0 0 0 0 0 23 4 0 0 0 17 0 27 0 0 0 14 3 0 27 0 0 0 
0 0 0 0 0 0 0 0 0 21 0 0 0 27 0 0 0 0 0 14 0 0 0 27 0 0 0 0 2 0 0 0 0 0 5 0 0 0 0 23 0 0 0 0 5 0 0 0 0 0 13 0 0 0 0 19 23 0 0 0 
0 0 0 0 10 0 0 0 13 0 0 0 0 0 0 0 27 0 0 0 16 0 0 0 0 6 0 0 0 0 0 23 0 0 0 0 0 0 0 13 0 0 0 0 0 0 15 0 2 0 0 0 10 0 10 0 0 0 19 0 
0 24 0 0 0 0 0 7 0 10 0 0 6 0 0 0 0 0 0 0 0 0 0 0 0 0 0 0 0 0 0 0 0 0 0 0 21 0 0 0 0 0 0 0 0 0 0 0 0 18 0 0 0 0 30 19 0 0 10 0 
0 0 0 0 0 0 0 3 0 15 0 0 0 0 0 0 3 0 0 0 0 21 0 0 0 0 0 0 0 5 0 15 0 0 0 0 0 0 0 0 0 7 13 11 1 3 26 0 0 0 4 0 0 0 0 0 0 0 0 0 
0 0 0 0 0 0 0 0 0 0 14 0 0 0 25 5 0 0 0 0 0 0 0 19 0 0 0 3 0 0 0 0 2 7 0 21 0 17 0 0 10 2 0 0 14 0 0 10 20 0 0 0 0 0 0 0 4 0 0 22 
0 25 4 0 0 0 5 0 0 0 0 0 0 0 0 3 0 0 0 0 9 0 0 0 0 0 0 0 0 0 15 26 0 0 0 0 0 0 0 0 2 0 22 0 0 0 0 0 0 7 0 12 0 0 19 0 0 0 7 0 
0 0 0 0 0 0 0 0 0 19 0 0 0 0 0 19 0 0 0 0 15 0 17 0 17 0 0 24 1 0 0 0 0 0 0 0 0 0 0 0 0 0 0 0 0 0 25 12 14 0 0 0 0 0 0 0 0 0 23 0 
0 13 0 0 0 0 0 13 0 0 0 0 0 0 24 0 0 0 0 0 0 0 0 1 0 0 0 0 0 0 0 22 0 0 1 0 24 0 0 0 0 0 0 0 0 18 0 0 0 0 0 0 0 0 0 10 0 0 0 0 
0 0 6 0 0 9 0 0 0 0 0 0 0 0 1 0 6 0 0 0 0 0 20 0 27 1 0 7 0 0 9 0 11 0 0 0 0 0 0 10 0 0 0 0 0 0 0 0 0 0 0 0 19 0 0 11 6 0 0 15 
0 0 18 0 0 0 0 17 0 0 0 0 26 21 0 0 18 8 0 0 26 0 0 0 0 21 0 10 0 0 0 0 0 1 3 0 0 0 0 7 0 27 2 0 0 0 0 20 0 0 0 0 0 3 0 0 0 6 0 0 
0 8 0 8 0 0 0 0 0 0 5 0 0 0 19 19 0 16 0 0 0 0 0 0 11 0 20 0 23 0 2 0 0 24 0 0 6 16 17 10 0 0 0 0 0 15 0 0 0 1 7 0 0 0 0 0 0 0 0 0 
0 0 6 0 0 0 1 19 0 26 0 0 0 0 0 26 0 0 0 0 0 0 0 0 0 0 0 0 0 0 0 0 19 0 0 0 0 0 17 0 0 24 0 21 0 0 0 0 4 0 0 0 0 0 0 0 0 0 0 0 
0 0 21 0 0 0 0 0 24 0 23 0 0 0 0 0 0 0 0 0 5 0 0 0 0 0 0 0 0 13 0 0 0 26 2 0 0 27 0 7 0 0 0 22 0 17 10 23 0 0 0 0 0 0 0 0 0 0 0 0 
0 23 0 0 0 0 0 0 23 0 0 0 0 0 0 0 0 0 0 0 0 0 0 12 0 0 16 15 0 0 1 17 0 0 18 20 0 0 0 0 0 0 0 0 0 0 0 4 0 0 0 0 13 0 0 0 0 0 0 0 
0 0 17 0 0 0 0 0 0 0 0 0 9 0 0 0 0 0 12 0 0 0 0 0 0 0 7 0 22 0 0 0 0 23 0 0 0 0 0 0 0 0 0 0 0 0 0 0 0 0 0 0 0 2 0 0 0 12 0 0 
6 0 18 0 28 0 0 0 23 0 0 0 14 0 13 0 0 0 0 0 9 12 1 0 9 8 27 0 0 0 0 18 0 0 28 0 0 0 0 0 0 16 0 24 11 0 0 0 0 0 0 0 0 0 0 0 0 0 0 0 
0 0 20 3 17 0 0 13 11 0 0 0 0 0 0 0 0 0 0 0 0 0 0 0 11 26 0 1 0 0 4 7 0 0 0 17 0 0 4 0 0 0 0 0 0 0 17 0 0 0 0 0 0 0 0 0 0 0 0 0 
18 0 18 0 5 15 0 0 0 0 0 17 0 0 0 0 20 0 9 0 8 0 0 0 0 4 0 0 8 0 9 0 0 0 7 0 0 4 11 0 14 0 0 20 25 0 0 0 21 0 0 11 0 0 1 0 0 0 0 0 
0 2 0 0 0 7 23 0 0 0 0 0 0 0 0 0 23 0 25 0 0 0 0 0 8 9 0 0 0 0 1 23 0 17 0 0 0 0 0 0 0 0 1 0 0 0 0 2 0 0 21 0 24 0 0 0 0 0 19 0 
0 0 0 0 0 0 0 18 6 0 13 0 0 0 0 0 2 0 0 0 0 0 27 9 0 23 7 0 0 0 0 23 18 0 0 0 0 0 0 0 0 0 0 0 0 0 0 0 0 27 0 0 0 0 0 17 8 0 0 8 
0 3 0 0 0 0 22 24 0 0 15 0 0 25 0 0 0 0 0 0 24 2 0 0 0 24 16 0 0 7 0 23 0 0 0 8 0 0 0 0 27 0 0 0 0 0 23 0 0 0 0 27 0 0 0 0 0 0 0 0 
0 2 0 0 0 3 0 3 0 0 0 0 0 26 0 0 0 2 0 0 0 0 0 0 0 0 3 0 0 0 0 0 0 18 0 0 0 0 0 0 0 14 0 0 0 0 0 0 25 17 0 0 20 0 0 0 0 0 0 24 
25 0 0 0 0 0 0 17 0 0 0 0 0 0 0 17 0 0 0 3 0 19 2 0 0 0 0 0 0 0 16 0 0 0 12 0 0 0 9 0 0 0 22 0 0 0 0 0 0 0 0 0 0 0 0 25 0 0 0 0 
0 0 0 3 0 6 16 0 0 0 0 0 0 0 0 0 0 0 0 0 0 0 0 0 0 0 16 0 0 0 0 0 0 2 0 0 7 9 0 0 0 0 0 0 0 0 0 0 27 0 0 0 5 16 2 0 0 0 0 0 
0 0 21 0 0 0 0 0 0 0 0 0 22 0 0 0 0 21 0 0 0 24 0 0 0 0 0 15 0 0 0 0 8 0 0 0 0 0 0 0 23 0 0 0 0 13 13 0 2 0 0 0 0 0 0 0 0 0 22 0 
0 0 0 9 0 8 0 4 0 0 0 0 0 0 0 0 0 0 1 0 9 20 21 7 0 0 0 0 0 0 0 0 0 0 0 26 6 0 20 0 0 0 0 0 0 0 0 21 4 0 7 0 22 0 0 0 0 16 0 0 
2 9 14 0 0 0 0 0 0 26 0 0 0 0 13 0 0 0 0 7 0 0 0 0 6 0 0 27 0 8 0 0 0 0 0 0 0 0 0 0 0 0 17 7 0 13 0 0 0 0 0 0 26 0 0 0 22 0 9 0 
22 0 0 0 0 0 0 0 0 0 0 0 5 0 0 0 19 0 0 0 0 0 0 13 6 5 0 22 7 0 0 25 16 0 0 21 0 0 0 0 0 0 0 0 0 0 14 0 0 0 0 0 0 0 7 0 8 0 0 0 
0 0 0 0 0 0 12 0 0 0 0 22 0 0 0 8 26 16 0 0 0 0 0 0 0 0 22 0 0 0 0 0 0 0 9 0 27 0 0 0 0 0 0 19 0 0 24 0 0 0 0 0 0 0 0 0 0 21 0 0 
0 0 0 0 0 0 0 0 0 0 24 0 0 0 0 2 0 0 0 0 19 0 0 0 0 1 0 0 4 0 27 0 0 0 8 0 0 0 11 0 10 0 0 0 0 22 0 0 0 0 7 0 13 25 27 19 0 26 0 0 
0 0 0 0 0 2 0 0 0 0 17 13 0 15 0 0 26 0 21 0 0 0 0 8 0 0 0 0 0 0 0 0 0 0 0 8 0 0 0 0 1 0 0 0 0 0 0 0 0 0 16 21 0 0 27 0 23 6 0 0 
0 0 0 15 16 0 19 0 0 0 0 21 0 16 0 0 0 0 12 17 0 0 0 0 0 0 4 0 13 0 0 0 0 0 0 9 0 0 0 0 5 0 0 0 0 0 27 0 0 0 0 0 0 0 0 0 24 0 0 17 
0 0 0 0 0 0 21 0 0 0 0 0 0 0 0 0 0 5 0 0 0 0 0 0 0 0 0 0 0 0 0 12 0 25 0 0 0 0 0 0 25 0 6 0 0 0 0 19 0 0 0 0 0 0 0 0 0 0 0 0 
0 0 0 0 0 0 0 0 0 0 0 0 0 0 0 0 0 0 0 0 0 0 0 9 0 0 0 25 0 0 0 0 0 0 0 0 0 0 0 0 0 0 0 0 0 0 4 0 23 0 0 0 0 0 15 0 0 0 0 0 
0 0 0 0 0 0 20 0 0 0 20 15 0 0 0 0 0 2 0 0 0 0 0 24 0 0 0 0 0 10 17 0 17 0 0 0 0 0 0 10 15 0 0 0 0 0 4 0 0 0 0 20 0 4 0 0 0 0 0 0 
0 9 0 0 0 0 0 0 0 12 0 0 17 0 0 15 0 0 0 14 0 0 0 0 0 19 0 6 0 0 0 0 19 0 0 0 0 0 27 0 0 0 27 0 26 0 0 0 0 0 0 0 25 23 0 0 0 0 0 0 
15 26 0 14 0 0 0 0 0 6 0 0 0 25 0 0 21 0 0 0 0 0 0 0 0 0 25 0 0 0 0 0 0 17 6 0 0 0 0 0 0 21 0 0 0 0 0 7 0 4 0 0 0 0 0 0 0 0 0 0 
0 26 0 0 0 0 0 0 0 4 0 0 0 24 0 0 0 0 0 0 0 0 0 0 0 0 0 23 0 0 0 0 13 0 0 0 0 0 0 0 0 0 0 0 0 0 0 0 0 0 0 0 7 17 0 0 0 0 26 0 
0 0 0 0 27 0 0 0 12 0 0 0 0 0 0 7 0 0 0 0 0 0 0 0 0 0 0 0 0 0 0 0 9 0 0 0 0 0 0 0 0 0 12 0 0 7 0 0 0 0 0 0 6 0 0 19 0 0 24 0 
0 0 0 16 0 26 0 0 0 0 0 0 0 0 0 0 16 0 0 0 0 0 0 0 0 0 0 0 10 18 23 0 0 0 0 0 0 0 0 0 0 0 4 24 0 0 0 7 0 15 0 0 0 0 0 0 0 0 0 0 
24 0 0 0 0 10 0 0 0 1 0 0 0 0 0 0 0 8 0 0 0 13 0 0 0 2 0 0 1 17 13 6 0 22 0 0 0 0 21 0 0 9 0 0 0 0 0 9 0 0 0 24 0 0 0 0 0 0 0 0 
0 16 0 8 0 0 0 0 0 0 6 0 0 26 0 4 0 0 0 0 0 20 0 16 0 0 0 0 0 0 12 0 0 0 0 16 0 0 0 0 0 0 0 0 0 0 0 0 0 0 0 18 7 0 0 0 0 6 0 0 
0 0 6 0 0 0 0 0 0 13 0 0 0 25 0 0 0 17 0 0 0 0 0 0 22 0 0 0 0 0 0 0 0 0 18 0 2 0 0 0 0 0 0 0 0 21 0 26 22 0 0 0 10 0 0 0 0 20 0 0 
0 0 0 0 0 11 0 16 0 18 0 0 0 0 0 0 0 0 0 0 0 0 0 0 0 0 0 0 0 24 0 0 0 0 0 27 0 0 0 18 0 0 0 0 0 0 23 10 0 0 8 27 0 14 0 0 0 0 0 0 
0 0 0 9 0 4 0 0 0 0 0 0 25 0 0 0 0 0 0 0 0 0 7 0 0 0 0 0 0 0 0 0 0 0 0 17 0 0 0 0 0 0 5 0 0 0 0 0 0 0 0 25 0 0 0 5 0 3 0 3 
0 0 0 0 0 0 0 0 0 0 0 0 19 0 0 26 0 0 0 0 0 0 0 0 0 0 0 11 0 0 0 0 0 0 0 0 0 0 0 0 0 0 0 0 20 17 0 0 0 0 0 0 14 0 0 9 0 0 0 12 
0 17 0 0 19 0 0 0 0 0 9 0 0 0 11 0 0 14 0 0 0 0 0 0 0 0 0 21 0 0 8 0 0 0 0 0 11 0 0 0 0 0 0 0 0 0 0 0 0 6 0 0 0 0 0 0 0 0 0 0 
0 0 0 1 0 0 0 0 0 0 0 0 0 0 13 0 0 3 0 0 0 0 0 0 0 4 0 0 0 8 0 0 0 0 0 0 0 0 0 0 0 0 0 0 0 0 0 0 16 0 0 5 0 0 22 26 0 0 0 0 
0 0 8 1 0 0 0 26 0 0 0 0 0 0 0 0 0 0 6 0 3 0 0 0 5 0 24 9 0 0 0 8 0 0 8 0 0 21 0 24 0 0 0 0 12 0 0 0 9 0 0 4 0 0 0 27 0 21 19 0 
0 0 4 0 19 0 0 0 8 23 0 0 19 0 12 0 0 0 0 2 13 0 0 0 0 0 0 0 0 0 0 25 27 0 0 0 0 0 0 0 0 0 0 0 1 0 0 0 0 0 0 0 0 0 0 0 0 0 0 0 
0 0 0 0 0 0 0 0 10 0 0 0 0 0 0 0 27 0 0 0 0 0 0 0 23 16 7 0 28 0 25 0 0 0 0 0 0 0 0 1 0 0 0 0 0 0 0 0 17 0 0 0 0 6 0 0 0 0 0 0 
0 0 20 12 0 0 0 0 0 0 0 0 0 0 0 0 0 0 0 1 0 0 20 15 20 9 24 0 0 0 0 19 5 0 0 0 0 0 0 0 0 16 0 1 0 0 0 0 0 0 0 0 0 0 25 0 0 0 21 0 
0 0 0 0 0 0 0 0 4 18 0 0 0 0 11 0 0 0 0 0 0 0 0 0 24 0 0 0 15 0 0 21 4 0 0 0 22 0 0 0 0 0 0 0 0 0 0 7 0 0 0 0 0 19 0 0 0 0 0 0 
0 0 0 0 0 0 14 0 0 0 0 0 0 0 16 0 0 0 0 0 0 0 0 0 0 0 0 0 0 0 0 0 0 0 0 0 0 0 0 0 3 0 0 0 0 21 0 0 0 0 1 0 0 0 0 0 0 20 0 0 
0 0 0 0 0 24 0 20 3 22 0 0 0 0 0 0 0 13 0 0 0 0 0 0 0 0 1 0 0 0 0 0 0 14 24 4 0 0 9 0 0 0 0 0 0 0 0 20 0 9 5 0 18 0 0 0 0 26 0 0 
0 0 24 0 11 0 0 6 0 0 0 0 15 13 21 0 0 3 0 0 16 0 0 0 0 0 0 0 0 5 0 0 0 10 0 0 18 8 0 24 22 10 0 0 0 5 17 0 0 0 0 0 0 0 0 0 0 0 6 0 
0 0 0 0 0 0 0 2 0 0 0 0 0 0 0 0 0 0 0 0 0 0 28 20 0 0 0 0 0 0 0 21 0 0 0 0 0 0 0 0 22 0 21 0 0 0 0 21 12 0 1 0 0 0 25 28 0 0 0 0 
0 23 0 8 0 0 0 6 0 0 0 0 0 0 0 0 0 0 18 0 0 0 9 0 24 0 0 0 0 0 0 0 0 5 0 0 0 0 0 0 0 0 0 0 0 0 17 0 2 9 10 0 0 0 0 0 0 0 0 0 
