60

0 1 0 0 0 0 0 1 1 1 0 1 0 0 1 0 0 1 0 0 0 0 1 0 0 0 0 0 0 1 0 0 1 0 0 0 0 0 0 0 0 0 1 0 1 0 1 0 0 0 0 1 1 0 0 0 0 0 1 0 
1 0 0 0 1 1 1 0 0 0 0 1 0 0 1 0 0 0 0 0 1 0 0 0 0 0 0 0 0 1 0 1 0 1 0 0 0 1 0 0 0 1 1 0 0 1 0 0 1 0 0 0 0 1 0 1 1 0 0 0 
0 0 0 0 0 0 0 1 0 0 0 0 1 0 0 0 0 0 0 0 0 1 0 0 1 0 0 0 0 0 0 0 1 0 0 0 0 0 0 1 0 0 0 0 0 0 1 1 0 0 0 0 0 0 0 0 0 0 0 0 
0 0 0 0 0 1 0 0 0 0 0 1 0 0 0 0 0 0 0 1 0 1 0 0 1 0 1 1 1 0 1 0 1 0 1 0 0 1 1 0 0 0 0 0 1 0 0 0 0 0 0 1 0 0 0 0 0 0 0 1 
0 1 0 0 0 0 0 1 0 0 0 1 1 0 1 1 0 0 0 1 0 1 0 0 0 0 0 1 0 0 1 0 0 0 0 0 0 0 0 0 0 1 0 1 0 0 0 1 0 0 0 0 1 0 0 0 0 0 1 1 
0 1 0 1 0 0 0 0 1 1 0 0 0 1 1 0 0 0 0 0 0 1 1 1 0 0 0 0 1 0 0 0 0 0 0 0 0 0 1 0 1 0 0 0 0 0 1 0 0 0 0 0 0 0 0 0 0 0 0 0 
0 1 0 0 0 0 0 0 0 1 0 0 1 0 0 0 0 1 0 0 0 0 0 0 0 0 0 0 0 0 0 0 0 0 1 0 1 0 0 0 0 0 1 0 1 0 0 0 1 0 0 1 0 0 0 0 0 0 0 0 
1 0 1 0 1 0 0 0 0 0 0 0 0 0 0 1 0 0 0 0 0 0 0 0 0 0 1 0 1 0 0 0 0 0 0 0 0 1 0 0 0 0 0 1 0 0 0 0 1 0 0 0 1 0 0 1 0 0 0 0 
1 0 0 0 0 1 0 0 0 0 0 0 0 0 1 1 0 0 0 1 0 0 0 1 0 0 0 0 0 1 0 0 1 0 1 0 0 0 0 1 1 0 0 0 1 0 0 0 0 0 0 0 0 0 0 0 0 0 1 0 
1 0 0 0 0 1 1 0 0 0 0 1 0 1 1 0 0 0 0 1 1 0 0 0 0 1 1 0 0 0 1 0 0 0 0 0 1 1 1 0 0 0 1 0 0 0 1 0 0 0 1 0 0 0 0 0 0 0 0 0 
0 0 0 0 0 0 0 0 0 0 0 0 0 0 0 0 0 0 0 0 0 0 1 0 0 0 1 0 0 1 0 0 0 0 0 0 0 0 0 0 0 0 0 0 0 1 0 0 0 0 0 0 0 0 0 0 0 0 0 0 
1 1 0 1 1 0 0 0 0 1 0 0 0 0 0 0 0 0 0 0 0 0 0 0 0 0 0 1 0 0 1 0 1 0 0 0 1 1 0 0 1 1 0 0 0 1 0 0 0 0 0 0 1 0 0 0 0 1 0 0 
0 0 1 0 1 0 1 0 0 0 0 0 0 0 1 0 0 1 0 0 1 1 0 0 0 1 0 0 0 0 1 1 0 0 0 0 0 0 0 0 0 0 0 0 1 0 0 0 1 0 1 0 0 0 0 0 0 0 0 0 
0 0 0 0 0 1 0 0 0 1 0 0 0 0 0 0 0 0 0 0 0 0 0 0 0 0 0 0 0 0 1 0 0 1 1 1 1 0 1 0 1 0 0 0 0 0 0 0 0 1 0 0 0 0 0 0 0 0 0 1 
1 1 0 0 1 1 0 0 1 1 0 0 1 0 0 0 0 0 0 0 0 0 0 1 0 1 0 0 1 0 0 0 0 0 0 0 1 0 0 0 0 0 0 0 0 0 0 0 0 0 0 1 0 0 0 0 0 0 0 1 
0 0 0 0 1 0 0 1 1 0 0 0 0 0 0 0 0 0 1 0 0 1 0 1 0 0 0 0 0 0 1 0 0 0 0 0 0 0 0 0 1 0 0 0 0 0 0 0 0 0 0 0 0 0 1 0 0 0 0 0 
0 0 0 0 0 0 0 0 0 0 0 0 0 0 0 0 0 0 0 0 1 0 0 0 0 0 0 1 0 0 0 1 0 0 1 0 0 0 0 1 0 0 0 0 0 0 0 1 0 0 0 1 0 1 1 0 0 0 0 0 
1 0 0 0 0 0 1 0 0 0 0 0 1 0 0 0 0 0 0 0 0 0 0 1 0 0 0 0 0 1 0 0 0 0 0 0 0 1 0 0 1 0 1 0 0 0 1 1 0 0 0 0 0 0 0 0 0 1 0 0 
0 0 0 0 0 0 0 0 0 0 0 0 0 0 0 1 0 0 0 0 1 0 0 0 0 1 0 0 0 0 0 0 0 0 0 0 0 0 0 0 1 0 0 0 0 0 0 0 0 0 1 1 0 0 0 1 0 0 0 0 
0 0 0 1 1 0 0 0 1 1 0 0 0 0 0 0 0 0 0 0 0 0 0 0 0 0 0 0 0 1 0 0 0 1 0 0 0 0 0 1 0 0 0 0 0 0 0 0 0 1 0 1 0 0 0 0 0 0 0 0 
0 1 0 0 0 0 0 0 0 1 0 0 1 0 0 0 1 0 1 0 0 0 0 0 0 0 0 1 0 0 1 1 1 0 0 0 0 0 0 0 0 0 0 0 0 0 0 0 0 1 0 0 0 1 0 1 0 0 1 1 
0 0 1 1 1 1 0 0 0 0 0 0 1 0 0 1 0 0 0 0 0 0 0 1 0 0 0 0 0 0 0 0 0 1 1 0 0 1 0 0 0 0 0 0 0 0 0 0 0 0 0 0 0 1 0 0 0 0 0 0 
1 0 0 0 0 1 0 0 0 0 1 0 0 0 0 0 0 0 0 0 0 0 0 0 0 0 0 0 0 0 0 0 0 0 0 0 1 0 0 0 0 0 0 0 0 0 1 0 0 0 0 0 0 0 0 0 0 1 0 0 
0 0 0 0 0 1 0 0 1 0 0 0 0 0 1 1 0 1 0 0 0 1 0 0 0 0 0 0 1 0 0 0 0 0 0 0 1 0 0 0 0 1 0 0 0 0 1 0 1 0 0 0 1 0 1 0 0 0 0 1 
0 0 1 1 0 0 0 0 0 0 0 0 0 0 0 0 0 0 0 0 0 0 0 0 0 0 0 0 0 0 1 0 0 0 1 0 0 0 0 0 1 1 0 0 0 1 0 0 0 0 1 0 0 0 0 1 0 0 0 0 
0 0 0 0 0 0 0 0 0 1 0 0 1 0 1 0 0 0 1 0 0 0 0 0 0 0 0 1 1 0 0 0 0 0 0 0 1 0 0 0 1 0 1 0 0 0 0 0 1 0 0 1 0 0 0 0 1 0 0 0 
0 0 0 1 0 0 0 1 0 1 1 0 0 0 0 0 0 0 0 0 0 0 0 0 0 0 0 1 0 1 1 0 0 1 0 0 0 0 1 1 0 0 1 0 0 0 1 0 0 0 0 0 0 0 0 0 0 0 0 0 
0 0 0 1 1 0 0 0 0 0 0 1 0 0 0 0 1 0 0 0 1 0 0 0 0 1 1 0 0 0 0 0 0 0 0 0 0 0 0 0 0 0 0 1 0 0 0 0 0 0 0 0 0 0 0 1 0 0 0 0 
0 0 0 1 0 1 0 1 0 0 0 0 0 0 1 0 0 0 0 0 0 0 0 1 0 1 0 0 0 0 0 0 0 0 1 0 1 0 0 0 0 0 0 0 0 0 0 0 0 1 0 0 0 0 0 0 0 1 0 0 
1 1 0 0 0 0 0 0 1 0 1 0 0 0 0 0 0 1 0 1 0 0 0 0 0 0 1 0 0 0 0 0 1 1 0 0 1 0 0 0 0 0 0 0 0 0 0 0 1 0 1 0 0 1 0 0 0 0 0 0 
0 0 0 1 1 0 0 0 0 1 0 1 1 1 0 1 0 0 0 0 1 0 0 0 1 0 1 0 0 0 0 0 0 0 0 0 0 1 0 0 0 1 0 1 0 0 1 0 1 0 0 1 0 0 1 0 0 0 0 0 
0 1 0 0 0 0 0 0 0 0 0 0 1 0 0 0 1 0 0 0 1 0 0 0 0 0 0 0 0 0 0 0 0 0 0 0 0 0 1 0 0 0 0 0 1 0 0 1 0 0 0 0 0 0 0 0 0 1 0 0 
1 0 1 1 0 0 0 0 1 0 0 1 0 0 0 0 0 0 0 0 1 0 0 0 0 0 0 0 0 1 0 0 0 0 0 1 1 0 0 0 0 0 0 0 0 1 0 1 0 0 0 0 0 1 0 0 0 0 1 0 
0 1 0 0 0 0 0 0 0 0 0 0 0 1 0 0 0 0 0 1 0 1 0 0 0 0 1 0 0 1 0 0 0 0 0 1 0 0 1 1 0 0 0 1 0 0 0 0 1 0 0 0 1 0 1 0 0 0 1 1 
0 0 0 1 0 0 1 0 1 0 0 0 0 1 0 0 1 0 0 0 0 1 0 0 1 0 0 0 1 0 0 0 0 0 0 0 0 0 1 0 0 0 0 0 1 1 1 0 0 0 0 1 0 0 1 0 1 0 1 1 
0 0 0 0 0 0 0 0 0 0 0 0 0 1 0 0 0 0 0 0 0 0 0 0 0 0 0 0 0 0 0 0 1 1 0 0 1 0 0 0 1 0 0 0 0 0 0 1 0 0 0 0 0 0 1 0 0 0 0 0 
0 0 0 0 0 0 1 0 0 1 0 1 0 1 1 0 0 0 0 0 0 0 1 1 0 1 0 0 1 1 0 0 1 0 0 1 0 1 0 1 0 1 0 0 0 0 0 0 0 0 0 0 0 1 0 0 0 0 0 0 
0 1 0 1 0 0 0 1 0 1 0 1 0 0 0 0 0 1 0 0 0 1 0 0 0 0 0 0 0 0 1 0 0 0 0 0 1 0 0 0 1 0 0 0 0 0 1 0 0 0 0 0 0 0 0 0 0 1 0 1 
0 0 0 1 0 1 0 0 0 1 0 0 0 1 0 0 0 0 0 0 0 0 0 0 0 0 1 0 0 0 0 1 0 1 1 0 0 0 0 0 1 0 0 0 0 0 0 1 0 0 0 0 0 0 0 0 0 1 0 0 
0 0 1 0 0 0 0 0 1 0 0 0 0 0 0 0 1 0 0 1 0 0 0 0 0 0 1 0 0 0 0 0 0 1 0 0 1 0 0 0 0 0 0 1 0 0 0 0 0 0 0 0 1 0 0 0 0 0 0 1 
0 0 0 0 0 1 0 0 1 0 0 1 0 1 0 1 0 1 1 0 0 0 0 0 1 1 0 0 0 0 0 0 0 0 0 1 0 1 1 0 0 0 0 1 0 0 0 0 0 0 0 0 1 0 0 0 1 0 0 0 
0 1 0 0 1 0 0 0 0 0 0 1 0 0 0 0 0 0 0 0 0 0 0 1 1 0 0 0 0 0 1 0 0 0 0 0 1 0 0 0 0 0 0 0 1 0 0 0 0 0 0 1 0 0 0 1 1 0 1 0 
1 1 0 0 0 0 1 0 0 1 0 0 0 0 0 0 0 1 0 0 0 0 0 0 0 1 1 0 0 0 0 0 0 0 0 0 0 0 0 0 0 0 0 0 1 0 0 0 0 1 0 0 0 0 0 0 0 1 0 0 
0 0 0 0 1 0 0 1 0 0 0 0 0 0 0 0 0 0 0 0 0 0 0 0 0 0 0 1 0 0 1 0 0 1 0 0 0 0 0 1 1 0 0 0 0 0 0 0 0 0 0 1 1 0 0 0 0 0 0 1 
1 0 0 1 0 0 1 0 1 0 0 0 1 0 0 0 0 0 0 0 0 0 0 0 0 0 0 0 0 0 0 1 0 0 1 0 0 0 0 0 0 1 1 0 0 0 0 0 1 0 1 1 0 0 0 0 1 0 0 0 
0 1 0 0 0 0 0 0 0 0 1 1 0 0 0 0 0 0 0 0 0 0 0 0 1 0 0 0 0 0 0 0 1 0 1 0 0 0 0 0 0 0 0 0 0 0 0 1 1 0 1 0 0 0 0 0 0 0 0 0 
1 0 1 0 0 1 0 0 0 1 0 0 0 0 0 0 0 1 0 0 0 0 1 1 0 0 1 0 0 0 1 0 0 0 1 0 0 1 0 0 0 0 0 0 0 0 0 0 0 1 0 0 0 0 0 0 0 0 0 0 
0 0 1 0 1 0 0 0 0 0 0 0 0 0 0 0 1 1 0 0 0 0 0 0 0 0 0 0 0 0 0 1 1 0 0 1 0 0 1 0 0 0 0 0 0 1 0 0 0 0 0 1 0 0 0 0 0 0 0 0 
0 1 0 0 0 0 1 1 0 0 0 0 1 0 0 0 0 0 0 0 0 0 0 1 0 1 0 0 0 1 1 0 0 1 0 0 0 0 0 0 0 0 0 0 1 1 0 0 0 0 1 0 1 1 0 0 1 0 1 0 
0 0 0 0 0 0 0 0 0 0 0 0 0 1 0 0 0 0 0 1 1 0 0 0 0 0 0 0 1 0 0 0 0 0 0 0 0 0 0 0 0 0 1 0 0 0 1 0 0 0 0 1 1 1 1 0 0 0 0 0 
0 0 0 0 0 0 0 0 0 1 0 0 1 0 0 0 0 0 1 0 0 0 0 0 1 0 0 0 0 1 0 0 0 0 0 0 0 0 0 0 0 0 0 0 1 1 0 0 1 0 0 0 0 0 0 1 0 0 0 0 
1 0 0 1 0 0 1 0 0 0 0 0 0 0 1 0 1 0 1 1 0 0 0 0 0 1 0 0 0 0 1 0 0 0 1 0 0 0 0 0 0 1 0 1 1 0 0 1 0 1 0 0 0 1 0 1 0 0 0 0 
1 0 0 0 1 0 0 1 0 0 0 1 0 0 0 0 0 0 0 0 0 0 0 1 0 0 0 0 0 0 0 0 0 1 0 0 0 0 0 1 1 0 0 1 0 0 0 0 1 1 0 0 0 0 0 0 0 0 0 0 
0 1 0 0 0 0 0 0 0 0 0 0 0 0 0 0 1 0 0 0 1 1 0 0 0 0 0 0 0 1 0 0 1 0 0 0 1 0 0 0 0 0 0 0 0 0 0 0 1 1 0 1 0 0 0 0 0 0 0 0 
0 0 0 0 0 0 0 0 0 0 0 0 0 0 0 1 1 0 0 0 0 0 0 1 0 0 0 0 0 0 1 0 0 1 1 1 0 0 0 0 0 0 0 0 0 0 0 0 0 1 0 0 0 0 0 0 0 0 0 0 
0 1 0 0 0 0 0 1 0 0 0 0 0 0 0 0 0 0 1 0 1 0 0 0 1 0 0 1 0 0 0 0 0 0 0 0 0 0 0 0 0 1 0 0 0 0 0 0 0 0 1 1 0 0 0 0 0 0 0 1 
0 1 0 0 0 0 0 0 0 0 0 0 0 0 0 0 0 0 0 0 0 0 0 0 0 1 0 0 0 0 0 0 0 0 1 0 0 0 0 0 1 1 0 0 1 0 0 0 1 0 0 0 0 0 0 0 0 0 0 0 
0 0 0 0 0 0 0 0 0 0 0 1 0 0 0 0 0 1 0 0 0 0 1 0 0 0 0 0 1 0 0 1 0 0 0 0 0 1 1 0 0 0 1 0 0 0 0 0 0 0 0 0 0 0 0 0 0 0 0 0 
1 0 0 0 1 0 0 0 1 0 0 0 0 0 0 0 0 0 0 0 1 0 0 0 0 0 0 0 0 0 0 0 1 1 1 0 0 0 0 0 0 1 0 0 0 0 0 0 1 0 0 0 0 0 0 0 0 0 0 1 
0 0 0 1 1 0 0 0 0 0 0 0 0 1 1 0 0 0 0 0 1 0 0 1 0 0 0 0 0 0 0 0 0 1 1 0 0 1 0 1 0 0 0 1 0 0 0 0 0 0 0 0 0 0 0 1 0 0 1 0 

0 0 8 0 0 0 5 3 14 0 0 13 0 0 0 0 0 0 0 0 0 0 6 0 15 0 9 0 2 3 2 0 0 5 10 0 0 13 10 0 9 0 15 14 0 0 13 14 0 0 0 0 0 0 12 0 0 0 0 12 
0 0 0 0 0 0 0 0 0 0 6 0 0 0 0 0 12 0 0 0 0 15 5 11 0 13 0 1 0 1 9 0 7 1 2 0 13 8 0 14 12 0 0 4 12 0 3 0 0 5 12 0 10 1 0 1 7 7 0 8 
6 2 0 0 0 0 13 7 0 3 0 4 0 0 7 0 0 0 12 0 3 12 0 0 0 0 0 0 0 13 0 0 9 0 0 0 7 0 0 0 0 0 12 2 0 0 1 11 11 0 2 5 0 0 0 11 1 0 6 12 
11 3 5 0 0 0 0 5 6 12 2 8 0 2 7 6 1 5 0 14 5 0 0 0 0 0 0 12 12 0 8 3 0 4 9 0 4 1 0 0 0 3 0 0 13 0 0 3 4 0 12 5 0 9 0 0 8 1 10 13 
0 0 0 13 0 7 12 0 0 0 9 0 5 9 0 4 0 5 0 0 0 12 0 0 0 0 1 4 0 0 0 0 0 0 0 0 0 0 0 0 0 0 0 0 0 0 6 12 0 8 15 0 14 14 0 0 14 0 0 0 
0 9 0 0 0 0 0 0 0 9 0 0 0 6 0 0 0 0 13 2 0 1 0 0 0 1 0 13 12 7 12 0 0 3 14 6 0 14 0 0 13 1 3 0 0 0 0 0 0 14 15 0 0 0 0 0 14 0 12 11 
0 0 2 1 2 0 0 0 0 6 0 0 12 0 0 6 6 8 0 10 0 0 0 0 13 0 0 0 9 0 0 0 5 4 7 2 14 3 5 3 0 11 5 0 0 7 0 8 0 0 2 0 0 0 12 0 13 1 0 0 
0 0 0 0 0 0 0 0 2 1 4 0 0 2 0 0 0 0 0 0 0 0 0 0 5 0 0 0 0 4 7 0 0 14 6 0 0 9 0 2 0 0 0 11 2 0 0 0 0 0 0 5 0 0 0 0 1 0 0 0 
8 0 0 8 0 9 0 0 0 6 0 0 0 8 1 0 0 0 11 0 15 10 0 13 0 0 0 0 0 0 0 0 2 0 0 13 0 0 12 1 0 7 0 0 0 0 7 0 8 9 0 0 8 0 0 0 7 0 0 0 
12 5 0 3 0 0 0 0 0 0 0 0 0 2 0 0 0 0 7 1 2 0 12 0 6 0 0 10 8 0 0 5 4 0 0 9 2 0 0 11 0 0 0 7 0 9 0 0 1 0 0 0 13 0 0 0 0 0 13 0 
0 4 0 0 1 0 0 0 10 5 0 2 2 0 13 0 0 6 0 0 0 0 0 0 0 3 0 7 0 0 2 13 7 12 5 0 0 1 0 11 0 0 13 0 0 3 0 0 2 13 0 0 7 0 0 13 0 7 14 0 
0 13 15 0 11 0 7 0 8 0 0 0 12 0 13 0 5 0 4 6 0 11 4 10 0 0 0 15 0 15 8 0 1 4 14 14 0 0 0 7 0 0 0 0 0 2 8 0 0 0 0 0 0 12 0 12 0 6 0 0 
12 5 15 6 1 5 0 0 4 0 0 0 0 0 2 10 8 0 0 9 0 0 5 0 10 9 1 4 15 9 0 0 0 11 7 0 1 12 8 0 10 0 2 0 0 10 0 0 11 13 0 12 12 12 2 0 0 0 0 0 
12 12 0 14 0 0 8 0 0 0 0 0 3 0 8 0 12 15 0 0 0 0 0 0 0 0 0 9 0 0 0 0 0 0 0 12 9 0 0 6 0 0 7 0 0 0 0 0 2 0 0 3 14 1 0 0 0 1 0 0 
0 0 2 0 0 12 5 0 3 8 12 0 0 0 0 11 0 13 10 0 0 0 0 0 0 7 0 5 0 11 0 8 0 14 6 0 0 0 4 3 0 0 12 0 2 8 9 0 0 13 0 0 15 0 1 0 0 0 7 0 
2 13 0 0 8 0 0 0 4 10 11 0 0 0 0 0 0 0 12 1 3 12 0 0 12 0 12 0 4 12 15 0 0 0 0 0 8 0 0 0 9 6 0 0 0 0 15 0 0 0 0 0 8 0 8 0 11 9 12 0 
6 0 10 0 0 2 0 7 0 0 0 0 10 3 1 11 0 0 5 0 0 6 0 0 0 0 1 0 0 0 0 2 14 6 12 0 8 0 8 0 0 7 0 11 12 13 0 0 0 10 14 0 0 0 0 0 0 0 0 0 
2 5 15 2 2 0 0 0 7 2 9 0 11 13 10 5 11 0 2 11 0 0 15 0 0 0 0 4 0 0 0 0 0 0 0 2 0 0 13 0 8 8 0 6 14 0 1 0 0 8 0 0 0 0 5 0 0 0 0 0 
1 14 0 6 0 0 0 0 12 0 0 3 1 5 0 0 15 0 0 14 0 0 0 0 0 8 0 0 8 0 11 3 2 0 0 12 0 0 6 0 7 0 0 8 0 4 0 0 7 10 9 6 0 2 0 8 0 0 1 7 
12 14 9 4 1 0 0 9 0 0 10 0 0 0 0 0 0 0 0 0 3 0 10 0 1 9 1 7 0 0 10 0 9 0 0 6 13 0 4 0 0 1 14 0 0 0 0 0 0 3 0 0 2 0 0 0 15 0 0 1 
0 0 0 0 0 1 2 10 0 0 9 2 0 0 0 9 7 0 9 0 0 0 0 0 0 0 11 0 0 0 0 0 0 0 1 0 0 0 0 15 0 2 0 6 6 4 9 0 6 0 0 14 0 5 0 8 0 0 2 0 
11 11 6 0 0 0 13 8 0 5 0 10 0 14 0 0 0 12 1 0 2 0 0 15 9 0 0 0 0 0 0 0 14 11 2 15 5 5 0 0 0 6 8 6 7 0 11 0 14 0 5 0 14 0 0 0 0 0 0 0 
0 0 7 12 4 0 0 3 5 0 8 5 0 0 2 6 0 10 4 4 11 5 0 11 0 0 14 0 11 0 5 1 0 0 0 0 1 0 12 0 0 1 0 13 1 11 0 0 0 0 0 6 0 12 0 11 0 0 6 0 
0 0 0 4 1 0 0 0 0 2 0 7 0 0 0 0 5 0 14 0 0 0 0 0 0 12 6 0 8 0 0 3 0 11 0 0 0 0 10 0 3 0 0 0 3 0 0 7 9 6 0 0 0 0 0 2 0 1 0 5 
0 0 0 0 9 14 0 6 0 0 15 0 0 0 0 11 15 0 0 0 0 13 0 0 0 0 0 0 0 0 0 0 1 0 11 8 0 0 2 0 0 0 0 1 0 2 10 9 0 12 8 5 6 0 3 0 0 2 15 13 
2 9 9 0 7 0 8 0 0 0 0 0 0 0 0 0 4 5 0 9 0 3 0 8 0 0 4 0 5 0 12 0 0 4 0 3 0 0 0 9 13 7 0 0 0 0 5 0 6 12 0 0 6 0 0 4 0 8 0 0 
7 2 0 4 0 0 13 7 0 6 0 0 4 0 13 0 0 1 0 11 0 0 0 14 5 11 0 0 2 1 12 0 8 0 0 0 6 0 0 0 0 0 1 11 8 0 0 2 0 1 0 0 6 2 0 10 14 0 0 5 
0 0 0 0 1 0 0 13 0 0 0 12 1 2 13 14 0 0 0 2 9 0 12 0 1 5 4 0 12 0 15 3 0 0 0 0 0 3 15 14 15 0 4 0 15 0 0 0 0 0 3 0 5 0 0 0 7 0 0 0 
0 8 3 6 6 0 0 0 0 8 0 0 4 12 5 3 0 0 11 4 0 0 0 6 0 0 0 3 0 2 2 7 12 3 0 3 10 0 0 12 0 8 0 0 0 8 0 0 0 1 0 12 2 12 0 0 5 0 0 0 
12 2 0 10 7 1 0 2 0 0 0 1 0 0 0 1 0 2 0 0 14 0 0 3 0 0 7 0 0 0 0 11 0 0 13 0 8 0 2 10 0 5 0 0 0 0 0 0 0 0 0 0 0 2 13 0 0 0 7 0 
0 7 4 0 0 0 0 0 0 0 3 0 3 0 0 0 9 13 0 9 12 15 0 0 0 1 0 0 0 0 0 6 5 0 0 11 0 0 5 14 10 10 0 2 0 0 0 0 0 0 0 0 1 0 11 0 0 0 0 0 
13 0 0 0 10 11 12 0 0 0 0 0 1 3 12 11 0 0 0 10 9 14 0 0 0 0 0 14 0 0 8 0 0 0 0 0 0 12 0 0 0 0 13 0 0 7 4 0 13 8 0 0 0 0 7 0 0 10 0 0 
2 0 0 1 10 14 0 0 0 0 10 12 3 2 9 0 2 0 9 7 4 0 0 0 11 0 0 0 0 8 7 9 0 9 14 0 0 8 0 2 0 0 3 0 0 0 14 0 0 0 0 0 0 6 0 0 11 0 0 2 
0 0 3 0 0 0 0 0 0 0 0 0 0 12 12 3 7 0 0 0 9 0 0 0 0 2 0 0 5 5 14 2 15 0 2 0 2 14 3 0 0 2 9 0 0 0 0 4 9 0 0 5 0 6 0 10 0 0 0 0 
11 0 0 0 0 0 0 0 0 10 15 0 0 4 0 0 0 8 12 12 9 0 0 0 1 0 0 8 5 0 8 10 12 0 0 4 13 0 0 0 11 0 0 0 0 9 0 6 6 0 0 7 0 9 13 3 0 0 5 0 
0 0 0 0 10 0 2 0 0 2 0 0 0 0 12 12 0 0 0 0 9 0 12 0 13 0 0 0 0 12 11 0 13 0 0 0 0 0 0 4 0 0 14 3 0 7 0 2 0 0 3 0 0 0 0 0 0 0 7 0 
10 4 4 0 0 0 0 0 0 1 0 0 0 4 0 0 14 0 0 14 0 0 2 7 0 0 0 0 10 0 4 13 0 0 0 0 0 14 0 0 1 2 0 0 0 4 9 0 0 0 9 0 0 0 1 0 5 0 13 5 
13 0 8 6 0 2 0 12 6 10 0 7 0 0 0 8 5 4 0 1 0 9 0 0 0 2 1 0 0 13 2 14 14 0 9 0 10 0 5 0 0 0 13 0 0 8 15 4 13 0 0 0 2 0 0 8 0 14 7 0 
0 0 7 0 0 0 5 0 0 0 0 12 0 8 12 0 0 0 0 0 0 0 14 15 0 0 0 0 0 15 0 0 12 0 10 2 3 0 0 0 0 0 0 0 0 0 13 0 0 0 10 0 5 0 13 0 0 0 5 0 
0 0 5 0 14 0 7 0 0 9 8 7 0 0 0 0 0 1 0 0 9 5 0 0 1 0 0 0 0 0 4 11 0 6 8 6 0 6 0 0 0 0 0 8 12 3 0 0 7 0 0 0 7 15 6 3 4 3 0 5 
0 0 10 0 0 0 10 0 3 0 0 0 0 0 11 0 0 12 0 10 0 15 0 0 0 0 13 1 0 0 1 3 0 0 0 6 0 11 0 0 0 0 13 0 0 0 0 0 0 0 0 0 10 5 0 14 1 10 0 0 
0 0 1 0 0 0 0 0 0 6 0 0 1 0 1 0 0 9 6 3 0 12 0 0 0 0 0 0 9 0 9 8 0 0 11 3 5 0 11 0 5 0 0 1 0 2 7 0 0 0 1 4 0 0 3 0 7 0 0 0 
7 0 1 0 3 0 0 7 5 0 0 0 0 1 9 0 0 14 0 12 11 0 10 12 2 0 0 5 2 0 0 0 0 0 0 0 0 0 0 0 7 0 0 0 13 0 0 0 6 3 0 6 0 0 0 0 0 0 11 5 
6 0 0 0 0 0 0 0 0 0 0 5 14 0 0 0 0 8 0 0 0 0 9 9 0 6 0 0 0 12 14 0 1 7 3 9 5 0 0 10 3 0 7 0 12 0 15 4 8 0 7 8 12 0 3 0 3 0 0 0 
0 0 0 0 7 0 0 0 0 7 8 11 13 0 0 2 14 0 0 0 1 0 8 2 1 0 5 2 2 0 5 1 0 13 0 11 0 8 13 0 7 14 6 0 0 1 0 1 8 0 13 0 0 6 0 13 0 0 0 11 
0 0 0 12 0 6 0 0 0 0 0 0 12 0 0 0 4 2 0 10 7 0 2 0 0 0 6 7 8 1 11 9 0 10 7 11 0 0 0 0 1 14 0 0 0 0 0 0 5 13 0 2 8 0 0 0 10 9 2 0 
0 0 2 2 0 0 10 4 0 11 0 8 9 15 5 4 0 0 0 5 0 0 0 0 0 7 14 0 10 0 0 0 0 15 0 13 0 15 12 8 4 0 0 0 0 0 0 0 0 4 9 7 0 7 0 12 0 14 0 1 
1 0 0 11 9 0 0 0 0 0 0 3 0 0 0 15 1 4 0 7 12 0 0 0 1 0 0 0 7 2 12 0 0 0 11 0 0 6 0 1 0 0 11 0 2 10 1 0 0 0 7 5 6 7 15 0 0 13 11 0 
5 0 0 3 0 0 0 0 10 0 0 0 0 0 0 0 7 0 3 0 10 0 12 0 0 0 8 2 10 14 0 14 0 0 7 10 3 0 2 0 0 9 0 0 0 0 0 1 0 13 0 13 2 13 0 10 12 0 3 9 
0 0 0 0 0 0 0 6 0 0 10 0 0 0 0 0 0 0 0 0 0 3 0 2 14 0 0 0 11 0 0 6 6 0 0 4 0 0 0 4 0 0 0 0 10 0 0 6 9 0 0 10 0 0 10 0 0 7 15 1 
0 0 0 0 0 15 7 12 14 9 0 0 0 0 0 7 0 14 0 0 5 4 14 0 14 0 0 1 0 2 8 0 0 2 5 0 5 0 0 4 0 0 0 0 1 13 14 0 15 0 0 13 0 8 0 0 0 0 1 0 
0 0 12 0 0 0 0 12 0 0 14 0 0 0 0 1 0 0 0 7 4 14 0 0 0 14 3 0 0 0 0 6 3 0 0 6 0 0 0 0 0 6 0 0 0 3 0 0 7 1 5 0 9 0 4 0 0 0 2 0 
7 11 0 2 0 0 0 5 10 0 0 9 0 0 13 0 0 0 0 8 0 0 0 10 4 12 0 1 2 3 0 13 12 0 7 0 0 0 0 14 4 0 0 0 0 0 1 0 6 0 0 0 0 0 0 0 0 0 0 0 
5 0 3 0 2 12 0 14 6 0 0 0 1 1 0 0 1 0 11 0 0 0 0 0 0 0 0 0 10 11 0 6 14 0 0 10 0 0 7 0 0 0 0 0 13 7 14 1 1 0 0 7 10 0 8 0 0 0 0 0 
12 0 0 12 0 5 0 4 0 6 3 0 0 13 5 0 0 2 4 0 0 13 4 0 0 0 5 0 1 0 0 9 6 9 0 2 5 1 0 0 8 0 0 0 2 2 0 0 0 8 0 0 0 0 0 3 13 12 0 0 
0 0 0 0 0 0 10 0 3 7 13 0 2 0 1 0 0 0 0 7 0 10 0 0 5 0 9 0 8 2 11 0 0 0 0 0 4 0 10 0 0 0 0 0 0 0 5 0 7 5 0 0 0 0 0 0 0 13 0 0 
0 0 0 0 0 2 0 0 2 0 0 10 0 3 0 14 0 0 0 0 9 0 0 0 0 0 2 0 0 0 2 6 0 3 3 0 0 2 0 0 0 4 14 0 0 0 0 0 5 12 0 5 11 0 0 0 0 0 1 0 
13 9 2 0 4 0 0 0 1 0 8 0 0 3 3 0 0 0 11 0 12 0 0 0 0 13 0 0 3 3 0 1 7 0 0 6 5 0 4 0 5 0 1 0 0 4 0 0 0 4 0 4 1 13 9 0 0 0 4 0 
0 0 5 3 10 0 0 15 0 2 0 0 0 6 0 13 8 0 3 4 0 0 0 0 0 9 14 11 0 0 0 0 10 12 0 0 0 0 1 2 0 0 0 0 4 0 0 14 12 0 0 0 0 0 2 0 0 7 0 0 
0 12 0 0 0 1 7 0 12 15 0 0 0 0 0 0 4 8 9 0 0 1 0 0 0 11 5 11 13 0 11 11 0 5 9 15 0 9 0 0 0 0 0 0 0 0 2 0 3 0 0 3 0 0 0 0 7 0 7 0 
