60

0 1 1 0 1 1 1 1 0 0 1 1 1 0 0 0 0 0 1 0 0 1 1 1 1 0 0 1 0 0 1 1 1 0 1 1 0 1 0 1 1 1 1 0 1 0 0 1 1 1 0 1 0 1 0 1 0 0 1 0 
1 0 1 0 1 1 0 1 1 0 1 0 1 0 1 0 1 0 1 1 0 1 1 1 1 1 1 1 1 1 1 0 0 1 1 1 0 1 1 1 0 1 0 1 0 1 0 0 1 0 0 0 0 1 1 0 1 1 0 0 
1 1 0 1 0 1 0 1 1 0 0 0 0 0 1 1 0 0 1 1 1 1 0 1 0 1 1 1 1 1 0 1 0 0 0 0 0 1 1 1 1 1 0 1 1 1 1 1 0 1 1 0 1 1 0 0 1 1 0 1 
0 0 1 0 1 1 1 0 0 1 0 0 1 0 0 1 0 0 1 0 1 1 1 1 1 0 0 0 0 1 1 1 1 1 1 1 0 0 1 1 1 1 0 0 1 1 0 1 1 1 0 1 1 0 0 0 0 0 1 0 
1 1 0 1 0 1 0 1 1 1 1 1 0 1 0 0 0 1 1 1 1 0 0 1 0 1 1 1 1 0 0 0 1 1 1 1 0 1 0 1 1 1 0 0 0 0 0 1 0 0 1 0 0 0 1 1 0 1 0 1 
1 1 1 1 1 0 1 1 0 0 1 1 0 0 1 0 0 1 1 1 1 0 0 0 1 0 1 1 1 0 1 0 0 1 1 0 1 1 1 0 0 1 0 1 0 1 0 1 0 1 0 1 0 1 1 1 1 0 0 1 
1 0 0 1 0 1 0 0 1 1 1 1 1 0 0 0 1 1 0 0 0 1 1 1 1 1 1 1 0 1 0 0 0 1 0 1 1 1 0 1 1 0 1 1 1 0 1 0 0 1 0 1 1 0 1 1 1 1 0 1 
1 1 1 0 1 1 0 0 0 1 1 0 0 0 1 1 1 1 0 1 0 0 0 1 0 0 0 1 1 1 1 1 1 0 1 0 1 0 1 1 1 1 0 1 1 1 0 1 1 1 0 0 0 1 0 0 1 1 0 1 
0 1 1 0 1 0 1 0 0 0 1 1 1 1 0 0 1 1 0 0 1 1 1 0 0 1 1 0 1 1 0 1 0 0 1 0 1 1 1 0 0 1 0 1 1 1 1 0 0 1 0 0 0 1 1 1 0 1 1 1 
0 0 0 1 1 0 1 1 0 0 1 1 1 1 1 1 0 0 1 0 1 1 0 1 0 1 1 0 0 1 1 0 1 1 1 1 1 1 1 0 1 1 1 0 1 1 1 0 1 1 0 1 1 1 0 0 1 1 0 1 
1 1 0 0 1 1 1 1 1 1 0 1 0 1 0 0 1 1 1 1 1 1 0 1 1 1 0 1 1 1 1 0 0 1 0 0 1 1 1 1 1 0 0 1 0 1 1 1 1 0 1 1 0 1 1 0 1 0 0 1 
1 0 0 0 1 1 1 0 1 1 1 0 1 1 0 1 0 1 0 1 1 0 1 0 1 0 1 0 0 1 1 1 1 1 1 1 0 1 1 1 1 1 0 1 1 1 0 0 1 1 0 1 0 0 1 0 1 1 1 1 
1 1 0 1 0 0 1 0 1 1 0 1 0 0 1 1 1 1 1 1 1 1 0 1 1 1 1 1 1 1 0 1 0 1 1 1 0 0 1 0 1 1 0 1 1 0 1 0 1 0 1 0 1 0 1 1 1 1 0 1 
0 0 0 0 1 0 0 0 1 1 1 1 0 0 1 1 1 1 0 1 1 1 1 0 1 1 1 0 0 1 1 1 0 1 0 1 0 1 0 1 0 1 1 0 0 1 0 0 0 0 1 1 1 1 1 1 0 1 1 0 
0 1 1 0 0 1 0 1 0 1 0 0 1 1 0 1 0 0 1 1 1 1 1 1 1 1 0 0 1 1 1 1 1 0 0 1 1 1 1 0 0 1 1 1 1 1 0 1 0 1 1 1 1 1 0 1 1 1 1 1 
0 0 1 1 0 0 0 1 0 1 0 1 1 1 1 0 1 1 0 1 0 0 1 1 1 1 1 1 0 0 1 0 1 1 1 0 1 1 1 1 1 1 1 1 1 0 0 0 1 0 0 1 0 0 0 0 1 0 1 1 
0 1 0 0 0 0 1 1 1 0 1 0 1 1 0 1 0 1 1 0 1 1 1 0 0 1 0 0 1 0 1 0 1 0 1 0 1 0 1 1 1 1 0 1 0 0 1 0 0 0 0 1 1 1 1 1 1 0 1 1 
0 0 0 0 1 1 1 1 1 0 1 1 1 1 0 1 1 0 1 1 0 0 0 1 0 0 1 0 1 1 0 0 0 1 1 0 0 0 0 1 1 1 1 1 1 1 0 1 1 1 1 1 0 1 1 0 1 1 0 1 
1 1 1 1 1 1 0 0 0 1 1 0 1 0 1 0 1 1 0 1 0 0 0 0 1 1 1 0 0 1 0 1 1 0 1 1 1 1 1 1 1 0 1 0 0 0 0 0 1 1 1 1 0 0 1 0 0 1 0 1 
0 1 1 0 1 1 0 1 0 0 1 1 1 1 1 1 0 1 1 0 0 0 1 0 0 1 0 0 1 1 1 0 1 0 1 0 1 1 1 1 1 0 1 1 1 0 1 0 1 1 1 1 1 1 1 0 1 1 1 0 
0 0 1 1 1 1 0 0 1 1 1 1 1 1 1 0 1 0 0 0 0 1 1 0 1 0 1 0 1 1 0 0 1 0 1 0 0 1 0 1 1 0 1 1 1 0 1 0 1 0 1 1 0 1 1 0 1 1 0 0 
1 1 1 1 0 0 1 0 1 1 1 0 1 1 1 0 1 0 0 0 1 0 0 1 1 1 0 0 0 1 1 1 1 1 0 0 1 1 1 1 1 1 1 1 1 1 0 1 0 1 0 1 0 1 1 1 0 0 0 1 
1 1 0 1 0 0 1 0 1 0 0 1 0 1 1 1 1 0 0 1 1 0 0 1 1 1 1 1 1 0 0 1 1 0 1 1 1 1 0 0 1 1 1 0 1 1 1 0 1 0 0 1 1 0 1 1 1 0 1 1 
1 1 1 1 1 0 1 1 0 1 1 0 1 0 1 1 0 1 0 0 0 1 1 0 1 1 0 1 1 1 0 0 1 0 1 0 1 1 0 0 0 0 0 1 1 0 1 1 0 0 0 1 0 0 1 1 1 1 1 1 
1 1 0 1 0 1 1 0 0 0 1 1 1 1 1 1 0 0 1 0 1 1 1 1 0 0 1 1 1 0 1 1 1 1 0 1 0 0 1 1 1 1 0 1 1 0 0 0 1 1 1 0 1 0 1 1 1 1 0 1 
0 1 1 0 1 0 1 0 1 1 1 0 1 1 1 1 1 0 1 1 0 1 1 1 0 0 1 0 0 0 1 0 1 1 0 1 0 1 0 1 1 0 0 0 1 1 1 1 0 0 0 1 0 1 0 0 1 0 1 1 
0 1 1 0 1 1 1 0 1 1 0 1 1 1 0 1 0 1 1 0 1 0 1 0 1 1 0 1 1 0 0 1 1 0 1 1 1 1 0 1 1 0 1 0 0 1 1 1 1 0 1 1 1 0 0 1 1 1 1 1 
1 1 1 0 1 1 1 1 0 0 1 0 1 0 0 1 0 0 0 0 0 0 1 1 1 0 1 0 1 1 0 0 1 0 1 0 0 1 0 1 1 0 1 0 0 1 1 1 0 1 0 1 0 1 0 1 1 1 1 1 
0 1 1 0 1 1 0 1 1 0 1 0 1 0 1 0 1 1 0 1 1 0 1 1 1 0 1 1 0 1 1 1 0 1 1 1 1 1 0 1 1 1 0 0 0 0 1 0 0 1 1 1 0 0 1 1 0 1 1 0 
0 1 1 1 0 0 1 1 1 1 1 1 1 1 1 0 0 1 1 1 1 1 0 1 0 0 0 1 1 0 1 1 1 0 1 1 0 0 1 1 1 1 1 1 1 1 0 1 0 1 1 1 1 0 1 0 1 1 0 1 
1 1 0 1 0 1 0 1 0 1 1 1 0 1 1 1 1 0 0 1 0 1 0 0 1 1 0 0 1 1 0 1 1 1 0 1 1 0 1 0 1 1 0 0 1 1 1 0 0 0 1 0 1 1 1 1 0 1 1 0 
1 0 1 1 0 0 0 1 1 0 0 1 1 1 1 0 0 0 1 0 0 1 1 0 1 0 1 0 1 1 1 0 1 0 0 0 0 1 1 1 1 0 1 1 1 0 0 0 0 1 1 1 0 1 1 1 1 1 1 1 
1 0 0 1 1 0 0 1 0 1 0 1 0 0 1 1 1 0 1 1 1 1 1 1 1 1 1 1 0 1 1 1 0 1 0 1 0 1 0 1 1 1 1 1 0 1 1 1 1 0 1 0 1 1 1 1 1 0 1 0 
0 1 0 1 1 1 1 0 0 1 1 1 1 1 0 1 0 1 0 0 0 1 0 0 1 1 0 0 1 0 1 0 1 0 1 0 0 0 1 1 0 1 1 1 0 1 1 1 1 0 1 1 1 0 1 1 0 1 0 1 
1 1 0 1 1 1 0 1 1 1 0 1 1 0 0 1 1 1 1 1 1 0 1 1 0 0 1 1 1 1 0 0 0 1 0 1 1 1 1 1 0 1 0 0 0 0 0 1 1 0 1 1 0 1 1 1 1 1 1 1 
1 1 0 1 1 0 1 0 0 1 0 1 1 1 1 0 0 0 1 0 0 0 1 0 1 1 1 0 1 1 1 0 1 0 1 0 0 0 1 1 1 1 0 1 0 1 1 1 0 0 1 0 0 0 0 1 1 1 0 1 
0 0 0 0 0 1 1 1 1 1 1 0 0 0 1 1 1 0 1 1 0 1 1 1 0 0 1 0 1 0 1 0 0 0 1 0 0 0 1 1 0 1 1 1 1 0 1 1 0 0 1 1 1 0 1 0 1 1 0 1 
1 1 1 0 1 1 1 0 1 1 1 1 0 1 1 1 0 0 1 1 1 1 1 1 0 1 1 1 1 0 0 1 1 0 1 0 0 0 0 0 0 1 0 0 1 0 1 0 1 1 0 0 0 0 0 1 1 0 0 1 
0 1 1 1 0 1 0 1 1 1 1 1 1 0 1 1 1 0 1 1 0 1 0 0 1 0 0 0 0 1 1 1 0 1 1 1 1 0 0 0 1 1 1 0 0 0 1 1 1 0 0 1 1 1 1 0 1 1 0 1 
1 1 1 1 1 0 1 1 0 0 1 1 0 1 0 1 1 1 1 1 1 1 0 0 1 1 1 1 1 1 0 1 1 1 1 1 1 0 0 0 1 0 1 0 1 1 1 1 0 1 0 0 1 0 1 1 1 1 0 0 
1 0 1 1 1 0 1 1 0 1 1 1 1 0 0 1 1 1 1 1 1 1 1 0 1 1 1 1 1 1 1 1 1 0 0 1 0 0 1 1 0 1 0 0 1 1 1 0 1 0 1 0 1 0 1 0 1 0 0 1 
1 1 1 1 1 1 0 1 1 1 0 1 1 1 1 1 1 1 0 0 0 1 1 0 1 0 0 0 1 1 1 0 1 1 1 1 1 1 1 0 1 0 0 1 1 1 0 0 1 1 0 0 0 1 0 0 1 0 0 1 
1 0 0 0 0 0 1 0 0 1 0 0 0 1 1 1 0 1 1 1 1 1 1 0 0 0 1 1 0 1 0 1 1 1 0 0 1 0 1 1 0 0 0 0 0 1 1 0 1 1 0 1 1 1 1 1 0 1 1 0 
0 1 1 0 0 1 1 1 1 0 1 1 1 0 1 1 1 1 0 1 1 1 0 1 1 0 0 0 0 1 0 1 1 1 0 1 1 0 0 0 0 1 0 0 1 0 1 1 0 1 0 1 1 0 0 1 0 1 0 1 
1 0 1 1 0 0 1 1 1 1 0 1 1 0 1 1 0 1 0 1 1 1 1 1 1 1 0 0 0 1 1 1 0 0 0 0 1 1 0 1 1 1 0 1 0 1 1 1 1 0 0 0 1 1 0 1 0 0 0 1 
0 1 1 1 0 1 0 1 1 1 1 1 0 1 1 0 0 1 0 0 0 1 1 0 0 1 1 1 0 1 1 0 1 1 0 1 0 0 0 1 1 1 1 0 1 0 1 1 1 1 1 1 1 0 1 0 1 1 0 0 
0 0 1 0 0 0 1 0 1 1 1 0 1 0 0 0 1 0 0 1 1 0 1 1 0 1 1 1 1 0 1 0 1 1 0 1 1 1 1 1 1 0 1 1 1 1 0 0 1 1 1 1 1 1 0 1 1 1 0 1 
1 0 1 1 1 1 0 1 0 0 1 0 0 0 1 0 0 1 0 0 0 1 0 1 0 1 1 1 0 1 0 0 1 1 1 1 1 0 1 1 0 0 0 1 1 1 0 0 0 1 0 0 1 1 1 1 1 1 0 1 
1 1 0 1 0 0 0 1 0 1 1 1 1 0 0 1 0 1 1 1 1 0 1 0 1 0 1 0 0 0 0 0 1 1 1 0 0 1 1 0 1 1 1 0 1 1 1 0 0 0 1 1 1 0 1 0 0 1 1 1 
1 0 1 1 0 1 1 1 1 1 0 1 0 0 1 0 0 1 1 1 0 1 0 0 1 0 0 1 1 1 0 1 0 0 0 0 0 1 0 1 0 1 1 1 0 1 1 1 0 0 1 1 0 1 0 1 0 1 0 0 
0 0 1 0 1 0 0 0 0 0 1 0 1 1 1 0 0 1 1 1 1 0 0 0 1 0 1 0 1 1 1 1 1 1 1 1 1 0 0 0 1 0 0 0 0 1 1 0 1 1 0 1 1 0 0 1 1 0 0 1 
1 0 0 1 0 1 1 0 0 1 1 1 0 1 1 1 1 1 1 1 1 1 1 1 0 1 1 1 1 1 0 1 0 1 1 0 1 0 1 0 0 0 1 1 0 1 1 0 1 1 1 0 0 1 0 1 1 0 0 1 
0 0 1 1 0 0 1 0 0 1 0 0 1 1 1 0 1 0 0 1 0 0 1 0 1 0 1 0 0 1 1 0 1 1 0 0 1 0 1 1 1 0 1 1 1 1 1 1 1 0 1 0 0 0 1 1 1 0 0 1 
1 1 1 0 0 1 0 1 1 1 1 0 0 1 1 0 1 1 0 1 1 1 0 0 0 1 0 1 0 0 1 1 1 0 1 0 0 0 1 0 0 1 1 0 1 0 1 1 0 1 0 1 0 0 1 0 0 0 1 0 
0 1 0 0 1 1 1 0 1 0 1 1 1 1 0 0 1 1 1 1 1 1 1 1 1 0 0 0 1 1 1 1 1 1 1 0 1 0 1 1 1 0 1 0 0 1 0 1 1 0 0 0 1 1 0 1 0 1 0 0 
1 0 0 0 1 1 1 0 1 0 0 0 1 1 1 0 1 0 0 0 0 1 1 1 1 0 1 1 1 0 1 1 1 1 1 1 0 1 0 1 0 0 1 1 1 0 1 1 0 1 1 1 1 0 1 0 0 1 1 1 
0 1 1 0 0 1 1 1 0 1 1 1 1 0 1 1 1 1 0 1 1 0 1 1 1 1 1 1 0 1 0 1 1 0 1 1 1 1 1 1 1 1 0 0 0 1 1 1 0 0 1 1 1 0 0 0 0 1 0 0 
0 1 1 0 1 0 1 1 1 1 0 1 1 1 1 0 0 1 1 1 1 0 0 1 1 0 1 1 1 1 1 1 0 1 1 1 1 0 1 1 0 0 1 1 0 1 1 1 1 1 0 0 0 0 1 1 1 0 1 1 
1 0 0 1 0 0 0 0 1 0 0 1 0 1 1 1 1 0 0 1 0 0 1 1 0 1 1 1 1 0 1 1 1 0 1 0 0 0 0 0 0 0 1 0 0 0 0 0 1 0 0 0 0 1 0 1 0 1 0 1 
0 0 1 0 1 1 1 1 1 1 1 1 1 0 1 1 1 1 1 0 0 1 1 1 1 1 1 1 0 1 0 1 0 1 1 1 1 1 1 0 1 1 0 1 1 0 1 1 1 0 1 1 1 0 0 1 0 1 1 0 

0 0 0 0 27 0 0 0 0 0 0 0 0 0 19 0 0 0 0 4 0 29 0 0 0 0 0 10 0 23 17 0 0 19 0 16 3 0 0 0 0 0 18 0 19 0 0 0 3 0 11 0 29 10 0 0 0 0 0 0 
0 0 0 0 0 0 0 0 0 0 0 0 0 0 0 0 21 0 0 0 0 11 0 0 0 0 0 16 0 6 16 0 0 0 0 3 6 0 0 2 0 0 0 0 0 0 0 0 0 0 3 0 0 30 0 0 0 0 0 24 
0 0 0 0 0 0 0 0 0 20 0 0 0 0 0 0 0 7 0 29 0 22 0 0 26 0 0 0 20 0 0 0 0 0 0 0 0 1 0 0 0 0 8 0 0 0 0 0 0 0 0 0 0 0 0 0 0 0 14 0 
0 2 0 0 0 6 25 0 7 0 0 0 0 0 0 0 0 0 0 0 0 0 0 0 0 0 0 23 0 0 0 0 0 0 0 9 0 0 0 27 0 0 0 24 0 14 25 0 0 0 0 0 2 24 4 5 0 0 0 0 
0 0 0 0 0 0 0 0 0 0 0 0 0 0 10 4 0 0 0 0 0 0 21 0 0 0 0 0 0 0 1 0 0 0 0 0 16 14 0 0 0 0 0 0 0 0 15 0 3 0 0 0 0 18 26 0 0 0 0 0 
0 0 29 0 23 0 0 5 0 0 0 0 0 0 0 0 8 0 0 10 7 0 17 0 0 0 0 0 0 0 0 0 0 0 0 0 0 0 0 0 0 0 0 0 0 0 0 0 0 0 0 0 1 2 0 21 0 1 0 28 
0 0 0 0 0 0 0 0 0 0 0 0 0 0 0 0 0 0 0 0 0 0 0 0 0 0 26 0 0 28 0 19 0 0 0 0 0 0 8 0 7 0 0 0 0 0 0 0 0 0 0 28 0 0 0 14 25 0 0 0 
19 0 0 0 0 20 0 0 0 6 0 0 0 0 0 0 0 0 0 0 16 0 0 0 0 0 0 0 0 0 0 0 0 0 0 0 0 12 0 0 0 0 0 0 0 0 0 7 0 11 0 0 0 0 0 0 0 0 0 0 
0 0 0 0 0 0 28 0 0 0 28 0 6 0 8 28 0 0 0 0 0 0 0 0 0 0 0 0 0 0 26 0 0 5 0 26 0 15 10 0 30 0 0 0 0 0 0 0 0 0 0 0 0 0 0 0 12 0 0 0 
0 2 0 10 21 0 0 0 0 0 0 0 0 0 26 0 0 0 0 0 0 0 0 0 0 0 0 4 30 18 0 0 11 0 0 0 0 0 0 0 0 0 20 0 0 0 0 0 0 0 5 0 0 0 0 0 0 0 0 25 
0 0 0 20 0 0 0 0 0 0 0 0 0 9 0 0 9 0 22 0 0 0 0 0 0 0 0 0 0 0 0 0 0 27 0 0 0 0 12 0 1 0 0 0 0 14 0 0 0 0 0 11 0 0 0 0 0 19 0 0 
0 0 0 0 0 6 0 28 0 0 0 0 0 0 29 0 0 0 24 0 21 27 0 1 0 0 0 3 0 28 24 0 0 0 0 0 24 0 0 0 0 0 0 31 0 0 9 0 0 12 0 0 0 0 0 0 0 0 0 0 
0 11 0 0 0 26 5 1 0 0 26 23 0 0 27 0 0 0 0 0 4 0 0 0 0 11 0 0 0 0 0 0 8 0 0 10 5 0 0 10 0 19 1 0 27 0 0 0 0 0 0 0 0 21 0 0 0 0 0 0 
0 0 12 0 1 0 11 0 0 0 25 0 0 0 0 0 0 0 0 0 0 0 0 0 26 0 0 0 6 0 0 0 0 0 0 0 0 0 0 9 11 0 0 18 0 0 23 0 0 27 2 0 0 0 0 0 0 0 0 0 
0 0 3 0 2 0 0 0 0 0 0 0 0 0 0 0 0 0 0 0 0 0 20 0 0 22 0 0 0 0 0 0 0 0 0 0 0 13 0 0 28 0 0 0 0 0 0 0 0 0 0 0 0 13 0 0 11 0 0 0 
0 0 0 25 0 0 0 0 0 0 14 0 0 0 0 0 0 0 0 0 0 0 0 0 0 0 0 2 4 0 0 0 4 0 0 0 27 2 21 0 0 0 0 0 0 29 0 0 0 0 0 0 0 1 0 15 0 0 0 0 
0 0 0 17 0 27 22 0 0 0 0 0 0 0 0 0 0 12 0 0 0 0 0 18 4 17 0 0 0 0 0 0 0 0 0 3 0 0 0 0 0 0 0 21 0 17 0 0 0 0 0 0 0 0 0 0 1 0 0 0 
0 0 1 0 0 0 0 0 0 0 0 0 15 0 0 21 0 0 0 0 0 0 0 0 0 0 0 0 0 0 0 2 13 0 17 14 0 0 0 0 0 0 0 0 19 0 0 0 24 0 0 0 0 3 21 22 0 2 0 0 
0 0 0 10 0 0 0 0 0 29 0 0 0 0 0 0 0 0 0 0 0 0 0 0 0 0 0 21 0 0 0 0 0 0 0 0 18 0 0 0 0 0 0 0 0 0 0 0 0 0 2 0 0 0 0 0 0 0 0 0 
0 0 0 0 29 0 23 0 0 0 0 0 0 0 0 0 5 0 25 0 15 0 0 0 0 0 4 21 0 0 0 23 0 0 0 12 4 0 0 0 0 22 0 19 0 0 0 0 0 0 0 22 0 18 29 3 0 19 0 0 
0 19 0 26 0 0 23 0 0 0 0 6 0 0 1 27 0 0 0 5 0 0 0 0 0 0 0 0 0 29 0 25 0 0 0 28 0 5 0 0 0 0 11 0 0 0 0 0 0 0 0 23 0 0 0 0 0 18 0 0 
0 0 9 0 15 0 0 0 0 15 0 0 0 0 9 0 0 21 0 0 0 0 0 0 0 0 10 0 0 18 0 0 0 0 0 0 0 18 0 0 0 0 0 0 9 0 0 0 0 0 0 0 0 0 0 5 0 0 31 2 
0 0 16 0 0 0 0 0 22 0 0 0 0 0 0 0 8 0 19 0 0 0 0 0 16 0 13 0 0 0 0 30 0 0 0 29 0 6 0 0 0 21 0 0 0 9 0 0 0 0 0 0 0 0 0 0 0 0 0 0 
13 0 0 28 0 0 28 0 2 20 0 25 2 0 13 0 0 0 0 0 0 0 0 0 0 28 0 0 0 0 0 12 0 0 27 0 0 0 0 0 0 0 9 27 0 0 0 3 0 0 10 0 21 0 0 18 0 0 0 19 
0 0 0 0 0 0 0 0 0 0 0 0 0 0 0 0 0 0 16 20 0 0 23 12 0 0 0 11 0 0 0 0 0 0 0 0 0 7 9 0 0 11 0 0 0 27 2 28 0 0 0 0 0 0 0 19 0 0 0 0 
0 0 29 0 0 0 0 0 0 0 0 0 0 0 0 0 0 0 14 0 0 0 0 0 0 0 0 0 0 0 0 0 1 0 27 23 0 0 25 0 0 0 0 0 3 0 0 0 0 0 0 0 0 0 0 0 0 0 12 0 
9 0 23 0 0 21 0 0 28 0 0 0 0 6 0 0 2 0 7 28 6 0 0 0 0 0 0 0 0 0 26 0 0 0 2 0 0 0 5 0 0 0 0 0 5 0 0 6 0 0 0 0 0 0 0 0 0 0 0 0 
0 0 0 0 8 0 0 24 0 8 0 0 2 22 27 0 0 0 0 0 0 0 9 0 0 0 0 0 0 2 0 0 0 0 0 0 0 0 0 0 0 0 0 0 0 0 10 0 0 0 0 0 0 0 23 0 0 0 0 0 
0 0 0 0 0 0 0 0 0 0 0 16 18 0 0 0 0 0 0 0 7 0 0 0 0 0 0 0 0 0 0 0 15 0 0 0 0 7 0 0 0 0 0 0 0 0 0 21 0 0 0 0 0 16 0 0 0 0 26 0 
23 3 0 0 0 0 24 0 0 0 1 0 0 30 0 0 0 26 0 0 0 0 0 25 0 0 0 0 0 0 0 23 0 0 0 0 0 0 0 0 0 0 0 0 9 0 0 0 0 0 25 0 0 7 0 0 0 0 0 0 
0 0 0 0 0 0 0 25 0 12 0 24 0 0 0 24 0 0 0 0 0 0 0 0 0 0 0 0 0 24 0 0 0 0 0 4 19 0 0 0 0 0 0 0 0 0 0 22 0 18 0 0 0 0 0 0 0 0 1 0 
4 0 0 0 0 0 0 0 23 0 0 0 0 0 0 0 27 0 0 11 0 0 17 0 0 0 0 0 0 0 15 0 26 24 0 0 0 0 0 0 0 0 0 0 0 0 0 0 0 0 0 0 0 0 0 1 0 0 0 0 
0 0 26 11 0 0 0 0 0 0 20 0 0 0 0 18 0 0 23 0 0 0 0 0 0 0 4 0 22 25 0 0 0 0 0 0 0 0 0 0 0 0 0 27 13 0 0 0 28 0 0 0 2 0 17 11 1 0 0 0 
0 0 0 0 6 0 0 0 0 0 0 0 0 0 0 0 27 0 0 0 0 0 7 0 24 0 0 0 19 13 14 0 0 0 0 0 29 0 0 0 0 0 0 0 0 0 12 0 0 0 0 28 0 0 0 0 0 0 0 0 
0 0 0 0 22 0 10 0 20 0 0 0 0 0 0 27 25 0 20 1 0 0 22 25 0 0 4 0 0 0 0 0 0 0 0 0 0 0 0 0 11 0 0 0 0 20 7 0 3 27 0 0 0 10 0 0 0 2 18 0 
0 10 0 28 1 16 0 0 0 0 0 0 0 0 17 0 0 0 0 0 5 0 19 0 28 15 0 0 0 0 0 0 0 0 0 0 0 0 0 0 0 0 0 0 0 0 0 0 0 4 0 0 3 18 0 29 0 0 20 0 
0 0 0 29 0 0 0 0 0 0 0 14 13 0 4 0 29 1 0 0 0 29 0 30 0 0 0 0 0 0 0 0 0 0 0 0 0 0 8 29 0 0 0 0 14 0 0 0 0 0 4 0 0 22 25 0 0 0 0 6 
3 0 0 0 0 0 24 0 0 0 0 0 0 0 0 2 0 0 0 0 0 25 0 0 0 25 0 0 5 0 0 18 0 19 0 23 0 0 0 0 0 6 0 0 0 0 0 0 0 0 0 0 0 0 24 0 8 10 0 0 
15 3 1 0 0 0 0 1 4 0 0 1 0 0 0 0 0 0 0 26 0 0 10 0 0 0 0 0 0 0 0 0 1 0 0 0 28 0 0 0 0 0 0 0 0 0 0 0 0 12 0 0 0 0 14 8 6 0 0 0 
0 0 0 0 0 0 0 0 0 0 0 0 0 0 4 0 0 0 15 0 0 0 0 0 2 0 0 0 0 0 0 0 0 17 0 0 0 0 0 0 0 0 22 0 0 0 0 0 0 0 27 0 0 0 0 0 1 1 0 0 
7 0 21 18 0 0 13 0 0 0 0 0 0 0 0 0 18 0 0 0 0 23 0 0 0 4 0 31 0 0 0 0 0 27 0 0 0 0 18 0 0 0 28 0 0 0 0 0 0 0 0 1 0 0 0 0 0 0 0 3 
0 0 0 29 0 0 0 11 0 0 0 0 0 28 1 9 0 0 0 0 0 12 0 0 15 0 0 0 0 0 0 0 0 2 0 0 3 29 0 0 0 0 18 0 0 0 3 0 0 0 0 13 0 0 0 0 0 4 0 0 
0 0 0 0 0 0 0 0 0 0 0 0 13 0 0 0 7 0 0 0 0 0 0 0 20 0 0 0 0 9 0 0 0 0 0 0 0 0 0 0 1 0 0 12 0 0 0 0 0 16 2 0 14 0 0 0 0 26 23 17 
0 0 24 25 22 20 0 0 28 0 0 0 0 0 0 0 0 0 0 0 0 2 0 0 0 0 0 0 17 0 0 0 15 0 19 0 0 0 0 0 0 0 0 0 0 15 0 0 0 2 0 0 0 0 0 0 0 0 13 0 
0 0 0 0 0 8 0 7 0 0 0 0 23 0 0 0 0 0 0 0 0 0 0 0 1 4 0 0 0 0 0 0 0 27 14 8 0 1 0 0 0 0 28 0 0 11 0 30 0 0 0 0 0 0 0 0 0 0 0 0 
25 3 0 0 8 0 0 0 0 0 31 17 0 1 4 0 9 0 0 26 0 0 0 0 0 0 19 0 0 0 30 1 0 0 0 0 0 0 0 0 0 0 0 0 23 0 0 0 0 0 0 0 0 0 0 0 28 21 0 0 
0 0 0 0 0 0 0 0 0 0 0 0 0 0 0 0 0 0 0 0 0 2 0 0 0 0 0 0 0 0 0 0 0 0 24 4 0 0 24 0 12 0 0 14 0 0 0 0 0 0 0 0 0 0 0 0 0 0 31 0 
0 0 0 0 0 0 0 0 0 4 0 0 26 0 0 0 0 0 0 0 0 0 0 0 0 17 6 0 16 0 0 0 0 0 0 0 0 0 23 0 0 0 0 23 0 0 0 0 0 0 14 0 1 0 0 0 0 8 0 0 
0 0 0 0 0 0 0 4 0 0 0 0 0 0 0 0 0 0 0 11 0 0 0 0 0 0 0 0 0 0 6 0 0 0 0 0 0 22 0 0 0 0 0 0 0 0 0 0 0 0 0 0 14 0 0 0 0 0 0 0 
0 0 0 4 0 0 0 0 0 14 0 0 3 0 0 0 0 0 29 0 0 21 0 0 9 0 0 0 0 0 28 25 0 0 0 0 0 0 17 0 0 0 0 0 0 0 0 0 0 0 0 19 0 0 0 0 0 2 0 0 
0 0 0 0 0 0 20 0 23 0 0 0 0 20 30 30 0 0 0 0 0 0 0 0 0 0 0 0 30 0 0 0 0 0 17 0 0 11 0 0 0 0 0 0 0 0 0 27 0 0 0 29 0 2 24 0 0 0 0 0 
0 0 0 0 0 0 0 0 0 0 2 0 0 0 0 11 0 0 28 1 0 0 0 3 0 0 0 0 0 0 0 8 0 29 0 0 22 0 0 3 0 0 0 13 0 0 29 0 0 0 0 0 0 0 0 0 0 0 0 0 
0 0 0 30 0 26 0 0 0 0 10 0 0 16 0 0 0 21 0 6 0 0 0 0 0 0 0 7 0 0 0 0 0 24 0 0 4 0 0 0 0 0 0 11 0 0 0 0 0 0 0 0 0 0 0 0 0 18 0 0 
0 0 0 26 0 0 3 26 0 0 0 0 0 3 0 0 0 0 0 13 0 0 0 0 0 0 8 10 0 0 0 0 0 0 0 0 0 0 0 0 0 0 0 0 0 0 0 0 0 0 2 28 0 0 0 0 0 22 0 0 
0 3 0 0 0 0 0 0 0 21 0 0 18 6 0 0 0 0 19 0 0 0 0 0 0 0 0 0 0 0 0 0 0 0 1 0 0 29 0 0 0 0 20 0 0 0 0 0 0 0 0 0 0 0 0 0 0 0 0 0 
29 0 0 16 0 0 0 0 11 21 29 0 0 0 13 0 0 9 0 0 24 0 23 0 0 0 0 7 0 0 28 0 18 0 0 0 0 0 0 0 0 0 17 0 15 0 12 0 0 15 0 0 0 0 0 0 0 0 0 0 
0 0 0 23 0 0 0 0 0 0 26 31 25 0 2 0 0 0 0 0 0 0 0 0 0 0 0 0 0 0 0 0 0 0 0 0 0 13 0 0 0 0 0 13 0 0 0 22 16 0 9 0 0 0 0 0 0 0 0 0 
0 1 0 1 0 0 0 0 0 17 0 0 0 0 29 0 0 0 0 0 0 0 0 0 0 0 0 0 0 0 0 6 0 0 0 0 0 0 0 0 0 10 5 0 0 11 0 0 0 0 0 18 0 0 0 0 0 0 0 0 
17 0 0 0 0 0 0 0 0 0 0 0 0 0 0 0 0 0 0 0 0 0 0 0 0 0 0 0 16 0 0 9 0 24 0 0 27 0 13 0 0 11 0 0 0 0 0 0 20 0 0 0 0 0 0 24 0 14 0 0 
0 28 0 0 0 0 0 21 0 0 0 5 0 0 0 27 19 0 0 0 0 0 0 0 0 18 10 0 27 3 0 0 0 0 0 29 0 0 0 0 0 7 14 0 0 0 0 0 0 0 0 0 0 0 0 0 0 0 0 0 
