60

0 1 1 1 1 1 1 1 1 1 1 1 1 1 1 0 1 1 1 1 0 1 1 1 1 0 1 1 1 1 1 1 1 1 1 1 1 1 1 1 1 1 1 1 0 1 1 1 1 1 1 1 1 1 1 1 1 1 1 1 
1 0 1 1 1 1 1 1 1 0 1 1 1 1 1 1 1 1 1 1 1 1 1 1 1 1 0 1 1 1 1 1 1 1 1 1 1 1 1 0 1 0 1 1 1 1 1 1 1 1 1 1 1 1 1 1 1 1 1 1 
1 1 0 1 1 1 0 1 1 1 1 1 1 1 1 1 1 1 1 1 1 1 1 1 1 1 1 1 1 1 1 1 1 1 1 1 0 1 1 1 1 1 1 1 0 1 0 0 1 0 1 1 0 1 1 1 1 1 1 1 
1 1 1 0 1 1 1 1 1 1 1 1 1 1 1 1 1 1 1 1 1 1 1 1 1 1 1 1 1 1 1 1 1 1 1 1 1 1 1 1 1 0 1 1 0 1 1 1 1 1 1 1 0 1 1 1 0 1 1 1 
1 1 1 1 0 1 1 1 0 1 1 1 1 1 1 1 1 1 1 1 1 1 1 1 1 1 1 1 1 1 1 1 1 1 1 1 0 1 0 1 1 1 1 1 1 0 1 1 1 1 1 1 1 1 1 1 1 1 1 1 
1 1 1 1 1 0 1 1 1 1 1 1 1 1 1 0 1 1 1 1 1 1 1 1 1 1 1 1 0 0 1 1 1 0 1 1 1 1 1 1 1 1 1 0 1 1 1 1 1 1 1 1 1 1 1 1 1 0 1 1 
1 1 0 1 1 1 0 1 1 1 0 0 1 1 1 1 1 1 1 1 1 1 1 1 1 1 1 1 1 0 1 1 1 1 1 1 1 1 1 1 1 1 1 1 1 1 1 1 1 1 1 1 1 1 1 0 1 1 1 1 
1 1 1 1 1 1 1 0 0 1 1 1 0 1 1 1 1 1 1 1 0 1 1 1 1 1 1 1 1 1 1 0 1 1 1 1 1 1 1 0 1 1 1 1 1 1 1 1 1 1 0 1 1 1 0 0 1 0 1 0 
1 1 1 1 0 1 1 0 0 0 1 1 1 1 1 1 1 1 1 1 1 1 1 1 0 1 0 1 1 1 1 1 1 0 1 1 0 1 1 1 1 1 1 1 1 1 1 1 1 1 1 1 1 1 1 0 1 1 0 1 
1 0 1 1 1 1 1 1 0 0 1 1 1 1 1 1 1 1 1 1 1 1 1 1 1 1 1 1 1 1 1 1 1 1 1 0 1 1 1 1 1 1 1 1 0 1 1 1 1 1 1 1 1 1 1 1 1 0 1 0 
1 1 1 1 1 1 0 1 1 1 0 1 1 1 1 1 1 1 1 1 0 1 0 1 1 1 1 1 1 1 1 1 1 1 1 1 1 1 1 1 0 1 1 1 1 0 0 1 1 1 1 1 1 1 1 1 1 1 1 1 
1 1 1 1 1 1 0 1 1 1 1 0 1 0 1 0 1 1 1 0 1 0 1 1 1 1 1 1 1 1 1 1 1 1 1 1 1 1 1 1 1 1 1 1 1 1 1 0 1 1 1 1 1 1 0 1 1 1 0 1 
1 1 1 1 1 1 1 0 1 1 1 1 0 1 1 0 1 1 1 1 1 1 0 1 1 1 1 1 1 1 1 1 1 1 1 1 1 1 1 1 1 1 1 1 1 1 1 1 1 1 1 1 1 1 1 1 0 1 1 1 
1 1 1 1 1 1 1 1 1 1 1 0 1 0 1 1 1 1 1 1 1 0 1 1 1 0 1 1 1 1 1 1 1 1 1 1 0 1 1 1 1 1 1 1 1 1 1 0 0 1 1 1 1 1 1 1 1 1 1 1 
1 1 1 1 1 1 1 1 1 1 1 1 1 1 0 1 1 1 1 1 1 1 1 1 1 1 1 1 1 1 1 0 0 1 1 1 1 1 1 1 1 1 1 1 1 1 1 1 1 1 1 1 1 1 1 1 0 1 1 1 
0 1 1 1 1 0 1 1 1 1 1 0 0 1 1 0 1 1 0 1 1 1 0 1 1 1 1 1 1 1 0 1 1 1 1 1 1 1 1 1 1 1 1 1 1 1 1 1 1 1 1 1 0 1 1 1 1 1 1 1 
1 1 1 1 1 1 1 1 1 1 1 1 1 1 1 1 0 1 1 0 1 1 1 1 1 1 1 1 1 1 0 1 1 1 1 1 1 1 1 0 1 1 1 1 1 1 1 1 1 0 0 0 1 1 0 1 1 0 1 1 
1 1 1 1 1 1 1 1 1 1 1 1 1 1 1 1 1 0 1 1 1 1 1 1 1 1 1 1 1 1 1 1 1 1 1 1 1 1 1 1 1 1 1 1 1 0 1 1 1 1 1 1 1 1 1 1 1 1 0 1 
1 1 1 1 1 1 1 1 1 1 1 1 1 1 1 0 1 1 0 0 1 1 1 1 1 0 1 1 1 1 0 1 1 1 1 1 1 1 1 1 1 0 1 1 1 1 1 1 1 1 1 1 1 1 1 1 1 1 1 1 
1 1 1 1 1 1 1 1 1 1 1 0 1 1 1 1 0 1 0 0 1 1 1 1 1 0 0 1 1 1 1 1 1 0 0 1 1 1 0 1 1 0 1 1 1 1 0 1 0 1 0 1 1 1 1 1 0 1 0 1 
0 1 1 1 1 1 1 0 1 1 0 1 1 1 1 1 1 1 1 1 0 1 1 1 1 1 1 1 1 1 1 1 1 1 1 1 0 0 1 1 1 1 0 1 1 1 1 1 1 1 1 1 1 1 1 1 1 1 1 1 
1 1 1 1 1 1 1 1 1 1 1 0 1 0 1 1 1 1 1 1 1 0 1 1 1 0 1 1 1 1 1 1 1 1 1 1 1 1 1 1 1 1 1 1 1 1 1 0 0 1 1 1 1 1 1 1 1 0 1 1 
1 1 1 1 1 1 1 1 1 1 0 1 0 1 1 0 1 1 1 1 1 1 0 0 1 1 1 0 1 1 1 1 0 1 1 1 1 1 1 1 1 1 0 1 1 1 1 1 1 1 1 1 1 0 1 1 1 1 1 1 
1 1 1 1 1 1 1 1 1 1 1 1 1 1 1 1 1 1 1 1 1 1 0 0 1 1 1 0 1 1 1 1 1 1 1 1 1 1 1 1 1 1 1 0 1 1 1 1 1 1 0 1 1 1 1 1 1 1 1 1 
1 1 1 1 1 1 1 1 0 1 1 1 1 1 1 1 1 1 1 1 1 1 1 1 0 0 1 1 1 1 0 1 1 1 1 1 1 1 1 1 1 1 1 1 1 1 0 1 1 1 1 0 1 1 1 1 1 0 1 1 
0 1 1 1 1 1 1 1 1 1 1 1 1 0 1 1 1 1 0 0 1 0 1 1 0 0 1 1 1 1 0 1 1 1 1 1 1 1 1 1 1 1 1 1 1 1 0 1 0 1 1 1 1 1 1 1 1 0 1 1 
1 0 1 1 1 1 1 1 0 1 1 1 1 1 1 1 1 1 1 0 1 1 1 1 1 1 0 1 1 1 1 1 1 1 1 1 1 1 1 1 1 1 1 1 1 0 1 1 0 1 1 1 1 1 1 0 1 0 1 0 
1 1 1 1 1 1 1 1 1 1 1 1 1 1 1 1 1 1 1 1 1 1 0 0 1 1 1 0 1 1 1 1 1 1 1 1 1 1 1 1 1 1 0 0 1 0 1 1 1 1 1 1 1 1 1 1 1 1 1 1 
1 1 1 1 1 0 1 1 1 1 1 1 1 1 1 1 1 1 1 1 1 1 1 1 1 1 1 1 0 1 1 1 1 1 1 0 1 1 1 1 1 0 1 1 1 0 1 1 1 1 1 1 1 1 1 1 1 1 1 1 
1 1 1 1 1 0 0 1 1 1 1 1 1 1 1 1 1 1 1 1 1 1 1 1 1 1 1 1 1 0 1 1 0 1 1 1 1 1 1 1 1 1 1 1 1 1 1 0 0 1 1 1 1 1 1 1 1 1 1 1 
1 1 1 1 1 1 1 1 1 1 1 1 1 1 1 0 0 1 0 1 1 1 1 1 0 0 1 1 1 1 0 1 1 1 1 1 1 1 1 1 1 1 1 1 1 1 1 1 1 1 1 1 1 0 1 1 1 1 1 1 
1 1 1 1 1 1 1 0 1 1 1 1 1 1 0 1 1 1 1 1 1 1 1 1 1 1 1 1 1 1 1 0 1 1 1 1 1 1 1 1 1 1 1 1 1 1 1 1 1 1 1 1 1 1 1 1 1 1 0 1 
1 1 1 1 1 1 1 1 1 1 1 1 1 1 0 1 1 1 1 1 1 1 0 1 1 1 1 1 1 0 1 1 0 1 1 1 1 1 1 1 1 1 1 0 1 1 1 1 1 1 1 1 1 1 1 1 1 1 1 1 
1 1 1 1 1 0 1 1 0 1 1 1 1 1 1 1 1 1 1 0 1 1 1 1 1 1 1 1 1 1 1 1 1 0 1 1 1 1 0 1 1 1 1 1 1 1 1 1 1 1 0 1 1 1 1 1 0 1 0 1 
1 1 1 1 1 1 1 1 1 1 1 1 1 1 1 1 1 1 1 0 1 1 1 1 1 1 1 1 1 1 1 1 1 1 0 1 1 1 1 1 1 1 1 0 1 1 1 1 1 1 1 1 0 1 1 1 1 1 1 1 
1 1 1 1 1 1 1 1 1 0 1 1 1 1 1 1 1 1 1 1 1 1 1 1 1 1 1 1 0 1 1 1 1 1 1 0 1 1 1 1 1 1 1 1 0 0 1 0 1 1 1 1 0 1 1 1 1 1 1 1 
1 1 0 1 0 1 1 1 0 1 1 1 1 0 1 1 1 1 1 1 0 1 1 1 1 1 1 1 1 1 1 1 1 1 1 1 0 1 1 0 1 1 1 1 1 1 1 1 0 1 1 1 0 1 1 1 1 1 1 1 
1 1 1 1 1 1 1 1 1 1 1 1 1 1 1 1 1 1 1 1 0 1 1 1 1 1 1 1 1 1 1 1 1 1 1 1 1 0 1 0 1 1 1 1 0 1 1 1 1 1 1 1 1 1 1 0 1 1 1 1 
1 1 1 1 0 1 1 1 1 1 1 1 1 1 1 1 1 1 1 0 1 1 1 1 1 1 1 1 1 1 1 1 1 0 1 1 1 1 0 1 1 1 1 0 1 1 1 1 1 1 1 1 1 1 1 1 0 1 1 1 
1 0 1 1 1 1 1 0 1 1 1 1 1 1 1 1 0 1 1 1 1 1 1 1 1 1 1 1 1 1 1 1 1 1 1 1 0 0 1 0 1 1 1 1 1 1 1 1 1 1 1 1 1 1 1 1 1 1 1 1 
1 1 1 1 1 1 1 1 1 1 0 1 1 1 1 1 1 1 1 1 1 1 1 1 1 1 1 1 1 1 1 1 1 1 1 1 1 1 1 1 0 1 1 1 1 0 1 1 1 1 1 1 1 1 1 1 1 0 0 1 
1 0 1 0 1 1 1 1 1 1 1 1 1 1 1 1 1 1 0 0 1 1 1 1 1 1 1 1 0 1 1 1 1 1 1 1 1 1 1 1 1 0 1 0 1 1 1 1 1 0 0 1 1 1 1 1 1 1 0 1 
1 1 1 1 1 1 1 1 1 1 1 1 1 1 1 1 1 1 1 1 0 1 0 1 1 1 1 0 1 1 1 1 1 1 1 1 1 1 1 1 1 1 0 1 1 1 1 1 1 1 1 1 1 1 1 1 0 1 0 0 
1 1 1 1 1 0 1 1 1 1 1 1 1 1 1 1 1 1 1 1 1 1 1 0 1 1 1 0 1 1 1 1 0 1 0 1 1 1 0 1 1 0 1 0 0 1 1 1 1 1 1 1 1 1 1 1 1 0 1 1 
0 1 0 0 1 1 1 1 1 0 1 1 1 1 1 1 1 1 1 1 1 1 1 1 1 1 1 1 1 1 1 1 1 1 1 0 1 0 1 1 1 1 1 0 0 1 1 1 1 1 1 1 1 1 1 1 1 1 1 1 
1 1 1 1 0 1 1 1 1 1 0 1 1 1 1 1 1 0 1 1 1 1 1 1 1 1 0 0 0 1 1 1 1 1 1 0 1 1 1 1 0 1 1 1 1 0 1 1 1 1 1 1 1 1 1 1 1 1 1 1 
1 1 0 1 1 1 1 1 1 1 0 1 1 1 1 1 1 1 1 0 1 1 1 1 0 0 1 1 1 1 1 1 1 1 1 1 1 1 1 1 1 1 1 1 1 1 0 1 1 1 1 1 1 1 0 1 1 1 1 0 
1 1 0 1 1 1 1 1 1 1 1 0 1 0 1 1 1 1 1 1 1 0 1 1 1 1 1 1 1 0 1 1 1 1 1 0 1 1 1 1 1 1 1 1 1 1 1 0 1 1 1 1 1 0 1 1 1 1 1 1 
1 1 1 1 1 1 1 1 1 1 1 1 1 0 1 1 1 1 1 0 1 0 1 1 1 0 0 1 1 0 1 1 1 1 1 1 0 1 1 1 1 1 1 1 1 1 1 1 0 1 1 1 0 1 1 1 1 1 1 1 
1 1 0 1 1 1 1 1 1 1 1 1 1 1 1 1 0 1 1 1 1 1 1 1 1 1 1 1 1 1 1 1 1 1 1 1 1 1 1 1 1 0 1 1 1 1 1 1 1 0 1 1 1 1 0 1 0 1 1 1 
1 1 1 1 1 1 1 0 1 1 1 1 1 1 1 1 0 1 1 0 1 1 1 0 1 1 1 1 1 1 1 1 1 0 1 1 1 1 1 1 1 0 1 1 1 1 1 1 1 1 0 1 1 1 1 1 1 1 1 1 
1 1 1 1 1 1 1 1 1 1 1 1 1 1 1 1 0 1 1 1 1 1 1 1 0 1 1 1 1 1 1 1 1 1 1 1 1 1 1 1 1 1 1 1 1 1 1 1 1 1 1 0 1 1 1 1 1 1 1 0 
1 1 0 0 1 1 1 1 1 1 1 1 1 1 1 0 1 1 1 1 1 1 1 1 1 1 1 1 1 1 1 1 1 1 0 0 0 1 1 1 1 1 1 1 1 1 1 1 0 1 1 1 0 1 1 1 1 1 1 1 
1 1 1 1 1 1 1 1 1 1 1 1 1 1 1 1 1 1 1 1 1 1 0 1 1 1 1 1 1 1 0 1 1 1 1 1 1 1 1 1 1 1 1 1 1 1 1 0 1 1 1 1 1 0 1 1 1 0 1 1 
1 1 1 1 1 1 1 0 1 1 1 0 1 1 1 1 0 1 1 1 1 1 1 1 1 1 1 1 1 1 1 1 1 1 1 1 1 1 1 1 1 1 1 1 1 1 0 1 1 0 1 1 1 1 0 1 1 1 1 1 
1 1 1 1 1 1 0 0 0 1 1 1 1 1 1 1 1 1 1 1 1 1 1 1 1 1 0 1 1 1 1 1 1 1 1 1 1 0 1 1 1 1 1 1 1 1 1 1 1 1 1 1 1 1 1 0 1 1 1 1 
1 1 1 0 1 1 1 1 1 1 1 1 0 1 0 1 1 1 1 0 1 1 1 1 1 1 1 1 1 1 1 1 1 0 1 1 1 1 0 1 1 1 0 1 1 1 1 1 1 0 1 1 1 1 1 1 0 1 1 1 
1 1 1 1 1 0 1 0 1 0 1 1 1 1 1 1 0 1 1 1 1 0 1 1 0 0 0 1 1 1 1 1 1 1 1 1 1 1 1 1 0 1 1 0 1 1 1 1 1 1 1 1 1 0 1 1 1 0 1 1 
1 1 1 1 1 1 1 1 0 1 1 0 1 1 1 1 1 0 1 0 1 1 1 1 1 1 1 1 1 1 1 0 1 0 1 1 1 1 1 1 0 0 0 1 1 1 1 1 1 1 1 1 1 1 1 1 1 1 0 1 
1 1 1 1 1 1 1 0 1 0 1 1 1 1 1 1 1 1 1 1 1 1 1 1 1 1 0 1 1 1 1 1 1 1 1 1 1 1 1 1 1 1 0 1 1 1 0 1 1 1 1 0 1 1 1 1 1 1 1 0 

0 0 11 0 0 22 0 6 0 5 0 0 0 0 0 0 14 23 0 0 0 0 0 0 0 0 0 0 0 0 0 0 0 0 0 0 0 0 25 0 0 0 0 0 0 13 0 0 9 0 0 0 0 0 0 0 13 0 0 0 
0 0 0 0 0 0 0 0 0 0 0 27 0 0 0 0 0 0 0 23 0 0 0 0 0 0 0 0 0 0 2 0 0 23 0 0 0 0 0 0 0 0 0 0 0 0 3 0 13 0 0 20 0 7 0 0 0 0 0 0 
0 0 0 7 0 21 0 1 0 0 0 0 0 0 0 0 0 0 0 0 29 0 0 29 14 0 0 6 0 0 0 0 0 0 29 0 0 0 6 0 19 0 0 0 0 0 0 1 0 3 0 0 26 0 4 0 0 0 0 20 
0 0 15 0 0 0 0 0 0 0 0 0 0 0 0 0 23 0 0 0 19 0 22 0 0 0 0 0 0 0 19 0 0 0 0 0 0 0 0 0 0 0 0 0 24 30 0 28 0 18 0 0 10 0 0 0 0 0 0 0 
0 0 0 0 0 14 7 0 0 6 0 0 0 0 0 30 0 0 0 0 16 0 0 0 0 0 0 25 27 0 0 0 0 0 0 0 0 0 0 0 0 0 0 0 0 0 19 0 0 0 0 4 0 13 0 0 0 0 0 0 
0 21 8 0 0 0 0 0 0 21 0 0 0 0 0 0 0 0 0 12 0 0 0 0 0 0 0 0 0 24 0 17 25 0 0 0 0 0 0 0 0 0 0 0 0 0 0 29 0 0 0 13 0 0 9 0 0 0 0 8 
0 0 0 0 11 0 0 0 0 0 0 0 4 0 16 0 0 0 0 0 0 0 0 0 0 0 0 0 0 0 0 0 21 0 0 2 0 0 0 27 0 0 0 0 0 0 0 29 0 0 0 0 0 0 0 0 0 0 0 0 
2 0 0 0 0 0 0 0 0 0 0 0 0 0 0 0 0 0 0 21 0 0 0 0 0 0 0 0 0 0 0 0 0 0 0 0 0 13 0 29 0 0 3 10 28 0 0 10 0 0 16 1 0 0 0 12 0 0 17 0 
21 26 0 0 0 3 2 0 0 31 0 0 0 0 0 0 0 0 0 3 0 25 0 0 0 0 5 0 30 0 0 0 0 29 0 0 0 0 0 0 32 0 0 0 12 0 0 0 0 0 0 0 0 0 0 0 0 0 0 0 
0 0 28 13 0 17 6 0 0 0 0 22 0 21 0 19 0 4 23 0 21 0 0 0 0 22 31 0 0 0 0 0 0 0 0 0 0 0 0 13 0 0 0 0 0 0 0 0 0 0 0 0 0 20 0 0 0 0 0 0 
1 0 0 0 0 0 0 0 0 0 0 0 18 0 27 0 0 17 0 0 0 0 6 3 25 0 0 0 0 0 1 0 0 10 0 24 0 0 0 0 0 0 0 0 0 0 23 0 0 0 0 2 0 0 0 27 0 0 0 0 
0 0 0 8 0 0 0 16 0 0 23 0 0 0 0 0 0 0 0 0 0 0 0 0 4 0 19 0 0 0 0 0 0 0 0 0 0 0 6 0 0 1 0 0 15 0 0 0 0 1 0 22 0 2 7 0 0 0 0 0 
9 0 0 0 0 0 0 0 0 10 0 0 0 13 0 0 21 0 10 0 0 0 0 0 21 0 0 0 0 1 29 0 31 0 0 13 2 0 0 0 25 0 0 0 0 0 0 0 0 0 0 0 0 15 0 0 0 0 0 0 
0 25 0 8 0 14 0 0 0 0 18 0 0 0 0 0 0 0 0 16 0 0 0 0 0 0 12 0 0 0 0 0 0 0 0 0 26 0 0 27 0 0 14 0 0 0 0 0 0 0 0 0 0 0 0 0 0 0 0 23 
0 0 0 2 0 15 0 0 0 0 0 23 0 0 0 0 30 0 0 11 18 0 23 27 10 0 0 0 0 2 0 0 22 0 0 0 0 0 0 3 0 0 0 0 0 0 0 0 0 0 0 0 0 1 0 0 0 1 0 0 
0 28 0 0 0 0 0 24 0 0 0 29 0 0 0 0 27 18 6 0 12 26 14 0 0 22 0 0 7 0 0 26 0 21 0 0 0 22 0 25 0 0 0 0 23 0 0 0 0 0 0 7 0 0 16 0 0 0 0 0 
0 0 0 0 0 0 0 0 0 0 0 0 0 0 0 9 0 0 0 0 0 0 0 0 0 25 0 0 0 0 20 0 0 0 0 0 0 0 21 0 9 4 0 0 0 13 0 11 17 30 0 16 22 0 0 0 29 0 0 22 
0 0 2 5 0 0 0 0 10 10 0 0 8 0 0 0 30 0 0 0 0 0 24 0 0 0 0 14 8 2 0 0 18 0 0 0 0 0 0 0 11 0 0 12 0 0 0 0 0 0 0 0 15 0 0 2 0 1 0 0 
0 0 30 0 0 0 0 0 0 0 17 0 0 0 9 0 0 0 0 0 0 0 0 0 0 23 0 0 0 2 0 0 0 0 0 0 0 0 7 0 0 0 26 28 0 0 0 0 0 28 0 0 0 0 0 0 0 0 0 0 
0 0 0 0 24 0 0 0 11 0 0 0 0 0 0 10 0 0 0 0 0 0 0 0 0 0 0 0 4 0 0 0 0 0 0 0 0 0 22 0 0 1 0 0 0 0 0 0 6 0 0 0 0 0 0 0 0 0 0 0 
0 0 0 0 0 0 6 0 0 22 0 0 0 0 0 0 0 0 0 0 0 0 0 0 0 17 25 0 2 0 0 0 6 0 0 0 0 0 0 0 0 0 0 0 0 0 28 0 0 11 0 0 0 0 0 0 0 0 0 0 
0 0 0 0 0 0 0 0 0 0 0 0 0 0 0 0 13 16 0 0 0 0 0 0 0 0 0 0 18 0 0 0 0 0 13 0 0 0 0 0 0 3 0 0 0 0 0 24 0 0 20 2 13 0 0 0 14 28 5 0 
0 0 0 0 0 16 0 0 0 0 0 0 4 2 0 0 0 0 0 0 2 0 0 16 0 0 0 0 0 0 7 0 0 0 0 22 0 0 2 0 30 0 26 0 0 0 0 0 0 0 19 0 0 7 0 0 0 0 13 0 
0 0 0 0 0 5 0 0 0 0 0 0 0 0 0 0 0 0 0 0 0 0 0 0 0 0 0 25 0 0 5 24 0 20 18 0 0 0 0 0 18 0 0 0 14 0 0 0 0 0 0 0 0 0 0 0 15 0 24 15 
0 2 0 11 0 0 0 0 0 0 0 7 0 0 0 9 0 0 0 0 0 0 0 0 0 0 0 0 0 24 0 0 0 0 0 0 0 0 0 0 0 0 23 0 0 0 23 0 0 0 0 0 0 26 17 0 0 0 0 0 
0 11 13 0 3 0 0 0 0 0 0 0 0 0 0 0 11 0 0 0 0 0 0 27 0 0 0 0 0 0 0 0 0 0 0 12 0 0 0 0 0 0 0 0 0 0 0 0 0 0 0 3 0 2 0 0 0 0 0 0 
0 0 0 0 0 14 0 0 0 15 0 0 0 0 0 20 0 12 0 0 0 0 0 0 0 0 0 19 2 0 0 0 0 0 0 0 0 20 0 15 0 1 0 0 0 0 0 0 23 0 0 0 0 0 0 0 0 0 18 4 
0 0 0 0 0 30 25 0 0 21 0 0 0 23 0 27 0 27 0 0 0 0 0 18 0 0 0 0 0 0 16 0 0 0 0 0 0 0 0 0 0 0 18 0 0 0 0 0 0 0 0 0 0 0 0 0 0 0 0 19 
0 0 16 26 0 0 0 0 0 0 0 0 27 0 0 26 0 0 0 24 0 22 0 0 0 0 0 0 0 0 0 0 0 0 0 0 0 0 11 0 0 0 0 2 0 0 0 0 0 0 21 8 0 0 0 0 0 10 19 30 
0 25 2 0 0 0 0 0 3 0 28 0 0 0 0 0 25 0 0 12 23 1 0 0 18 0 6 0 6 0 0 0 0 16 0 10 0 0 0 0 0 0 0 7 7 0 0 0 0 0 0 0 0 0 0 0 0 25 0 0 
0 14 0 0 0 0 5 0 0 0 0 0 0 0 0 0 0 0 0 0 13 0 0 0 0 0 0 0 0 0 0 0 0 0 0 0 0 0 0 27 0 0 0 0 0 0 28 0 0 0 19 0 0 0 0 3 0 0 0 0 
27 0 15 0 0 0 16 0 0 0 0 1 0 0 0 0 0 26 0 0 0 0 0 0 0 0 0 0 0 20 0 0 11 0 7 0 20 0 0 0 0 16 0 0 0 0 0 0 0 0 0 0 0 3 0 0 0 20 0 6 
0 30 0 0 0 0 0 0 0 0 0 0 16 0 0 3 0 0 1 28 0 0 0 0 0 0 28 0 0 0 0 0 0 0 0 0 0 0 0 0 0 0 0 0 3 0 0 6 0 0 0 4 0 0 0 0 0 0 0 10 
0 0 0 13 0 0 0 0 0 0 0 0 30 0 0 0 0 0 0 0 0 6 0 0 0 0 0 0 0 0 23 18 0 0 0 25 0 0 0 0 0 0 0 0 0 0 0 0 10 0 0 6 0 0 0 9 0 26 0 23 
0 0 0 9 18 3 0 0 0 1 0 0 0 0 0 0 11 0 0 0 0 26 0 0 0 0 0 26 0 0 0 0 0 2 0 0 0 0 0 0 0 1 0 0 0 0 0 0 6 0 0 0 0 0 0 0 0 0 0 2 
20 0 0 0 22 0 0 0 0 19 0 0 0 0 0 0 0 0 0 19 27 0 0 0 0 0 7 0 0 0 11 0 0 27 0 0 0 0 0 0 0 0 0 0 0 4 0 9 3 0 14 0 0 28 0 0 0 0 0 0 
29 0 0 26 16 0 0 0 0 0 0 0 0 0 0 30 0 21 0 0 0 0 1 0 0 0 0 0 0 0 0 0 0 0 0 0 0 0 0 7 0 0 0 0 31 0 0 0 0 0 0 13 0 0 29 0 0 0 0 0 
0 0 0 0 0 0 0 0 0 0 0 0 0 0 3 0 0 0 0 0 0 0 0 0 0 0 0 0 29 16 23 3 0 0 0 0 0 0 4 0 0 0 26 0 0 0 0 0 0 0 0 0 0 0 0 0 3 0 0 0 
0 0 0 14 0 0 0 0 0 0 0 0 30 0 0 4 0 0 5 0 0 0 0 0 15 0 0 25 0 13 0 0 0 0 9 3 0 0 0 21 0 0 0 0 0 0 0 20 0 0 0 0 0 0 9 10 0 26 0 21 
0 6 6 0 0 0 24 0 0 0 0 6 0 0 0 18 23 21 7 0 0 0 26 28 0 26 22 1 0 0 0 0 0 0 10 0 3 0 0 0 23 0 0 0 0 0 6 1 5 0 0 0 0 0 0 0 0 0 0 0 
7 0 0 0 0 0 0 0 0 0 0 0 27 0 0 0 2 0 0 0 0 0 0 0 0 0 0 0 22 23 0 0 19 0 0 0 0 0 0 0 0 0 0 26 0 0 0 0 0 0 0 0 0 0 2 0 0 0 0 0 
0 0 0 0 0 0 4 0 0 5 0 0 0 0 0 0 0 0 0 0 0 0 0 0 0 0 0 0 0 0 1 0 9 0 0 22 0 0 1 8 0 0 6 0 0 0 0 0 0 0 0 24 0 0 0 0 7 0 0 0 
0 0 0 0 0 0 0 0 0 0 0 0 0 0 0 0 29 0 0 0 0 0 0 0 0 3 15 16 0 0 0 0 23 13 0 0 0 0 0 0 0 17 0 23 0 0 0 0 0 17 0 0 1 0 0 0 0 0 0 0 
0 0 0 0 0 0 0 5 9 19 0 0 27 0 0 0 0 0 0 0 14 0 0 0 0 0 14 13 16 0 0 11 1 7 25 0 0 0 16 0 0 22 0 0 0 0 0 0 0 15 0 0 0 0 0 24 18 0 0 0 
0 0 22 0 0 0 0 0 0 0 0 0 0 0 6 0 0 0 17 22 0 0 11 0 0 0 16 0 0 0 0 0 18 0 0 0 0 0 0 0 8 0 0 22 0 0 0 0 0 0 0 0 0 0 0 9 22 0 0 0 
0 0 0 0 0 17 0 0 0 0 0 0 0 0 0 0 0 0 18 0 22 0 1 0 0 6 0 0 0 24 0 24 0 0 0 0 0 0 0 0 0 0 0 0 0 0 0 0 0 0 0 0 0 0 9 0 3 0 0 0 
0 0 14 0 0 0 14 0 0 0 0 0 0 0 0 0 0 0 0 0 0 0 0 0 0 0 0 0 0 6 0 0 0 0 23 0 10 0 6 0 0 0 0 0 0 0 0 0 0 0 0 0 0 3 0 0 0 19 0 0 
13 0 0 22 0 0 0 25 0 0 0 0 12 0 0 0 0 0 0 0 0 0 0 0 15 0 0 6 0 0 6 0 0 0 24 29 0 0 0 0 20 0 0 0 0 0 0 0 0 0 0 26 0 0 0 0 0 0 0 0 
29 10 10 0 3 30 0 0 5 0 0 0 31 0 0 15 28 0 0 0 0 0 0 0 0 0 0 0 0 0 0 0 0 0 0 8 11 0 0 0 0 0 0 0 10 0 0 21 0 26 0 0 0 0 0 0 0 0 0 20 
0 0 0 0 0 0 0 14 0 0 0 0 0 0 0 0 0 0 2 0 0 0 5 30 0 0 0 0 2 0 0 0 0 0 0 0 0 24 0 0 0 0 0 0 0 0 0 0 0 0 14 0 0 29 0 10 0 0 0 16 
9 3 0 0 0 0 3 16 0 0 0 0 0 0 0 0 0 0 0 0 0 0 0 0 0 0 0 0 0 0 0 0 17 0 0 0 11 0 0 0 0 0 0 0 8 9 0 0 0 0 0 0 0 0 0 23 0 18 0 0 
0 0 0 0 12 0 0 0 0 0 0 0 0 28 0 0 0 0 0 0 11 0 0 0 0 0 0 0 0 0 0 1 0 0 0 8 0 0 3 0 0 0 0 0 0 0 0 30 0 0 22 0 14 0 31 0 0 19 0 0 
0 0 0 0 0 0 0 1 0 0 0 0 0 0 0 0 0 7 0 0 0 0 0 0 0 0 31 0 0 0 0 0 0 0 21 0 0 0 6 0 0 0 0 0 0 0 0 1 0 0 0 0 0 0 0 29 0 0 0 0 
0 0 26 20 0 0 0 0 0 28 7 0 22 0 0 0 0 0 20 0 0 0 0 0 0 0 0 13 0 0 5 4 0 0 0 2 0 23 0 0 0 0 0 0 0 0 12 0 15 0 0 1 0 0 0 0 2 0 0 0 
29 14 0 25 0 16 16 0 12 0 0 0 0 0 0 0 0 0 0 0 0 4 0 0 0 0 0 0 15 0 0 2 0 6 0 0 0 0 0 0 0 0 0 0 0 0 22 0 26 0 0 0 0 0 0 0 0 0 0 0 
0 0 0 0 0 0 0 0 0 0 17 10 0 8 0 0 0 0 0 19 0 0 0 0 5 4 10 0 0 25 0 26 0 0 2 5 0 4 4 0 0 0 1 0 0 0 0 0 0 0 0 0 27 0 0 0 0 0 6 0 
0 8 0 0 0 0 25 0 12 0 0 0 17 0 0 0 0 30 0 0 0 0 0 0 9 0 0 14 0 0 8 0 0 0 0 0 0 0 27 0 0 0 0 0 18 0 0 0 0 0 0 0 0 0 0 18 0 0 0 3 
0 0 0 0 30 0 0 30 0 0 12 4 0 0 0 0 0 0 0 0 0 0 0 0 0 0 0 0 0 29 0 0 0 15 0 0 0 0 8 0 0 0 0 0 0 9 0 0 26 23 0 0 28 0 13 3 0 0 28 0 
0 11 0 0 4 18 0 21 2 0 0 0 25 0 0 28 0 23 20 18 0 0 21 0 0 17 0 0 0 2 0 24 0 19 0 0 0 0 0 0 0 0 0 0 0 0 19 0 0 0 0 0 0 0 0 0 0 0 0 0 
0 16 0 28 16 0 0 0 0 0 0 0 0 0 0 0 0 0 0 0 0 0 0 0 0 0 0 0 11 0 0 0 0 0 7 30 0 0 8 8 0 0 16 0 23 22 0 0 0 0 0 0 16 0 0 0 0 17 0 0 
