60

0 1 1 1 0 1 1 1 0 0 1 1 1 0 1 1 1 1 0 0 1 1 1 1 1 1 1 0 1 1 0 1 1 1 1 0 1 1 0 0 1 1 1 0 1 1 0 1 0 0 0 0 1 0 1 1 1 0 0 1 
1 0 1 1 1 1 1 0 1 1 1 0 0 0 1 0 0 0 1 1 1 0 1 1 1 1 1 1 1 1 0 1 1 1 1 1 1 0 0 0 1 1 1 1 0 1 1 0 1 0 0 0 1 0 0 1 1 0 1 1 
1 1 0 0 1 1 1 1 1 1 1 1 1 1 1 1 0 0 1 1 1 0 1 0 1 0 1 1 1 1 0 1 1 1 1 0 0 0 1 1 0 1 1 1 1 1 1 1 0 1 1 1 1 0 1 0 1 1 1 1 
1 1 0 0 1 1 0 1 0 1 1 1 1 1 1 1 1 1 1 1 1 1 1 1 1 1 1 1 1 0 1 1 1 1 0 0 1 1 1 1 0 1 0 1 1 1 1 1 1 1 1 1 1 1 0 1 1 1 0 0 
0 1 1 1 0 1 1 1 0 0 1 1 1 0 1 1 1 1 0 1 1 1 0 1 1 1 1 1 0 1 1 1 1 0 0 1 1 1 0 1 0 1 1 0 1 1 1 1 0 0 1 0 1 1 0 1 0 1 0 1 
1 1 1 1 1 0 0 1 1 1 1 1 0 0 1 0 0 1 1 1 1 1 1 1 0 1 1 1 1 1 0 1 1 1 1 0 0 0 0 0 1 1 1 1 1 0 1 1 1 1 1 0 1 1 1 1 1 0 1 0 
1 1 1 0 1 0 0 1 1 0 0 1 1 1 1 1 1 1 1 0 0 0 0 1 1 0 1 1 0 0 1 0 1 1 1 1 1 1 1 0 0 1 0 1 1 1 1 1 0 0 1 1 1 1 1 1 0 0 0 1 
1 0 1 1 1 1 1 0 0 0 0 1 1 1 1 1 1 1 1 1 1 0 1 1 1 1 1 1 1 1 0 1 1 1 0 1 1 1 0 1 1 1 0 1 1 1 1 1 1 0 1 1 1 0 1 1 0 1 1 1 
0 1 1 0 0 1 1 0 0 0 1 1 1 1 1 1 1 1 1 1 0 1 1 0 0 0 1 1 1 1 1 1 1 0 1 1 1 1 0 1 1 1 1 0 1 0 0 1 0 1 1 1 0 1 0 1 1 0 1 0 
0 1 1 1 0 1 0 0 0 0 1 1 1 1 0 1 1 1 1 0 1 0 0 1 1 1 1 1 1 1 1 1 0 1 1 1 1 0 1 1 0 1 1 1 0 0 0 0 1 1 1 0 1 1 1 1 0 1 1 1 
1 1 1 1 1 1 0 0 1 1 0 1 1 1 0 1 1 1 1 1 1 0 1 1 1 1 1 0 0 0 1 1 0 1 1 1 1 1 1 1 1 1 1 1 1 1 1 1 1 1 1 1 1 1 1 1 1 0 1 0 
1 0 1 1 1 1 1 1 1 1 1 0 1 1 1 1 0 0 1 0 0 1 1 1 1 1 1 1 0 0 1 1 0 1 1 0 0 1 1 1 1 1 1 0 1 1 0 1 1 1 1 1 0 1 1 0 0 1 0 1 
1 0 1 1 1 0 1 1 1 1 1 1 0 0 1 1 0 1 1 1 1 1 1 1 1 1 1 1 0 1 1 1 1 1 1 1 1 1 1 1 1 0 0 1 1 1 0 1 1 1 1 1 1 1 1 1 1 1 0 1 
0 0 1 1 0 0 1 1 1 1 1 1 0 0 1 1 0 1 0 1 1 1 1 1 0 1 1 1 1 1 1 1 1 1 1 1 1 1 1 1 0 0 1 0 1 1 1 1 0 0 1 1 1 1 1 1 1 1 1 0 
1 1 1 1 1 1 1 1 1 0 0 1 1 1 0 1 1 1 0 0 0 1 1 0 1 1 1 0 0 1 1 1 1 0 0 0 1 1 1 1 0 1 1 0 1 1 0 0 1 1 1 1 1 1 1 1 1 1 0 1 
1 0 1 1 1 0 1 1 1 1 1 1 1 1 1 0 0 1 1 0 0 1 0 0 1 0 1 0 0 1 1 1 1 1 1 1 1 1 0 1 1 1 1 0 1 1 1 1 1 1 1 1 1 1 1 1 1 0 1 1 
1 0 0 1 1 0 1 1 1 1 1 0 0 0 1 0 0 1 1 0 1 1 0 1 0 1 0 0 0 0 1 1 0 1 1 1 1 0 0 0 0 0 0 0 0 0 0 1 1 1 1 1 1 1 1 1 1 1 1 1 
1 0 0 1 1 1 1 1 1 1 1 0 1 1 1 1 1 0 1 1 1 1 1 1 0 1 1 1 1 1 0 1 1 1 1 0 1 0 1 0 0 0 1 0 1 1 1 0 0 1 1 0 1 1 1 1 1 1 1 1 
0 1 1 1 0 1 1 1 1 1 1 1 1 0 0 1 1 1 0 1 1 1 1 1 1 1 1 1 1 0 1 0 1 1 0 0 1 1 0 0 1 0 0 1 0 1 1 1 1 1 1 1 1 0 0 0 1 1 1 0 
0 1 1 1 1 1 0 1 1 0 1 0 1 1 0 0 0 1 1 0 1 0 1 1 0 0 0 0 1 1 1 1 1 1 1 0 1 1 1 1 1 0 0 0 0 0 1 0 1 0 1 0 1 0 1 1 1 1 1 0 
1 1 1 1 1 1 0 1 0 1 1 0 1 1 0 0 1 1 1 1 0 0 1 0 1 0 0 1 0 0 1 1 1 1 1 0 0 1 1 0 1 0 0 0 1 1 0 0 1 1 1 1 0 1 1 1 1 0 1 0 
1 0 0 1 1 1 0 0 1 0 0 1 1 1 1 1 1 1 1 0 0 0 1 0 1 1 0 1 1 0 0 1 1 1 1 1 0 0 1 1 1 1 1 1 0 1 1 1 0 0 0 1 1 1 1 1 1 0 1 0 
1 1 1 1 0 1 0 1 1 0 1 1 1 1 1 0 0 1 1 1 1 1 0 1 0 1 1 1 0 1 0 1 1 1 1 1 0 1 1 1 0 1 0 1 1 0 1 1 0 1 1 1 0 1 1 0 1 1 0 1 
1 1 0 1 1 1 1 1 0 1 1 1 1 1 0 0 1 1 1 1 0 0 1 0 0 1 1 0 1 1 1 1 1 1 1 0 0 1 1 1 1 0 1 0 0 1 1 1 1 1 1 1 0 0 1 1 0 0 1 1 
1 1 1 1 1 0 1 1 0 1 1 1 1 0 1 1 0 0 1 0 1 1 0 0 0 1 1 1 1 1 1 0 1 1 0 1 1 0 0 0 0 1 0 1 1 0 1 1 1 1 1 1 1 1 0 1 0 1 0 0 
1 1 0 1 1 1 0 1 0 1 1 1 1 1 1 0 1 1 1 0 0 1 1 1 1 0 0 1 0 1 1 0 1 1 1 1 0 1 0 1 0 1 0 1 1 0 1 1 1 1 1 0 1 0 1 0 1 1 1 0 
1 1 1 1 1 1 1 1 1 1 1 1 1 1 1 1 0 1 1 0 0 0 1 1 1 0 0 0 0 1 1 1 1 1 0 1 1 0 1 0 1 1 1 0 1 0 0 1 1 1 0 1 0 1 1 0 0 0 1 1 
0 1 1 1 1 1 1 1 1 1 0 1 1 1 0 0 0 1 1 0 1 1 1 0 1 1 0 0 1 1 0 1 1 1 1 0 0 1 0 0 1 1 1 1 1 1 1 1 1 0 1 1 0 1 0 1 1 1 1 1 
1 1 1 1 0 1 0 1 1 1 0 0 0 1 0 0 0 1 1 1 0 1 0 1 1 0 0 1 0 1 0 0 0 1 1 1 0 1 1 0 1 0 0 0 0 1 1 1 1 1 1 1 1 0 0 1 0 1 1 1 
1 1 1 0 1 1 0 1 1 1 0 0 1 1 1 1 0 1 0 1 0 0 1 1 1 1 1 1 1 0 1 0 1 1 1 0 0 1 1 1 1 1 0 1 1 0 0 0 0 1 1 1 1 1 1 1 1 1 1 0 
0 0 0 1 1 0 1 0 1 1 1 1 1 1 1 1 1 0 1 1 1 0 0 1 1 1 1 0 0 1 0 1 1 0 0 1 1 1 0 0 1 0 1 1 0 1 1 0 1 1 1 1 0 1 1 1 1 0 1 1 
1 1 1 1 1 1 0 1 1 1 1 1 1 1 1 1 1 1 0 1 1 1 1 1 0 0 1 1 0 0 1 0 1 1 1 0 1 1 1 1 1 0 1 0 1 0 1 1 0 1 0 0 1 1 1 1 1 1 1 1 
1 1 1 1 1 1 1 1 1 0 0 0 1 1 1 1 0 1 1 1 1 1 1 1 1 1 1 1 0 1 1 1 0 0 0 1 0 1 1 1 1 0 0 0 1 1 1 1 0 0 1 1 1 1 0 0 1 1 1 0 
1 1 1 1 0 1 1 1 0 1 1 1 1 1 0 1 1 1 1 1 1 1 1 1 1 1 1 1 1 1 0 1 0 0 1 0 0 1 1 1 1 1 1 1 0 1 1 1 1 1 0 0 1 1 1 1 0 1 1 1 
1 1 1 0 0 1 1 0 1 1 1 1 1 1 0 1 1 1 0 1 1 1 1 1 0 1 0 1 1 1 0 1 0 1 0 0 1 0 1 1 1 1 1 1 0 1 1 0 1 1 0 1 1 1 1 0 0 0 0 1 
0 1 0 0 1 0 1 1 1 1 1 0 1 1 0 1 1 0 0 0 0 1 1 0 1 1 1 0 1 0 1 0 1 0 0 0 1 1 1 1 1 0 1 1 0 0 1 1 0 0 0 1 1 1 0 1 0 1 0 1 
1 1 0 1 1 0 1 1 1 1 1 0 1 1 1 1 1 1 1 1 0 0 0 0 1 0 1 0 0 0 1 1 0 0 1 1 0 0 0 0 0 0 1 1 1 1 1 0 1 0 1 0 1 1 1 0 1 1 0 1 
1 0 0 1 1 0 1 1 1 0 1 1 1 1 1 1 0 0 1 1 1 0 1 1 0 1 0 1 1 1 1 1 1 1 0 1 0 0 1 1 1 1 1 1 1 1 1 0 1 0 0 1 1 0 1 1 1 1 1 1 
0 0 1 1 0 0 1 0 0 1 1 1 1 1 1 0 0 1 0 1 1 1 1 1 0 0 1 0 1 1 0 1 1 1 1 1 0 1 0 1 0 0 1 1 1 0 1 1 0 1 1 0 1 1 0 1 1 0 1 1 
0 0 1 1 1 0 0 1 1 1 1 1 1 1 1 1 0 0 0 1 0 1 1 1 0 1 0 0 0 1 0 1 1 1 1 1 0 1 1 0 0 1 1 1 1 1 1 1 1 1 1 1 1 1 1 0 1 0 1 0 
1 1 0 0 0 1 0 1 1 0 1 1 1 0 0 1 0 0 1 1 1 1 0 1 0 0 1 1 1 1 1 1 1 1 1 1 0 1 0 0 0 1 1 1 0 1 1 1 1 0 0 0 0 1 1 1 1 1 1 0 
1 1 1 1 1 1 1 1 1 1 1 1 0 0 1 1 0 0 0 0 0 1 1 0 1 1 1 1 0 1 0 0 0 1 1 0 0 1 0 1 1 0 1 1 1 1 1 1 1 1 1 1 0 1 1 0 1 0 0 1 
1 1 1 0 1 1 0 0 1 1 1 1 0 1 1 1 0 1 0 0 0 1 0 1 0 0 1 1 0 0 1 1 0 1 1 1 1 1 1 1 1 1 0 1 1 1 1 1 0 1 0 1 1 0 1 1 1 1 1 0 
0 1 1 1 0 1 1 1 0 1 1 0 1 0 0 0 0 0 1 0 0 1 1 0 1 1 0 1 0 1 1 0 0 1 1 1 1 1 1 1 1 1 1 0 0 0 1 1 1 1 0 0 1 0 0 0 0 1 1 1 
1 0 1 1 1 1 1 1 1 0 1 1 1 1 1 1 0 1 0 0 1 0 1 0 1 1 1 1 0 1 0 1 1 0 0 0 1 1 1 1 0 1 1 0 0 0 1 0 1 1 1 1 1 1 1 0 0 1 1 0 
1 1 1 1 1 0 1 1 0 0 1 1 1 1 1 1 0 1 1 0 1 1 0 1 0 0 0 1 1 0 1 0 1 1 1 0 1 1 0 1 1 1 1 0 0 0 1 1 0 1 1 1 1 1 0 1 1 0 1 0 
0 1 1 1 1 1 1 1 0 0 1 0 0 1 0 1 0 1 1 1 0 1 1 1 1 1 0 1 1 0 1 1 1 1 1 1 1 1 1 1 1 1 1 1 1 1 0 0 0 0 1 1 1 0 0 0 1 1 1 0 
1 0 1 1 1 1 1 1 1 0 1 1 1 1 0 1 1 0 1 0 0 1 1 1 1 1 1 1 1 0 0 1 1 1 0 1 0 0 1 1 1 1 1 1 0 1 0 0 1 0 1 0 1 1 1 0 1 1 1 0 
0 1 0 1 0 1 0 1 0 1 1 1 1 0 1 1 1 0 1 1 1 0 0 1 1 1 1 1 1 0 1 0 0 1 1 0 1 1 0 1 1 1 0 1 1 0 0 1 0 1 0 1 1 1 0 0 1 1 1 1 
0 0 1 1 0 1 0 0 1 1 1 1 1 0 1 1 1 1 1 0 1 0 1 1 1 1 1 0 1 1 1 1 0 1 1 0 0 0 1 1 0 1 1 1 1 1 0 0 1 0 0 1 1 1 1 1 1 0 1 1 
0 0 1 1 1 1 1 1 1 1 1 1 1 1 1 1 1 1 1 1 1 0 1 1 1 1 0 1 1 1 1 0 1 0 0 0 1 0 1 1 0 1 0 0 1 1 1 1 0 0 0 0 1 1 1 1 1 1 1 1 
0 0 1 1 0 0 1 1 1 0 1 1 1 1 1 1 1 0 1 0 1 1 1 1 1 0 1 1 1 1 1 0 1 0 1 1 0 1 0 1 0 1 1 0 1 1 1 0 1 1 0 0 1 0 0 1 1 1 1 1 
1 1 1 1 1 1 1 1 0 1 1 0 1 1 1 1 1 1 1 1 0 1 0 0 1 1 0 0 1 1 0 1 1 1 1 1 1 1 1 1 0 0 1 1 1 1 1 1 1 1 1 1 0 1 1 1 1 1 0 1 
0 0 0 1 1 1 1 0 1 1 1 1 1 1 1 1 1 1 0 0 1 1 1 0 1 0 1 1 0 1 1 1 1 1 1 1 1 0 1 1 1 1 0 0 1 1 0 1 1 1 1 0 1 0 1 1 1 1 0 1 
1 0 1 0 0 1 1 1 0 1 1 1 1 1 1 1 1 1 0 1 1 1 1 1 0 1 1 0 0 1 1 1 0 1 1 0 1 1 0 1 1 1 1 0 1 0 0 1 0 1 1 0 1 1 0 1 1 1 1 1 
1 1 0 1 1 1 1 1 1 1 1 0 1 1 1 1 1 1 0 1 1 1 0 1 1 0 0 1 1 1 1 1 0 1 0 1 0 1 1 0 1 0 1 0 0 1 0 0 0 1 1 1 1 1 1 0 1 1 1 0 
1 1 1 1 0 1 0 0 1 0 1 0 1 1 1 1 1 1 1 1 1 1 1 0 0 1 0 1 0 1 1 1 1 0 0 0 1 1 1 1 1 1 1 0 0 1 1 1 1 1 1 1 1 1 1 1 0 1 1 0 
0 0 1 1 1 0 0 1 0 1 0 1 1 1 1 0 1 1 1 1 0 0 1 0 1 1 0 1 1 1 0 1 1 1 0 1 1 1 0 0 1 0 1 1 1 0 1 1 1 0 1 1 1 1 1 1 1 0 1 0 
0 1 1 0 0 1 0 1 1 1 1 0 0 1 0 1 1 1 1 1 1 1 0 1 0 1 1 1 1 1 1 1 1 1 0 0 0 1 1 1 1 0 1 1 1 1 1 1 1 1 1 1 0 0 1 1 1 1 0 1 
1 1 1 0 1 0 1 1 0 1 0 1 1 0 1 1 1 1 0 0 0 0 1 1 0 0 1 1 1 0 1 1 0 1 1 1 1 1 1 0 0 1 0 1 0 0 0 0 1 1 1 1 1 1 1 0 0 0 1 0 

0 24 0 0 0 0 0 0 0 0 19 0 0 0 26 0 0 0 0 7 0 0 25 3 0 0 0 13 0 0 0 17 0 0 0 0 0 0 0 0 0 0 3 0 0 16 0 0 0 8 3 0 0 0 0 0 0 0 0 0 
0 0 0 28 0 9 0 0 0 0 0 19 0 0 0 0 0 0 0 0 26 0 0 16 0 0 0 0 0 0 8 0 9 0 0 0 0 0 0 0 0 0 0 21 0 16 7 0 0 0 27 0 0 22 7 0 0 0 0 0 
0 0 0 0 12 0 8 12 0 0 24 0 0 0 0 0 0 0 0 0 0 28 0 0 0 0 11 0 0 0 0 0 0 0 0 0 0 0 0 0 0 0 0 0 13 18 0 0 0 0 22 0 12 0 0 0 0 0 0 16 
0 0 0 0 0 0 0 0 0 0 0 0 0 0 0 0 0 0 0 0 0 0 18 0 0 21 0 0 0 0 0 15 0 18 0 0 0 1 0 0 18 0 0 0 0 0 0 0 13 0 0 0 0 1 0 25 0 0 0 0 
23 0 0 0 0 0 0 0 0 0 4 0 0 24 0 0 0 0 0 25 3 0 0 0 0 21 0 0 0 0 0 7 0 0 0 0 0 0 0 11 0 0 0 0 0 0 5 2 0 0 0 0 0 0 0 0 16 0 0 21 
12 0 0 0 0 0 0 18 0 11 0 0 0 0 0 0 0 0 0 0 0 9 0 0 0 0 22 0 11 0 0 0 5 0 0 0 0 14 26 0 15 0 0 0 0 0 0 0 0 0 0 0 22 0 0 0 0 8 0 0 
0 0 0 0 0 0 0 0 0 0 0 0 0 26 0 0 0 0 0 0 0 0 0 0 25 10 0 0 0 0 0 0 0 0 16 8 0 0 0 0 0 0 0 0 0 0 0 0 0 0 12 0 17 0 0 0 0 0 0 0 
0 1 0 0 0 0 0 0 0 0 0 0 11 15 5 0 0 0 18 0 0 13 0 26 0 0 0 0 24 2 19 0 0 0 10 0 0 0 0 25 0 7 0 0 0 3 0 0 0 0 0 0 0 26 0 0 0 0 0 0 
0 0 0 0 0 0 0 0 0 0 16 0 0 0 0 0 0 0 0 29 0 3 0 26 0 0 0 0 0 0 0 5 0 0 0 0 0 3 0 0 18 0 0 0 2 0 0 0 0 0 0 0 22 0 6 0 0 0 0 0 
24 0 9 26 0 19 0 0 18 0 0 0 5 0 0 0 13 0 0 0 0 0 16 0 0 0 0 0 0 0 0 15 6 2 3 18 0 0 0 0 0 0 0 16 0 0 0 0 0 0 0 11 0 0 0 17 8 3 0 13 
0 0 23 16 0 0 0 0 0 25 0 0 25 0 0 0 0 0 0 3 0 0 0 0 0 0 0 0 0 0 0 0 13 0 0 11 0 0 0 0 0 0 0 3 17 0 2 0 0 19 0 4 18 0 7 0 0 2 0 0 
0 0 0 0 27 0 0 0 4 0 0 0 0 0 1 0 0 0 0 0 6 0 0 0 0 0 0 23 0 0 0 0 7 0 0 0 0 0 0 0 0 0 13 24 0 0 0 8 0 0 0 0 0 0 0 0 23 0 0 0 
0 24 0 0 0 0 0 0 0 0 0 0 0 0 0 0 0 0 0 0 28 6 0 0 0 25 7 0 13 0 8 0 0 0 0 29 0 0 26 11 14 0 0 0 0 1 10 0 27 0 0 0 0 0 18 0 0 0 0 25 
21 0 0 0 0 0 0 0 0 20 0 0 2 0 0 0 0 0 0 0 0 16 0 11 0 0 0 0 28 0 0 7 0 0 0 0 0 0 0 28 0 0 0 28 27 0 0 8 0 0 0 0 0 0 29 0 8 0 0 0 
0 0 0 0 0 7 0 0 0 3 0 0 17 0 0 0 0 19 21 0 0 0 0 23 0 0 15 0 0 0 0 0 0 2 0 0 3 0 26 24 0 0 0 0 0 0 0 0 22 0 0 0 0 0 23 0 0 0 0 0 
1 26 0 0 0 0 0 0 0 0 0 0 0 0 0 0 0 0 0 0 0 0 0 0 0 25 0 0 0 0 0 0 0 0 0 0 0 0 0 0 0 0 0 0 2 0 0 0 0 0 0 0 0 0 0 27 31 0 0 0 
0 0 0 0 0 0 0 0 14 24 0 11 6 0 3 6 0 0 0 0 0 26 10 0 0 23 3 0 0 0 0 0 0 0 20 0 0 0 0 15 0 0 0 0 12 0 0 18 0 0 0 0 3 0 0 0 16 0 0 0 
0 21 0 0 14 26 0 0 0 21 11 2 2 0 0 0 0 0 0 0 0 0 0 0 0 0 0 0 0 2 26 24 0 0 0 0 21 0 0 0 0 0 0 0 0 0 0 0 0 0 0 0 0 0 0 0 22 0 0 0 
0 0 0 0 0 0 0 0 0 0 0 0 0 0 0 24 0 6 0 0 0 0 0 0 0 0 5 2 11 0 0 0 0 0 0 0 0 0 0 0 0 12 0 0 0 0 0 0 0 0 0 0 0 10 0 0 16 0 12 14 
0 23 0 13 0 0 0 0 27 0 0 0 0 28 0 0 0 0 0 0 19 0 0 1 0 0 0 0 11 0 0 0 6 0 1 0 0 0 0 0 26 0 0 2 24 0 13 0 0 0 0 0 0 0 0 0 0 0 0 0 
0 0 26 0 0 20 0 0 24 0 0 0 0 21 0 0 0 21 0 23 0 0 0 1 0 0 0 0 19 23 0 0 0 0 0 24 0 8 0 0 0 0 0 3 0 0 0 8 0 0 0 0 0 0 0 0 0 0 0 0 
0 0 0 0 0 0 0 0 16 0 0 0 0 0 25 0 0 0 0 0 18 0 0 0 3 0 0 0 0 0 0 0 0 24 0 0 0 0 0 0 6 0 9 0 0 0 0 5 0 0 0 0 0 0 0 9 0 0 0 0 
5 0 0 0 0 0 0 0 0 0 0 0 0 0 0 0 9 0 14 4 0 27 0 0 0 0 0 0 0 0 8 0 0 3 0 0 0 0 0 0 5 3 0 0 29 19 0 22 0 0 0 0 20 0 0 0 0 0 26 0 
0 0 27 0 0 0 0 0 0 0 0 18 0 0 0 11 0 0 25 10 0 0 0 0 0 0 0 0 0 0 0 0 0 0 23 0 0 0 0 0 0 24 0 0 0 0 0 0 0 0 0 0 0 0 0 0 0 0 0 0 
12 0 0 21 0 0 27 0 0 18 0 0 0 0 0 0 0 0 3 0 11 23 19 0 0 0 0 0 0 0 19 0 0 0 0 0 0 0 0 0 0 0 0 0 0 0 12 5 0 16 0 0 0 0 0 0 0 7 4 0 
0 0 0 0 0 0 0 0 0 0 0 0 0 25 23 0 15 0 14 0 18 0 0 16 0 0 28 0 0 0 9 0 0 23 0 0 0 0 0 0 0 9 0 0 0 0 0 0 0 18 1 0 3 0 0 28 0 0 5 0 
0 0 0 0 0 0 0 0 0 0 0 0 28 0 0 0 0 0 0 0 25 0 0 0 0 0 0 0 0 0 0 0 0 0 0 0 0 0 20 27 0 0 24 0 0 29 0 0 0 0 0 4 0 0 1 0 0 0 0 0 
0 15 25 0 15 0 0 0 0 0 0 0 0 0 0 0 0 0 24 0 0 12 0 0 0 0 0 0 28 7 0 0 0 0 0 0 0 0 0 0 0 0 0 10 0 0 6 0 0 0 0 0 21 25 0 0 14 0 0 11 
28 5 0 0 0 14 0 0 0 0 0 0 16 19 0 21 0 0 17 0 0 0 0 0 0 0 0 0 0 0 0 12 0 6 0 0 0 0 0 0 0 0 0 0 0 8 0 0 1 0 4 9 0 0 0 23 0 0 0 0 
13 16 0 0 0 0 0 0 0 0 0 29 0 0 0 0 10 18 0 0 0 0 0 0 0 0 27 0 0 0 10 0 0 6 0 18 0 0 0 0 0 0 0 0 0 0 0 0 0 23 0 0 0 17 26 22 0 0 0 16 
0 0 0 0 0 0 0 0 0 0 0 0 0 0 0 0 0 0 2 0 22 0 0 0 27 0 0 0 0 0 0 0 7 0 0 0 0 0 0 0 10 0 17 0 0 27 0 0 0 0 0 0 16 0 0 6 0 0 0 0 
0 13 0 17 0 25 0 0 0 0 0 0 2 0 0 0 0 17 0 14 0 12 0 0 0 2 3 0 0 0 7 0 0 0 0 22 0 0 0 0 0 12 0 0 0 24 0 0 0 18 0 0 0 0 0 23 0 0 24 0 
0 0 0 0 14 0 0 0 17 0 0 0 0 0 0 0 15 0 0 11 0 5 0 0 0 0 24 0 10 0 5 0 0 0 0 0 0 0 0 0 0 0 0 27 20 0 0 0 0 0 0 0 0 0 0 0 6 0 0 0 
0 0 0 0 24 0 8 0 0 0 0 0 0 0 0 0 0 0 0 0 0 0 0 0 0 0 0 0 0 0 13 0 0 0 4 0 0 0 0 28 0 20 0 0 5 0 0 0 0 0 0 0 1 0 0 0 0 4 8 16 
0 0 0 0 0 0 0 0 0 0 0 0 0 0 4 0 0 0 0 26 0 0 1 0 0 0 0 25 0 0 0 0 0 29 0 0 0 0 0 4 24 0 0 0 0 0 0 1 0 14 0 0 0 17 0 13 0 0 0 0 
0 0 0 0 0 18 0 0 0 0 22 0 0 0 0 0 27 23 0 0 13 0 0 17 0 0 21 21 0 23 0 0 0 0 0 0 0 0 0 0 12 0 0 0 30 0 0 0 0 0 0 0 0 0 0 0 21 9 0 0 
0 0 0 0 0 0 0 0 0 0 0 0 0 0 0 0 0 0 0 9 0 0 14 0 0 0 0 0 0 0 0 0 12 0 0 0 0 0 0 0 25 7 0 0 0 0 0 12 0 0 0 0 0 0 0 15 7 0 0 0 
29 20 0 0 0 0 19 0 13 3 0 0 0 0 0 0 0 0 20 0 0 0 0 26 0 0 1 0 0 0 23 0 0 0 0 11 0 0 0 0 13 0 0 0 0 0 0 0 0 0 0 0 0 0 26 0 0 0 0 0 
4 0 0 0 0 12 1 0 0 0 0 0 0 0 5 0 0 0 0 0 7 0 0 0 3 0 0 0 0 0 0 0 0 0 17 0 0 0 0 0 0 20 0 0 0 0 0 0 0 0 0 17 0 0 0 0 0 0 0 0 
0 0 0 3 0 28 0 0 0 0 0 0 0 0 0 0 16 6 0 0 0 0 7 0 0 0 0 0 0 17 0 0 0 0 0 0 0 0 0 0 0 0 0 11 0 0 23 0 0 16 0 0 0 0 0 0 0 12 0 17 
0 8 0 0 0 10 0 0 0 0 0 6 0 0 0 0 1 6 0 0 0 5 0 0 0 6 0 0 0 0 16 10 0 0 0 0 5 22 0 0 0 0 0 18 0 0 0 0 0 0 27 0 9 0 0 0 0 0 0 0 
0 28 0 0 0 0 6 0 0 0 0 0 0 28 0 0 0 0 0 0 0 0 10 0 0 0 0 0 0 0 0 1 0 2 26 0 0 20 0 0 23 0 7 0 0 9 0 0 0 0 9 24 0 0 0 0 0 0 0 10 
0 0 0 0 0 0 0 28 0 14 0 0 0 4 0 20 0 0 4 0 0 0 0 0 8 0 0 0 7 0 0 0 9 0 18 0 0 0 4 0 0 0 0 0 0 7 0 0 0 0 0 0 0 1 0 26 0 15 0 0 
1 0 6 0 0 10 0 0 0 0 25 0 0 0 0 0 0 0 0 0 0 0 0 0 9 0 0 0 0 0 17 0 0 0 0 0 0 0 0 0 0 24 0 0 0 0 0 0 0 0 0 0 1 5 0 0 0 0 0 0 
0 0 0 1 0 27 0 0 0 0 0 0 18 0 1 0 0 0 0 0 0 0 0 0 16 0 2 0 7 0 0 0 0 20 0 20 0 0 0 24 17 9 0 0 0 0 15 0 0 0 0 15 0 0 0 0 0 0 0 0 
0 0 0 0 0 0 8 0 0 0 0 0 0 0 0 0 0 0 0 0 0 26 0 0 0 0 0 0 0 0 0 11 0 0 12 19 0 0 0 0 1 0 22 0 0 0 0 0 0 0 0 0 0 0 0 28 0 15 0 1 
0 0 0 0 0 0 0 0 0 0 12 0 0 25 0 0 0 0 28 24 24 12 0 0 0 0 0 0 0 11 0 0 0 0 0 0 0 0 0 0 0 0 0 0 0 6 0 0 1 0 0 0 0 1 12 0 0 24 0 25 
13 0 0 28 0 0 0 0 0 12 2 0 7 3 0 0 18 0 0 0 0 0 0 0 0 0 0 0 0 25 22 5 0 0 0 0 0 0 0 0 24 0 0 11 0 0 0 0 0 0 26 15 0 9 19 0 10 0 0 0 
0 12 6 23 0 0 0 0 5 0 18 0 1 4 0 26 4 0 0 0 0 0 0 0 0 0 0 0 0 11 0 0 0 0 0 0 0 0 0 0 0 0 0 0 0 0 0 24 0 0 2 0 0 0 16 0 21 0 0 0 
21 16 0 0 0 0 0 0 0 0 0 0 0 0 0 18 0 0 0 8 19 0 0 0 0 26 0 0 0 13 0 0 0 0 0 0 0 18 0 0 0 0 20 0 9 0 14 0 0 0 0 0 0 0 0 3 0 0 4 0 
0 0 0 1 0 0 0 0 0 25 3 22 22 0 0 0 0 0 0 0 0 0 0 0 0 0 0 0 0 0 0 0 0 0 0 0 9 14 0 6 0 0 13 0 0 7 0 0 0 13 0 0 0 0 0 0 2 0 0 0 
0 0 0 0 0 0 0 0 0 0 0 0 0 0 0 0 0 0 0 0 0 0 0 0 0 0 0 0 0 27 8 0 0 0 0 0 0 0 0 0 0 0 0 0 24 0 9 0 0 0 0 0 0 0 0 0 0 0 0 25 
0 27 0 0 0 0 0 0 0 0 0 23 0 0 0 0 0 0 0 0 0 0 0 0 0 0 0 0 0 0 0 0 25 0 4 0 6 0 0 0 0 0 0 0 0 9 19 0 0 0 0 17 0 26 0 0 14 0 0 0 
0 0 0 0 0 0 0 0 0 0 22 0 0 0 0 0 0 0 7 0 1 4 0 0 0 0 0 0 26 0 7 0 0 8 0 23 0 0 0 0 0 9 0 0 0 0 0 0 0 0 0 0 10 0 0 0 0 0 0 15 
0 21 0 0 12 0 0 0 0 1 16 0 0 4 0 0 0 0 0 0 22 0 0 0 0 0 0 0 0 0 0 28 0 0 0 0 0 0 0 0 12 0 13 0 0 20 21 0 0 0 0 0 28 0 0 0 11 0 0 0 
0 0 0 0 0 12 0 0 0 0 0 0 8 23 0 0 0 20 17 0 0 0 0 0 0 16 0 0 0 0 17 0 0 0 15 0 0 0 0 0 0 0 0 17 0 9 0 15 20 0 7 0 0 0 14 0 0 0 0 0 
0 0 0 0 0 0 0 0 0 0 0 0 0 0 0 0 0 0 0 0 0 0 0 0 0 0 6 0 0 0 0 15 20 1 13 0 0 0 0 0 6 0 23 0 0 0 0 0 0 14 0 0 0 0 0 0 0 0 0 0 
0 28 28 0 10 0 0 0 0 0 0 0 0 0 0 0 0 0 0 0 26 0 0 0 0 0 0 0 27 0 0 0 0 0 0 27 0 3 0 0 0 19 0 0 10 28 28 0 0 0 0 26 0 1 14 2 0 0 13 0 
0 0 14 0 0 11 22 0 16 22 0 0 17 0 19 0 8 0 0 0 0 0 0 12 0 9 0 0 0 0 0 0 0 0 22 0 7 0 0 20 0 0 0 0 20 0 21 0 0 0 0 0 0 0 0 2 0 0 0 0 
0 0 15 0 0 0 0 0 0 0 0 0 0 0 0 0 27 0 0 0 0 0 8 0 0 0 0 0 0 0 0 0 0 0 0 0 0 0 0 0 0 0 9 0 0 19 0 28 15 0 0 0 0 0 18 22 0 26 0 0 
