60

0 0 0 0 0 0 0 0 0 0 0 0 0 1 0 0 0 0 0 0 0 0 0 1 0 0 0 0 0 0 1 0 0 0 1 0 1 0 1 1 0 0 0 1 0 0 0 0 0 0 0 0 0 0 0 0 1 1 0 0 
0 0 0 0 0 0 0 0 0 0 0 0 0 0 0 0 0 0 1 0 0 0 0 0 0 0 0 0 0 1 0 0 0 0 0 0 0 0 1 0 0 0 0 0 0 0 0 0 0 0 1 0 1 0 0 0 0 1 1 1 
0 0 0 0 0 0 0 0 0 0 0 0 0 0 1 0 0 0 1 0 1 0 1 0 1 0 0 0 1 0 0 0 0 0 1 0 1 1 0 0 0 0 0 0 0 1 0 1 0 1 0 0 0 0 0 0 0 0 0 0 
0 0 0 0 0 0 0 1 0 0 0 0 0 0 1 0 0 1 0 0 0 0 0 1 0 0 0 0 0 0 0 0 0 0 0 0 0 0 0 0 0 0 0 0 0 0 0 0 0 1 0 0 1 1 1 0 0 0 0 0 
0 0 0 0 0 0 0 0 0 1 0 0 0 1 1 0 0 0 0 0 0 0 0 0 0 0 0 0 1 0 0 0 0 0 0 0 1 0 0 0 0 1 0 0 0 0 1 0 0 0 0 0 0 0 0 0 0 0 1 0 
0 0 0 0 0 0 0 1 1 0 1 0 0 0 0 0 1 0 0 0 0 1 0 0 0 0 1 0 1 0 0 1 0 1 0 0 0 0 0 0 0 0 1 1 0 0 0 1 0 0 0 1 0 0 0 0 0 1 1 0 
0 0 0 0 0 0 0 1 0 0 0 0 1 1 0 0 0 0 0 1 0 0 0 0 1 0 0 0 0 0 0 0 0 0 0 0 0 0 1 1 0 0 0 0 0 0 1 0 1 0 0 0 0 0 0 0 0 0 0 1 
0 0 0 1 0 1 1 0 1 0 0 0 0 0 1 1 0 0 0 0 0 0 0 1 0 1 0 0 0 0 1 0 0 1 1 1 0 0 1 0 0 0 0 1 1 0 0 0 0 0 0 0 0 0 0 0 0 0 0 0 
0 0 0 0 0 1 0 1 0 0 0 0 0 0 0 0 0 0 0 0 0 0 1 1 0 0 0 0 0 0 1 0 0 1 0 0 0 0 1 0 1 0 0 0 0 0 0 0 1 0 1 0 0 0 1 1 0 1 0 0 
0 0 0 0 1 0 0 0 0 0 0 0 0 0 1 0 0 1 0 0 0 0 1 0 0 0 0 0 1 0 0 0 1 0 0 0 0 0 0 0 1 0 0 0 0 0 0 0 0 0 0 0 1 0 0 1 0 0 0 0 
0 0 0 0 0 1 0 0 0 0 0 0 0 0 1 0 0 0 0 1 0 1 0 0 0 0 0 1 0 0 0 0 0 1 0 0 0 0 0 0 0 0 0 1 0 0 1 0 0 0 0 0 0 0 0 0 0 0 0 0 
0 0 0 0 0 0 0 0 0 0 0 0 0 1 0 0 0 0 0 0 0 0 0 0 0 1 0 0 1 0 0 0 0 1 0 0 1 1 0 0 1 0 1 0 0 1 1 0 0 0 1 0 0 1 0 0 0 0 0 0 
0 0 0 0 0 0 1 0 0 0 0 0 0 1 0 0 0 0 0 0 0 0 0 0 0 0 0 0 0 0 0 0 0 0 1 0 0 0 0 0 0 0 1 0 0 0 0 0 0 0 0 0 1 0 0 0 0 0 0 0 
1 0 0 0 1 0 1 0 0 0 0 1 1 0 0 0 0 0 0 1 0 0 0 0 0 0 1 0 0 1 0 0 1 0 1 1 0 0 0 0 1 0 0 0 1 0 0 0 0 0 1 0 1 1 0 1 0 0 0 0 
0 0 1 1 1 0 0 1 0 1 1 0 0 0 0 0 0 0 0 0 0 1 0 0 1 0 0 0 1 0 0 0 0 0 1 0 0 0 0 0 0 0 1 0 0 0 0 0 0 0 0 0 0 0 0 0 0 0 0 0 
0 0 0 0 0 0 0 1 0 0 0 0 0 0 0 0 1 0 0 0 0 0 0 0 0 0 0 0 1 0 0 0 0 0 0 0 1 0 0 0 0 0 0 0 0 0 0 0 1 0 1 0 1 1 0 1 0 0 0 0 
0 0 0 0 0 1 0 0 0 0 0 0 0 0 0 1 0 0 0 0 0 0 0 0 0 0 0 0 1 0 1 0 0 0 0 0 0 0 0 0 0 0 0 0 0 0 0 0 0 0 1 0 0 0 0 1 0 1 1 0 
0 0 0 1 0 0 0 0 0 1 0 0 0 0 0 0 0 0 0 1 0 0 0 1 0 0 0 1 1 0 0 0 1 0 0 0 0 0 1 0 0 1 0 0 1 1 0 0 1 1 1 1 1 0 0 0 0 0 0 0 
0 1 1 0 0 0 0 0 0 0 0 0 0 0 0 0 0 0 0 0 0 0 0 1 0 0 0 0 1 0 0 0 0 1 0 0 0 0 1 0 0 1 0 0 0 0 0 0 1 0 0 0 0 0 0 1 0 0 0 0 
0 0 0 0 0 0 1 0 0 0 1 0 0 1 0 0 0 1 0 0 1 1 0 0 0 0 0 0 1 1 1 0 1 0 0 0 0 1 1 0 0 0 0 0 1 0 0 0 0 1 0 0 0 0 0 0 0 0 0 0 
0 0 1 0 0 0 0 0 0 0 0 0 0 0 0 0 0 0 0 1 0 0 0 0 0 1 1 0 0 0 1 1 0 0 0 1 0 1 0 1 1 0 0 0 0 0 0 0 0 0 0 0 0 1 0 0 0 0 0 0 
0 0 0 0 0 1 0 0 0 0 1 0 0 0 1 0 0 0 0 1 0 0 1 0 0 1 0 0 0 0 0 0 0 0 0 0 0 0 1 0 0 0 0 0 1 1 1 0 0 0 0 0 0 0 0 1 0 1 0 1 
0 0 1 0 0 0 0 0 1 1 0 0 0 0 0 0 0 0 0 0 0 1 0 0 1 0 0 0 0 1 0 0 0 0 0 0 1 0 0 1 0 0 0 0 0 1 0 0 1 0 0 0 0 0 0 0 0 0 0 0 
1 0 0 1 0 0 0 1 1 0 0 0 0 0 0 0 0 1 1 0 0 0 0 0 1 1 1 0 1 1 0 0 0 1 0 0 0 0 0 0 0 0 0 0 0 0 1 1 0 0 0 1 1 0 1 0 0 0 0 0 
0 0 1 0 0 0 1 0 0 0 0 0 0 0 1 0 0 0 0 0 0 0 1 1 0 0 0 0 0 0 0 0 0 0 0 0 0 0 0 0 0 1 1 0 0 0 0 0 0 0 0 0 0 0 0 1 0 0 1 0 
0 0 0 0 0 0 0 1 0 0 0 1 0 0 0 0 0 0 0 0 1 1 0 1 0 0 1 0 0 0 0 0 0 0 1 0 0 0 1 0 0 0 1 0 0 1 0 0 1 1 0 0 0 0 0 0 0 0 0 0 
0 0 0 0 0 1 0 0 0 0 0 0 0 1 0 0 0 0 0 0 1 0 0 1 0 1 0 0 0 0 1 1 1 0 1 0 1 0 0 1 0 0 0 0 0 0 0 0 0 0 0 1 0 0 0 0 0 0 0 0 
0 0 0 0 0 0 0 0 0 0 1 0 0 0 0 0 0 1 0 0 0 0 0 0 0 0 0 0 0 0 0 0 0 0 0 0 0 0 0 0 0 0 1 0 0 0 0 1 0 1 1 0 1 1 0 0 0 1 0 0 
0 0 1 0 1 1 0 0 0 1 0 1 0 0 1 1 1 1 1 1 0 0 0 1 0 0 0 0 0 0 0 1 0 0 1 0 0 1 0 0 0 1 0 0 0 0 0 1 1 0 0 1 1 0 0 0 1 0 1 0 
0 1 0 0 0 0 0 0 0 0 0 0 0 1 0 0 0 0 0 1 0 0 1 1 0 0 0 0 0 0 1 1 1 0 0 0 0 0 0 0 0 0 1 0 0 0 1 0 0 0 0 0 0 0 1 0 0 1 0 0 
1 0 0 0 0 0 0 1 1 0 0 0 0 0 0 0 1 0 0 1 1 0 0 0 0 0 1 0 0 1 0 0 0 0 0 0 1 0 0 0 1 0 1 0 0 0 0 0 0 1 0 0 0 0 0 0 1 0 0 0 
0 0 0 0 0 1 0 0 0 0 0 0 0 0 0 0 0 0 0 0 1 0 0 0 0 0 1 0 1 1 0 0 0 0 0 1 0 0 0 0 0 0 1 1 0 0 1 1 0 0 1 0 0 1 0 0 1 0 1 1 
0 0 0 0 0 0 0 0 0 1 0 0 0 1 0 0 0 1 0 1 0 0 0 0 0 0 1 0 0 1 0 0 0 0 1 1 0 0 0 0 0 0 0 0 1 0 1 0 0 0 0 0 1 0 0 0 0 0 1 0 
0 0 0 0 0 1 0 1 1 0 1 1 0 0 0 0 0 0 1 0 0 0 0 1 0 0 0 0 0 0 0 0 0 0 0 0 1 1 0 1 0 0 0 0 1 0 0 1 0 0 1 0 0 0 0 0 0 0 0 0 
1 0 1 0 0 0 0 1 0 0 0 0 1 1 1 0 0 0 0 0 0 0 0 0 0 1 1 0 1 0 0 0 1 0 0 0 0 0 0 1 0 0 0 0 1 0 0 0 1 0 0 0 0 0 1 0 0 1 1 0 
0 0 0 0 0 0 0 1 0 0 0 0 0 1 0 0 0 0 0 0 1 0 0 0 0 0 0 0 0 0 0 1 1 0 0 0 0 0 0 0 0 0 0 0 0 0 0 0 0 0 0 1 1 0 0 0 0 1 0 0 
1 0 1 0 1 0 0 0 0 0 0 1 0 0 0 1 0 0 0 0 0 0 1 0 0 0 1 0 0 0 1 0 0 1 0 0 0 0 1 1 0 0 0 0 0 0 1 0 0 0 1 0 0 0 1 0 0 0 0 0 
0 0 1 0 0 0 0 0 0 0 0 1 0 0 0 0 0 0 0 1 1 0 0 0 0 0 0 0 1 0 0 0 0 1 0 0 0 0 0 1 0 0 0 0 0 1 0 1 0 0 0 0 0 0 1 0 0 1 1 0 
1 1 0 0 0 0 1 1 1 0 0 0 0 0 0 0 0 1 1 1 0 1 0 0 0 1 0 0 0 0 0 0 0 0 0 0 1 0 0 1 0 0 1 0 0 0 0 0 0 0 0 0 0 0 0 0 0 0 0 0 
1 0 0 0 0 0 1 0 0 0 0 0 0 0 0 0 0 0 0 0 1 0 1 0 0 0 1 0 0 0 0 0 0 1 1 0 1 1 1 0 1 0 0 0 0 0 0 0 0 1 0 0 0 1 0 1 0 1 0 0 
0 0 0 0 0 0 0 0 1 1 0 1 0 1 0 0 0 0 0 0 1 0 0 0 0 0 0 0 0 0 1 0 0 0 0 0 0 0 0 1 0 1 0 0 0 0 0 0 0 1 0 0 0 0 1 0 0 0 0 0 
0 0 0 0 1 0 0 0 0 0 0 0 0 0 0 0 0 1 1 0 0 0 0 0 1 0 0 0 1 0 0 0 0 0 0 0 0 0 0 0 1 0 1 0 1 0 0 0 0 0 0 0 0 0 0 1 0 0 0 0 
0 0 0 0 0 1 0 0 0 0 0 1 1 0 1 0 0 0 0 0 0 0 0 0 1 1 0 1 0 1 1 1 0 0 0 0 0 0 1 0 0 1 0 0 0 0 1 0 0 0 0 0 0 0 0 0 0 0 0 0 
1 0 0 0 0 1 0 1 0 0 1 0 0 0 0 0 0 0 0 0 0 0 0 0 0 0 0 0 0 0 0 1 0 0 0 0 0 0 0 0 0 0 0 0 0 1 0 0 0 0 1 0 1 0 1 1 0 0 0 0 
0 0 0 0 0 0 0 1 0 0 0 0 0 1 0 0 0 1 0 1 0 1 0 0 0 0 0 0 0 0 0 0 1 1 1 0 0 0 0 0 0 1 0 0 0 0 0 0 0 1 0 0 0 0 0 0 0 1 1 0 
0 0 1 0 0 0 0 0 0 0 0 1 0 0 0 0 0 1 0 0 0 1 1 0 0 1 0 0 0 0 0 0 0 0 0 0 0 1 0 0 0 0 0 1 0 0 0 1 0 1 0 0 0 0 1 0 1 0 0 1 
0 0 0 0 1 0 1 0 0 0 1 1 0 0 0 0 0 0 0 0 0 1 0 1 0 0 0 0 0 1 0 1 1 0 0 0 1 0 0 0 0 0 1 0 0 0 0 1 0 0 0 1 0 0 1 0 1 1 0 0 
0 0 1 0 0 1 0 0 0 0 0 0 0 0 0 0 0 0 0 0 0 0 0 1 0 0 0 1 1 0 0 1 0 1 0 0 0 1 0 0 0 0 0 0 0 1 1 0 0 1 0 0 0 0 0 1 0 0 0 0 
0 0 0 0 0 0 1 0 1 0 0 0 0 0 0 1 0 1 1 0 0 0 1 0 0 1 0 0 1 0 0 0 0 0 1 0 0 0 0 0 0 0 0 0 0 0 0 0 0 1 1 0 0 0 0 0 0 0 0 0 
0 0 1 1 0 0 0 0 0 0 0 0 0 0 0 0 0 1 0 1 0 0 0 0 0 1 0 1 0 0 1 0 0 0 0 0 0 0 0 1 1 0 0 0 1 1 0 1 1 0 0 0 0 0 0 1 0 0 0 0 
0 1 0 0 0 0 0 0 1 0 0 1 0 1 0 1 1 1 0 0 0 0 0 0 0 0 0 1 0 0 0 1 0 1 0 0 1 0 0 0 0 0 0 1 0 0 0 0 1 0 0 0 0 0 1 1 0 0 1 0 
0 0 0 0 0 1 0 0 0 0 0 0 0 0 0 0 0 1 0 0 0 0 0 1 0 0 1 0 1 0 0 0 0 0 0 1 0 0 0 0 0 0 0 0 0 0 1 0 0 0 0 0 1 0 0 0 1 0 0 0 
0 1 0 1 0 0 0 0 0 1 0 0 1 1 0 1 0 1 0 0 0 0 0 1 0 0 0 1 1 0 0 0 1 0 0 1 0 0 0 0 0 0 0 1 0 0 0 0 0 0 0 1 0 0 0 0 0 0 0 0 
0 0 0 1 0 0 0 0 0 0 0 1 0 1 0 1 0 0 0 0 1 0 0 0 0 0 0 1 0 0 0 1 0 0 0 0 0 0 0 1 0 0 0 0 0 0 0 0 0 0 0 0 0 0 0 0 0 0 0 0 
0 0 0 1 0 0 0 0 1 0 0 0 0 0 0 0 0 0 0 0 0 0 0 1 0 0 0 0 0 1 0 0 0 0 1 0 1 1 0 0 1 0 0 1 0 1 1 0 0 0 1 0 0 0 0 0 1 0 0 0 
0 0 0 0 0 0 0 0 1 1 0 0 0 1 0 1 1 0 1 0 0 1 0 0 1 0 0 0 0 0 0 0 0 0 0 0 0 0 0 1 0 1 0 1 0 0 0 1 0 1 1 0 0 0 0 0 0 0 0 1 
1 0 0 0 0 0 0 0 0 0 0 0 0 0 0 0 0 0 0 0 0 0 0 0 0 0 0 0 1 0 1 1 0 0 0 0 0 0 0 0 0 0 0 0 0 1 1 0 0 0 0 1 0 0 1 0 0 0 0 0 
1 1 0 0 0 1 0 0 1 0 0 0 0 0 0 0 1 0 0 0 0 1 0 0 0 0 0 1 0 1 0 0 0 0 1 1 0 1 0 1 0 0 0 0 1 0 1 0 0 0 0 0 0 0 0 0 0 0 1 1 
0 1 0 0 1 1 0 0 0 0 0 0 0 0 0 0 1 0 0 0 0 0 0 0 1 0 0 0 1 0 0 1 1 0 1 0 0 1 0 0 0 0 0 0 1 0 0 0 0 0 1 0 0 0 0 0 0 1 0 1 
0 1 0 0 0 0 1 0 0 0 0 0 0 0 0 0 0 0 0 0 0 1 0 0 0 0 0 0 0 0 0 1 0 0 0 0 0 0 0 0 0 0 0 0 0 1 0 0 0 0 0 0 0 0 0 1 0 1 1 0 

0 0 0 4 0 0 0 0 0 15 0 0 0 0 0 0 0 0 0 0 0 0 0 1 0 0 0 0 0 0 0 0 0 0 0 0 0 0 0 0 0 0 0 14 6 0 0 0 0 0 0 0 0 0 0 0 0 1 0 0 
0 0 2 0 0 0 0 0 0 12 0 0 0 0 3 0 0 3 0 0 0 0 0 0 0 0 0 0 0 0 0 0 0 0 0 0 0 15 0 0 0 0 0 0 0 1 0 0 0 0 0 16 0 0 0 0 0 0 0 0 
0 0 0 0 14 3 0 0 0 0 0 0 0 0 0 0 0 0 0 0 0 11 0 3 0 0 0 0 0 0 0 0 0 0 0 6 0 0 0 0 8 0 7 0 0 0 0 0 9 12 0 0 0 7 0 0 0 0 0 0 
0 17 0 0 0 0 0 8 0 0 0 0 0 0 0 0 0 0 16 0 15 0 3 0 0 0 7 0 0 0 0 0 0 0 0 0 0 0 0 1 0 0 0 0 0 0 0 0 0 0 0 10 0 0 1 17 0 0 0 16 
16 0 9 0 0 0 8 0 6 0 0 0 12 0 0 0 0 0 0 0 12 0 0 5 19 2 0 0 0 0 0 0 0 0 0 0 0 16 0 0 0 8 0 0 1 0 9 2 0 0 0 0 0 0 0 0 0 0 7 0 
0 15 0 0 0 0 0 0 0 5 0 0 11 0 2 0 0 10 0 0 0 14 0 0 0 0 0 1 0 0 0 0 0 16 0 0 0 0 0 0 0 0 0 0 1 0 14 0 0 0 0 0 0 0 0 0 17 0 0 0 
0 0 2 0 0 0 0 0 0 0 0 7 0 0 0 0 13 0 0 1 0 20 18 0 0 18 0 10 10 0 3 0 0 7 0 19 6 20 0 0 0 0 0 0 0 0 0 4 0 15 15 0 0 0 0 0 0 19 0 0 
0 0 0 0 0 0 0 0 0 0 0 0 0 14 0 9 17 0 0 0 0 0 0 0 0 10 0 0 0 5 14 0 0 0 0 0 8 2 0 0 0 0 0 0 0 0 0 3 0 3 0 0 0 0 0 0 10 0 20 0 
14 0 0 0 0 0 0 0 0 0 0 0 0 0 0 0 0 0 0 0 0 0 0 0 0 9 19 0 0 0 0 0 0 0 0 0 5 0 0 0 0 0 0 0 0 0 0 0 0 0 0 0 0 0 0 0 3 15 0 0 
0 0 0 0 0 11 0 11 7 0 0 0 15 0 0 0 14 0 0 0 0 0 0 0 3 11 0 0 5 0 6 0 0 0 0 4 0 0 0 0 0 0 0 0 0 0 0 0 0 0 13 0 0 0 0 3 0 0 12 0 
0 0 1 0 0 0 0 0 0 17 0 14 0 0 18 4 0 0 19 0 0 0 0 6 0 0 0 7 0 12 2 0 11 0 0 0 0 19 0 0 0 0 0 0 0 0 0 0 0 0 0 9 7 2 0 0 0 0 0 0 
0 0 9 8 0 0 0 0 13 0 0 0 0 10 0 0 0 0 0 0 0 0 0 0 0 0 0 0 0 0 0 0 0 0 0 0 0 0 0 0 0 13 0 0 12 0 0 0 8 0 3 0 0 15 0 0 0 11 0 0 
0 0 0 2 0 7 0 0 7 0 0 0 0 0 3 0 0 0 0 0 0 9 0 0 18 19 0 0 9 21 0 9 0 0 0 13 0 19 2 0 13 0 0 0 0 0 0 0 0 0 0 0 0 15 0 0 11 0 9 0 
0 0 0 0 0 18 20 5 0 3 7 0 0 0 0 0 0 0 0 14 0 11 0 0 0 0 0 0 0 0 0 0 0 7 0 0 0 0 0 0 0 0 5 5 0 0 0 0 0 5 0 0 0 0 0 4 0 0 0 17 
0 0 0 0 0 0 0 0 7 0 0 5 0 0 0 0 0 0 0 0 0 0 0 0 0 14 0 2 0 0 0 0 0 0 0 0 0 0 0 0 0 0 0 0 0 0 0 16 0 0 0 0 0 0 0 0 0 0 0 19 
0 0 0 0 0 9 0 0 0 0 0 0 0 0 0 0 0 0 0 0 0 15 0 0 8 0 0 0 3 0 0 0 0 0 0 0 0 0 0 0 11 0 0 3 0 0 11 0 0 0 0 0 0 19 0 0 3 0 0 0 
0 0 0 4 0 0 15 0 0 0 0 0 0 0 0 0 0 11 0 0 0 0 0 0 0 0 16 0 0 0 21 0 0 0 0 0 0 0 0 0 0 0 0 0 0 0 0 0 14 0 2 0 0 0 0 0 0 0 0 7 
0 0 0 0 0 0 0 0 0 0 0 0 0 0 0 0 0 0 0 0 13 0 0 16 0 2 0 0 0 0 0 17 14 7 0 0 0 0 0 0 0 0 0 0 0 0 0 0 0 14 0 18 6 0 7 0 10 0 0 0 
0 0 0 0 0 0 0 0 0 0 0 0 0 0 0 0 0 9 0 0 0 11 0 0 0 0 0 0 0 0 0 0 0 0 0 0 0 0 0 0 0 11 0 0 0 0 0 0 0 0 0 0 0 0 0 0 10 0 0 0 
0 0 0 0 5 0 0 0 0 0 0 7 0 0 0 0 0 0 16 0 0 0 0 0 0 0 0 0 0 20 0 0 0 0 0 0 0 6 0 0 0 0 0 0 2 0 0 0 0 0 0 0 0 1 18 0 0 0 0 0 
0 11 0 0 0 0 0 18 0 0 9 0 0 12 0 0 0 2 0 3 0 0 0 7 0 1 0 0 17 15 0 0 0 0 2 0 13 0 0 0 0 0 4 0 0 0 19 0 0 0 0 0 0 0 16 0 0 0 0 0 
0 0 0 0 0 0 2 0 0 0 0 0 0 0 0 0 0 0 4 0 1 0 6 0 0 0 0 0 0 0 15 5 0 1 0 0 0 0 0 9 0 0 17 15 0 0 0 0 0 0 0 0 2 8 0 0 0 0 15 16 
0 0 0 12 0 10 21 0 13 0 0 0 0 6 0 0 0 0 0 0 2 0 0 5 0 0 0 0 0 0 0 0 0 0 8 0 0 1 10 0 0 0 10 0 0 0 0 0 0 20 0 0 0 0 0 0 0 0 0 20 
0 1 0 0 0 0 0 13 0 4 0 19 0 0 14 0 3 0 0 0 0 0 0 0 0 0 2 0 0 0 0 0 0 0 0 0 0 0 0 0 0 0 0 1 0 0 0 0 0 0 0 0 14 0 0 0 0 14 0 0 
0 0 0 0 0 0 0 12 0 0 0 0 0 0 0 15 0 0 0 0 10 0 0 0 0 15 0 0 0 0 0 11 0 0 0 3 0 0 0 0 4 0 14 0 0 0 0 0 0 18 0 17 0 0 13 0 0 6 15 0 
0 0 0 10 0 4 0 0 0 0 0 0 0 0 0 0 0 0 0 0 0 0 0 0 2 0 0 0 12 0 0 0 19 0 11 0 0 0 0 0 6 0 0 0 0 0 0 1 0 0 0 0 5 0 0 0 0 0 0 17 
0 0 0 3 0 0 0 0 0 0 0 0 0 0 0 0 0 0 0 0 19 0 9 0 16 0 0 12 0 0 0 0 0 0 0 0 12 0 0 0 0 0 16 0 0 0 0 0 0 0 0 0 0 0 0 0 9 0 0 18 
19 0 0 0 0 0 0 0 0 0 0 0 0 0 0 0 0 12 16 0 0 0 8 0 1 0 0 0 0 0 0 0 0 0 11 0 0 0 0 0 0 0 0 0 17 0 1 6 7 0 0 8 9 11 0 0 2 0 12 0 
0 0 6 0 0 0 0 0 0 14 0 0 0 0 0 0 0 0 0 0 1 0 0 0 0 13 0 0 0 0 0 7 0 0 17 0 0 0 0 0 1 0 3 0 0 0 0 0 0 0 0 2 0 0 0 17 0 0 14 0 
0 0 5 0 0 0 0 0 13 0 0 0 15 0 0 0 0 0 0 0 0 0 0 0 0 0 0 0 0 0 20 0 0 0 1 0 0 0 6 0 0 0 0 6 0 0 0 10 0 0 0 0 0 11 0 0 0 0 10 0 
0 0 0 0 0 0 0 0 0 0 18 0 0 0 0 0 0 19 0 0 4 0 0 0 0 0 0 10 12 0 0 0 19 0 0 0 4 0 0 2 0 0 0 0 0 0 1 0 18 17 0 0 12 0 0 0 0 0 0 0 
0 0 6 0 0 0 0 4 0 0 0 0 15 0 0 6 0 0 0 0 0 7 0 0 0 10 3 0 0 0 0 0 0 0 0 0 0 0 0 0 0 0 0 14 0 0 0 0 0 0 0 10 0 0 0 0 0 0 20 0 
0 0 0 0 0 0 0 0 0 17 0 0 0 0 0 0 0 9 9 0 0 0 0 0 0 0 0 0 0 0 0 0 0 0 0 0 20 0 0 0 20 0 13 0 0 0 0 2 8 3 0 0 0 18 0 0 1 0 0 7 
0 3 0 0 15 0 0 0 0 0 0 0 4 6 0 0 0 0 0 0 0 0 0 0 0 0 0 0 13 0 0 0 0 0 0 9 0 15 0 0 0 0 0 0 0 0 0 0 0 0 0 0 0 16 0 0 0 0 0 0 
2 3 0 0 0 0 0 0 0 0 0 0 0 14 0 0 0 0 0 0 0 0 0 0 18 0 0 0 0 0 0 0 13 0 0 16 16 15 0 0 0 0 0 0 0 0 9 0 0 0 0 0 0 0 0 0 0 14 0 0 
0 0 0 0 0 0 0 0 0 0 0 0 0 0 0 0 5 0 1 17 0 0 16 19 0 0 0 16 0 0 0 0 0 13 0 0 2 0 0 3 4 13 0 0 0 2 0 0 0 16 0 0 0 0 0 0 0 0 9 0 
0 0 0 0 5 0 0 0 0 0 0 0 0 0 0 0 0 0 0 0 5 0 0 0 0 0 15 0 0 15 0 0 0 0 0 19 0 0 0 0 0 0 0 0 0 0 0 0 0 0 0 0 0 0 0 0 0 0 7 0 
17 0 0 0 0 0 0 0 0 0 0 0 0 0 0 0 0 17 20 0 0 0 12 0 0 0 0 0 0 13 0 11 0 0 0 0 0 0 0 0 0 8 0 0 0 0 0 0 0 0 0 0 15 0 0 0 0 0 0 0 
0 0 0 0 0 0 19 10 0 0 0 0 0 4 0 0 0 1 0 8 0 0 0 0 5 0 12 0 0 9 1 1 0 0 0 0 0 0 0 0 0 12 0 7 0 0 0 0 0 0 0 5 5 0 0 0 18 0 0 0 
0 0 2 0 0 0 0 0 0 0 0 0 0 0 0 0 0 0 1 2 0 10 0 0 0 0 0 0 16 0 0 0 0 0 0 0 0 0 19 0 0 0 0 0 0 16 0 0 0 0 0 0 0 0 0 3 0 0 0 0 
0 0 0 0 1 0 0 0 0 17 0 0 0 0 0 0 0 0 0 0 0 0 0 0 0 0 0 0 8 0 0 0 0 0 8 0 0 2 0 0 0 3 5 0 0 0 0 12 0 0 1 0 3 0 0 0 0 0 0 0 
0 0 0 0 0 0 19 13 0 2 0 0 0 13 0 0 0 0 0 0 0 0 0 0 6 9 6 0 6 0 1 0 19 0 1 0 0 0 0 0 0 0 0 0 0 13 0 0 0 0 5 0 0 0 0 0 13 0 0 14 
10 2 1 18 0 0 0 11 0 0 0 0 19 0 0 13 0 0 18 0 0 0 0 0 2 0 0 16 0 5 10 0 0 0 0 0 0 0 6 0 0 0 0 0 13 0 0 0 0 0 0 12 0 0 0 0 0 0 0 0 
0 13 7 0 14 10 0 0 0 19 0 0 0 0 0 0 0 8 0 17 0 0 0 0 0 0 0 11 0 0 0 0 0 15 0 17 0 0 11 13 0 0 0 0 0 0 0 0 12 10 0 0 0 0 0 0 0 0 0 0 
0 0 0 0 1 0 0 0 0 9 9 0 0 0 0 0 0 0 0 0 14 0 9 0 0 0 20 0 0 5 18 0 17 0 0 0 0 0 0 0 0 0 0 0 0 0 9 0 0 0 0 0 0 0 0 0 0 19 1 16 
19 0 0 0 0 0 0 0 19 7 0 0 0 0 4 0 0 0 0 0 0 0 0 0 15 19 0 0 0 0 0 0 6 0 0 0 0 0 0 0 17 0 0 20 2 0 0 0 0 0 0 0 0 19 0 0 0 5 17 0 
0 0 0 0 17 0 0 0 0 0 0 0 0 0 17 0 0 0 0 0 15 0 0 0 0 0 0 3 0 0 0 0 0 0 16 0 15 0 0 0 0 0 4 0 0 0 0 0 0 0 0 0 0 0 0 0 8 0 12 0 
15 0 0 14 0 0 0 0 0 9 0 0 0 0 0 2 0 13 0 0 0 0 0 0 15 0 14 15 0 0 0 0 0 15 0 0 0 0 0 0 0 0 13 0 6 16 0 0 0 0 13 0 20 20 14 0 1 0 0 0 
0 0 18 0 5 0 0 0 0 8 0 0 0 15 0 0 0 20 0 5 0 7 0 0 6 0 0 1 0 0 0 9 0 2 0 4 0 0 0 11 0 10 0 0 0 0 0 2 0 0 2 0 0 20 0 15 0 0 0 0 
0 0 0 0 5 0 0 0 0 0 0 0 0 0 0 0 0 0 0 0 1 0 0 0 0 0 0 0 0 0 12 0 0 0 0 0 0 0 18 0 0 9 0 0 0 15 0 7 0 0 9 0 0 0 0 0 0 0 0 0 
18 0 0 0 0 0 0 0 0 0 0 0 0 4 11 0 0 0 0 13 11 0 0 0 0 0 0 0 13 0 0 0 0 0 0 0 0 0 16 0 0 0 0 0 0 19 0 9 0 0 0 0 0 0 0 20 0 0 15 0 
0 0 0 0 0 0 6 0 0 0 18 7 0 0 0 0 0 0 0 0 0 0 0 0 0 16 0 0 0 0 4 0 0 6 0 0 11 0 0 0 0 0 0 0 0 21 0 0 0 0 0 0 0 0 0 0 0 10 0 7 
0 0 0 0 0 0 0 0 0 0 0 0 0 17 0 20 0 0 0 0 0 18 0 17 0 7 0 0 3 20 0 0 19 0 11 0 12 0 0 0 0 0 0 0 0 3 17 6 0 0 0 7 0 0 0 0 0 20 0 0 
0 0 0 0 3 11 0 0 0 0 0 14 0 18 0 0 0 0 2 16 0 0 0 0 19 0 0 0 0 0 0 0 0 0 0 8 0 19 0 13 0 11 0 0 0 12 0 0 0 0 0 19 0 0 0 0 0 0 3 0 
0 0 0 0 0 0 6 0 0 15 0 0 0 0 0 0 0 0 0 0 10 0 0 0 0 0 0 0 11 0 0 0 0 0 0 0 0 0 14 0 5 10 0 0 0 0 0 0 0 0 0 11 12 0 0 0 0 0 0 22 
0 0 0 0 14 0 10 0 0 0 0 0 0 0 0 14 0 1 0 0 0 0 0 0 3 0 0 0 5 0 0 18 0 0 0 4 0 0 0 14 0 0 12 19 0 0 0 0 0 0 0 0 19 0 0 0 0 0 16 0 
0 4 0 0 0 0 0 0 10 0 0 0 0 0 0 0 0 0 0 0 0 0 11 0 0 0 0 0 0 11 0 0 0 0 0 2 10 0 0 14 0 0 0 11 0 0 0 11 0 0 0 0 0 0 0 0 0 0 0 14 
0 2 0 0 0 0 0 0 0 0 0 0 0 0 12 0 0 0 0 0 0 0 15 0 0 0 0 0 0 0 0 0 0 0 0 0 0 5 0 19 0 0 6 0 0 0 0 0 16 0 0 0 0 0 5 0 11 0 17 0 
0 15 0 0 0 0 0 0 2 0 0 0 0 16 0 0 0 7 0 0 0 0 14 6 0 0 0 15 0 2 2 0 0 0 0 19 2 0 0 5 0 0 11 0 0 0 17 1 15 0 0 0 0 0 0 0 0 0 0 0 
0 0 0 0 0 0 0 15 21 0 0 0 0 0 0 0 14 0 0 17 0 0 0 0 0 0 0 0 0 19 0 0 17 0 0 0 0 0 0 0 0 0 20 0 0 5 2 0 0 0 0 0 0 0 1 0 0 0 12 0 
