60

0 1 1 0 1 1 0 0 1 1 0 1 1 1 1 0 1 0 0 1 1 1 0 0 1 0 0 1 1 1 1 0 1 1 1 0 1 1 1 1 1 0 1 0 0 1 0 1 1 1 0 1 1 1 0 0 1 1 1 1 
1 0 0 1 1 1 0 1 1 0 1 1 0 1 1 0 1 1 1 0 1 1 0 0 0 1 1 1 1 1 1 0 0 0 0 1 0 0 1 1 1 0 1 0 0 1 1 0 1 1 1 1 1 1 1 0 0 0 1 1 
1 0 0 1 0 0 1 0 0 0 1 1 1 0 1 1 1 1 0 1 1 0 1 1 0 1 0 0 0 1 1 0 0 1 1 1 1 1 1 1 0 1 1 1 1 1 1 0 1 1 1 0 1 0 1 0 1 0 1 1 
0 1 1 0 1 0 0 1 0 1 0 0 1 0 0 0 1 0 1 1 0 1 1 1 1 0 0 1 0 1 1 1 1 1 1 1 0 1 1 1 0 1 0 0 0 0 1 0 1 0 1 0 1 0 1 1 1 1 1 1 
1 1 0 1 0 1 1 0 1 0 1 1 1 0 1 1 1 1 1 1 0 1 1 1 1 0 0 1 1 0 1 1 0 1 1 0 1 0 0 0 1 1 0 1 0 0 0 1 0 0 1 1 0 1 0 0 1 0 1 1 
1 1 0 0 1 0 1 0 1 0 1 0 0 1 0 1 0 0 1 1 0 0 1 1 0 1 0 1 1 1 1 1 1 1 1 1 1 0 1 0 1 1 1 0 0 0 1 1 1 0 1 1 1 0 1 0 1 0 0 1 
0 0 1 0 1 1 0 0 1 0 0 0 1 1 1 0 1 1 0 0 1 0 1 1 0 1 0 0 0 1 1 1 0 1 1 0 1 1 1 1 0 0 1 0 1 1 0 1 0 1 1 1 0 0 0 0 1 0 0 0 
0 1 0 1 0 0 0 0 1 0 0 1 0 0 0 0 1 0 1 1 1 1 1 1 1 0 1 0 0 1 0 1 0 1 0 1 1 0 0 1 1 0 1 0 0 0 1 0 0 1 0 0 0 0 1 1 1 1 0 1 
1 1 0 0 1 1 1 1 0 1 1 0 1 0 1 1 0 0 0 0 1 1 1 1 0 1 1 1 1 1 1 0 1 1 1 0 0 0 0 0 0 0 1 1 1 1 1 0 1 1 1 1 0 1 1 0 1 1 0 0 
1 0 0 1 0 0 0 0 1 0 1 1 1 1 1 1 1 1 1 1 1 1 1 0 0 0 0 1 0 1 1 0 1 0 0 0 0 0 1 1 1 1 1 1 1 1 0 1 1 0 0 1 0 0 0 0 0 0 0 1 
0 1 1 0 1 1 0 0 1 1 0 1 1 1 1 0 1 0 1 0 1 0 1 1 1 1 0 0 1 1 1 0 1 0 0 1 1 0 1 0 1 0 1 0 1 0 1 0 1 1 1 0 0 1 1 1 1 0 1 1 
1 1 1 0 1 0 0 1 0 1 1 0 0 0 0 1 1 0 1 0 1 1 1 1 0 1 0 1 1 1 0 0 0 0 1 1 1 0 1 1 1 0 1 1 1 1 1 0 1 1 0 0 0 1 1 1 0 1 1 0 
1 0 1 1 1 0 1 0 1 1 1 0 0 0 1 0 1 1 0 0 0 1 0 1 1 0 0 1 1 1 1 0 1 0 1 1 0 1 1 1 1 1 0 1 1 0 0 1 1 0 1 1 1 0 1 0 1 0 1 1 
1 1 0 0 0 1 1 0 0 1 1 0 0 0 1 1 1 1 0 0 1 1 1 0 0 1 1 1 1 1 0 0 1 1 1 0 1 1 0 0 1 0 1 1 0 0 1 1 1 1 1 1 1 1 0 0 1 0 0 1 
1 1 1 0 1 0 1 0 1 1 1 0 1 1 0 1 1 1 1 1 1 1 1 1 1 1 0 1 1 1 1 0 0 1 1 1 1 1 1 1 1 1 1 1 1 1 1 1 1 1 1 0 1 0 1 1 0 1 0 0 
0 0 1 0 1 1 0 0 1 1 0 1 0 1 1 0 1 0 1 0 1 1 1 1 1 0 1 1 1 1 1 1 1 0 1 1 0 0 0 0 1 1 1 0 1 0 0 0 0 0 1 0 0 1 1 1 1 1 0 1 
1 1 1 1 1 0 1 1 0 1 1 1 1 1 1 1 0 1 1 0 1 1 1 0 1 0 1 0 0 1 1 1 1 1 1 0 1 0 1 1 0 1 1 1 0 0 1 1 0 0 0 1 1 1 1 0 0 0 1 0 
0 1 1 0 1 0 1 0 0 1 0 0 1 1 1 0 1 0 1 0 1 1 0 1 1 1 1 0 0 1 0 1 1 0 1 1 1 0 1 0 1 1 1 0 1 0 1 1 1 1 1 0 0 1 1 0 1 0 1 1 
0 1 0 1 1 1 0 1 0 1 1 1 0 0 1 1 1 1 0 0 1 1 0 0 0 0 1 1 1 0 1 1 0 1 1 0 0 0 1 1 0 1 0 0 0 1 1 1 1 1 0 1 0 0 1 1 1 1 0 0 
1 0 1 1 1 1 0 1 0 1 0 0 0 0 1 0 0 0 0 0 0 1 1 1 1 0 1 1 0 0 1 0 1 1 1 1 1 0 0 0 0 1 0 0 1 0 1 0 1 1 1 0 1 0 1 1 1 1 1 0 
1 1 1 0 0 0 1 1 1 1 1 1 0 1 1 1 1 1 1 0 0 1 0 1 1 0 1 1 1 0 1 0 1 0 1 0 0 1 1 0 1 1 1 1 0 1 1 1 1 1 1 1 0 1 1 0 1 0 1 1 
1 1 0 1 1 0 0 1 1 1 0 1 1 1 1 1 1 1 1 1 1 0 1 1 1 1 1 0 0 1 1 1 1 0 1 1 0 1 1 0 1 1 1 1 1 1 0 0 0 1 1 0 0 1 1 0 1 1 0 1 
0 0 1 1 1 1 1 1 1 1 1 1 0 1 1 1 1 0 0 1 0 1 0 1 1 0 1 1 1 1 1 0 1 1 1 1 1 1 1 0 1 1 1 1 0 1 1 1 1 1 1 0 0 1 0 1 1 1 0 1 
0 0 1 1 1 1 1 1 1 0 1 1 1 0 1 1 0 1 0 1 1 1 1 0 1 0 1 0 1 0 0 0 0 1 1 0 0 0 1 1 0 1 1 1 1 1 0 0 1 1 1 0 1 1 1 1 0 1 1 1 
1 0 0 1 1 0 0 1 0 0 1 0 1 0 1 1 1 1 0 1 1 1 1 1 0 1 1 1 1 1 1 0 1 1 1 0 1 0 1 0 1 0 1 1 0 0 1 1 1 0 1 1 1 1 0 0 1 1 0 0 
0 1 1 0 0 1 1 0 1 0 1 1 0 1 1 0 0 1 0 0 0 1 0 0 1 0 1 0 1 1 1 0 1 1 1 1 0 1 0 1 1 1 0 1 1 1 1 1 1 1 1 0 0 0 1 1 1 1 1 1 
0 1 0 0 0 0 0 1 1 0 0 0 0 1 0 1 1 1 1 1 1 1 1 1 1 1 0 1 1 0 1 0 1 1 1 1 1 1 1 1 0 0 0 0 0 1 1 1 1 1 0 1 1 1 1 1 1 1 0 1 
1 1 0 1 1 1 0 0 1 1 0 1 1 1 1 1 0 0 1 1 1 0 1 0 1 0 1 0 0 0 1 0 1 0 1 0 1 1 0 0 0 1 0 1 0 0 1 1 1 1 1 0 0 1 1 1 1 1 0 1 
1 1 0 0 1 1 0 0 1 0 1 1 1 1 1 1 0 0 1 0 1 0 1 1 1 1 1 0 0 0 1 1 1 1 1 0 0 0 1 0 1 0 0 0 0 1 0 1 1 0 0 1 0 1 1 0 1 0 0 1 
1 1 1 1 0 1 1 1 1 1 1 1 1 1 1 1 1 1 0 0 0 1 1 0 1 1 0 0 0 0 1 1 1 1 1 0 1 0 1 1 1 1 1 1 0 0 1 1 1 0 1 0 1 1 1 1 0 0 0 0 
1 1 1 1 1 1 1 0 1 1 1 0 1 0 1 1 1 0 1 1 1 1 1 0 1 1 1 1 1 1 0 0 1 1 0 1 1 1 1 1 1 1 0 1 0 1 1 1 0 0 1 1 0 1 0 1 1 1 1 0 
0 0 0 1 1 1 1 1 0 0 0 0 0 0 0 1 1 1 1 0 0 1 0 0 0 0 0 0 1 1 0 0 1 0 1 1 0 1 0 1 0 1 0 1 0 1 1 0 0 0 1 1 1 1 1 1 1 1 0 1 
1 0 0 1 0 1 0 0 1 1 1 0 1 1 0 1 1 1 0 1 1 1 1 0 1 1 1 1 1 1 1 1 0 1 1 1 1 1 0 1 1 0 1 1 1 1 1 1 0 0 1 1 0 0 0 1 1 0 1 1 
1 0 1 1 1 1 1 1 1 0 0 0 0 1 1 0 1 0 1 1 0 0 1 1 1 1 1 0 1 1 1 0 1 0 0 0 1 1 0 1 0 1 1 0 1 0 1 0 1 1 1 0 1 0 1 1 0 0 0 1 
1 0 1 1 1 1 1 0 1 0 0 1 1 1 1 1 1 1 1 1 1 1 1 1 1 1 1 1 1 1 0 1 1 0 0 1 0 0 1 1 1 0 1 1 1 0 0 1 1 0 1 0 1 0 0 0 1 0 1 1 
0 1 1 1 0 1 0 1 0 0 1 1 1 0 1 1 0 1 0 1 0 1 1 0 0 1 1 0 0 0 1 1 1 0 1 0 1 1 0 1 1 1 0 0 1 1 1 1 0 1 1 1 0 1 1 0 1 0 1 1 
1 0 1 0 1 1 1 1 0 0 1 1 0 1 1 0 1 1 0 1 0 0 1 0 1 0 1 1 0 1 1 0 1 1 0 1 0 0 0 1 1 1 0 1 1 0 0 0 1 0 1 1 0 1 1 0 1 0 1 1 
1 0 1 1 0 0 1 0 0 0 0 0 1 1 1 0 0 0 0 0 1 1 1 0 0 1 1 1 0 0 1 1 1 1 0 1 0 0 0 1 1 0 1 0 0 1 1 1 0 0 0 1 1 1 1 1 1 1 1 1 
1 1 1 1 0 1 1 0 0 1 1 1 1 0 1 0 1 1 1 0 1 1 1 1 1 0 1 0 1 1 1 0 0 0 1 0 0 0 0 1 1 1 1 0 0 1 1 1 1 1 1 1 0 1 1 1 1 0 0 1 
1 1 1 1 0 0 1 1 0 1 0 1 1 0 1 0 1 0 1 0 0 0 0 1 0 1 1 0 0 1 1 1 1 1 1 1 1 1 1 0 1 1 1 0 0 0 1 1 0 1 0 0 0 1 1 1 0 0 0 1 
1 1 0 0 1 1 0 1 0 1 1 1 1 1 1 1 0 1 0 0 1 1 1 0 1 1 0 0 1 1 1 0 1 0 1 1 1 1 1 1 0 1 1 1 1 1 0 1 0 1 1 1 1 0 1 0 1 1 0 0 
0 0 1 1 1 1 0 0 0 1 0 0 1 0 1 1 1 1 1 1 1 1 1 1 0 1 0 1 0 1 1 1 0 1 0 1 1 0 1 1 1 0 1 1 0 1 1 1 1 1 1 0 0 0 0 0 0 1 0 1 
1 1 1 0 0 1 1 1 1 1 1 1 0 1 1 1 1 1 0 0 1 1 1 1 1 0 0 0 0 1 0 0 1 1 1 0 0 1 1 1 1 1 0 0 1 1 1 0 0 0 1 1 0 0 1 1 0 1 0 1 
0 0 1 0 1 0 0 0 1 1 0 1 1 1 1 0 1 0 0 0 1 1 1 1 1 1 0 1 0 1 1 1 1 0 1 0 1 0 0 0 1 1 0 0 1 0 1 1 0 1 0 1 0 1 1 1 1 1 1 1 
0 0 1 0 0 0 1 0 1 1 1 1 1 0 1 1 0 1 0 1 0 1 0 1 0 1 0 0 0 0 0 0 1 1 1 1 1 0 0 0 1 0 1 1 0 1 1 0 0 1 1 0 1 0 1 0 1 0 1 0 
1 1 1 0 0 0 1 0 1 1 0 1 0 0 1 0 0 0 1 0 1 1 1 1 0 1 1 0 1 0 1 1 1 0 0 1 0 1 1 0 1 1 1 0 1 0 1 0 1 0 0 1 1 1 1 1 1 0 1 1 
0 1 1 1 0 1 0 1 1 0 1 1 0 1 1 0 1 1 1 1 1 0 1 0 1 1 1 1 0 1 1 1 1 1 0 1 0 1 1 1 0 1 1 1 1 1 0 1 1 1 1 1 1 0 1 1 1 0 0 1 
1 0 0 0 1 1 1 0 0 1 0 0 1 1 1 0 1 1 1 0 1 0 1 0 1 1 1 1 1 1 1 0 1 0 1 1 0 1 1 1 1 1 0 1 0 0 1 0 1 1 1 1 0 1 1 0 0 0 0 1 
1 1 1 1 0 1 0 0 1 1 1 1 1 1 1 0 0 1 1 1 1 0 1 1 1 1 1 1 1 1 0 0 0 1 1 0 1 0 1 0 0 1 0 0 0 1 1 1 0 0 1 1 1 1 1 1 1 0 0 1 
1 1 1 0 0 0 1 1 1 0 1 1 0 1 1 0 0 1 1 1 1 1 1 1 0 1 1 1 0 0 0 0 0 1 0 1 0 0 1 1 1 1 0 1 1 0 1 1 0 0 1 1 1 1 1 0 0 1 1 0 
0 1 1 1 1 1 1 0 1 0 1 0 1 1 1 1 0 1 0 1 1 1 1 1 1 1 0 1 0 1 1 1 1 1 1 1 1 0 1 0 1 1 1 0 1 0 1 1 1 1 0 1 1 0 1 1 1 0 0 0 
1 1 0 0 1 1 1 0 1 1 0 0 1 1 0 0 1 0 1 0 1 0 0 0 1 0 1 0 1 0 1 1 1 0 0 1 1 1 1 0 1 0 1 1 0 1 1 1 1 1 1 0 0 1 1 0 1 1 1 1 
1 1 1 1 0 1 0 0 0 0 0 0 1 1 1 0 1 0 0 1 0 0 0 1 1 0 1 0 0 1 0 1 0 1 1 0 0 1 0 0 1 0 0 0 1 1 1 0 1 1 1 0 0 0 1 1 1 0 1 1 
1 1 0 0 1 0 0 0 1 0 1 1 0 1 0 1 1 1 0 0 1 1 1 1 1 0 1 1 1 1 1 1 0 0 0 1 1 1 1 1 0 0 0 1 0 1 0 1 1 1 0 1 0 0 0 0 1 1 0 1 
0 1 1 1 0 1 0 1 1 0 1 1 1 0 1 1 1 1 1 1 1 1 0 1 0 1 1 1 1 1 0 1 0 1 0 1 1 1 1 1 1 0 1 1 1 1 1 1 1 1 1 1 1 0 0 1 1 1 1 0 
0 0 0 1 0 0 0 1 0 0 1 1 0 0 1 1 0 0 1 1 0 0 1 1 0 1 1 1 0 1 1 1 1 1 0 0 0 1 1 1 0 0 1 1 0 1 1 0 1 0 1 0 1 0 1 0 0 0 1 0 
1 0 1 1 1 1 1 1 1 0 1 0 1 1 0 1 0 1 1 1 1 1 1 0 1 1 1 1 1 0 1 1 1 0 1 1 1 1 1 0 1 0 0 1 1 1 1 0 1 0 1 1 1 1 1 0 0 0 1 0 
1 0 0 1 0 0 0 1 1 0 0 1 0 0 1 1 0 0 1 1 0 1 1 1 1 1 1 1 0 0 1 1 0 0 0 0 0 1 0 0 1 1 1 1 0 0 0 0 0 1 0 1 0 1 1 0 0 0 1 1 
1 1 1 1 1 0 0 0 0 0 1 1 1 0 0 0 1 1 0 1 1 0 0 1 0 1 0 0 0 0 1 0 1 0 1 1 1 1 0 0 0 0 0 1 1 1 0 0 0 1 0 1 1 0 1 1 1 1 0 1 
1 1 1 1 1 1 0 1 0 1 1 0 1 1 0 1 0 1 0 0 1 1 1 1 0 1 1 1 1 0 0 1 1 1 1 1 1 1 1 1 0 1 1 1 0 1 1 1 1 0 0 1 1 1 0 0 0 1 1 0 

0 0 0 0 0 0 13 0 0 0 0 0 8 0 0 0 4 0 0 0 0 0 13 0 0 0 0 29 0 0 0 0 0 16 0 0 0 0 5 0 0 0 0 0 0 0 0 0 0 0 14 0 0 0 14 0 0 0 0 0 
0 0 0 29 0 27 16 0 4 0 0 0 0 22 0 0 0 0 0 0 0 0 0 0 0 6 0 19 16 0 0 20 0 0 0 0 0 0 0 0 0 0 0 0 0 3 0 0 0 0 0 0 0 0 0 0 0 0 0 0 
0 0 0 0 0 0 0 0 0 12 29 0 0 0 0 0 17 0 0 0 0 20 0 0 0 15 0 0 0 0 24 0 0 0 0 0 0 0 0 0 14 0 0 0 4 0 0 0 0 0 0 0 5 0 0 28 0 0 0 0 
0 0 0 0 0 25 0 0 10 0 0 26 0 0 0 0 0 0 0 0 1 2 0 8 0 0 0 0 0 29 0 0 6 0 0 8 0 0 0 0 2 0 0 0 0 0 0 0 0 0 0 0 7 0 0 9 20 0 0 0 
0 0 0 0 0 0 0 0 0 0 0 0 0 0 0 0 0 0 0 1 0 13 0 0 0 0 0 0 0 0 28 0 0 20 0 0 0 6 0 0 0 0 0 0 0 22 0 0 0 0 0 0 0 0 18 1 0 0 0 4 
0 19 0 0 26 0 0 5 0 0 0 0 0 0 0 0 0 0 0 0 15 0 11 0 0 0 0 0 0 0 0 6 0 0 4 0 0 0 0 0 0 0 29 14 0 9 0 0 20 0 0 0 0 0 0 0 27 0 0 0 
0 0 0 0 0 0 0 0 2 0 18 0 0 0 10 0 0 0 0 0 0 0 0 0 0 0 0 0 0 0 0 0 0 0 0 25 0 0 0 0 0 0 0 0 0 0 0 0 0 0 0 0 0 3 9 0 3 0 0 0 
0 0 0 3 2 0 0 0 0 0 0 0 0 3 0 0 19 0 0 0 0 0 0 8 0 0 0 0 0 0 0 0 0 0 0 8 0 0 0 0 25 0 0 5 0 0 0 9 0 0 0 0 0 0 0 0 0 0 0 16 
22 0 0 0 0 0 0 0 0 0 0 29 19 0 0 0 0 18 0 0 0 0 0 0 0 0 24 0 0 0 0 0 8 0 15 0 0 0 6 0 0 0 0 29 11 0 0 0 0 0 1 0 0 0 0 0 0 0 0 9 
0 0 0 13 0 0 0 0 0 0 0 18 0 0 0 0 0 10 0 0 0 0 26 5 0 0 0 10 0 0 0 0 0 0 0 0 0 0 2 0 0 0 0 0 0 9 0 0 0 4 0 14 0 4 0 0 26 0 1 0 
0 0 0 0 0 0 0 0 0 0 0 17 0 7 2 0 0 0 8 0 0 0 0 0 0 0 0 0 0 0 0 0 0 18 0 0 0 0 2 0 0 0 0 0 15 0 0 0 0 0 0 0 0 0 0 0 0 0 0 0 
0 0 25 0 0 0 0 14 0 0 0 0 0 0 0 0 0 0 18 8 2 0 0 4 24 13 1 0 0 0 16 0 0 0 0 0 29 0 0 0 2 0 0 0 0 0 1 0 11 28 0 0 12 0 0 8 0 0 2 0 
0 0 0 0 15 0 0 12 0 0 1 0 0 29 0 0 0 0 0 0 0 0 0 0 0 0 0 0 22 0 0 0 0 0 0 0 0 0 0 0 0 15 0 0 0 0 0 18 0 26 0 6 0 27 20 0 0 7 13 0 
0 0 0 23 0 0 10 0 0 18 0 3 0 0 20 13 13 0 0 0 0 0 0 0 0 16 0 0 0 0 0 0 0 0 0 0 0 0 0 0 16 8 0 20 9 0 0 7 0 0 0 0 0 0 0 0 0 0 0 0 
0 0 29 0 14 0 0 0 0 27 0 0 0 0 0 0 0 8 0 0 0 0 0 0 0 19 0 0 0 7 1 0 13 0 0 0 0 0 0 0 28 0 17 0 0 17 0 21 0 0 0 0 0 0 0 0 0 0 17 0 
0 0 0 0 0 0 0 23 0 0 0 0 0 0 0 0 0 8 0 0 0 0 0 0 0 0 0 0 25 0 9 0 0 0 0 0 0 0 1 21 0 0 0 20 0 15 0 0 0 22 0 0 0 23 0 0 0 29 0 6 
28 0 0 0 0 0 0 0 0 0 0 0 18 0 0 0 0 3 0 0 0 0 0 0 0 0 0 13 0 5 0 17 12 0 0 1 0 0 0 20 0 0 0 1 0 17 0 0 0 11 0 0 18 0 0 0 0 17 0 0 
0 0 0 5 23 0 0 0 0 0 28 0 0 0 18 0 0 0 0 8 29 0 0 0 3 0 0 0 18 24 0 0 0 19 16 0 0 9 0 0 9 0 0 0 0 3 0 0 0 0 0 1 0 4 0 11 0 0 0 0 
0 0 0 0 0 0 0 0 0 0 0 18 0 0 0 0 0 13 0 20 0 0 0 0 19 0 0 0 17 0 0 26 0 0 0 0 7 0 0 0 0 7 10 0 13 0 28 17 0 0 0 9 13 0 0 0 0 0 0 0 
0 0 0 0 0 0 0 0 0 0 0 0 0 0 0 0 0 0 0 0 0 0 0 13 0 0 0 0 0 0 0 29 0 0 0 0 8 12 0 0 0 0 4 0 13 0 0 0 0 13 0 0 0 0 0 20 0 15 0 0 
0 0 0 0 0 0 16 0 0 1 14 0 0 0 0 0 0 0 0 0 0 9 10 0 0 0 0 0 17 22 2 0 0 0 0 0 0 25 0 20 27 0 0 0 0 0 0 0 0 12 0 0 0 0 0 0 20 0 0 0 
0 0 1 0 0 0 0 25 0 1 18 0 22 0 0 6 1 25 0 0 0 0 0 0 6 15 0 26 24 0 29 0 20 1 0 0 0 0 0 0 0 0 6 0 20 10 0 0 9 15 0 0 0 0 0 0 0 25 0 0 
0 0 0 0 0 0 0 0 0 7 0 0 0 0 0 0 0 0 0 0 6 0 0 0 1 0 0 7 0 0 0 0 0 0 0 0 1 0 15 19 0 0 0 0 3 0 6 0 13 0 0 0 0 0 6 0 0 1 25 0 
0 7 0 0 0 0 0 0 0 0 0 0 16 0 0 7 0 0 0 0 22 0 0 0 0 0 1 7 0 0 0 0 0 0 0 0 0 0 0 0 0 0 0 0 0 0 3 0 0 0 0 0 0 0 2 0 0 0 0 0 
0 0 0 0 0 0 0 0 0 0 0 19 26 0 6 0 0 28 0 0 0 0 0 0 0 28 14 0 0 0 0 0 23 0 0 0 0 0 0 19 0 0 0 0 0 2 0 0 3 0 0 0 0 0 19 0 0 0 0 0 
0 0 0 0 0 0 0 0 4 17 0 0 0 0 0 0 0 18 0 0 0 0 28 0 0 0 0 24 0 0 0 0 0 10 0 23 0 28 0 23 4 28 0 0 0 0 0 0 21 0 0 0 0 0 0 29 0 0 19 0 
0 0 0 0 0 29 0 21 0 0 0 0 0 0 0 23 0 0 0 0 4 0 0 7 0 0 0 0 0 8 0 16 25 20 0 0 0 7 28 0 0 0 0 0 0 0 22 24 0 0 0 24 0 0 0 9 0 0 10 0 
0 0 0 0 0 0 0 0 0 0 0 17 0 0 0 0 0 29 0 2 0 11 15 0 0 0 0 0 10 0 0 0 1 22 0 0 0 0 0 0 0 0 0 0 0 0 0 0 0 0 0 0 0 23 0 0 0 25 15 0 
0 0 0 0 0 0 0 0 0 0 0 0 0 25 17 0 18 18 0 0 26 6 0 0 0 0 0 0 0 0 0 0 0 0 0 0 0 6 2 0 0 0 0 0 2 0 0 0 29 0 0 0 2 0 0 0 19 0 0 16 
0 0 0 0 1 12 19 0 0 0 16 4 0 0 0 0 0 27 0 0 29 0 0 0 0 0 0 28 0 0 0 12 0 0 0 0 0 17 21 0 0 0 0 0 0 0 0 0 0 0 0 0 0 0 0 0 0 0 28 0 
0 0 19 19 0 0 19 0 0 0 0 0 0 0 0 0 0 0 0 12 0 0 0 0 0 2 13 0 0 0 0 0 0 0 0 0 29 0 0 0 26 0 0 0 0 0 0 16 29 0 0 0 0 0 0 0 0 0 0 23 
0 0 0 25 0 22 0 0 11 0 0 0 0 12 0 18 0 0 0 0 0 11 24 20 17 0 0 0 0 0 0 0 0 0 0 0 0 29 0 0 0 0 0 0 0 0 0 0 0 0 0 0 0 0 0 0 6 1 0 0 
0 0 0 0 0 0 0 0 2 0 0 0 13 0 0 0 0 0 0 0 0 0 0 0 0 0 0 14 0 0 0 0 0 0 0 0 0 0 0 0 0 0 0 0 0 7 0 0 14 0 2 0 0 0 0 0 0 5 0 0 
0 0 0 14 0 0 11 0 0 0 0 0 0 0 0 0 0 0 0 0 5 0 0 0 0 0 0 0 0 0 13 0 0 0 0 0 0 0 0 0 0 12 0 0 0 0 0 0 0 0 0 0 0 0 0 0 1 23 0 0 
0 0 0 0 0 0 0 0 0 24 27 0 0 0 28 7 0 0 0 0 0 15 0 0 1 0 16 0 0 0 0 0 0 0 0 0 0 0 6 0 0 0 0 0 10 4 0 0 26 0 0 0 0 0 0 0 0 0 0 0 
0 0 0 0 0 0 0 0 0 0 0 0 0 0 0 15 0 0 0 0 0 0 20 0 0 0 0 0 0 0 0 0 0 9 0 0 0 0 0 0 0 0 0 0 0 0 0 0 0 5 0 0 0 0 0 19 0 0 0 0 
26 0 0 0 19 0 26 0 0 0 0 0 9 0 0 26 0 0 0 0 3 29 2 0 0 0 0 0 0 0 0 0 0 2 0 0 0 0 0 0 0 12 0 0 0 0 0 0 12 3 0 0 0 0 0 0 0 0 0 0 
0 0 21 0 0 0 0 0 0 0 0 23 0 14 0 0 0 0 0 0 0 0 0 0 15 0 15 0 0 0 0 0 0 4 26 0 0 0 0 0 0 22 0 0 0 28 28 10 29 0 0 0 0 0 0 0 27 0 0 8 
0 0 0 0 0 0 0 5 0 0 0 0 0 0 0 0 10 26 7 0 0 0 0 0 3 0 0 0 0 0 0 0 0 21 6 0 0 0 0 0 24 9 0 0 0 0 0 0 0 0 3 0 0 0 0 0 0 0 0 0 
0 0 0 0 0 0 0 0 0 0 21 0 27 14 0 0 0 0 0 29 0 0 0 0 0 0 0 0 0 22 0 0 0 0 0 2 0 1 0 0 0 0 0 15 2 0 0 14 0 0 0 0 0 0 0 0 0 0 0 0 
6 0 0 0 0 21 18 0 0 12 0 5 29 0 22 0 0 0 0 0 11 0 0 25 0 14 0 0 0 0 0 2 0 0 0 0 0 0 0 0 0 0 0 0 0 0 11 0 0 0 0 23 0 0 18 0 2 0 3 0 
0 0 0 0 23 14 0 0 0 0 0 0 0 0 0 0 0 0 0 25 0 5 0 0 7 0 0 20 0 0 27 26 0 0 0 0 0 0 0 0 2 0 0 0 0 0 0 0 5 0 0 0 1 0 0 3 0 12 0 0 
0 0 4 0 0 29 0 0 23 0 0 23 18 0 0 0 29 0 0 0 0 0 0 0 0 0 0 4 0 0 0 0 10 0 0 0 0 0 1 0 7 0 0 4 0 27 0 0 0 0 2 0 0 26 0 26 0 0 0 0 
0 0 0 17 0 0 11 0 0 1 5 9 0 0 0 0 0 0 0 0 0 13 19 0 13 0 0 0 0 0 0 0 5 0 24 0 0 0 0 0 0 0 0 0 0 0 0 0 0 19 0 27 0 0 0 0 0 0 0 0 
0 0 0 0 17 4 0 0 14 16 20 0 0 26 0 0 0 0 12 0 7 23 0 0 0 7 0 0 0 0 5 11 0 7 0 0 0 22 0 0 0 0 0 0 0 0 0 0 0 0 0 0 20 0 0 0 0 0 0 0 
0 0 0 0 0 29 0 0 0 4 0 0 0 0 29 0 16 0 29 0 16 0 28 10 0 0 0 0 0 0 0 0 0 23 0 0 0 0 2 0 0 0 0 0 0 0 0 0 6 0 0 0 0 0 0 0 19 0 0 28 
0 0 0 22 0 0 0 0 13 0 0 0 0 0 0 0 0 0 0 0 0 26 0 12 0 15 0 0 0 0 0 0 0 0 0 0 0 0 19 0 0 0 0 0 0 0 0 18 0 0 0 0 0 0 0 14 9 0 0 0 
21 0 0 0 17 4 0 0 0 0 0 0 0 0 0 0 0 0 0 0 0 5 0 0 25 0 26 16 0 0 0 9 0 0 0 0 0 0 0 0 0 0 0 0 0 0 0 0 0 0 4 0 0 0 7 0 8 0 29 0 
0 0 0 0 0 0 0 18 0 12 15 0 0 0 0 0 0 0 0 4 0 3 0 17 15 0 6 0 9 0 7 0 0 0 0 3 0 0 4 1 0 0 0 0 0 0 29 0 0 0 0 6 0 0 0 0 20 0 0 25 
14 0 0 0 0 21 0 0 0 0 20 10 0 16 0 0 15 0 0 0 0 0 0 0 0 0 29 0 12 0 21 0 0 0 0 19 0 0 0 2 28 0 0 0 26 0 0 27 0 0 0 0 0 0 0 0 0 0 0 0 
0 0 0 0 21 0 4 0 0 26 0 0 0 0 7 0 0 0 11 0 0 25 0 0 0 0 22 0 0 0 0 0 0 0 0 0 0 14 1 0 0 14 0 0 18 0 0 0 0 0 0 9 27 0 0 0 0 0 0 16 
0 0 0 0 17 0 0 0 11 0 0 0 0 24 0 0 22 26 0 0 12 0 0 0 29 0 0 0 0 0 0 0 0 0 0 0 0 17 0 14 0 0 0 0 0 24 25 0 0 0 0 0 0 0 21 0 0 0 0 0 
14 7 0 0 0 0 14 0 0 0 0 2 0 0 0 0 0 0 0 0 0 0 0 0 0 0 0 0 29 1 0 0 0 0 0 20 0 0 0 0 0 2 0 23 4 21 0 0 0 0 0 5 0 0 0 0 0 0 0 0 
0 4 0 0 0 0 0 0 0 0 0 0 1 0 0 10 0 12 0 0 0 0 0 0 0 18 0 0 16 0 0 0 2 28 0 29 15 0 0 0 17 0 0 29 17 0 0 6 17 0 0 0 0 0 26 0 0 23 27 0 
0 0 9 0 0 17 0 0 0 0 0 0 0 10 0 0 0 0 0 0 22 0 0 0 0 0 1 0 0 0 0 0 0 0 0 0 0 0 0 0 0 0 18 0 0 0 0 0 29 0 0 0 0 0 0 0 0 0 0 29 
0 0 0 0 28 0 9 0 2 0 0 0 0 4 0 5 0 0 9 9 3 0 0 20 4 0 0 1 6 0 27 24 0 4 0 0 4 0 6 0 23 3 13 0 0 0 0 0 0 0 3 0 0 14 0 0 0 0 0 0 
0 0 0 0 0 0 13 22 18 0 0 0 0 0 0 28 0 10 0 7 3 0 3 0 0 0 0 0 0 0 0 0 0 0 0 0 0 0 0 0 0 0 0 0 0 0 2 0 0 20 0 0 13 0 2 1 0 0 0 0 
0 0 0 0 0 0 0 0 3 0 0 6 0 0 0 0 0 0 12 0 0 0 0 0 0 14 6 18 0 0 0 0 0 0 0 0 0 0 0 0 0 0 0 0 0 18 0 0 0 0 0 0 0 0 0 13 0 0 0 8 
0 0 0 0 0 0 0 4 15 0 0 0 23 0 0 0 0 0 2 22 0 0 16 0 0 0 0 0 0 29 0 0 0 0 0 0 0 0 0 0 19 10 4 0 0 0 0 9 0 0 21 0 5 0 0 0 0 19 0 0 
0 0 26 0 29 0 0 27 0 25 9 2 24 8 0 0 0 19 0 0 0 0 0 0 0 0 0 0 0 0 14 0 0 0 0 0 0 0 0 0 7 0 9 0 0 0 0 0 0 10 0 0 9 0 0 0 0 0 0 0 
