60

0 1 1 0 0 1 1 1 1 0 1 1 1 1 1 0 0 0 1 1 1 1 1 1 1 1 0 1 0 0 1 1 1 1 1 1 0 1 0 1 0 1 1 1 1 1 1 1 1 1 1 1 0 1 0 1 1 0 1 1 
1 0 1 0 1 1 1 1 1 1 1 1 1 1 1 1 1 1 1 1 1 1 1 1 0 1 1 1 1 1 1 1 1 1 1 0 1 1 1 1 1 1 1 1 1 1 1 1 0 1 0 1 1 1 1 0 1 0 1 1 
1 1 0 1 0 0 1 0 1 1 1 1 1 1 1 1 1 0 1 1 1 1 1 1 1 0 0 1 1 1 1 1 1 1 1 1 1 1 0 1 1 1 1 1 1 0 1 0 1 1 1 0 1 1 1 1 1 1 1 1 
0 0 1 0 1 1 1 1 1 1 1 0 1 1 1 1 1 1 1 1 1 1 1 1 1 1 0 1 0 1 1 1 1 1 1 1 1 1 0 1 0 1 1 1 0 0 0 1 1 1 1 1 1 0 0 1 1 1 1 0 
0 1 0 1 0 1 1 0 1 0 1 1 1 0 0 0 1 0 1 0 1 1 1 1 1 0 1 1 1 1 1 1 1 1 0 0 0 1 1 0 1 1 1 0 1 1 1 1 1 1 1 0 1 0 1 1 1 1 1 1 
1 1 0 1 1 0 1 0 1 1 1 0 1 1 1 1 1 0 1 1 1 1 1 1 1 1 1 1 1 1 0 1 1 1 1 1 1 1 1 1 1 0 1 1 1 1 1 1 1 1 1 1 1 1 1 1 1 1 0 1 
1 1 1 1 1 1 0 1 1 1 0 1 1 1 1 1 1 1 1 1 0 1 1 1 1 1 0 1 1 1 1 1 1 1 1 0 1 0 1 1 0 1 1 1 1 1 0 1 0 0 1 1 1 1 1 1 1 0 1 1 
1 1 0 1 0 0 1 0 1 1 1 1 1 1 1 1 1 0 1 1 1 0 0 1 1 1 0 1 1 1 1 1 1 1 1 1 1 1 1 1 1 0 1 0 1 1 0 1 1 1 0 1 1 1 1 1 1 1 1 1 
1 1 1 1 1 1 1 1 0 1 1 1 1 1 1 0 1 0 1 1 1 1 1 1 0 1 1 1 1 0 1 1 0 1 1 0 1 1 1 1 1 1 1 1 1 1 1 1 1 0 0 1 1 1 1 0 1 1 1 1 
0 1 1 1 0 1 1 1 1 0 1 1 1 1 1 1 1 1 1 1 1 1 1 1 0 1 0 0 1 1 1 0 1 0 1 1 1 1 1 1 1 1 1 1 1 1 1 1 1 0 0 1 1 1 1 0 1 1 1 1 
1 1 1 1 1 1 0 1 1 1 0 1 1 1 1 1 0 0 1 1 1 1 1 1 0 1 1 1 1 0 1 1 0 0 1 0 1 1 1 0 1 1 1 1 1 0 1 1 1 1 0 1 0 1 1 1 0 1 1 1 
1 1 1 0 1 0 1 1 1 1 1 0 1 1 1 1 1 1 1 1 1 0 0 1 1 1 1 0 0 1 1 1 0 1 1 1 1 1 1 1 1 1 1 1 0 1 1 1 1 1 1 1 1 1 1 1 1 1 1 1 
1 1 1 1 1 1 1 1 1 1 1 1 0 1 1 0 0 1 1 1 0 1 0 1 1 0 1 0 0 0 1 1 1 1 1 1 1 1 1 1 1 1 1 1 1 0 1 1 1 1 0 1 1 1 1 0 1 0 1 1 
1 1 1 1 0 1 1 1 1 1 1 1 1 0 1 1 0 1 1 1 0 1 0 1 0 1 0 1 1 1 1 1 1 1 1 0 1 1 1 1 0 1 1 1 1 0 1 1 0 1 1 1 0 0 0 0 0 1 1 1 
1 1 1 1 0 1 1 1 1 1 1 1 1 1 0 1 1 1 0 1 0 0 1 1 0 1 1 1 1 1 1 1 1 1 0 0 1 1 1 0 1 1 1 1 1 1 1 1 1 1 0 1 1 0 1 1 1 1 1 1 
0 1 1 1 0 1 1 1 0 1 1 1 0 1 1 0 0 1 1 1 1 1 1 1 1 1 1 1 1 1 1 1 1 1 1 0 1 1 1 1 0 1 1 0 1 1 1 1 1 1 0 0 1 0 1 1 1 1 0 1 
0 1 1 1 1 1 1 1 1 1 0 1 0 0 1 0 0 0 1 0 1 1 0 0 1 0 1 1 0 1 0 0 0 1 1 1 0 1 0 1 1 1 1 0 1 1 1 1 1 1 1 0 1 1 1 1 1 1 1 0 
0 1 0 1 0 0 1 0 0 1 0 1 1 1 1 1 0 0 1 0 1 0 1 0 1 1 1 1 1 0 0 1 1 1 0 1 1 1 1 1 0 1 1 1 0 1 1 1 1 1 0 1 1 1 1 0 1 0 1 1 
1 1 1 1 1 1 1 1 1 1 1 1 1 1 0 1 1 1 0 1 0 1 1 1 1 1 0 1 1 1 1 1 1 1 0 1 1 1 1 1 1 1 1 1 1 1 1 1 1 1 1 1 1 0 1 1 0 0 1 1 
1 1 1 1 0 1 1 1 1 1 1 1 1 1 1 1 0 0 1 0 1 1 0 0 1 0 1 1 1 1 1 0 1 1 1 1 1 1 1 1 1 1 0 1 0 1 0 1 1 1 1 0 1 1 1 1 1 1 0 1 
1 1 1 1 1 1 0 1 1 1 1 1 0 0 0 1 1 1 0 1 0 1 1 1 0 1 0 1 1 0 1 1 1 0 1 0 0 1 1 1 0 1 1 1 1 1 1 1 1 0 1 1 1 1 1 1 0 1 0 0 
1 1 1 1 1 1 1 0 1 1 1 0 1 1 0 1 1 0 1 1 1 0 1 0 1 1 1 1 1 1 1 1 1 1 1 1 1 0 1 1 1 1 1 1 1 1 1 1 1 1 1 1 1 1 1 0 0 1 1 1 
1 1 1 1 1 1 1 0 1 1 1 0 0 0 1 1 0 1 1 0 1 1 0 0 0 1 1 1 0 1 1 1 0 0 1 1 0 0 0 1 1 0 0 1 1 1 1 0 1 0 1 1 1 1 1 1 1 1 1 1 
1 1 1 1 1 1 1 1 1 1 1 1 1 1 1 1 0 0 1 0 1 0 0 0 0 1 1 0 1 0 1 0 1 1 1 0 1 1 0 1 1 0 1 1 1 1 0 1 1 1 1 0 1 1 1 1 1 1 1 1 
1 0 1 1 1 1 1 1 0 0 0 1 1 0 0 1 1 1 1 1 0 1 0 0 0 1 1 1 0 0 1 1 1 1 1 0 1 1 0 1 1 1 0 1 1 1 1 1 1 1 0 1 1 0 1 1 1 1 1 1 
1 1 0 1 0 1 1 1 1 1 1 1 0 1 1 1 0 1 1 0 1 1 1 1 1 0 0 1 0 1 1 1 1 1 1 1 1 1 1 1 1 1 0 1 1 1 1 1 1 1 1 1 1 1 1 1 1 0 1 0 
0 1 0 0 1 1 0 0 1 0 1 1 1 0 1 1 1 1 0 1 0 1 1 1 1 0 0 1 1 0 0 1 1 1 1 1 1 1 1 1 0 1 0 1 1 0 0 1 1 0 0 1 1 1 1 0 1 1 1 1 
1 1 1 1 1 1 1 1 1 0 1 0 0 1 1 1 1 1 1 1 1 1 1 0 1 1 1 0 1 1 1 0 1 1 1 1 1 1 0 1 1 1 0 1 1 1 1 0 1 1 1 1 0 1 0 1 1 1 1 1 
0 1 1 0 1 1 1 1 1 1 1 0 0 1 1 1 0 1 1 1 1 1 0 1 0 0 1 1 0 1 1 1 1 1 1 1 0 1 1 0 1 1 1 0 0 0 1 1 1 1 0 1 1 0 0 1 0 1 0 1 
0 1 1 1 1 1 1 1 0 1 0 1 0 1 1 1 1 0 1 1 0 1 1 0 0 1 0 1 1 0 0 0 1 1 1 0 1 1 1 0 0 1 1 0 1 1 0 1 1 0 1 1 1 0 1 1 0 1 1 1 
1 1 1 1 1 0 1 1 1 1 1 1 1 1 1 1 0 0 1 1 1 1 1 1 1 1 0 1 1 0 0 0 1 1 1 1 0 1 0 0 0 0 1 1 1 1 1 1 1 1 1 1 0 1 0 1 1 0 0 0 
1 1 1 1 1 1 1 1 1 0 1 1 1 1 1 1 0 1 1 0 1 1 1 0 1 1 1 0 1 0 0 0 1 1 1 1 0 1 1 0 1 1 1 1 1 1 0 1 1 1 1 1 1 1 1 1 0 1 1 1 
1 1 1 1 1 1 1 1 0 1 0 0 1 1 1 1 0 1 1 1 1 1 0 1 1 1 1 1 1 1 1 1 0 0 1 1 1 1 0 0 0 1 0 0 1 1 1 1 0 0 1 0 0 1 1 0 1 0 1 1 
1 1 1 1 1 1 1 1 1 0 0 1 1 1 1 1 1 1 1 1 0 1 0 1 1 1 1 1 1 1 1 1 0 0 1 1 1 1 1 1 1 1 1 0 1 1 1 1 0 0 1 1 1 1 1 0 1 1 1 0 
1 1 1 1 0 1 1 1 1 1 1 1 1 1 0 1 1 0 0 1 1 1 1 1 1 1 1 1 1 1 1 1 1 1 0 1 1 1 1 0 0 0 1 0 0 1 0 1 1 1 1 1 1 0 1 1 0 0 1 1 
1 0 1 1 0 1 0 1 0 1 0 1 1 0 0 0 1 1 1 1 0 1 1 0 0 1 1 1 1 0 1 1 1 1 1 0 0 1 1 0 1 1 1 1 1 1 0 1 1 1 1 0 1 1 1 1 0 0 1 0 
0 1 1 1 0 1 1 1 1 1 1 1 1 1 1 1 0 1 1 1 0 1 0 1 1 1 1 1 0 1 0 0 1 1 1 0 0 1 1 0 1 1 0 1 1 1 1 1 1 0 1 1 1 1 1 1 1 1 1 1 
1 1 1 1 1 1 0 1 1 1 1 1 1 1 1 1 1 1 1 1 1 0 0 1 1 1 1 1 1 1 1 1 1 1 1 1 1 0 1 1 1 1 1 1 1 1 1 1 1 1 0 0 0 1 0 1 0 1 1 1 
0 1 0 0 1 1 1 1 1 1 1 1 1 1 1 1 0 1 1 1 1 1 0 0 0 1 1 0 1 1 0 1 0 1 1 1 1 1 0 0 1 1 0 1 1 1 1 1 1 1 1 1 1 1 1 1 0 1 1 1 
1 1 1 1 0 1 1 1 1 1 0 1 1 1 0 1 1 1 1 1 1 1 1 1 1 1 1 1 0 0 0 0 0 1 0 0 0 1 0 0 0 0 1 1 0 1 1 1 0 0 0 1 1 1 0 1 1 0 0 1 
0 1 1 0 1 1 0 1 1 1 1 1 1 0 1 0 1 0 1 1 0 1 1 1 1 1 0 1 1 0 0 1 0 1 0 1 1 1 1 0 0 1 1 1 1 1 1 1 1 1 0 1 0 0 0 1 1 1 1 1 
1 1 1 1 1 0 1 0 1 1 1 1 1 1 1 1 1 1 1 1 1 1 0 0 1 1 1 1 1 1 0 1 1 1 0 1 1 1 1 0 1 0 1 1 0 0 1 1 0 0 1 1 1 1 1 1 1 1 1 1 
1 1 1 1 1 1 1 1 1 1 1 1 1 1 1 1 1 1 1 0 1 1 0 1 0 0 0 0 1 1 1 1 0 1 1 1 0 1 0 1 1 1 0 1 1 1 1 1 0 1 1 1 0 1 1 1 1 1 0 1 
1 1 1 1 0 1 1 0 1 1 1 1 1 1 1 0 0 1 1 1 1 1 1 1 1 1 1 1 0 0 1 1 0 0 0 1 1 1 1 1 1 1 1 0 1 0 1 1 1 1 1 0 0 1 1 1 1 1 1 1 
1 1 1 0 1 1 1 1 1 1 1 0 1 1 1 1 1 0 1 0 1 1 1 1 1 1 1 1 0 1 1 1 1 1 0 1 1 1 1 0 1 0 1 1 0 1 1 1 1 1 1 1 1 1 0 1 1 1 0 1 
1 1 0 0 1 1 1 1 1 1 0 1 0 0 1 1 1 1 1 1 1 1 1 1 1 1 0 1 0 1 1 1 1 1 1 1 1 1 1 1 1 0 1 0 1 0 1 1 0 1 1 1 1 1 1 1 1 0 0 1 
1 1 1 0 1 1 0 0 1 1 1 1 1 1 1 1 1 1 1 0 1 1 1 0 1 1 0 1 1 0 1 0 1 1 0 0 1 1 1 1 1 1 1 1 1 1 0 0 1 0 1 1 1 1 0 0 1 1 1 1 
1 1 0 1 1 1 1 1 1 1 1 1 1 1 1 1 1 1 1 1 1 1 0 1 1 1 1 0 1 1 1 1 1 1 1 1 1 1 1 1 1 1 1 1 1 1 0 0 1 1 1 1 1 1 1 1 1 1 1 1 
1 0 1 1 1 1 0 1 1 1 1 1 1 0 1 1 1 1 1 1 1 1 1 1 1 1 1 1 1 1 1 1 0 0 1 1 1 1 1 0 1 0 0 1 1 0 1 1 0 0 1 1 1 1 0 1 0 1 1 0 
1 1 1 1 1 1 0 1 0 0 1 1 1 1 1 1 1 1 1 1 0 1 0 1 1 1 0 1 1 0 1 1 0 0 1 1 0 1 1 0 1 0 1 1 1 1 0 1 0 0 1 1 1 1 1 0 1 1 0 1 
1 0 1 1 1 1 1 0 0 0 0 1 0 1 0 0 1 0 1 1 1 1 1 1 0 1 0 1 0 1 1 1 1 1 1 1 1 0 1 0 0 1 1 1 1 1 1 1 1 1 0 1 1 1 1 0 1 1 1 1 
1 1 0 1 0 1 1 1 1 1 1 1 1 1 1 0 0 1 1 0 1 1 1 0 1 1 1 1 1 1 1 1 0 1 1 0 1 0 1 1 1 1 1 0 1 1 1 1 1 1 1 0 0 1 0 1 1 1 1 0 
0 1 1 1 1 1 1 1 1 1 0 1 1 0 1 1 1 1 1 1 1 1 1 1 1 1 1 0 1 1 0 1 0 1 1 1 1 0 1 1 0 1 0 0 1 1 1 1 1 1 1 0 0 1 1 0 1 1 0 1 
1 1 1 0 0 1 1 1 1 1 1 1 1 0 0 0 1 1 0 1 1 1 1 1 0 1 1 1 0 0 1 1 1 1 0 1 1 1 1 1 0 1 1 1 1 1 1 1 1 1 1 1 1 0 1 1 0 1 1 1 
0 1 1 0 1 1 1 1 1 1 1 1 1 0 1 1 1 1 1 1 1 1 1 1 1 1 1 0 0 1 0 1 1 1 1 1 1 0 1 0 0 1 1 1 0 1 0 1 0 1 1 0 1 1 0 1 1 1 1 1 
1 0 1 1 1 1 1 1 0 0 1 1 0 0 1 1 1 0 1 1 1 0 1 1 1 1 0 1 1 1 1 1 0 0 1 1 1 1 1 1 1 1 1 1 1 1 0 1 1 0 0 1 0 1 1 0 0 0 1 1 
1 1 1 1 1 1 1 1 1 1 0 1 1 0 1 1 1 1 0 1 0 0 1 1 1 1 1 1 0 0 1 0 1 1 0 0 1 0 0 1 1 1 1 1 1 1 1 1 0 1 1 1 1 0 1 0 0 1 0 1 
0 0 1 1 1 1 0 1 1 1 1 1 0 1 1 1 1 0 0 1 1 1 1 1 1 0 1 1 1 1 0 1 0 1 0 0 1 1 1 0 1 1 1 1 1 0 1 1 1 1 1 1 1 1 1 0 1 0 1 1 
1 1 1 1 1 0 1 1 1 1 1 1 1 1 1 0 1 1 1 0 0 1 1 1 1 1 1 1 0 1 0 1 1 1 1 1 1 1 1 0 1 1 0 1 0 0 1 1 1 0 1 1 0 1 1 1 0 1 0 0 
1 1 1 0 1 1 1 1 1 1 1 1 1 1 1 1 0 1 1 1 0 1 1 1 1 0 1 1 1 1 0 1 1 0 1 0 1 1 1 1 1 1 1 1 1 1 1 1 0 1 1 0 1 1 1 1 1 1 0 0 

0 0 0 12 0 8 0 0 0 0 4 4 0 0 0 0 0 0 0 13 18 0 0 0 0 10 0 6 13 0 0 2 0 0 0 0 0 0 0 0 1 0 0 0 0 0 10 0 0 6 0 0 0 0 3 0 0 0 11 0 
0 0 0 2 0 7 0 0 0 5 0 3 0 0 0 0 0 0 0 0 3 9 0 0 0 4 0 0 17 0 0 0 0 0 0 0 0 14 0 0 0 17 0 0 0 0 0 0 5 0 13 0 7 9 0 0 0 0 0 0 
0 0 0 0 9 0 0 0 0 13 0 0 0 0 0 0 0 0 4 13 0 8 0 1 0 1 0 0 0 1 0 0 0 0 16 0 0 0 0 0 0 0 0 0 16 0 0 0 4 0 0 0 0 0 0 10 0 0 0 0 
0 0 0 0 0 0 0 7 0 4 0 0 16 16 0 0 0 0 0 0 2 0 0 0 0 0 0 0 0 4 13 0 17 0 0 0 14 0 0 0 0 0 0 0 0 20 0 0 0 0 0 0 0 17 0 0 0 0 0 0 
0 19 0 0 0 0 18 0 0 0 0 0 0 7 0 20 0 0 3 0 0 0 8 0 0 4 3 9 0 0 0 0 0 0 2 0 3 0 0 0 0 0 0 0 0 0 0 0 0 0 12 0 0 0 0 0 0 0 0 0 
0 3 0 0 0 0 0 0 11 0 0 0 16 4 0 0 0 8 0 0 14 0 0 1 0 16 6 11 0 0 0 0 0 0 0 0 0 1 5 0 0 0 0 13 14 0 0 7 0 16 11 0 0 0 0 0 0 0 0 16 
0 0 0 0 11 0 0 0 0 0 0 18 0 0 5 0 0 0 0 0 0 16 0 0 0 0 0 0 0 0 0 0 18 2 0 0 3 15 0 0 0 0 0 5 0 0 0 0 0 20 9 0 0 0 0 0 0 0 0 0 
0 0 0 0 0 0 0 0 0 5 0 0 0 0 8 7 0 0 0 4 4 0 0 0 0 0 0 1 12 0 0 0 0 0 0 16 0 0 19 0 0 0 0 0 5 0 0 0 0 0 0 0 0 0 0 10 0 17 2 0 
0 0 7 0 0 0 18 0 0 0 1 0 0 0 0 0 0 0 0 0 0 0 0 0 0 0 16 0 0 0 0 14 0 0 0 0 0 0 0 0 0 0 0 0 0 0 0 0 0 0 0 4 0 0 0 0 0 2 0 16 
0 0 0 0 0 0 5 0 0 0 0 0 0 0 15 0 0 0 0 0 0 0 0 0 0 14 0 0 0 0 0 0 0 0 18 5 17 4 0 0 0 0 0 0 6 0 0 0 0 0 0 0 0 0 0 0 0 0 0 0 
6 15 0 0 0 0 0 7 0 0 0 0 0 12 0 0 0 0 8 0 0 0 0 0 7 0 0 0 0 0 0 0 15 12 0 0 0 0 0 0 7 0 13 5 0 0 0 0 2 0 0 14 1 0 0 0 7 1 0 0 
0 10 0 0 0 0 0 0 0 10 0 0 0 15 0 0 0 0 13 0 0 0 0 0 1 0 11 0 0 19 14 0 4 0 0 0 0 0 0 18 0 0 0 0 18 15 0 0 15 7 0 0 0 0 0 0 0 0 0 0 
0 0 0 13 0 4 0 0 0 0 0 0 0 2 0 0 0 0 14 0 8 0 0 0 0 0 0 0 0 0 0 0 0 0 0 0 5 11 0 0 0 0 0 0 0 0 19 0 5 0 0 0 0 0 0 0 0 0 7 0 
0 19 3 0 0 18 11 0 0 0 0 0 0 0 0 9 18 9 0 0 0 0 0 0 0 0 0 0 2 0 0 0 19 0 5 0 0 0 0 7 14 0 0 0 3 0 0 0 0 3 0 0 0 0 19 0 0 0 10 2 
0 0 0 0 0 4 0 0 12 0 0 0 0 0 0 0 0 0 0 0 13 0 0 0 0 12 0 0 0 0 6 0 17 0 0 0 0 0 6 0 0 0 0 15 0 0 0 0 0 14 0 14 15 0 0 0 8 0 12 0 
0 0 0 0 1 0 0 0 0 0 0 0 0 0 0 0 0 0 5 0 0 0 0 0 0 0 19 0 0 0 0 0 1 0 13 0 0 0 0 0 15 0 10 0 0 0 0 8 0 6 0 0 0 0 4 0 0 13 18 1 
17 0 0 0 0 0 0 7 17 5 9 0 0 0 0 0 0 0 0 10 17 0 13 6 0 0 0 0 0 0 0 0 0 0 0 0 0 0 0 16 14 0 0 0 0 0 0 0 0 0 14 0 0 0 0 0 0 0 0 0 
0 0 0 0 0 14 14 12 0 0 0 0 0 0 0 0 0 0 0 0 10 19 6 0 0 0 5 0 3 0 0 0 0 0 0 0 0 0 0 5 0 0 0 0 0 0 0 0 0 0 0 0 0 0 0 0 0 8 6 0 
0 0 0 0 0 0 0 0 2 0 0 0 6 7 6 0 0 0 0 0 17 0 0 0 8 0 10 0 0 13 0 0 0 0 0 0 0 0 0 0 13 0 0 0 0 20 10 0 0 0 0 0 0 15 0 0 0 0 0 0 
0 0 0 0 0 0 0 0 5 0 0 0 8 0 0 0 0 8 0 0 0 0 0 0 0 0 0 0 0 0 0 0 17 13 0 0 0 0 0 4 0 0 0 19 0 0 0 0 0 0 17 12 20 0 5 0 4 0 0 0 
0 0 15 0 9 0 0 0 0 0 0 0 0 0 0 0 0 0 0 0 0 0 0 0 0 14 0 9 0 17 0 0 0 0 0 0 0 0 0 0 0 0 0 0 18 0 3 0 0 0 0 0 0 0 0 0 0 0 0 0 
0 9 0 8 5 0 5 0 8 0 13 0 0 0 0 0 0 0 0 0 0 0 0 0 0 0 0 4 0 0 0 0 0 0 0 5 0 7 0 0 0 0 0 9 0 0 0 0 0 0 0 0 0 0 0 7 0 0 0 0 
0 0 8 0 0 8 0 0 0 0 0 0 0 0 13 0 0 17 0 9 0 0 0 0 2 0 2 0 0 0 0 0 0 0 0 0 0 0 9 0 0 0 0 0 4 1 11 0 0 0 0 0 0 0 0 0 0 0 6 0 
0 0 0 3 0 0 18 0 0 5 18 0 12 0 0 0 0 15 0 0 0 0 0 0 0 6 0 0 0 0 0 0 0 0 0 0 0 0 0 0 4 0 0 0 0 0 0 0 0 0 0 0 0 9 0 0 0 0 13 1 
0 0 0 0 0 0 0 0 0 0 0 0 0 0 5 0 0 0 10 0 0 0 0 0 0 0 0 0 0 0 0 0 19 0 10 0 19 0 0 0 6 0 11 0 0 0 0 0 0 0 11 18 12 19 0 0 0 0 0 0 
0 0 16 8 0 0 0 0 0 0 0 0 0 0 0 0 0 0 0 0 0 0 0 16 0 0 4 6 0 0 7 0 4 0 0 4 0 0 0 0 0 0 0 13 0 0 0 0 1 0 0 12 16 0 0 0 1 10 18 19 
0 9 0 0 0 0 0 10 0 0 0 0 0 0 0 0 0 0 0 0 0 1 0 0 0 0 0 0 0 0 0 0 19 0 1 0 0 0 0 0 0 0 0 0 0 0 0 0 11 17 0 0 0 0 14 0 18 0 0 0 
0 0 0 1 0 0 0 0 0 0 0 0 6 0 16 0 0 9 0 10 11 0 15 0 0 2 0 0 0 0 12 0 5 0 0 1 12 0 0 0 0 0 0 0 6 0 17 0 9 0 5 0 0 0 10 20 0 0 0 0 
13 0 0 0 0 19 0 0 11 0 0 0 0 15 19 2 0 0 0 0 0 0 0 0 0 0 0 0 0 0 0 0 0 0 0 0 12 0 0 0 0 0 1 0 0 7 0 2 0 14 16 0 0 2 0 0 0 0 0 14 
0 0 0 0 0 1 0 0 0 0 0 0 0 0 7 0 0 0 0 0 17 0 0 0 13 4 0 0 5 0 2 2 0 0 0 0 0 0 0 1 0 13 0 0 0 6 0 16 0 0 0 0 0 19 0 9 10 0 4 0 
0 6 9 0 0 20 0 18 2 0 0 0 0 4 18 0 1 0 0 0 0 17 0 0 0 0 17 0 0 0 0 0 0 0 15 0 0 0 0 0 0 0 13 0 16 0 0 0 6 0 17 0 0 0 0 0 0 0 0 0 
0 2 0 2 0 0 14 0 0 15 0 0 0 0 0 0 5 1 0 0 0 0 3 0 0 0 0 0 0 19 16 0 0 0 18 12 0 0 0 0 5 9 0 0 0 0 0 0 0 0 0 16 0 0 0 0 0 0 0 0 
0 0 5 0 0 6 19 0 5 3 0 0 0 0 0 0 20 0 1 0 0 0 13 0 0 0 0 5 0 0 0 0 0 0 13 0 0 0 0 2 0 0 0 0 0 0 0 0 0 0 0 0 0 0 0 0 0 15 0 19 
0 17 0 3 19 2 0 0 0 0 0 0 0 17 14 17 0 0 0 0 4 14 0 0 0 0 0 0 0 0 0 0 0 0 7 0 0 0 4 0 19 0 0 0 18 0 0 7 0 0 3 0 0 0 0 0 0 0 0 0 
0 0 0 6 0 0 0 16 0 6 0 0 0 0 0 0 0 0 0 10 0 0 0 0 18 18 0 0 0 0 0 0 0 0 0 0 0 0 0 0 10 0 0 0 0 0 0 0 0 0 0 4 0 0 0 0 2 0 0 0 
0 0 0 0 0 19 0 7 0 0 0 0 0 4 0 0 4 1 0 0 0 0 0 0 13 0 0 0 0 0 0 0 0 0 0 0 0 0 0 0 0 0 0 0 0 0 0 0 0 0 10 0 13 0 0 0 0 0 0 0 
0 0 0 0 0 0 0 13 0 0 0 0 0 0 0 0 0 0 0 0 18 0 0 0 0 0 0 0 1 0 10 1 2 0 0 0 0 0 0 0 0 0 0 0 0 0 0 0 0 0 0 0 0 3 16 0 0 0 0 7 
0 7 0 9 0 0 0 0 9 0 0 0 0 0 0 0 0 0 0 0 0 1 18 12 0 7 0 0 0 0 0 0 0 0 0 0 0 0 0 0 10 0 8 0 0 0 0 3 0 0 0 4 0 0 17 0 0 0 0 0 
0 1 0 0 10 15 0 0 0 0 0 0 11 0 0 0 0 0 2 10 0 0 0 0 14 0 0 0 0 0 11 0 0 0 0 12 0 18 0 9 4 0 0 0 0 0 0 0 0 0 0 0 16 0 0 0 0 0 0 0 
0 16 0 0 4 0 0 0 1 0 12 0 0 0 0 0 0 0 0 0 0 0 0 0 14 0 0 0 6 0 0 0 0 0 0 0 0 0 11 0 0 0 0 3 0 0 0 0 0 0 0 12 0 0 0 15 0 0 0 0 
0 0 0 0 0 0 0 0 0 1 0 0 0 0 0 16 0 0 17 0 0 2 0 0 0 0 0 0 0 15 5 0 0 18 0 0 0 8 16 0 0 17 15 0 0 0 0 0 0 0 0 0 16 0 0 17 0 0 2 0 
0 0 0 0 0 15 0 3 0 8 0 0 5 0 0 0 0 0 0 0 18 12 0 0 0 0 0 0 0 0 9 1 0 0 0 0 12 15 0 0 0 0 15 0 0 0 0 0 14 0 0 0 0 10 0 0 0 12 0 0 
0 0 0 0 7 0 0 0 0 0 19 0 0 0 0 0 0 0 0 18 0 0 4 0 0 17 0 0 0 0 0 0 0 0 0 0 7 0 0 0 9 0 0 0 0 0 0 0 0 0 0 0 0 0 10 0 0 0 0 7 
15 0 0 0 0 0 0 0 0 0 0 0 9 0 0 0 14 0 0 7 0 0 0 0 0 0 0 0 0 0 0 0 0 0 0 0 17 0 0 0 0 0 0 0 0 0 14 7 11 0 0 1 0 7 0 0 0 12 0 0 
0 15 0 5 0 0 0 9 0 0 0 0 0 0 9 0 0 13 0 0 0 15 0 0 0 0 0 0 0 18 0 0 11 14 0 0 11 9 8 0 6 0 0 0 0 0 9 0 3 0 4 0 0 0 0 0 0 0 0 0 
0 0 0 0 0 13 0 0 0 0 0 0 0 0 0 0 0 0 0 0 0 0 0 0 0 0 0 20 0 0 0 0 0 0 0 0 18 0 0 0 0 0 0 0 0 0 0 0 6 7 0 0 0 0 0 0 0 0 0 0 
0 0 0 0 0 14 0 0 0 0 0 0 0 13 0 0 0 0 0 0 18 7 0 0 0 0 0 0 0 0 0 0 0 0 0 0 0 0 0 9 4 11 0 0 0 0 0 0 0 0 11 14 0 0 0 0 0 0 0 14 
0 0 8 0 0 0 0 0 14 0 0 0 0 12 0 0 0 9 0 0 0 9 0 0 0 3 0 0 0 0 0 8 0 0 14 6 0 0 0 0 14 0 0 0 0 0 0 0 0 0 0 0 0 0 0 9 0 0 0 0 
0 0 6 13 0 0 3 0 13 0 0 0 9 0 0 2 0 0 0 0 0 0 0 0 0 0 0 0 0 0 0 16 5 0 5 0 0 0 9 14 0 0 0 0 0 0 0 0 0 0 0 0 0 0 0 0 15 1 2 0 
0 0 0 0 0 0 0 0 0 0 6 0 0 0 0 17 5 0 8 0 0 0 10 0 0 0 0 0 0 0 0 0 0 13 16 0 0 0 0 0 0 0 0 0 0 0 0 0 0 0 0 0 0 0 0 0 0 0 0 0 
0 17 0 0 0 7 0 0 0 0 0 0 0 0 0 0 9 0 0 0 1 0 2 0 0 0 0 1 0 0 0 0 0 0 0 20 0 0 0 0 0 8 0 0 0 0 0 0 0 0 0 0 14 0 19 0 17 0 0 0 
0 0 0 9 0 0 0 0 0 0 0 0 0 0 0 0 0 0 0 0 0 0 0 0 0 0 0 0 0 0 0 3 0 0 0 0 0 0 0 0 0 0 0 0 0 0 0 3 0 9 18 0 0 0 0 0 0 8 0 0 
10 0 16 18 0 0 0 0 0 0 0 19 0 4 0 0 7 0 11 0 0 9 19 0 0 0 0 0 0 1 0 9 0 0 0 0 0 0 0 0 0 0 0 0 0 0 0 0 0 0 5 0 0 0 11 3 4 0 0 0 
0 0 14 0 0 3 0 0 11 0 0 0 0 0 0 0 2 0 0 0 0 3 0 0 0 8 16 16 10 0 15 10 0 0 0 0 0 5 14 0 0 0 0 0 0 0 0 0 0 0 0 19 0 0 2 0 0 0 0 0 
3 0 0 0 0 0 0 0 0 0 0 0 0 0 0 14 0 2 0 0 0 0 0 0 0 0 0 0 0 1 0 0 0 0 11 0 0 0 0 2 0 0 0 0 17 0 0 12 0 0 18 0 0 0 0 11 0 0 0 8 
0 0 0 0 0 0 19 0 0 0 11 0 0 0 0 0 0 12 0 0 0 0 0 17 0 0 3 0 0 0 0 0 0 1 0 0 0 0 0 0 0 0 0 0 15 0 0 14 15 0 0 0 0 0 0 0 8 0 0 0 
0 14 6 0 0 0 0 0 0 0 0 0 0 1 0 0 0 0 0 0 0 0 14 0 0 0 0 0 0 0 0 11 0 0 0 0 0 0 0 0 0 0 0 0 0 0 0 0 0 5 10 0 10 0 0 0 0 0 0 17 
1 0 0 7 0 0 0 0 0 7 0 12 0 0 0 8 15 0 0 0 0 0 0 0 0 0 0 15 0 8 0 4 0 0 0 0 0 15 0 0 13 0 0 16 0 0 0 0 0 0 0 15 0 0 0 2 0 0 0 0 
0 0 0 7 0 0 0 8 0 0 8 0 9 0 0 0 20 0 0 0 0 0 0 16 7 0 0 0 0 0 0 0 0 0 0 0 0 0 0 0 0 0 0 2 0 0 0 0 0 0 15 0 0 0 16 0 0 0 0 0 
0 0 0 0 0 0 0 0 0 0 0 0 0 0 10 0 0 0 0 0 8 0 0 14 0 8 0 3 0 0 0 17 0 0 0 0 0 0 0 0 0 0 0 0 10 0 0 0 11 0 0 0 0 0 0 0 0 0 0 0 
