60

0 0 0 0 1 0 0 1 0 0 1 1 0 1 1 0 0 0 0 0 1 0 1 0 1 1 1 0 0 0 0 0 0 0 0 1 0 0 1 0 0 0 1 0 0 0 0 1 0 0 1 1 1 0 0 1 0 0 0 0 
0 0 0 1 0 0 0 0 0 0 0 1 1 0 1 1 0 0 0 0 0 0 0 0 1 0 0 0 0 0 0 0 0 1 0 0 0 1 0 0 0 1 1 0 1 1 0 0 0 0 0 0 0 0 0 0 1 0 1 0 
0 0 0 0 0 1 0 0 0 0 0 0 0 1 1 0 0 1 0 0 0 0 0 0 0 1 1 1 1 1 0 0 0 0 1 0 1 1 1 1 1 0 0 1 1 0 0 1 1 0 0 0 1 0 0 0 0 0 1 1 
0 1 0 0 1 0 0 0 0 1 1 0 0 1 0 1 1 0 0 0 0 0 0 0 0 0 0 0 0 0 0 0 1 0 0 0 1 1 0 1 0 0 0 0 0 0 0 0 0 1 0 1 0 0 0 0 0 1 1 0 
1 0 0 1 0 0 0 1 0 0 0 0 1 1 0 0 0 1 0 0 0 0 0 1 1 1 0 0 0 0 0 0 0 1 1 1 0 1 0 0 0 1 0 0 1 0 0 0 0 0 1 0 1 0 0 0 0 0 1 0 
0 0 1 0 0 0 1 0 0 0 1 1 1 0 0 1 0 0 0 0 0 0 0 0 0 0 0 1 0 0 1 1 1 0 1 0 0 1 1 0 0 0 0 0 0 0 1 0 0 1 0 0 0 0 0 0 0 0 1 1 
0 0 0 0 0 1 0 1 0 0 0 1 0 0 0 0 0 0 0 0 0 0 1 0 1 0 1 1 0 0 0 0 1 0 0 1 0 0 0 0 0 0 0 0 0 0 0 0 1 1 0 1 0 1 0 0 1 0 1 1 
1 0 0 0 1 0 1 0 1 0 0 0 0 0 0 0 1 0 0 1 0 0 0 1 0 1 0 0 0 1 0 1 0 0 1 1 0 0 1 0 0 0 1 1 1 1 0 0 0 0 0 1 0 0 0 1 0 1 0 0 
0 0 0 0 0 0 0 1 0 0 0 1 1 0 0 0 1 0 0 1 0 1 0 0 1 0 0 0 0 0 0 0 0 0 0 1 0 1 0 0 0 0 0 0 0 0 0 1 0 1 0 1 0 0 1 1 1 1 0 0 
0 0 0 1 0 0 0 0 0 0 0 1 0 0 0 1 0 0 0 1 0 1 0 1 0 1 1 0 0 0 0 0 0 1 0 0 0 1 0 0 0 1 0 1 0 0 0 0 0 1 1 0 1 1 0 1 0 1 0 1 
1 0 0 1 0 1 0 0 0 0 0 1 1 0 1 1 0 0 0 1 0 1 0 0 0 0 1 0 0 0 0 0 0 1 0 0 1 0 0 0 0 1 0 0 0 0 0 0 0 1 0 0 0 0 0 0 1 1 1 0 
1 1 0 0 0 1 1 0 1 1 1 0 1 0 1 0 0 0 0 0 0 1 0 0 0 0 0 0 1 0 0 0 0 0 0 0 0 0 0 1 0 0 0 0 0 0 1 1 0 1 0 1 1 0 0 0 0 0 1 1 
0 1 0 0 1 1 0 0 1 0 1 1 0 1 0 0 0 0 0 0 0 0 0 1 0 0 0 0 0 0 0 1 0 0 0 0 1 0 0 0 0 1 0 1 0 0 0 1 0 0 1 1 0 0 0 0 0 0 0 0 
1 0 1 1 1 0 0 0 0 0 0 0 1 0 0 0 0 0 0 0 0 1 1 1 1 0 1 0 1 0 0 0 0 0 0 0 0 0 1 0 0 1 0 0 0 0 0 0 0 0 0 1 0 0 0 0 0 0 1 0 
1 1 1 0 0 0 0 0 0 0 1 1 0 0 0 1 1 1 0 1 0 0 0 0 1 0 0 1 0 1 0 1 0 1 0 1 0 0 1 0 0 0 1 0 0 0 1 0 1 0 0 1 0 0 0 0 0 0 1 0 
0 1 0 1 0 1 0 0 0 1 1 0 0 0 1 0 0 0 0 1 1 1 0 1 0 1 0 0 0 0 1 0 1 0 0 0 0 0 0 0 0 0 1 0 1 0 0 1 0 0 1 1 0 1 0 0 1 1 1 0 
0 0 0 1 0 0 0 1 1 0 0 0 0 0 1 0 0 0 0 1 0 1 1 0 0 1 0 0 1 0 1 1 0 0 0 0 1 1 0 0 0 0 0 1 1 1 0 1 0 1 0 0 0 0 1 1 0 0 0 0 
0 0 1 0 1 0 0 0 0 0 0 0 0 0 1 0 0 0 1 0 0 0 1 0 0 0 0 0 0 0 1 0 0 0 1 1 0 0 0 0 0 1 1 0 0 0 1 0 0 0 1 0 0 0 0 0 1 1 0 0 
0 0 0 0 0 0 0 0 0 0 0 0 0 0 0 0 0 1 0 1 1 0 0 0 0 0 0 0 1 0 0 1 1 0 0 0 0 0 0 1 0 0 0 1 0 1 0 1 0 0 0 1 0 0 0 0 0 0 0 1 
0 0 0 0 0 0 0 1 1 1 1 0 0 0 1 1 1 0 1 0 0 1 0 1 1 0 0 1 0 0 0 0 0 1 0 0 0 0 0 0 0 0 0 0 0 0 0 0 0 0 0 0 0 0 1 0 0 0 1 0 
1 0 0 0 0 0 0 0 0 0 0 0 0 0 0 1 0 0 1 0 0 0 1 1 1 0 1 0 0 0 0 1 0 0 0 1 0 1 0 1 0 0 1 1 0 0 0 0 1 1 0 0 1 1 0 1 0 1 1 0 
0 0 0 0 0 0 0 0 1 1 1 1 0 1 0 1 1 0 0 1 0 0 1 1 1 1 0 1 0 1 0 1 0 0 0 1 1 0 0 0 0 0 1 1 0 0 1 0 1 1 0 0 0 0 0 0 0 0 0 1 
1 0 0 0 0 0 1 0 0 0 0 0 0 1 0 0 1 1 0 0 1 1 0 0 0 1 0 0 0 1 1 0 0 0 0 0 0 0 0 0 1 0 0 0 1 1 0 1 1 0 0 0 0 1 1 1 0 0 1 0 
0 0 0 0 1 0 0 1 0 1 0 0 1 1 0 1 0 0 0 1 1 1 0 0 1 0 0 1 0 1 0 0 0 0 0 0 0 1 0 0 0 0 1 0 0 0 1 0 0 1 1 0 1 1 1 0 0 0 0 0 
1 1 0 0 1 0 1 0 1 0 0 0 0 1 1 0 0 0 0 1 1 1 0 1 0 0 0 0 0 1 0 0 0 1 1 0 0 1 0 1 0 1 0 0 0 0 0 1 0 0 0 1 0 0 0 1 0 0 0 1 
1 0 1 0 1 0 0 1 0 1 0 0 0 0 0 1 1 0 0 0 0 1 1 0 0 0 0 0 0 0 1 1 0 0 1 1 0 1 0 1 0 1 0 0 1 0 1 1 0 1 1 0 1 0 0 1 1 0 0 1 
1 0 1 0 0 0 1 0 0 1 1 0 0 1 0 0 0 0 0 0 1 0 0 0 0 0 0 0 0 0 0 1 1 0 0 0 1 0 1 0 0 1 1 0 1 0 0 1 1 0 0 1 0 0 1 0 0 0 0 1 
0 0 1 0 0 1 1 0 0 0 0 0 0 0 1 0 0 0 0 1 0 1 0 1 0 0 0 0 0 0 1 0 1 0 0 0 0 0 0 0 0 0 0 1 0 0 0 0 1 0 0 0 1 0 0 1 0 0 0 0 
0 0 1 0 0 0 0 0 0 0 0 1 0 1 0 0 1 0 1 0 0 0 0 0 0 0 0 0 0 0 0 1 0 0 0 0 0 0 1 0 1 0 0 0 1 0 0 0 1 0 0 1 0 0 0 0 0 0 0 0 
0 0 1 0 0 0 0 1 0 0 0 0 0 0 1 0 0 0 0 0 0 1 1 1 1 0 0 0 0 0 0 0 0 0 0 0 1 0 0 0 1 0 1 0 0 0 0 0 0 0 1 0 0 1 0 1 0 1 1 0 
0 0 0 0 0 1 0 0 0 0 0 0 0 0 0 1 1 1 0 0 0 0 1 0 0 1 0 1 0 0 0 1 1 0 0 1 0 0 1 0 1 0 0 0 1 0 0 0 0 1 0 0 1 0 1 0 1 1 0 0 
0 0 0 0 0 1 0 1 0 0 0 0 1 0 1 0 1 0 1 0 1 1 0 0 0 1 1 0 1 0 1 0 0 0 0 1 1 1 0 0 0 0 1 0 0 0 0 0 1 0 0 1 0 0 1 1 0 1 0 0 
0 0 0 1 0 1 1 0 0 0 0 0 0 0 0 1 0 0 1 0 0 0 0 0 0 0 1 1 0 0 1 0 0 0 0 0 1 0 1 0 1 0 1 0 0 0 0 1 1 0 0 1 1 0 0 0 0 0 0 1 
0 1 0 0 1 0 0 0 0 1 1 0 0 0 1 0 0 0 0 1 0 0 0 0 1 0 0 0 0 0 0 0 0 0 1 1 0 0 0 0 0 0 1 1 0 0 0 0 0 0 1 0 0 0 1 1 1 0 0 0 
0 0 1 0 1 1 0 1 0 0 0 0 0 0 0 0 0 1 0 0 0 0 0 0 1 1 0 0 0 0 0 0 0 1 0 0 0 0 0 0 1 0 0 0 1 0 1 1 0 0 0 1 1 1 1 0 0 0 1 0 
1 0 0 0 1 0 1 1 1 0 0 0 0 0 1 0 0 1 0 0 1 1 0 0 0 1 0 0 0 0 1 1 0 1 0 0 0 0 0 1 1 1 0 1 0 0 0 0 0 1 0 0 0 1 0 1 0 1 0 1 
0 0 1 1 0 0 0 0 0 0 1 0 1 0 0 0 1 0 0 0 0 1 0 0 0 0 1 0 0 1 0 1 1 0 0 0 0 1 1 0 0 0 0 1 0 0 1 0 1 0 0 0 1 0 0 0 1 0 1 1 
0 1 1 1 1 1 0 0 1 1 0 0 0 0 0 0 1 0 0 0 1 0 0 1 1 1 0 0 0 0 0 1 0 0 0 0 1 0 1 0 0 0 1 0 0 0 1 0 0 0 1 0 0 1 0 0 0 0 0 1 
1 0 1 0 0 1 0 1 0 0 0 0 0 1 1 0 0 0 0 0 0 0 0 0 0 0 1 0 1 0 1 0 1 0 0 0 1 1 0 0 1 0 0 1 0 0 0 0 1 1 0 1 0 0 0 0 1 0 0 0 
0 0 1 1 0 0 0 0 0 0 0 1 0 0 0 0 0 0 1 0 1 0 0 0 1 1 0 0 0 0 0 0 0 0 0 1 0 0 0 0 1 0 0 0 1 1 0 0 0 1 0 0 0 0 0 0 0 1 1 0 
0 0 1 0 0 0 0 0 0 0 0 0 0 0 0 0 0 0 0 0 0 0 1 0 0 0 0 0 1 1 1 0 1 0 1 1 0 0 1 1 0 1 1 1 0 0 0 1 0 0 0 0 1 0 0 0 0 1 0 0 
0 1 0 0 1 0 0 0 0 1 1 0 1 1 0 0 0 1 0 0 0 0 0 0 1 1 1 0 0 0 0 0 0 0 0 1 0 0 0 0 1 0 1 0 0 0 1 0 0 0 0 0 0 0 0 0 1 0 1 0 
1 1 0 0 0 0 0 1 0 0 0 0 0 0 1 1 0 1 0 0 1 1 0 1 0 0 1 0 0 1 0 1 1 1 0 0 0 1 0 0 1 1 0 1 0 0 0 1 1 0 0 0 0 0 1 1 1 1 0 0 
0 0 1 0 0 0 0 1 0 1 0 0 1 0 0 0 1 0 1 0 1 1 0 0 0 0 0 1 0 0 0 0 0 1 0 1 1 0 1 0 1 0 1 0 0 0 0 0 1 0 0 1 0 0 0 0 1 0 0 0 
0 1 1 0 1 0 0 1 0 0 0 0 0 0 0 1 1 0 0 0 0 0 1 0 0 1 1 0 1 0 1 0 0 0 1 0 0 0 0 1 0 0 0 0 0 0 0 1 1 0 0 1 1 0 0 1 1 1 1 0 
0 1 0 0 0 0 0 1 0 0 0 0 0 0 0 0 1 0 1 0 0 0 1 0 0 0 0 0 0 0 0 0 0 0 0 0 0 0 0 1 0 0 0 0 0 0 0 0 0 0 0 0 1 0 0 0 1 0 1 1 
0 0 0 0 0 1 0 0 0 0 0 1 0 0 1 0 0 1 0 0 0 1 0 1 0 1 0 0 0 0 0 0 0 0 1 0 1 1 0 0 0 1 0 0 0 0 0 1 0 0 0 1 1 1 0 1 0 0 0 0 
1 0 1 0 0 0 0 0 1 0 0 1 1 0 0 1 1 0 1 0 0 0 1 0 1 1 1 0 0 0 0 0 1 0 1 0 0 0 0 0 1 0 1 0 1 0 1 0 0 0 0 0 0 1 1 0 0 0 0 0 
0 0 1 0 0 0 1 0 0 0 0 0 0 0 1 0 0 0 0 0 1 1 1 0 0 0 1 1 1 0 0 1 1 0 0 0 1 0 1 0 0 0 1 1 1 0 0 0 0 1 1 0 0 0 0 0 0 1 0 0 
0 0 0 1 0 1 1 0 1 1 1 1 0 0 0 0 1 0 0 0 1 1 0 1 0 1 0 0 0 0 1 0 0 0 0 1 0 0 1 1 0 0 0 0 0 0 0 0 1 0 1 0 0 0 1 0 0 0 0 0 
1 0 0 0 1 0 0 0 0 1 0 0 1 0 0 1 0 1 0 0 0 0 0 1 0 1 0 0 0 1 0 0 0 1 0 0 0 1 0 0 0 0 0 0 0 0 0 0 1 1 0 0 0 0 0 0 0 0 0 0 
1 0 0 1 0 0 1 1 1 0 0 1 1 1 1 1 0 0 1 0 0 0 0 0 1 0 1 0 1 0 0 1 1 0 1 0 0 0 1 0 0 0 0 1 1 0 1 0 0 0 0 0 0 0 1 0 0 0 0 1 
1 0 1 0 1 0 0 0 0 1 0 1 0 0 0 0 0 0 0 0 1 0 0 1 0 1 0 1 0 0 1 0 1 0 1 0 1 0 0 0 1 0 0 0 1 1 1 0 0 0 0 0 0 0 1 0 0 0 1 0 
0 0 0 0 0 0 1 0 0 1 0 0 0 0 0 1 0 0 0 0 1 0 1 1 0 0 0 0 0 1 0 0 0 0 1 1 0 1 0 0 0 0 0 0 0 0 1 1 0 0 0 0 0 0 1 0 0 1 0 1 
0 0 0 0 0 0 0 0 1 0 0 0 0 0 0 0 1 0 0 1 0 0 1 1 0 0 1 0 0 0 1 1 0 1 1 0 0 0 0 0 0 0 1 0 0 0 0 1 0 1 0 1 1 1 0 0 1 0 0 1 
1 0 0 0 0 0 0 1 1 1 0 0 0 0 0 0 1 0 0 0 1 0 1 0 1 1 0 1 0 1 0 1 0 1 0 1 0 0 0 0 0 0 1 0 1 0 1 0 0 0 0 0 0 0 0 0 0 0 0 0 
0 1 0 0 0 0 1 0 1 0 1 0 0 0 0 1 0 1 0 0 0 0 0 0 0 1 0 0 0 0 1 0 0 1 0 0 1 0 1 0 0 1 1 1 1 1 0 0 0 0 0 0 0 0 1 0 0 0 0 0 
0 0 0 1 0 0 0 1 1 1 1 0 0 0 0 1 0 1 0 0 1 0 0 0 0 0 0 0 0 1 1 1 0 0 0 1 0 0 0 1 1 0 1 0 1 0 0 0 1 0 0 0 0 1 0 0 0 0 0 0 
0 1 1 1 1 1 1 0 0 0 1 1 0 1 1 1 0 0 0 1 1 0 1 0 0 0 0 0 0 1 0 0 0 0 1 0 1 0 0 1 0 1 0 0 1 1 0 0 0 0 0 0 1 0 0 0 0 0 0 0 
0 0 1 0 0 1 1 0 0 1 0 1 0 0 0 0 0 0 1 0 0 1 0 0 1 1 1 0 0 0 0 0 1 0 0 1 1 1 0 0 0 0 0 0 0 1 0 0 0 0 0 1 0 1 1 0 0 0 0 0 

0 0 0 0 0 0 0 0 0 5 0 0 0 2 0 7 20 0 10 0 16 0 0 3 0 0 1 0 3 0 0 0 0 10 4 0 0 0 0 0 0 0 0 0 0 0 0 0 8 0 0 0 0 0 0 0 0 0 0 1 
0 0 0 0 0 0 0 0 0 0 14 0 0 10 0 13 0 0 8 0 0 0 0 0 14 0 0 0 0 0 0 0 0 0 8 0 0 2 0 0 0 0 0 0 0 0 0 0 0 0 4 0 11 13 0 0 0 0 7 0 
0 0 0 0 0 14 0 0 15 14 0 0 0 0 0 0 0 0 0 2 0 0 0 0 20 0 0 0 0 0 0 0 0 0 0 0 0 0 0 0 0 10 0 0 0 0 0 14 0 0 15 0 0 0 0 0 0 0 9 0 
0 20 0 0 13 0 14 0 0 0 0 0 0 18 0 0 0 0 0 2 0 0 0 0 0 0 0 1 10 0 10 0 0 0 0 19 0 0 0 0 10 0 0 0 0 0 0 2 0 0 10 0 0 0 0 0 0 0 0 0 
0 0 0 0 0 18 0 0 2 9 11 0 0 5 0 0 0 0 0 0 0 14 0 0 0 0 9 18 0 0 0 0 0 0 0 0 0 14 7 0 0 0 0 0 8 0 0 0 16 0 0 0 7 0 3 0 0 0 0 0 
0 0 0 0 0 0 0 0 0 7 0 0 0 18 0 0 0 16 0 0 0 0 0 0 0 6 0 7 12 0 0 0 0 0 0 16 0 3 0 0 0 0 0 0 0 0 0 0 0 0 0 0 0 0 0 0 0 0 9 0 
0 0 9 0 0 0 0 0 0 0 0 0 0 0 13 0 0 0 0 0 0 0 0 1 0 0 0 0 0 0 0 8 0 0 11 0 0 0 17 0 0 0 0 0 0 0 1 8 0 0 0 0 0 0 0 0 0 0 0 0 
0 0 0 0 0 0 9 0 0 7 18 0 0 0 0 0 0 10 0 0 5 0 0 0 0 19 0 0 0 0 0 0 2 0 0 13 0 0 0 0 0 0 0 14 0 0 0 0 0 0 0 0 19 0 0 0 0 0 0 0 
0 0 0 0 0 0 0 0 0 9 0 0 0 0 0 0 0 0 0 0 0 7 14 0 0 0 0 13 0 2 0 0 0 0 0 0 10 3 0 0 0 0 0 0 0 0 0 0 0 0 0 0 0 1 0 9 0 0 4 0 
0 0 0 0 0 0 4 0 0 0 0 0 0 0 0 0 0 0 10 17 0 0 0 0 0 0 0 0 20 0 0 0 0 0 0 0 0 0 0 0 7 0 0 0 17 0 0 0 0 0 0 0 0 0 0 0 6 0 0 0 
17 0 15 0 0 0 16 0 12 0 0 17 0 0 0 0 0 0 0 7 0 0 0 0 0 0 0 9 8 19 0 0 0 0 0 0 0 0 8 0 0 0 7 0 0 11 0 0 19 5 0 0 0 0 0 0 0 0 0 2 
13 5 0 0 0 8 0 0 0 0 3 0 0 0 0 0 0 0 0 0 0 0 0 0 0 0 1 0 0 0 6 0 17 0 0 0 0 0 0 0 0 6 1 5 0 0 0 0 0 0 0 0 0 0 0 0 0 0 0 0 
0 0 0 18 0 19 0 0 18 7 0 0 0 0 4 17 0 0 0 0 0 0 0 0 0 0 14 0 0 0 0 0 0 0 0 14 0 0 0 0 0 0 0 0 5 6 0 0 0 1 0 0 0 15 0 0 0 0 0 0 
0 0 0 0 0 0 0 0 18 16 0 0 0 0 0 0 0 3 0 11 18 0 5 0 0 0 0 16 0 0 0 0 0 14 0 0 3 0 6 0 0 0 0 0 13 0 0 0 0 0 2 0 2 0 0 3 8 0 0 11 
0 0 0 0 0 0 0 0 0 0 0 0 0 0 0 0 0 0 0 0 16 0 0 0 15 12 0 0 0 0 18 0 12 0 0 0 0 0 0 0 14 20 0 0 0 0 0 0 0 0 18 0 0 0 14 0 0 0 0 16 
0 0 0 0 1 0 0 0 0 0 13 0 0 0 0 0 16 0 0 0 0 0 0 0 0 1 0 0 0 0 0 9 0 0 0 5 0 0 0 0 0 0 0 0 0 20 0 20 0 0 0 15 0 20 0 0 0 0 0 0 
0 0 0 0 0 0 0 0 0 5 0 0 0 0 0 0 0 0 0 0 0 0 0 0 0 0 3 0 0 14 0 0 0 3 0 0 0 0 0 7 0 0 15 0 0 0 3 0 0 0 12 16 0 9 0 0 0 18 0 0 
17 0 11 0 0 0 0 0 0 0 0 2 0 0 1 0 0 0 0 15 0 0 10 0 0 0 12 0 0 0 0 0 2 0 0 0 0 0 0 0 0 21 0 0 0 0 7 0 0 14 0 0 0 14 0 9 11 0 0 0 
0 0 0 5 17 0 0 7 0 0 0 0 0 14 0 0 0 0 0 0 14 8 11 0 9 10 0 0 0 15 0 0 0 0 0 0 0 15 4 0 0 0 0 15 0 0 0 0 15 0 0 0 0 12 0 0 0 0 0 0 
0 1 0 0 0 0 3 0 0 10 0 20 0 4 0 0 0 0 15 0 1 0 0 0 0 0 0 0 0 0 0 0 0 1 0 0 0 11 0 0 0 0 0 0 0 0 0 0 13 0 0 19 0 0 0 0 14 0 11 0 
0 0 0 16 0 7 0 0 0 0 0 2 0 0 0 0 0 0 0 0 0 0 0 0 0 0 0 0 0 0 0 0 0 0 6 0 0 0 0 0 0 7 0 0 0 0 21 0 0 0 10 0 0 0 0 0 0 0 0 0 
0 0 0 0 0 0 0 0 0 16 6 0 0 0 0 0 0 0 0 0 0 0 0 14 10 0 14 19 0 0 0 13 0 0 0 0 0 0 0 0 0 20 0 0 0 0 0 0 0 0 0 5 0 18 0 0 0 0 0 0 
0 0 0 0 0 0 0 7 0 0 0 0 0 16 0 0 0 0 4 0 0 0 0 0 0 0 0 0 0 0 0 0 0 7 13 0 0 0 0 0 16 0 0 0 13 0 0 0 10 20 0 0 0 18 0 0 0 0 0 0 
0 13 0 0 0 0 0 0 11 0 0 0 0 10 19 0 0 0 0 0 0 0 0 0 0 8 0 0 0 0 0 0 0 0 0 5 0 0 0 0 0 0 0 0 0 19 0 0 7 0 0 0 0 0 0 5 0 0 0 0 
0 0 0 5 0 0 0 8 0 4 2 16 0 0 0 21 0 0 0 0 0 0 0 4 0 0 19 0 0 2 2 0 11 0 0 0 0 0 0 0 0 0 0 0 0 0 7 0 1 0 0 0 0 0 15 18 0 10 0 0 
0 17 0 0 0 0 0 0 0 12 10 0 0 7 0 0 0 0 4 0 0 19 0 12 0 0 8 19 0 0 0 0 0 0 0 0 17 0 15 0 0 10 10 0 0 0 0 0 0 0 0 0 15 17 20 0 0 0 0 0 
0 0 0 0 17 0 0 0 0 0 0 0 0 19 0 0 0 0 0 0 20 0 0 0 0 0 0 0 0 0 0 0 8 0 0 0 0 0 0 0 0 0 0 0 0 0 0 0 0 0 0 15 0 0 0 12 0 0 0 0 
15 0 0 0 0 0 0 0 1 0 11 2 0 2 0 7 16 0 10 0 0 0 0 4 0 0 0 0 0 0 0 0 0 0 11 0 6 0 0 0 0 0 14 0 0 0 0 0 0 0 0 0 0 0 0 0 0 9 0 0 
0 0 19 0 0 0 0 0 0 0 0 0 0 0 0 6 0 0 0 0 0 0 6 0 0 0 0 0 0 0 10 0 6 0 0 17 0 0 0 7 0 0 0 0 0 0 0 0 0 0 0 8 0 0 0 0 14 0 0 0 
0 4 6 0 0 0 0 0 0 0 6 0 0 0 0 0 0 0 0 0 0 5 0 0 0 0 0 16 7 0 13 0 0 0 7 0 0 0 0 0 0 0 0 8 5 0 18 0 1 0 0 0 0 7 0 0 0 0 5 0 
0 0 0 0 20 1 0 0 0 0 0 4 12 0 0 0 0 10 0 2 0 0 5 0 2 0 0 0 0 0 0 4 0 0 7 0 0 0 12 0 0 0 0 0 4 0 0 7 0 0 0 0 0 0 0 0 0 0 0 0 
0 12 0 0 0 0 0 0 0 0 20 0 0 0 0 0 0 0 0 0 6 0 0 10 0 0 4 0 0 0 0 0 0 0 0 0 0 0 0 0 0 0 0 0 0 0 0 0 0 0 0 0 0 0 0 19 0 0 0 0 
0 0 21 0 0 0 0 3 0 0 0 0 0 0 0 0 0 0 0 0 0 0 0 16 13 0 0 0 0 0 7 0 0 0 0 0 16 0 0 11 0 0 0 0 0 0 3 0 0 0 0 0 0 20 0 0 8 9 0 0 
0 0 0 15 0 0 0 0 0 0 13 0 18 0 0 0 0 0 0 7 19 2 0 0 10 0 5 9 0 19 5 0 0 0 6 0 0 0 0 0 0 0 0 0 0 0 0 0 0 0 0 0 21 0 0 0 0 0 0 0 
0 0 0 0 0 0 15 0 0 12 0 0 0 0 12 0 0 0 0 15 7 0 9 15 0 0 0 0 0 0 0 0 0 14 0 0 0 0 0 3 0 0 0 0 0 0 4 0 0 0 0 0 0 0 0 0 1 0 0 0 
0 4 0 0 0 0 0 0 0 0 0 1 0 0 0 0 0 19 0 0 20 0 0 0 0 0 0 0 0 16 0 0 0 0 0 0 0 7 7 0 0 0 0 13 0 0 0 0 0 0 0 0 14 0 0 0 0 0 0 0 
12 0 0 0 0 0 0 0 0 0 0 19 0 0 0 16 1 0 0 0 0 17 0 17 0 0 9 0 0 0 0 0 0 0 11 18 0 0 0 0 0 0 20 10 0 10 0 0 0 0 0 0 0 0 0 0 0 20 12 7 
0 10 18 0 0 0 0 6 0 0 0 0 0 0 0 0 0 0 18 19 0 0 0 17 0 0 0 18 0 0 0 0 0 0 0 0 0 0 14 10 0 0 0 0 0 13 0 0 20 0 0 0 0 0 7 0 0 0 8 0 
0 0 4 0 0 0 0 0 0 0 0 0 0 5 0 0 0 9 0 0 0 0 11 19 0 17 0 0 0 0 0 0 8 0 0 0 0 0 0 0 12 0 0 0 0 0 0 0 0 19 0 0 0 0 0 0 0 0 17 0 
0 0 0 0 0 0 0 0 0 0 0 0 0 0 0 0 0 0 0 3 0 7 0 0 0 0 0 14 0 0 0 0 0 0 0 0 0 0 2 0 1 0 0 0 0 0 0 0 0 0 0 0 0 12 0 0 0 0 0 0 
0 0 0 0 0 0 0 0 0 0 0 0 0 0 4 0 0 0 0 0 5 0 0 0 0 0 15 11 0 6 0 0 0 0 18 12 1 0 0 0 0 0 0 0 0 0 0 0 0 0 0 0 0 0 0 0 0 0 0 0 
1 14 0 10 0 0 0 0 0 0 0 0 15 0 0 0 0 0 2 0 0 0 0 0 0 0 0 0 0 0 20 0 0 0 0 0 0 0 0 0 0 0 0 0 0 0 0 0 0 0 0 0 0 14 0 8 0 0 0 0 
0 0 5 4 0 0 0 14 0 0 0 0 12 0 0 0 8 0 0 6 0 0 0 0 0 0 0 0 13 9 0 0 18 11 0 0 13 0 19 0 2 0 0 0 0 0 0 0 0 0 0 9 0 0 0 0 19 0 17 0 
0 0 0 20 0 0 0 0 19 0 0 0 0 0 0 0 0 0 0 13 0 0 0 0 0 12 0 0 0 0 0 9 0 10 19 0 15 0 0 0 18 0 0 0 0 0 0 0 0 0 13 0 8 0 0 0 0 0 0 3 
2 0 0 0 7 0 0 0 7 0 0 0 0 3 0 0 0 0 0 0 0 0 0 0 0 5 0 0 0 0 0 0 0 15 12 6 20 0 11 13 0 0 0 0 0 0 0 13 0 0 0 0 0 0 0 0 0 19 0 0 
0 14 9 0 4 0 0 0 0 0 0 0 0 0 0 5 0 0 0 0 0 0 0 0 0 0 0 0 0 18 0 0 5 10 0 0 13 0 0 0 0 0 0 0 0 0 0 0 0 0 0 13 0 0 0 18 0 0 0 0 
0 5 0 0 0 3 0 1 0 0 0 0 0 0 0 0 0 0 0 0 0 0 0 0 0 17 0 2 0 0 0 0 0 11 0 0 0 0 0 0 0 0 0 0 0 14 0 0 0 0 0 0 17 0 0 0 0 0 19 8 
0 0 0 0 0 14 14 0 9 19 14 0 10 0 0 12 0 19 0 0 13 0 0 16 0 0 19 0 14 0 0 0 1 0 0 0 0 11 0 0 0 0 8 0 0 0 2 0 0 0 0 0 5 0 0 0 0 0 16 14 
11 0 9 0 0 0 0 0 0 0 0 0 1 0 0 0 0 0 0 3 18 0 13 0 15 18 0 0 0 0 0 0 0 5 16 0 0 0 13 0 0 0 0 0 0 2 0 0 0 12 2 0 19 0 0 0 0 5 0 0 
0 0 0 0 0 0 0 0 0 13 0 16 0 5 7 0 0 0 20 0 0 0 0 0 0 0 0 0 0 0 0 0 3 6 0 0 7 0 0 0 0 0 0 0 0 0 0 0 0 0 0 6 0 0 0 0 0 0 13 0 
0 7 17 16 0 0 0 0 0 0 1 0 15 0 0 0 0 0 0 0 0 0 15 0 0 0 0 0 0 0 0 0 0 0 0 0 7 0 0 0 0 7 0 0 0 0 0 0 0 19 0 0 0 0 0 0 3 0 0 0 
0 0 4 10 0 0 0 0 0 16 0 17 0 0 0 0 0 5 14 0 0 0 0 0 0 0 0 0 1 0 0 18 0 10 1 0 0 0 14 0 0 0 0 15 3 0 0 0 0 0 0 0 0 0 0 0 0 10 0 0 
0 4 0 0 13 0 0 0 0 0 0 0 0 15 0 0 18 0 6 0 0 0 0 0 16 0 0 20 14 13 0 0 0 0 0 0 0 0 0 0 0 0 0 2 0 0 0 0 0 0 0 20 0 0 0 0 0 0 0 4 
0 12 0 0 0 0 0 0 0 0 0 0 0 0 0 0 0 0 15 0 0 0 0 0 0 0 0 0 0 0 18 0 0 5 0 0 0 0 0 0 0 21 16 0 0 15 0 0 12 0 0 0 10 0 0 0 0 0 0 0 
0 0 0 0 0 0 14 0 0 0 0 0 0 4 0 19 0 0 0 0 0 0 0 0 0 0 1 0 0 0 0 4 0 0 0 0 0 0 0 0 0 0 1 0 0 0 0 0 0 0 3 0 0 0 0 0 0 0 0 17 
0 16 0 0 0 0 0 0 0 0 0 13 0 0 0 0 0 0 0 0 0 0 0 17 0 0 0 0 0 10 6 4 0 0 0 0 0 0 0 0 0 0 0 0 0 0 0 0 0 0 0 0 0 13 0 0 0 0 14 0 
0 9 17 0 0 13 0 5 0 0 0 0 0 0 0 0 0 0 0 0 0 0 0 19 17 0 0 0 0 0 0 0 0 6 0 0 0 0 0 0 0 0 0 0 0 0 0 0 0 0 0 0 0 0 0 0 0 0 0 0 
0 0 0 0 0 0 0 0 0 20 0 0 0 0 0 0 0 0 0 0 0 0 0 0 0 0 0 0 0 0 0 0 0 6 0 0 0 0 0 0 0 0 0 0 7 0 0 0 0 0 0 0 0 0 0 0 0 0 0 0 
0 0 0 0 0 0 0 10 0 6 0 0 0 0 0 0 4 0 0 0 0 19 0 0 0 5 0 0 18 0 0 19 0 0 0 14 0 0 0 0 0 0 0 0 0 0 0 0 15 0 0 0 11 0 0 9 0 5 0 0 
0 0 0 1 0 0 0 7 0 13 8 0 0 0 0 0 0 0 0 0 1 0 0 0 0 18 0 0 0 0 5 0 0 0 0 0 14 0 0 0 0 0 0 0 0 0 0 0 0 0 0 0 0 0 10 10 17 15 0 0 
