60

0 0 0 0 0 0 0 0 0 0 0 0 0 0 0 1 0 0 0 0 0 0 0 0 0 0 0 0 0 1 1 0 0 0 0 0 0 0 0 0 1 0 1 0 1 0 0 0 0 1 0 0 0 0 0 0 0 0 0 1 
0 0 0 0 0 0 0 0 0 0 1 1 1 0 0 0 0 0 0 0 0 0 1 0 0 0 0 0 0 0 0 0 1 1 1 0 0 0 0 0 0 0 0 0 1 0 0 0 1 0 0 0 0 0 0 0 0 0 0 0 
0 0 0 0 0 0 0 1 1 0 0 0 1 1 0 0 0 0 0 0 0 1 0 0 1 0 0 0 0 0 0 0 0 0 0 1 0 0 0 0 0 0 0 0 0 0 0 0 0 0 0 0 0 0 0 0 0 1 0 0 
0 0 0 0 0 0 1 0 0 0 0 0 0 0 0 0 0 0 1 0 0 0 0 0 0 0 0 0 1 0 0 0 0 0 0 0 0 0 0 0 0 0 0 0 0 0 0 0 1 0 0 0 0 1 0 0 0 0 0 0 
0 0 0 0 0 1 0 0 0 0 0 1 0 0 0 0 0 0 0 0 0 0 0 0 0 0 0 0 0 0 1 0 0 1 1 0 0 1 0 0 0 1 0 0 0 0 1 0 0 0 1 0 0 0 1 1 0 0 1 1 
0 0 0 0 1 0 1 0 1 0 1 1 0 0 1 1 0 0 0 0 0 0 0 0 0 0 0 0 0 1 0 0 1 1 0 1 0 0 0 0 0 0 0 0 0 0 0 0 0 0 1 1 1 1 0 1 0 0 0 0 
0 0 0 1 0 1 0 0 0 0 1 1 0 0 0 0 0 0 0 0 0 0 0 0 0 0 0 1 0 0 1 0 0 0 0 0 1 0 1 0 0 1 1 0 1 0 0 0 1 1 0 0 1 1 0 0 0 1 0 0 
0 0 1 0 0 0 0 0 0 0 0 1 0 0 1 0 0 0 0 0 0 0 1 0 0 0 0 0 1 1 1 0 0 0 0 0 0 0 1 0 0 0 0 0 1 0 0 0 0 0 0 1 0 1 0 1 0 0 1 0 
0 0 1 0 0 1 0 0 0 0 0 0 0 0 1 0 0 0 0 0 1 0 0 1 0 0 0 0 1 0 0 0 0 0 0 0 1 0 0 1 0 0 0 0 0 0 0 0 0 0 0 1 0 0 0 0 0 0 0 1 
0 0 0 0 0 0 0 0 0 0 0 0 0 0 0 1 0 0 1 0 0 0 1 0 0 0 0 0 0 0 0 0 0 0 0 0 0 0 1 0 1 0 0 0 0 0 0 0 0 0 0 0 0 1 0 1 0 0 0 0 
0 1 0 0 0 1 1 0 0 0 0 0 0 0 0 0 0 0 0 0 0 0 0 0 0 1 1 0 0 0 0 0 1 1 0 0 1 0 0 0 0 0 0 0 1 0 0 0 0 1 0 0 0 0 0 0 0 0 0 0 
0 1 0 0 1 1 1 1 0 0 0 0 0 1 1 0 0 0 0 0 0 0 0 0 0 0 0 0 1 0 0 0 0 0 0 0 0 0 1 1 1 0 0 0 0 0 1 0 0 0 0 0 0 0 1 0 0 0 0 0 
0 1 1 0 0 0 0 0 0 0 0 0 0 0 0 0 0 0 0 0 0 0 0 0 0 0 0 1 0 0 0 0 0 0 1 0 0 0 0 0 0 0 0 0 1 1 0 1 1 0 0 0 1 0 1 0 0 0 0 0 
0 0 1 0 0 0 0 0 0 0 0 1 0 0 0 0 0 0 0 0 1 0 0 0 0 0 0 0 1 1 0 0 0 0 0 0 0 0 1 0 1 0 0 0 0 0 0 0 0 1 0 1 0 1 0 0 0 0 0 0 
0 0 0 0 0 1 0 1 1 0 0 1 0 0 0 1 0 0 1 0 0 0 0 0 0 0 0 0 0 0 0 0 0 1 0 1 0 0 1 0 0 0 1 0 0 1 0 1 0 0 0 1 0 0 0 0 0 0 1 0 
1 0 0 0 0 1 0 0 0 1 0 0 0 0 1 0 0 0 1 0 0 1 0 0 0 0 1 0 0 0 0 0 1 0 0 0 0 0 0 0 0 0 0 0 0 0 0 0 0 0 0 0 0 1 0 0 1 0 0 0 
0 0 0 0 0 0 0 0 0 0 0 0 0 0 0 0 0 0 0 0 0 0 0 0 0 0 1 0 0 0 0 0 1 1 0 0 0 0 0 0 0 0 1 0 0 0 0 0 0 0 1 0 0 0 0 0 0 1 0 0 
0 0 0 0 0 0 0 0 0 0 0 0 0 0 0 0 0 0 0 0 0 0 0 0 0 0 0 0 1 0 0 0 1 1 0 0 0 0 0 0 0 0 0 1 0 0 0 0 0 0 0 0 1 0 0 0 0 0 1 0 
0 0 0 1 0 0 0 0 0 1 0 0 0 0 1 1 0 0 0 0 0 0 0 0 1 0 1 0 0 0 0 0 0 0 0 0 0 0 0 1 1 0 0 0 0 1 1 1 0 1 0 1 0 0 0 0 1 0 0 0 
0 0 0 0 0 0 0 0 0 0 0 0 0 0 0 0 0 0 0 0 0 0 0 0 0 0 0 0 0 0 0 0 0 0 0 0 0 0 0 0 0 0 0 0 0 1 0 0 1 0 0 0 0 0 0 0 0 0 0 1 
0 0 0 0 0 0 0 0 1 0 0 0 0 1 0 0 0 0 0 0 0 0 0 0 0 1 0 1 0 0 0 0 1 0 1 0 0 1 0 0 0 0 1 0 0 0 0 0 0 0 0 1 0 1 0 0 0 0 0 0 
0 0 1 0 0 0 0 0 0 0 0 0 0 0 0 1 0 0 0 0 0 0 0 0 0 0 0 0 1 0 0 0 0 0 0 0 0 1 0 0 0 0 0 1 1 0 1 1 0 0 0 0 0 0 0 0 1 0 0 0 
0 1 0 0 0 0 0 1 0 1 0 0 0 0 0 0 0 0 0 0 0 0 0 0 1 0 1 0 1 0 0 0 0 0 0 1 1 1 0 0 1 1 0 0 1 0 0 0 0 1 0 1 0 0 0 0 0 0 0 0 
0 0 0 0 0 0 0 0 1 0 0 0 0 0 0 0 0 0 0 0 0 0 0 0 0 0 0 0 0 1 0 1 0 0 0 0 0 1 0 0 0 1 0 0 1 0 0 0 0 0 0 0 0 0 0 0 0 1 1 1 
0 0 1 0 0 0 0 0 0 0 0 0 0 0 0 0 0 0 1 0 0 0 1 0 0 0 0 1 0 0 0 1 0 0 0 0 0 0 0 1 0 0 1 0 0 0 0 0 0 0 0 0 0 0 1 0 0 1 0 0 
0 0 0 0 0 0 0 0 0 0 1 0 0 0 0 0 0 0 0 0 1 0 0 0 0 0 0 0 0 0 0 0 0 0 0 1 0 0 0 0 1 0 0 0 0 0 0 0 0 0 1 1 0 0 0 0 0 0 0 0 
0 0 0 0 0 0 0 0 0 0 1 0 0 0 0 1 1 0 1 0 0 0 1 0 0 0 0 0 0 0 0 0 0 0 0 1 0 1 0 0 0 0 0 0 1 0 0 0 1 0 0 0 0 0 0 0 0 0 1 0 
0 0 0 0 0 0 1 0 0 0 0 0 1 0 0 0 0 0 0 0 1 0 0 0 1 0 0 0 0 0 0 0 1 0 1 0 1 0 1 0 0 0 0 0 0 0 0 0 0 1 0 0 0 1 1 0 0 1 0 0 
0 0 0 1 0 0 0 1 1 0 0 1 0 1 0 0 0 1 0 0 0 1 1 0 0 0 0 0 0 0 0 0 0 0 0 0 0 0 0 0 1 0 0 0 1 0 0 0 1 1 0 0 0 0 0 0 0 0 0 1 
1 0 0 0 0 1 0 1 0 0 0 0 0 1 0 0 0 0 0 0 0 0 0 1 0 0 0 0 0 0 0 0 1 0 0 0 0 0 0 1 0 1 0 0 0 0 0 0 0 0 0 1 0 1 0 1 1 0 0 0 
1 0 0 0 1 0 1 1 0 0 0 0 0 0 0 0 0 0 0 0 0 0 0 0 0 0 0 0 0 0 0 1 0 0 0 0 0 0 1 0 0 0 1 0 0 0 0 1 0 0 0 0 0 1 0 0 0 0 0 0 
0 0 0 0 0 0 0 0 0 0 0 0 0 0 0 0 0 0 0 0 0 0 0 1 1 0 0 0 0 0 1 0 1 0 0 0 0 0 0 0 1 0 0 0 0 1 0 0 0 1 0 0 0 0 1 0 0 1 0 0 
0 1 0 0 0 1 0 0 0 0 1 0 0 0 0 1 1 1 0 0 1 0 0 0 0 0 0 1 0 1 0 1 0 0 0 0 1 0 0 1 0 0 1 0 0 1 0 0 1 0 0 0 0 0 0 0 0 0 1 0 
0 1 0 0 1 1 0 0 0 0 1 0 0 0 1 0 1 1 0 0 0 0 0 0 0 0 0 0 0 0 0 0 0 0 0 1 1 0 0 0 0 0 1 1 0 1 0 0 0 1 0 0 0 0 0 0 0 0 0 1 
0 1 0 0 1 0 0 0 0 0 0 0 1 0 0 0 0 0 0 0 1 0 0 0 0 0 0 1 0 0 0 0 0 0 0 0 0 1 1 0 0 0 0 0 1 1 0 0 0 0 1 1 0 0 0 0 0 0 0 0 
0 0 1 0 0 1 0 0 0 0 0 0 0 0 1 0 0 0 0 0 0 0 1 0 0 1 1 0 0 0 0 0 0 1 0 0 0 1 0 0 1 0 0 0 0 0 1 0 0 0 0 0 0 0 0 0 0 0 0 0 
0 0 0 0 0 0 1 0 1 0 1 0 0 0 0 0 0 0 0 0 0 0 1 0 0 0 0 1 0 0 0 0 1 1 0 0 0 0 0 0 0 0 1 1 0 0 0 0 0 0 1 0 0 0 1 1 0 0 0 0 
0 0 0 0 1 0 0 0 0 0 0 0 0 0 0 0 0 0 0 0 1 1 1 1 0 0 1 0 0 0 0 0 0 0 1 1 0 0 0 0 0 1 1 0 0 0 0 0 0 1 0 0 1 0 0 0 0 0 0 0 
0 0 0 0 0 0 1 1 0 1 0 1 0 1 1 0 0 0 0 0 0 0 0 0 0 0 0 1 0 0 1 0 0 0 1 0 0 0 0 1 0 0 0 0 0 0 1 0 1 0 0 1 0 1 1 0 1 0 0 0 
0 0 0 0 0 0 0 0 1 0 0 1 0 0 0 0 0 0 1 0 0 0 0 0 1 0 0 0 0 1 0 0 1 0 0 0 0 0 1 0 0 0 1 1 0 1 1 1 0 0 1 0 0 0 0 0 1 0 0 0 
1 0 0 0 0 0 0 0 0 1 0 1 0 1 0 0 0 0 1 0 0 0 1 0 0 1 0 0 1 0 0 1 0 0 0 1 0 0 0 0 0 0 1 0 0 0 0 1 0 1 0 0 1 0 1 1 0 0 0 0 
0 0 0 0 1 0 1 0 0 0 0 0 0 0 0 0 0 0 0 0 0 0 1 1 0 0 0 0 0 1 0 0 0 0 0 0 0 1 0 0 0 0 0 0 1 0 0 0 1 1 1 0 0 0 0 1 0 0 0 0 
1 0 0 0 0 0 1 0 0 0 0 0 0 0 1 0 1 0 0 0 1 0 0 0 1 0 0 0 0 0 1 0 1 1 0 0 1 1 0 1 1 0 0 0 0 0 1 0 0 0 0 0 0 1 0 0 0 1 0 0 
0 0 0 0 0 0 0 0 0 0 0 0 0 0 0 0 0 1 0 0 0 1 0 0 0 0 0 0 0 0 0 0 0 1 0 0 1 0 0 1 0 0 0 0 0 0 0 1 0 0 0 0 0 0 0 0 1 1 0 0 
1 1 0 0 0 0 1 1 0 0 1 0 1 0 0 0 0 0 0 0 0 1 1 1 0 0 1 0 1 0 0 0 0 0 1 0 0 0 0 0 0 1 0 0 0 0 0 0 1 0 1 0 1 0 0 1 0 0 0 0 
0 0 0 0 0 0 0 0 0 0 0 0 1 0 1 0 0 0 1 1 0 0 0 0 0 0 0 0 0 0 0 1 1 1 1 0 0 0 0 1 0 0 0 0 0 0 0 0 1 0 0 1 1 0 1 0 0 0 0 1 
0 0 0 0 1 0 0 0 0 0 0 1 0 0 0 0 0 0 1 0 0 1 0 0 0 0 0 0 0 0 0 0 0 0 0 1 0 0 1 1 0 0 1 0 0 0 0 0 0 0 0 0 0 0 0 0 0 1 0 0 
0 0 0 0 0 0 0 0 0 0 0 0 1 0 1 0 0 0 1 0 0 1 0 0 0 0 0 0 0 0 1 0 0 0 0 0 0 0 0 1 1 0 0 1 0 0 0 0 0 0 1 0 1 0 0 0 1 1 0 0 
0 1 0 1 0 0 1 0 0 0 0 0 1 0 0 0 0 0 0 1 0 0 0 0 0 0 1 0 1 0 0 0 1 0 0 0 0 0 1 0 0 1 0 0 1 1 0 0 0 0 0 0 0 0 0 0 0 0 0 0 
1 0 0 0 0 0 1 0 0 0 1 0 0 1 0 0 0 0 1 0 0 0 1 0 0 0 0 1 1 0 0 1 0 1 0 0 0 1 0 0 1 1 0 0 0 0 0 0 0 0 0 0 0 0 0 1 0 0 0 0 
0 0 0 0 1 1 0 0 0 0 0 0 0 0 0 0 1 0 0 0 0 0 0 0 0 1 0 0 0 0 0 0 0 0 1 0 1 0 0 1 0 1 0 0 1 0 0 1 0 0 0 0 0 0 0 0 1 1 0 0 
0 0 0 0 0 1 0 1 1 0 0 0 0 1 1 0 0 0 1 0 1 0 1 0 0 1 0 0 0 1 0 0 0 0 1 0 0 0 1 0 0 0 0 0 0 1 0 0 0 0 0 0 0 0 0 0 0 0 0 0 
0 0 0 0 0 1 1 0 0 0 0 0 1 0 0 0 0 1 0 0 0 0 0 0 0 0 0 0 0 0 0 0 0 0 0 0 0 1 0 0 1 0 0 0 1 1 0 1 0 0 0 0 0 0 1 0 1 1 0 0 
0 0 0 1 0 1 1 1 0 1 0 0 0 1 0 1 0 0 0 0 1 0 0 0 0 0 0 1 0 1 1 0 0 0 0 0 0 0 1 0 0 0 1 0 0 0 0 0 0 0 0 0 0 0 0 0 1 1 0 0 
0 0 0 0 1 0 0 0 0 0 0 1 1 0 0 0 0 0 0 0 0 0 0 0 1 0 0 1 0 0 0 1 0 0 0 0 1 0 1 0 1 0 0 0 0 1 0 0 0 0 0 0 1 0 0 0 0 1 0 1 
0 0 0 0 1 1 0 1 0 1 0 0 0 0 0 0 0 0 0 0 0 0 0 0 0 0 0 0 0 1 0 0 0 0 0 0 1 0 0 0 1 1 0 0 1 0 0 0 0 1 0 0 0 0 0 0 0 0 0 0 
0 0 0 0 0 0 0 0 0 0 0 0 0 0 0 1 0 0 1 0 0 1 0 0 0 0 0 0 0 1 0 0 0 0 0 0 0 0 1 1 0 0 0 1 0 0 0 1 0 0 1 0 1 1 0 0 0 0 0 1 
0 0 1 0 0 0 1 0 0 0 0 0 0 0 0 0 1 0 0 0 0 0 0 1 1 0 0 1 0 0 0 1 0 0 0 0 0 0 0 0 0 0 1 1 0 0 1 1 0 0 1 0 1 1 1 0 0 0 0 0 
0 0 0 0 1 0 0 1 0 0 0 0 0 0 1 0 0 1 0 0 0 0 0 1 0 0 1 0 0 0 0 0 1 0 0 0 0 0 0 0 0 0 0 0 0 0 0 0 0 0 0 0 0 0 0 0 0 0 0 0 
1 0 0 0 1 0 0 0 1 0 0 0 0 0 0 0 0 0 0 1 0 0 0 1 0 0 0 0 1 0 0 0 0 1 0 0 0 0 0 0 0 0 0 0 0 1 0 0 0 0 0 0 0 0 1 0 1 0 0 0 

0 0 0 0 0 0 19 0 0 0 0 0 24 20 0 0 0 0 0 0 0 0 0 0 0 0 0 0 3 0 13 0 0 0 0 0 4 0 0 0 0 0 0 0 0 19 0 0 0 0 0 0 0 6 0 0 0 28 32 0 
29 0 0 11 0 0 0 0 0 0 0 0 0 0 0 0 0 0 0 0 0 0 0 6 0 2 0 0 0 0 0 0 0 0 0 0 16 0 0 24 0 0 0 0 6 0 0 23 0 0 0 0 0 0 0 0 0 0 11 0 
0 12 0 30 23 0 0 0 20 0 0 0 0 0 0 0 0 0 0 0 0 0 0 15 29 0 6 0 0 0 0 23 0 0 0 0 0 0 0 22 0 0 0 0 0 0 0 0 0 0 0 0 0 0 0 0 0 0 0 0 
0 0 0 0 0 0 0 0 0 0 0 0 0 0 2 0 7 0 0 0 0 0 0 10 0 11 0 0 0 0 0 27 0 0 0 0 0 0 0 0 0 0 0 12 11 0 0 0 0 0 3 0 0 7 0 0 0 29 0 0 
0 0 0 0 0 0 25 0 0 11 0 0 0 17 0 0 0 0 0 0 0 0 0 0 0 0 0 0 0 0 10 0 0 0 31 0 5 0 0 0 0 0 0 30 0 0 4 4 0 5 0 0 0 0 0 0 24 0 13 0 
0 0 0 0 0 0 0 0 1 29 0 0 0 18 0 0 0 4 0 0 0 0 0 0 0 0 0 0 0 0 0 0 0 0 0 0 0 0 0 0 0 0 0 0 0 0 0 0 0 0 0 0 0 0 24 19 0 18 0 8 
0 0 0 0 17 0 0 0 0 0 0 0 0 0 0 0 0 0 0 0 0 0 22 13 0 0 0 23 17 0 0 0 0 0 0 13 0 0 0 13 0 2 0 0 0 0 0 0 0 0 0 0 0 0 25 7 23 0 0 0 
14 24 0 13 0 0 26 0 0 25 0 0 0 24 0 4 0 0 0 0 0 0 0 0 0 26 0 9 0 0 0 0 0 0 0 0 4 6 0 0 0 0 0 0 21 30 0 19 3 15 0 0 0 0 0 1 0 1 0 0 
0 7 0 0 0 0 0 0 0 0 0 0 0 0 0 0 0 15 0 0 0 1 0 14 0 4 0 6 0 16 0 0 0 0 0 0 29 29 0 0 0 25 1 0 2 0 0 0 0 22 0 0 14 0 0 15 0 0 32 0 
0 0 0 0 0 0 0 0 0 0 0 0 0 2 0 0 0 0 0 0 0 0 0 0 0 0 0 5 0 0 0 0 0 0 0 16 15 0 28 0 0 0 0 0 15 0 0 0 0 0 0 0 0 30 0 0 27 0 0 0 
21 0 0 0 0 0 0 0 0 0 0 0 3 0 0 17 0 0 21 0 3 0 0 0 23 0 0 16 0 0 0 0 0 0 0 0 0 10 0 0 0 0 19 0 26 0 0 0 0 0 0 0 0 0 0 0 0 0 0 10 
0 0 0 0 0 22 0 0 0 9 0 0 0 0 21 16 0 0 21 0 0 0 0 0 0 5 0 0 0 0 0 0 29 24 27 0 0 0 0 31 8 0 0 0 0 0 3 24 1 0 0 0 0 0 0 0 0 0 0 27 
0 0 0 26 5 0 0 0 0 29 0 0 0 0 0 0 0 29 0 0 0 0 0 0 0 10 0 24 0 0 0 0 2 0 17 0 0 0 0 0 0 1 0 0 0 0 1 0 0 0 0 0 0 0 0 0 0 0 0 0 
0 0 14 0 13 0 0 0 0 0 0 0 0 0 0 0 0 0 0 0 0 0 0 0 5 0 0 27 0 0 0 0 0 0 0 0 0 0 0 0 0 0 0 0 13 26 0 7 0 0 0 0 0 0 0 0 20 9 0 0 
6 0 0 0 0 0 0 0 0 30 12 0 0 0 0 0 0 0 0 17 24 0 0 0 0 0 0 0 19 0 0 0 21 5 0 0 5 21 0 0 13 0 0 0 0 0 14 0 0 0 0 0 0 0 0 0 0 0 7 0 
0 0 0 0 0 0 0 0 2 0 0 0 0 0 27 0 0 8 0 0 0 0 0 2 0 0 0 0 0 0 0 0 0 0 0 0 0 0 0 0 0 13 0 0 0 0 0 0 0 0 0 0 0 0 0 19 0 8 0 0 
0 0 0 0 0 0 0 0 0 0 28 26 0 0 0 0 0 0 0 0 1 0 0 0 23 0 0 16 21 0 14 0 0 0 0 0 0 0 0 12 0 0 0 0 0 3 0 0 0 0 0 0 0 8 0 0 0 0 0 0 
0 0 0 0 0 0 0 0 0 0 0 0 13 0 0 0 0 0 0 16 0 0 0 0 0 0 15 0 0 0 14 0 0 0 0 14 20 14 0 0 0 0 5 0 0 17 0 0 0 0 0 0 0 0 0 0 0 0 0 0 
12 0 0 31 16 32 0 0 0 0 0 1 0 18 0 0 22 0 0 0 0 6 0 22 0 11 0 12 19 0 0 0 15 20 0 10 5 0 0 0 0 0 0 0 0 16 0 0 0 0 0 0 0 0 15 0 0 0 0 31 
0 0 18 0 0 0 0 0 26 0 0 8 0 0 0 0 0 0 0 0 0 0 0 0 9 0 0 0 0 0 0 0 0 0 0 9 0 0 0 0 0 0 27 0 0 30 0 0 0 0 28 0 0 0 0 0 0 25 8 28 
0 1 0 0 0 27 0 0 0 0 0 19 0 0 0 9 0 0 0 0 0 0 0 19 0 0 0 0 0 0 0 0 4 17 0 0 0 0 0 0 0 0 0 15 0 0 0 3 0 31 0 0 0 0 0 0 0 0 0 28 
0 0 0 23 8 4 0 0 8 0 18 0 30 0 0 0 0 0 0 0 0 0 0 0 0 0 0 19 0 0 0 0 0 0 0 0 0 0 0 0 0 0 0 11 16 0 0 0 0 0 0 3 7 0 0 0 0 0 0 10 
0 4 0 0 3 0 0 0 0 15 0 0 0 0 0 0 16 0 0 1 0 0 0 2 0 20 0 0 0 0 0 0 28 0 0 0 0 0 22 0 0 0 0 0 0 0 28 0 0 0 0 0 0 0 0 0 0 24 0 0 
0 0 0 0 0 0 0 3 0 0 7 28 9 0 0 0 0 0 0 0 0 30 0 0 0 0 0 0 15 0 1 0 0 21 14 0 0 0 0 22 0 28 0 0 0 0 0 0 0 22 0 0 7 0 0 0 0 0 0 0 
0 0 0 0 0 21 0 0 0 0 0 0 0 22 0 0 0 0 0 21 0 25 0 2 0 0 23 0 0 0 0 0 0 0 0 19 0 0 0 30 13 0 13 0 28 26 0 0 3 0 0 0 0 0 0 0 0 0 0 0 
0 3 0 0 2 0 0 0 0 0 0 0 0 0 0 0 0 29 0 15 11 24 0 0 0 0 0 0 0 16 0 7 3 0 0 0 0 0 0 30 0 20 29 0 0 0 30 0 0 0 0 7 22 0 0 2 10 0 0 0 
0 30 0 0 0 0 25 0 25 14 0 0 19 0 0 0 0 0 0 0 12 12 0 0 0 17 0 0 0 0 0 0 0 0 0 0 0 0 9 0 0 30 15 0 0 0 10 0 0 0 28 0 0 0 0 0 0 22 0 0 
0 0 0 0 0 0 4 12 8 0 0 0 0 0 0 0 0 0 0 0 0 18 0 0 0 7 0 0 0 0 8 0 0 0 0 0 0 0 0 0 0 0 0 0 0 0 0 0 0 16 0 0 0 0 0 28 7 0 0 0 
0 0 0 0 0 0 0 0 0 0 0 0 0 0 0 0 0 0 0 0 18 0 18 0 0 4 0 0 0 0 0 0 0 0 28 0 0 10 0 12 0 0 0 0 0 0 0 0 0 0 13 0 0 0 0 25 0 0 0 12 
0 0 0 31 0 0 0 0 0 0 0 31 0 0 0 0 0 0 0 0 0 0 0 0 0 0 0 0 0 0 0 0 0 0 0 0 0 0 0 0 19 0 25 0 0 0 0 0 26 0 0 0 27 0 0 0 0 0 0 0 
0 0 0 0 0 28 0 0 0 0 14 6 0 9 15 0 0 15 0 0 0 8 0 0 0 0 0 0 0 0 0 0 15 0 21 0 0 0 1 16 0 0 0 0 0 25 0 0 1 0 0 0 0 0 0 26 0 0 0 0 
15 14 7 0 13 30 0 1 0 0 0 0 0 0 0 0 29 0 0 0 0 0 0 0 19 0 0 0 0 0 0 0 0 0 0 0 0 0 0 5 0 0 24 0 10 14 0 15 0 0 0 15 0 0 0 0 0 0 0 0 
0 0 0 0 0 0 29 0 0 25 0 0 0 0 0 0 0 0 3 30 30 16 0 3 0 0 0 0 0 0 1 0 0 0 0 0 0 20 30 0 17 0 0 0 13 0 19 0 0 0 11 1 0 12 0 0 9 0 0 0 
25 0 0 32 0 0 23 0 0 21 0 0 0 0 0 0 0 0 0 0 0 0 0 0 0 2 0 0 0 0 0 0 0 0 25 0 0 0 0 0 0 0 0 0 0 0 0 9 0 0 0 0 0 3 24 0 0 0 0 0 
25 0 0 0 0 17 0 0 22 0 0 0 0 0 0 0 0 0 0 0 0 0 0 0 0 0 19 0 0 0 0 0 0 0 0 0 0 22 13 0 0 16 0 0 0 5 0 8 0 0 31 0 0 0 0 0 0 0 0 0 
0 0 0 0 0 0 0 0 0 0 0 0 9 0 0 0 2 2 0 0 16 0 0 0 28 0 0 0 0 0 0 0 0 21 0 0 0 0 0 0 21 0 0 0 0 0 0 0 25 0 0 0 0 0 0 0 0 0 0 0 
0 0 0 0 0 17 0 0 0 0 16 0 0 0 0 0 17 0 0 0 0 0 0 0 0 0 0 0 0 0 0 0 0 25 8 0 0 13 0 16 0 0 0 0 0 12 0 0 0 0 0 0 0 0 0 0 0 14 2 19 
23 0 0 0 0 0 0 0 0 0 0 0 0 24 0 0 27 0 0 0 0 0 0 0 0 28 0 0 0 0 0 0 0 26 0 0 3 0 0 0 25 0 0 17 0 0 0 0 0 0 0 0 0 0 0 0 0 30 31 0 
23 0 0 0 0 11 0 0 0 0 0 0 0 11 0 0 0 0 0 0 0 0 0 0 0 0 0 0 0 0 0 0 0 0 0 0 0 0 0 18 0 17 0 0 0 0 27 0 31 21 0 0 0 0 0 0 0 0 0 0 
26 0 0 0 0 0 0 0 0 0 0 0 0 0 0 26 0 0 0 14 0 0 0 0 0 11 0 0 0 9 0 8 0 0 25 0 0 0 17 0 0 0 4 0 0 0 0 12 0 0 0 0 0 0 0 0 0 0 0 0 
0 0 0 0 0 30 0 30 0 0 0 0 5 0 12 0 0 0 0 0 0 0 30 0 0 0 0 0 0 22 0 0 16 0 0 0 11 0 0 0 0 0 0 0 0 0 0 0 0 0 0 0 0 0 0 0 0 0 0 0 
0 0 0 0 8 0 0 0 0 0 0 0 1 0 0 0 0 0 0 0 0 0 0 17 0 22 7 0 0 0 0 0 0 0 12 20 0 0 0 0 0 0 0 3 0 0 0 0 0 0 0 0 0 0 0 0 0 0 0 0 
0 0 0 0 0 0 0 0 0 0 0 0 0 0 0 31 0 0 0 0 0 15 0 24 0 0 0 0 0 0 0 10 0 0 0 0 0 0 0 0 0 0 0 0 0 0 25 0 29 0 0 0 0 0 18 0 1 0 0 0 
0 0 0 0 0 0 0 0 0 0 0 15 19 0 0 0 0 29 0 0 21 0 0 0 0 0 0 0 0 0 0 28 0 0 6 22 0 0 25 0 0 0 0 0 26 0 0 0 0 22 0 0 0 0 14 15 0 4 0 0 
0 12 29 0 0 0 0 23 0 0 0 0 8 0 0 0 26 0 0 0 0 0 28 0 0 0 0 0 0 0 0 0 0 0 0 0 9 0 0 26 0 8 0 4 0 0 0 0 0 0 0 0 6 0 0 0 0 0 8 0 
0 0 0 0 0 0 6 0 0 0 24 0 0 27 0 0 0 0 0 18 8 0 25 0 0 0 0 0 0 0 0 0 2 0 0 0 25 0 0 0 0 0 0 25 0 0 21 29 0 0 0 0 0 0 0 0 0 0 0 0 
0 0 0 32 0 0 0 0 0 0 0 0 0 0 0 0 0 0 29 6 0 0 0 0 8 16 11 0 0 0 0 0 15 0 6 0 0 8 0 0 0 0 0 0 0 0 0 0 0 0 0 0 0 0 0 0 18 4 0 14 
0 0 24 0 0 0 0 0 0 0 0 0 0 0 0 0 0 0 0 0 0 27 8 0 0 0 0 4 0 13 0 0 0 0 0 0 0 0 3 0 0 0 0 0 0 0 0 0 0 5 0 0 0 0 0 0 17 10 0 30 
0 0 0 0 0 7 0 0 0 0 32 0 0 0 9 0 0 0 0 3 0 0 0 0 7 0 0 0 8 0 0 0 0 0 0 0 0 0 0 0 26 14 5 0 30 17 0 4 0 2 0 0 0 0 0 0 0 0 25 0 
0 0 24 0 0 0 0 0 0 0 0 0 3 0 0 0 30 0 30 0 0 10 0 0 0 0 0 18 0 0 19 0 0 0 0 0 0 0 0 0 0 0 31 26 0 0 0 0 0 0 4 0 0 5 0 0 0 0 0 0 
19 0 0 0 0 0 0 0 17 31 0 0 0 14 15 1 0 0 0 0 20 0 0 0 0 0 0 0 0 0 0 0 0 0 3 0 0 0 21 29 0 0 0 0 0 0 0 25 0 9 0 0 8 0 3 17 0 0 0 0 
0 0 0 18 11 0 0 0 20 21 0 0 0 0 0 0 0 0 2 0 0 0 0 16 0 0 26 0 0 0 0 0 0 0 0 0 0 0 0 0 0 0 0 23 0 0 27 0 4 0 0 0 0 0 0 0 0 0 0 0 
0 0 0 0 0 0 9 17 0 0 0 0 0 0 0 0 8 0 7 0 30 0 16 0 21 9 0 0 19 0 0 15 17 0 0 0 23 0 0 0 0 0 0 0 0 0 0 0 0 0 7 0 0 0 0 0 0 0 0 0 
0 0 0 0 0 0 0 0 0 26 0 0 0 0 0 0 13 0 0 0 0 0 0 0 28 0 0 0 0 0 0 0 0 0 0 15 31 0 23 0 17 0 14 0 0 0 0 0 0 0 0 0 0 0 0 0 0 0 0 0 
0 0 0 0 0 0 0 0 0 0 0 0 0 0 0 0 0 0 0 0 0 0 0 5 0 0 0 0 0 0 3 0 21 0 0 0 0 0 0 0 27 0 0 0 0 0 0 0 0 26 0 0 0 19 0 0 0 0 20 0 
0 0 0 0 0 0 0 0 2 0 0 17 0 0 0 0 0 0 0 0 0 0 0 0 0 14 0 0 11 0 0 12 0 0 0 0 0 0 0 0 24 0 16 5 8 19 0 0 0 0 0 0 0 0 0 0 0 18 0 0 
17 0 0 0 0 0 18 26 0 0 12 0 9 0 0 12 0 0 0 0 13 0 0 0 0 0 0 0 21 0 0 29 0 0 7 0 0 0 24 0 0 0 0 0 0 5 0 17 0 0 13 0 0 0 0 21 0 0 0 0 
0 0 0 8 0 0 0 0 0 2 0 0 0 0 0 0 0 0 0 0 0 0 0 0 0 0 0 0 0 0 0 0 6 0 1 1 23 0 14 0 0 0 0 0 0 0 0 0 0 0 0 0 0 0 0 0 25 0 0 0 
0 0 0 0 0 20 0 5 0 0 25 0 0 0 0 0 0 0 0 2 0 0 0 0 0 0 0 0 0 0 0 0 0 28 0 0 0 18 0 0 0 4 20 0 0 0 0 0 0 26 0 0 0 0 0 3 0 0 0 29 
0 0 0 0 0 0 0 0 0 0 1 0 0 0 0 0 0 0 0 0 0 0 0 0 0 0 0 0 0 0 0 0 0 0 16 4 8 0 0 0 0 25 27 0 0 0 0 30 0 0 0 0 0 0 0 0 0 0 0 0 
