60

0 1 0 1 1 1 1 1 1 0 1 0 0 0 0 0 0 1 0 0 1 1 1 0 0 1 0 1 1 1 0 1 1 1 1 1 1 0 0 1 1 1 0 1 1 0 1 1 1 1 1 0 0 1 0 0 1 0 0 1 
1 0 1 0 0 1 0 1 1 1 0 1 0 0 0 1 1 0 1 0 1 1 1 1 1 1 1 1 1 0 1 1 1 1 0 1 1 1 1 1 0 0 1 1 1 0 1 1 1 1 1 0 1 1 0 1 1 0 1 0 
0 1 0 0 0 1 0 0 0 0 0 1 1 0 1 0 1 1 0 1 1 1 1 1 0 0 0 0 1 1 0 1 0 1 1 1 1 0 0 1 1 1 1 0 1 0 1 0 1 0 0 1 0 0 1 0 1 0 1 1 
1 0 0 0 1 0 1 0 0 1 1 0 0 1 0 0 0 1 0 1 0 0 0 0 0 0 1 1 0 1 0 1 0 0 0 1 1 0 1 0 0 1 1 1 1 1 0 0 0 0 0 1 0 1 0 0 0 0 0 1 
1 0 0 1 0 0 0 1 1 1 0 1 0 1 0 0 1 1 0 1 1 1 1 1 0 1 1 0 1 0 0 1 0 1 1 1 1 1 0 1 1 0 0 0 1 1 1 1 0 0 0 0 1 0 0 0 0 0 0 0 
1 1 1 0 0 0 0 0 0 0 0 0 1 0 1 0 1 1 1 0 1 1 1 0 1 1 1 1 0 0 0 0 1 0 1 1 1 1 0 0 1 1 1 1 0 0 1 1 1 1 0 0 0 0 1 1 0 0 1 1 
1 0 0 1 0 0 0 0 1 1 1 1 0 1 1 0 1 1 1 0 1 0 0 1 0 1 1 1 0 0 1 1 0 0 1 0 1 0 1 0 1 0 1 1 0 1 1 0 0 1 0 1 1 1 1 0 0 0 1 1 
1 1 0 0 1 0 0 0 0 1 0 1 1 1 0 1 1 1 0 0 1 1 1 0 0 0 1 0 1 0 0 1 0 0 1 0 0 0 1 0 1 1 1 0 1 1 1 0 1 1 0 0 1 1 0 0 1 0 1 1 
1 1 0 0 1 0 1 0 0 1 0 0 0 0 0 0 0 1 0 0 1 1 1 1 0 0 0 1 0 0 0 0 1 1 1 0 0 1 0 1 0 1 1 0 0 0 0 1 1 0 1 1 0 1 0 1 1 1 0 0 
0 1 0 1 1 0 1 1 1 0 1 0 1 0 1 1 0 1 1 0 1 1 1 0 0 0 1 0 1 1 0 0 1 1 0 1 1 1 1 0 1 0 0 1 1 0 0 0 0 0 1 1 1 0 0 1 1 0 0 1 
1 0 0 1 0 0 1 0 0 1 0 0 0 1 0 1 0 0 1 1 0 0 1 1 1 1 1 0 1 0 1 0 0 0 0 0 1 1 0 0 1 1 0 1 0 0 0 0 0 1 0 1 0 0 0 1 1 1 1 0 
0 1 1 0 1 0 1 1 0 0 0 0 0 1 0 1 0 1 0 0 0 0 1 1 1 1 0 1 0 1 0 1 0 0 1 1 1 0 0 1 0 1 1 0 1 1 1 1 1 1 1 1 1 1 0 0 0 0 0 1 
0 0 1 0 0 1 0 1 0 1 0 0 0 1 0 0 0 1 1 1 1 1 1 0 1 0 0 1 1 0 0 1 1 1 1 1 1 0 1 1 1 1 0 0 0 0 0 0 1 1 1 0 1 1 0 0 1 0 0 1 
0 0 0 1 1 0 1 1 0 0 1 1 1 0 0 0 1 1 1 1 1 1 0 1 0 0 1 1 1 1 1 0 0 1 1 1 0 1 1 1 0 0 1 1 0 0 0 1 1 1 1 1 0 0 0 0 0 1 0 1 
0 0 1 0 0 1 1 0 0 1 0 0 0 0 0 0 0 1 1 1 0 1 1 0 1 0 0 0 0 1 1 1 1 0 0 1 0 0 0 0 0 0 0 1 0 0 0 1 0 0 0 0 1 0 1 0 0 0 0 0 
0 1 0 0 0 0 0 1 0 1 1 1 0 0 0 0 1 0 1 1 1 0 1 0 0 1 1 0 1 0 0 0 1 1 1 0 1 0 1 1 0 1 1 0 1 1 0 0 0 0 1 1 0 0 0 1 0 0 0 0 
0 1 1 0 1 1 1 1 0 0 0 0 0 1 0 1 0 1 1 1 0 0 1 0 1 1 1 1 0 1 1 1 0 0 1 1 0 1 0 0 1 0 0 0 0 0 1 1 1 1 0 0 1 0 1 0 0 0 0 0 
1 0 1 1 1 1 1 1 1 1 0 1 1 1 1 0 1 0 0 0 0 0 0 1 0 1 0 1 0 1 1 1 0 0 0 0 0 1 1 1 0 1 1 1 1 1 0 0 1 1 1 1 1 1 0 1 1 1 1 0 
0 1 0 0 0 1 1 0 0 1 1 0 1 1 1 1 1 0 0 0 0 1 1 0 0 1 0 0 1 0 1 0 1 1 0 0 0 1 1 0 1 0 0 1 0 0 1 1 0 1 0 0 0 0 1 0 0 1 0 1 
0 0 1 1 1 0 0 0 0 0 1 0 1 1 1 1 1 0 0 0 1 1 1 0 1 0 0 0 1 1 0 0 0 1 1 0 1 1 1 1 1 0 1 1 0 1 0 1 1 1 1 0 0 0 0 0 0 1 1 0 
1 1 1 0 1 1 1 1 1 1 0 0 1 1 0 1 0 0 0 1 0 1 0 1 0 1 0 1 1 0 1 0 1 1 0 1 1 0 1 1 1 1 0 0 1 1 1 0 1 0 0 0 0 1 0 0 1 1 0 0 
1 1 1 0 1 1 0 1 1 1 0 0 1 1 1 0 0 0 1 1 1 0 0 0 0 1 0 1 0 0 0 1 1 1 0 0 1 0 0 0 1 1 1 0 0 0 1 0 1 1 1 1 0 0 0 0 1 0 1 0 
1 1 1 0 1 1 0 1 1 1 1 1 1 0 1 1 1 0 1 1 0 0 0 1 1 1 0 1 1 0 0 1 0 1 1 1 1 0 1 1 1 0 0 0 1 1 1 1 0 0 0 1 1 1 0 0 0 1 1 1 
0 1 1 0 1 0 1 0 1 0 1 1 0 1 0 0 0 1 0 0 1 0 1 0 1 0 1 1 1 0 0 0 0 0 1 1 0 1 1 1 1 0 0 0 0 0 1 0 0 1 1 0 1 1 1 1 0 1 1 1 
0 1 0 0 0 1 0 0 0 0 1 1 1 0 1 0 1 0 0 1 0 0 1 1 0 0 1 1 1 1 0 0 0 1 1 1 0 1 0 1 0 1 0 1 0 1 1 1 1 0 1 1 0 1 0 0 0 1 1 1 
1 1 0 0 1 1 1 0 0 0 1 1 0 0 0 1 1 1 1 0 1 1 1 0 0 0 1 0 1 1 0 0 1 1 1 1 0 0 0 0 1 1 1 1 1 0 1 1 1 1 0 1 1 1 1 0 0 1 1 0 
0 1 0 1 1 1 1 1 0 1 1 0 0 1 0 1 1 0 0 0 0 0 0 1 1 1 0 1 0 1 1 1 1 0 0 0 0 0 0 0 1 0 0 1 1 0 0 0 0 1 1 0 1 1 1 1 0 1 0 1 
1 1 0 1 0 1 1 0 1 0 0 1 1 1 0 0 1 1 0 0 1 1 1 1 1 0 1 0 1 1 1 1 1 0 0 1 0 0 0 1 0 0 1 0 0 1 1 1 0 1 0 0 0 1 0 0 0 1 1 0 
1 1 1 0 1 0 0 1 0 1 1 0 1 1 0 1 0 0 1 1 1 0 1 1 1 1 0 1 0 0 0 1 1 1 1 1 0 1 0 0 1 1 0 0 1 1 0 1 0 1 0 1 0 1 1 0 1 1 0 0 
1 0 1 1 0 0 0 0 0 1 0 1 0 1 1 0 1 1 0 1 0 0 0 0 1 1 1 1 0 0 0 0 0 1 1 0 1 0 1 1 1 1 0 0 0 0 0 1 0 1 0 0 1 0 0 1 1 1 0 0 
0 1 0 0 0 0 1 0 0 0 1 0 0 1 1 0 1 1 1 0 1 0 0 0 0 0 1 1 0 0 0 0 1 0 1 1 1 1 0 1 0 0 1 0 1 0 0 0 1 0 1 0 1 0 0 0 1 1 0 0 
1 1 1 1 1 0 1 1 0 0 0 1 1 0 1 0 1 1 0 0 0 1 1 0 0 0 1 1 1 0 0 0 1 1 1 1 1 1 0 0 0 0 0 1 1 1 1 1 1 0 0 1 1 0 0 0 0 1 1 0 
1 1 0 0 0 1 0 0 1 1 0 0 1 0 1 1 0 0 1 0 1 1 0 0 0 1 1 1 1 0 1 1 0 1 0 0 0 0 0 0 1 1 1 0 1 0 1 0 0 1 1 0 1 1 0 1 1 0 1 1 
1 1 1 0 1 0 0 0 1 1 0 0 1 1 0 1 0 0 1 1 1 1 1 0 1 1 0 0 1 1 0 1 1 0 0 1 0 0 0 1 1 1 0 1 0 0 1 1 0 1 1 1 0 1 1 1 0 0 1 1 
1 0 1 0 1 1 1 1 1 0 0 1 1 1 0 1 1 0 0 1 0 0 1 1 1 1 0 0 1 1 1 1 0 0 0 0 0 0 1 0 1 1 0 0 1 1 0 1 1 0 1 0 0 1 0 1 1 0 1 0 
1 1 1 1 1 1 0 0 0 1 0 1 1 1 1 0 1 0 0 0 1 0 1 1 1 1 0 1 1 0 1 1 0 1 0 0 1 1 0 0 0 0 1 0 1 1 0 0 0 0 1 0 0 0 1 0 0 0 0 1 
1 1 1 1 1 1 1 0 0 1 1 1 1 0 0 1 0 0 0 1 1 1 1 0 0 0 0 0 0 1 1 1 0 0 0 1 0 1 0 1 1 0 0 0 0 0 1 1 0 0 1 0 1 0 0 1 1 0 1 0 
0 1 0 0 1 1 0 0 1 1 1 0 0 1 0 0 1 1 1 1 0 0 0 1 1 0 0 0 1 0 1 1 0 0 0 1 1 0 0 0 0 0 0 1 0 1 1 0 1 1 0 0 0 1 0 0 1 1 1 1 
0 1 0 1 0 0 1 1 0 1 0 0 1 1 0 1 0 1 1 1 1 0 1 1 0 0 0 0 0 1 0 0 0 0 1 0 0 0 0 0 0 1 0 0 0 1 1 1 1 1 1 1 0 0 1 1 0 1 1 0 
1 1 1 0 1 0 0 0 1 0 0 1 1 1 0 1 0 1 0 1 1 0 1 1 1 0 0 1 0 1 1 0 0 1 0 0 1 0 0 0 1 1 0 1 0 0 0 1 1 0 0 0 0 1 0 1 1 0 1 0 
1 0 1 0 1 1 1 1 0 1 1 0 1 0 0 0 1 0 1 1 1 1 1 1 0 1 1 0 1 1 0 0 1 1 1 0 1 0 0 1 0 0 1 1 0 1 0 1 0 1 1 1 1 1 1 0 1 1 1 0 
1 0 1 1 0 1 0 1 1 0 1 1 1 0 0 1 0 1 0 0 1 1 0 0 1 1 0 0 1 1 0 0 1 1 1 0 0 0 1 1 0 0 0 0 0 0 0 0 1 1 0 0 1 0 0 1 1 0 1 1 
0 1 1 1 0 1 1 1 1 0 0 1 0 1 0 1 0 1 0 1 0 1 0 0 0 1 0 1 0 0 1 0 1 0 0 1 0 0 0 0 1 0 0 1 1 1 1 0 1 1 1 1 1 1 0 1 1 0 0 0 
1 1 0 1 0 1 1 0 0 1 1 0 0 1 1 0 0 1 1 1 0 0 0 0 1 1 1 0 0 0 0 1 0 1 0 0 0 1 0 1 1 0 1 0 0 1 0 1 1 1 0 0 0 0 1 0 0 0 0 1 
1 1 1 1 1 0 0 1 0 1 0 1 0 0 0 1 0 1 0 0 1 0 1 0 0 1 1 0 1 0 1 1 1 0 1 1 0 0 0 0 0 0 1 0 0 1 1 0 1 1 0 0 0 0 1 0 1 1 1 1 
0 0 0 1 1 0 1 1 0 0 0 1 0 0 0 1 0 1 0 1 1 0 1 0 1 0 0 1 1 0 0 1 0 0 1 1 0 1 1 0 1 0 1 1 1 0 1 1 1 0 0 1 0 0 0 1 0 1 0 0 
1 1 1 0 1 1 1 1 0 0 0 1 0 0 0 0 1 0 1 0 1 1 1 1 1 1 0 1 0 0 0 1 1 1 0 0 1 1 1 0 0 0 1 0 1 1 0 0 1 0 0 1 0 1 1 0 1 0 0 1 
1 1 0 0 1 1 0 0 1 0 0 1 0 1 1 0 1 0 1 1 0 0 1 0 1 1 0 1 1 1 0 1 0 1 1 0 1 0 1 1 1 0 0 1 0 1 0 0 1 0 0 0 0 1 0 1 0 1 0 0 
1 1 1 0 0 1 0 1 1 0 0 1 1 1 0 0 1 1 0 1 1 1 0 0 1 1 0 0 0 0 1 1 0 0 1 0 0 1 1 1 0 1 1 1 1 1 1 1 0 1 1 1 1 1 1 1 0 0 0 0 
1 1 0 0 0 1 1 1 0 0 1 1 1 1 0 0 1 1 1 1 0 1 0 1 0 1 1 1 1 1 0 0 1 1 0 0 0 1 1 0 1 1 1 1 1 0 0 0 1 0 1 1 0 1 1 0 0 0 0 1 
1 1 0 0 0 0 0 0 1 1 0 1 1 1 0 1 0 1 0 1 0 1 0 1 1 0 1 0 0 0 1 0 1 1 1 1 1 0 1 0 1 0 1 0 0 0 0 0 1 1 0 1 0 1 1 0 1 1 0 0 
0 0 1 1 0 0 1 0 1 1 1 1 0 1 0 1 0 1 0 0 0 1 1 0 1 1 0 0 1 0 0 1 0 1 0 0 0 0 1 0 1 0 1 0 0 1 1 0 1 1 1 0 1 0 1 1 1 0 1 0 
0 1 0 0 1 0 1 1 0 1 0 1 1 0 1 0 1 1 0 0 0 0 1 1 0 1 1 0 0 1 1 1 1 0 0 0 1 0 0 0 1 1 1 0 0 0 0 0 1 0 0 1 0 0 0 0 0 0 0 0 
1 1 0 1 0 0 1 1 1 0 0 1 1 0 0 0 0 1 0 0 1 0 1 1 1 1 1 1 1 0 0 0 1 1 1 0 0 1 0 1 1 0 1 0 0 0 1 1 1 1 1 0 0 0 1 0 1 1 1 1 
0 0 1 0 0 1 1 0 0 0 0 0 0 0 1 0 1 0 1 0 0 0 0 1 0 1 1 0 1 0 0 0 0 1 0 1 0 0 1 0 1 0 0 1 1 0 1 0 1 1 1 1 0 1 0 0 1 0 1 0 
0 1 0 0 0 1 0 0 1 1 1 0 0 0 0 1 0 1 0 0 0 0 0 1 0 0 1 0 0 1 0 0 1 1 1 0 1 0 1 1 0 1 1 0 0 1 0 1 1 0 0 1 0 0 0 0 0 1 1 1 
1 1 1 0 0 0 0 1 1 1 1 0 1 0 0 0 0 1 0 0 1 1 0 0 0 0 0 0 1 1 1 0 1 0 1 0 1 1 0 1 1 1 1 0 1 0 1 0 0 0 1 1 0 1 1 0 0 1 1 1 
0 0 0 0 0 0 0 0 1 0 1 0 0 1 0 0 0 1 1 1 1 0 1 1 1 1 1 1 1 1 1 1 0 0 0 0 0 1 1 0 1 0 0 0 1 1 0 1 0 0 1 0 0 1 0 1 1 0 1 1 
0 1 1 0 0 1 1 1 0 0 1 0 0 0 0 0 0 1 0 1 0 1 1 1 1 1 0 1 0 0 0 1 1 1 1 0 1 1 1 1 1 1 0 0 1 0 0 0 0 0 0 1 0 1 1 1 1 1 0 0 
1 0 1 1 0 1 1 1 0 1 0 1 1 1 0 0 0 0 1 0 0 0 1 1 1 0 1 0 0 0 0 0 1 1 0 1 0 1 0 0 0 1 0 1 1 0 1 0 0 1 0 0 0 1 0 1 1 1 0 0 

0 0 0 0 0 0 10 0 0 0 0 0 0 21 0 13 0 0 0 26 2 0 22 0 13 0 0 0 0 0 0 0 0 5 0 0 17 0 0 0 0 0 0 0 0 0 9 0 0 0 0 0 0 3 17 0 15 0 0 0 
0 0 10 0 0 0 0 16 0 0 9 0 17 0 0 0 0 3 0 0 0 0 0 8 0 0 0 0 0 0 0 0 0 0 23 0 0 0 0 10 27 0 0 12 0 0 0 0 0 0 0 0 0 0 24 0 24 4 0 0 
0 0 0 0 0 0 4 0 0 0 0 0 0 0 0 17 0 0 18 0 0 0 23 0 0 0 0 0 0 0 2 25 0 0 17 20 5 0 0 30 0 0 0 0 27 0 0 30 25 0 0 14 0 14 0 0 0 0 0 26 
0 27 0 0 20 0 9 31 0 0 0 0 0 0 0 0 0 0 0 0 0 0 0 0 0 0 26 0 14 0 0 1 0 14 0 0 0 0 0 0 14 0 0 12 0 0 0 0 5 3 0 0 0 27 0 0 21 27 0 0 
0 0 0 0 0 0 0 0 0 0 0 0 0 0 0 0 0 0 0 0 0 0 0 0 0 0 0 0 0 0 31 6 0 0 0 0 0 0 0 0 0 0 0 0 0 0 0 20 0 0 2 0 0 0 31 17 0 31 2 15 
0 0 9 0 0 0 0 0 0 0 0 0 0 0 0 0 0 0 0 0 0 25 11 0 0 0 0 0 0 0 0 0 0 0 0 30 0 0 9 12 0 0 0 21 0 0 0 0 0 27 0 0 0 0 0 0 3 0 0 0 
0 23 0 0 0 0 0 0 20 0 0 0 0 0 0 19 0 0 0 0 29 0 0 0 0 0 0 0 0 9 0 0 0 0 0 0 0 0 4 0 0 0 0 15 0 0 29 0 0 4 0 0 10 5 0 0 0 0 0 0 
0 0 0 0 0 0 13 0 0 0 0 13 7 0 0 0 0 0 0 0 0 0 0 0 0 0 0 0 0 0 0 15 0 0 0 0 0 6 0 10 0 27 0 0 0 0 0 0 28 0 0 0 0 0 0 0 0 9 0 0 
0 0 0 0 0 0 26 28 0 31 0 0 29 5 0 26 0 0 0 0 7 9 0 0 0 0 0 0 0 0 0 0 0 0 0 0 0 0 0 0 0 26 0 0 0 0 30 12 0 0 0 5 0 1 0 0 0 0 0 2 
0 0 0 0 0 0 0 0 19 0 0 0 0 19 0 0 0 0 0 0 0 0 0 0 0 14 0 0 0 0 0 0 0 0 0 0 0 0 22 0 0 0 0 0 18 0 0 0 6 0 0 0 0 0 0 0 0 0 15 0 
0 0 0 0 0 0 0 0 0 0 0 0 27 0 24 0 0 0 17 0 0 0 7 16 0 0 0 9 0 0 0 0 0 0 0 0 0 0 0 0 0 0 2 10 0 0 0 0 0 12 0 0 0 23 0 0 0 0 0 0 
0 0 0 0 0 0 0 9 0 0 0 0 0 0 0 5 0 0 0 0 0 0 7 0 0 0 11 0 0 0 31 0 3 0 0 0 7 0 20 0 0 7 0 0 0 0 0 0 0 0 0 0 0 22 16 0 16 0 0 0 
0 0 0 0 0 0 0 0 0 0 0 0 0 0 0 0 0 0 0 0 0 0 0 27 0 0 17 0 18 0 0 12 0 27 1 0 0 0 12 0 0 0 2 0 0 0 0 0 0 0 0 0 0 11 0 7 0 0 0 0 
0 0 0 0 0 0 0 6 0 26 0 0 0 0 0 0 0 26 0 30 0 0 0 0 0 0 0 0 0 12 0 0 0 0 0 0 0 0 0 0 0 18 0 0 0 0 0 11 0 0 0 24 0 0 0 6 0 0 0 0 
0 0 18 27 0 0 0 0 0 0 0 7 0 0 0 0 8 17 0 0 17 0 13 0 0 0 0 0 0 0 0 0 0 0 0 0 0 0 18 0 29 0 11 0 0 0 0 0 0 0 26 0 0 0 0 0 0 0 0 0 
14 10 0 0 0 0 0 0 0 0 0 0 0 2 0 0 16 0 0 15 0 0 0 0 0 30 0 0 17 0 0 0 0 0 0 26 0 25 0 0 5 0 0 7 1 18 0 0 20 24 0 0 0 0 0 0 2 0 0 0 
0 0 0 0 9 0 0 0 0 0 0 3 12 0 0 0 0 0 0 0 0 0 0 0 0 0 0 0 0 7 0 0 0 0 0 0 0 0 0 0 0 0 0 0 0 0 10 0 3 0 0 1 0 0 0 2 0 0 18 0 
27 0 24 0 0 12 0 0 8 27 0 0 0 0 1 0 0 0 0 6 0 0 0 0 0 0 0 7 0 0 0 0 0 0 0 0 14 0 11 0 0 0 0 0 0 17 0 0 0 0 30 0 0 0 0 0 0 0 0 0 
0 18 16 0 0 18 0 12 0 0 0 0 0 0 0 0 0 0 0 0 0 0 0 8 10 0 0 0 0 0 0 0 0 0 0 0 14 0 0 0 0 0 0 13 0 21 0 0 13 0 0 0 0 0 0 14 0 0 8 0 
0 0 0 0 0 5 0 0 0 0 0 0 0 0 0 0 16 7 31 0 0 0 7 28 0 0 0 0 0 0 0 0 0 0 0 11 12 0 0 0 0 0 18 0 0 0 0 0 0 0 6 0 0 0 2 0 0 24 0 0 
0 0 0 0 0 0 0 0 0 0 0 0 0 0 0 0 0 0 2 0 0 0 0 0 0 0 0 0 0 0 14 0 4 0 0 0 0 0 0 0 0 0 0 26 0 0 0 0 24 0 0 25 0 0 0 4 0 0 0 0 
0 0 24 0 0 8 0 0 0 20 0 4 0 0 0 0 2 0 0 0 0 0 0 0 0 17 0 0 0 6 4 0 0 0 0 19 6 0 0 16 0 0 0 28 0 0 0 0 0 0 0 0 0 7 0 6 0 0 0 0 
0 0 0 0 0 0 0 26 0 0 0 31 0 0 0 0 0 21 0 0 0 0 0 0 0 0 0 0 0 0 19 0 15 0 0 0 0 0 0 0 12 0 0 0 20 0 0 0 0 0 0 1 1 21 0 31 29 0 0 0 
0 12 0 0 0 0 0 0 0 17 0 0 0 30 9 0 0 0 0 0 0 0 26 0 0 0 0 0 0 24 0 0 3 0 0 0 0 0 0 0 0 29 0 0 0 0 31 0 0 10 0 0 3 9 0 0 0 0 0 28 
12 0 0 0 0 0 0 0 22 0 13 23 0 0 0 0 0 0 0 0 0 0 0 0 0 0 0 0 0 0 0 2 0 0 0 0 12 0 0 0 0 0 27 0 0 0 0 28 27 0 0 0 3 0 0 3 0 29 0 0 
0 0 0 0 8 0 0 0 0 0 0 0 0 0 0 0 0 0 0 0 1 5 0 0 0 0 0 0 0 0 0 0 17 29 0 0 0 0 0 0 0 14 0 12 0 5 0 0 0 5 0 0 0 0 0 22 0 0 25 0 
8 0 0 0 13 0 0 29 27 0 0 0 7 0 0 0 0 1 0 0 0 0 20 0 0 0 0 0 1 14 0 0 0 0 0 0 0 0 0 0 0 0 0 0 0 8 0 0 0 0 0 0 0 0 0 0 0 0 0 13 
21 0 20 0 0 0 29 0 0 0 0 0 2 0 15 0 0 0 0 0 0 0 0 7 0 0 0 0 0 0 0 0 30 0 0 0 0 0 0 0 0 31 1 0 0 0 0 0 0 0 0 5 19 0 0 0 0 0 0 0 
0 21 0 0 0 0 0 4 0 0 19 0 0 0 0 0 7 0 1 0 0 0 0 29 18 0 0 0 0 0 0 0 0 0 0 12 0 13 0 0 0 0 0 0 0 0 0 0 0 0 0 0 0 0 25 0 0 0 0 24 
3 0 0 0 0 0 0 0 0 0 0 0 0 0 0 1 0 0 0 0 0 0 0 0 0 0 0 0 0 0 0 0 0 0 0 0 10 0 0 23 0 0 20 0 19 0 28 0 20 0 0 30 0 0 0 30 0 0 0 25 
0 0 0 0 0 0 0 0 25 0 0 20 0 20 0 0 19 0 23 0 0 16 0 0 0 19 0 0 0 8 0 0 3 0 0 0 0 0 0 0 0 0 0 0 0 10 26 0 27 0 0 24 0 0 30 0 0 0 0 0 
0 0 0 0 0 0 0 0 18 0 4 0 0 17 19 0 0 0 0 0 0 0 0 0 9 11 0 30 0 0 0 0 0 0 0 0 15 0 0 18 29 0 0 0 0 0 0 0 0 0 0 0 0 0 0 22 0 0 0 0 
13 0 0 0 0 17 0 30 0 26 0 0 0 0 0 0 0 13 23 0 0 15 0 0 0 0 0 0 0 4 0 0 0 0 0 0 0 0 29 0 25 0 0 0 23 0 3 21 7 13 0 16 22 21 0 5 0 0 21 11 
0 0 0 0 0 7 0 0 0 0 0 0 0 0 0 0 25 0 6 24 2 0 0 0 15 3 0 0 0 0 0 0 4 0 0 21 0 0 0 1 0 1 0 0 0 0 0 0 0 0 22 0 0 0 0 0 0 0 0 0 
0 0 0 0 0 0 0 0 0 0 0 0 16 0 0 0 0 0 0 0 0 19 0 0 21 0 0 0 4 0 0 0 6 0 0 0 0 0 0 0 0 0 0 27 0 0 0 0 0 0 4 29 0 0 24 0 0 0 0 10 
2 0 0 0 3 0 0 0 22 6 0 0 0 0 0 1 0 0 0 0 0 0 0 0 10 0 0 0 20 0 0 0 0 0 0 0 0 0 0 0 0 0 0 0 0 0 0 0 0 0 2 0 0 0 20 31 0 0 0 0 
0 0 0 0 2 0 0 0 0 0 20 0 0 0 0 0 0 0 23 0 0 0 0 0 0 25 0 0 0 0 0 0 0 0 0 0 0 27 0 0 0 0 22 0 0 0 0 31 24 0 29 0 0 0 0 0 21 0 15 0 
6 0 1 0 0 17 3 0 0 0 10 14 0 0 0 0 0 0 0 22 0 0 0 0 5 0 0 9 13 17 0 0 7 0 0 0 0 0 0 0 0 0 0 0 0 0 3 25 0 0 0 0 0 0 0 0 0 0 0 0 
0 0 24 9 28 0 0 0 0 0 0 0 0 12 0 26 0 0 32 0 0 2 0 0 0 0 0 0 29 0 0 0 0 0 0 0 0 0 0 0 0 0 0 0 0 0 0 0 0 0 0 8 0 0 0 0 0 0 0 0 
0 0 0 0 0 0 0 0 0 0 0 0 0 0 0 0 30 0 0 15 0 0 0 0 4 14 0 0 6 8 0 0 0 5 0 21 0 0 0 0 0 0 0 0 0 0 29 0 0 0 0 0 0 0 0 0 0 0 0 0 
25 0 0 0 0 0 0 0 2 0 0 0 0 0 0 0 0 0 0 0 0 16 0 0 0 0 0 0 17 0 0 0 0 0 29 0 0 0 0 0 0 23 0 0 0 13 0 0 0 0 0 0 0 0 0 8 22 0 6 0 
0 0 14 26 0 0 0 0 0 0 0 0 26 0 0 0 0 0 0 0 1 15 0 0 0 29 0 0 0 0 24 0 28 0 0 0 0 0 0 0 0 0 0 0 0 0 0 5 0 0 0 27 0 0 0 0 0 0 0 17 
0 0 0 30 0 0 0 4 0 0 0 0 0 0 0 6 0 0 0 17 0 0 16 0 0 0 3 0 0 27 0 0 0 0 10 8 0 0 0 0 0 0 0 0 0 0 0 0 9 0 0 0 0 0 0 0 0 18 24 0 
0 0 11 0 0 0 0 0 7 24 0 13 27 6 0 0 23 0 0 0 0 0 22 0 0 0 0 0 0 0 0 0 0 0 0 0 10 10 16 0 0 0 0 0 0 21 0 8 0 0 0 0 0 4 0 0 0 0 7 0 
7 0 0 0 4 0 0 0 0 0 0 0 0 0 0 14 0 14 0 0 0 0 0 0 0 0 0 0 0 0 0 0 7 2 0 0 0 11 0 0 0 0 6 0 0 0 0 0 0 0 0 0 27 9 0 0 0 28 0 0 
0 0 0 0 0 0 0 0 0 0 0 0 8 0 0 0 0 0 1 3 0 0 0 0 24 20 0 0 0 0 0 5 10 0 0 0 0 0 0 14 0 0 2 10 0 0 9 0 0 0 0 5 0 27 11 22 27 21 0 0 
0 0 0 0 18 0 0 0 0 0 0 0 0 0 0 0 0 0 0 0 0 0 5 23 0 0 5 16 0 0 0 0 0 7 32 0 0 0 0 0 15 0 0 29 14 0 0 0 18 0 0 0 0 0 5 0 0 3 20 0 
0 0 0 0 0 0 0 6 0 14 12 0 0 0 0 0 0 0 0 0 0 23 0 0 0 0 0 0 0 0 0 0 3 0 0 0 0 0 14 0 0 0 2 21 0 0 0 0 0 0 26 0 0 0 0 0 0 0 0 0 
0 0 0 22 0 0 0 0 9 13 0 0 0 0 0 0 0 0 7 16 11 0 0 0 0 0 0 8 0 0 11 0 0 0 0 0 0 0 22 0 0 0 0 0 0 15 0 0 0 0 0 0 17 0 0 0 0 0 0 0 
0 0 0 0 22 0 0 30 0 0 0 24 0 5 0 0 0 0 0 21 0 0 0 31 0 9 0 0 0 27 0 0 0 0 0 0 0 0 0 0 0 0 0 0 23 0 10 0 0 0 0 0 0 0 0 0 0 3 23 0 
0 0 0 0 0 0 0 0 0 0 0 19 20 0 0 0 0 0 0 0 22 0 0 0 0 0 16 0 0 0 0 0 0 0 0 0 26 0 0 0 0 0 0 0 0 18 0 0 0 0 0 0 0 0 6 0 0 0 0 14 
0 0 0 24 0 2 0 0 0 0 0 0 12 0 0 0 0 0 0 0 0 0 0 0 0 0 0 0 0 17 0 0 0 0 0 0 0 0 14 0 0 0 0 0 0 3 0 13 7 19 0 0 20 0 0 0 23 0 0 0 
23 23 11 0 0 0 0 0 0 0 0 0 19 0 0 0 0 7 0 25 28 0 0 0 25 0 19 0 17 0 0 0 0 0 0 0 1 5 19 0 0 0 0 0 0 0 0 0 0 0 0 0 0 7 0 0 0 0 0 0 
0 3 0 0 2 0 22 0 3 0 0 0 0 5 18 1 0 0 0 0 0 0 0 0 0 21 0 9 0 0 0 19 0 0 0 0 0 0 0 0 0 0 0 0 19 0 0 0 0 0 0 0 0 0 0 0 0 0 0 0 
0 15 0 0 0 0 0 0 25 0 0 0 0 0 0 0 0 9 23 0 20 0 0 0 0 0 0 0 0 0 0 0 0 25 0 0 26 18 0 0 0 6 0 0 21 0 0 0 0 0 0 0 0 0 0 0 0 0 0 14 
0 0 0 0 0 0 0 0 0 0 0 0 0 24 0 0 9 0 0 0 0 24 0 0 0 0 0 0 0 0 13 0 7 12 24 11 0 0 0 0 4 0 4 0 0 0 0 25 0 0 0 0 4 0 0 0 0 25 0 0 
0 0 0 19 27 0 0 0 0 0 0 1 0 0 0 0 0 0 0 0 0 0 10 0 0 0 22 0 0 0 0 0 0 2 0 0 0 0 0 0 0 0 0 0 0 0 0 2 0 16 18 0 0 23 0 0 0 0 12 0 
0 0 0 0 13 15 0 15 0 9 0 5 0 20 0 0 0 0 0 0 0 20 0 0 0 0 0 0 0 0 0 0 0 15 0 0 9 0 0 0 0 0 0 0 2 0 0 0 0 0 0 0 0 0 2 0 0 0 0 0 
0 0 0 0 0 0 0 0 0 0 2 0 0 26 0 0 0 0 0 0 0 0 0 0 1 0 0 0 0 0 0 0 11 0 7 0 0 6 0 0 18 0 0 0 19 0 0 0 0 0 0 24 0 0 3 0 0 0 0 0 
0 0 0 0 0 0 0 0 0 7 0 0 0 30 0 0 0 0 0 26 0 0 0 0 0 0 0 0 14 29 0 0 0 0 0 0 0 0 0 0 0 0 23 22 0 0 0 26 0 0 0 0 0 0 31 0 22 5 0 0 
