60

0 1 1 1 0 1 1 1 1 0 1 1 1 1 1 1 1 0 1 1 0 1 1 1 1 1 1 1 1 1 0 1 1 1 1 1 0 1 1 1 1 1 1 1 1 1 1 1 1 1 1 0 1 1 1 1 1 1 1 1 
1 0 1 1 1 1 1 1 1 1 1 1 1 1 1 1 1 1 0 1 1 1 1 1 1 1 1 1 1 1 1 0 1 1 1 1 1 1 1 1 1 1 1 1 1 0 0 1 1 1 1 1 1 1 1 1 1 1 1 0 
1 1 0 1 1 1 1 1 1 1 0 1 1 1 1 1 1 1 1 1 1 1 1 1 1 0 1 1 1 1 1 1 1 1 1 1 1 0 1 1 1 1 0 1 1 0 1 1 1 1 1 1 1 1 1 1 1 1 1 1 
1 1 1 0 1 1 1 1 1 1 1 1 1 1 1 1 1 1 1 1 0 1 1 1 1 1 1 1 1 1 0 1 1 1 1 1 1 1 1 1 1 1 1 1 1 1 1 1 1 1 1 1 1 1 1 1 1 1 1 1 
0 1 1 1 0 1 1 1 0 1 1 1 1 1 1 1 1 1 1 0 1 1 1 1 0 1 1 1 1 1 1 1 0 1 1 1 1 1 1 1 1 1 1 1 1 1 1 1 1 1 1 1 1 1 1 1 0 1 1 1 
1 1 1 1 1 0 1 1 1 1 1 1 1 1 1 1 1 1 1 1 1 1 1 1 1 1 1 1 1 1 1 1 0 1 1 1 1 1 1 1 1 1 1 0 1 1 0 1 1 1 1 1 1 1 1 1 0 1 1 1 
1 1 1 1 1 1 0 0 0 0 1 0 1 0 1 0 1 1 1 1 1 1 1 1 1 1 1 1 1 1 1 1 1 1 0 0 1 1 1 1 1 0 1 1 1 0 1 1 1 0 1 1 1 1 1 1 1 1 1 1 
1 1 1 1 1 1 0 0 1 1 1 1 1 1 1 1 1 1 0 1 1 0 1 1 1 1 1 1 1 1 1 1 1 1 1 1 1 1 1 1 1 1 1 1 1 1 1 1 1 1 1 1 1 0 1 1 1 1 1 1 
1 1 1 1 0 1 0 1 0 1 1 1 1 0 1 1 1 1 1 0 1 1 1 1 1 0 1 1 1 1 1 1 1 1 1 1 1 1 1 1 1 1 1 1 1 1 1 0 1 1 1 1 1 0 1 1 1 1 1 0 
0 1 1 1 1 1 0 1 1 0 1 0 1 1 1 1 1 1 1 1 1 1 1 1 1 1 1 1 1 1 1 1 1 1 1 1 1 1 1 1 1 0 1 1 1 1 1 1 1 1 0 1 1 1 1 1 1 1 0 1 
1 1 0 1 1 1 1 1 1 1 0 1 1 1 1 1 1 1 1 1 1 1 1 1 1 1 1 0 1 1 1 1 1 1 1 1 1 1 1 1 1 1 1 1 1 1 1 1 1 1 0 1 1 0 1 1 1 1 1 1 
1 1 1 1 1 1 0 1 1 0 1 0 1 0 1 1 1 1 0 1 1 1 1 1 1 1 1 1 1 1 1 1 1 1 1 1 1 1 1 1 1 1 1 1 1 1 1 1 1 1 1 1 0 0 0 1 1 1 0 1 
1 1 1 1 1 1 1 1 1 1 1 1 0 1 0 1 1 1 1 1 1 1 1 1 1 1 1 1 1 1 1 1 1 0 1 1 0 1 1 1 1 1 1 1 1 1 1 1 1 1 1 1 1 1 1 0 1 1 1 1 
1 1 1 1 1 1 0 1 0 1 1 0 1 0 1 1 1 1 1 1 0 1 1 1 1 1 1 1 1 1 1 0 1 0 1 1 1 1 1 1 1 1 1 1 1 1 1 1 1 0 1 1 1 1 1 1 1 1 1 1 
1 1 1 1 1 1 1 1 1 1 1 1 0 1 0 1 1 1 1 1 1 0 1 1 1 1 1 1 1 1 0 1 1 1 0 1 1 1 1 1 1 0 1 1 1 1 1 1 1 1 1 1 1 1 1 1 1 1 1 1 
1 1 1 1 1 1 0 1 1 1 1 1 1 1 1 0 1 1 1 1 1 1 1 1 1 1 1 1 1 1 1 1 1 0 1 1 1 0 1 1 1 1 1 1 0 1 0 1 1 1 1 1 1 0 1 1 1 1 1 1 
1 1 1 1 1 1 1 1 1 1 1 1 1 1 1 1 0 1 1 1 1 1 1 1 1 1 1 1 1 1 1 1 1 1 1 1 1 0 1 1 1 1 1 1 1 1 1 1 1 1 1 1 1 1 1 0 1 0 1 1 
0 1 1 1 1 1 1 1 1 1 1 1 1 1 1 1 1 0 1 1 1 1 0 1 1 1 1 1 0 1 1 1 1 1 1 1 0 1 1 1 1 1 0 1 1 1 1 1 1 1 1 1 1 1 1 1 1 1 1 1 
1 0 1 1 1 1 1 0 1 1 1 0 1 1 1 1 1 1 0 1 1 1 1 0 1 1 1 1 1 1 1 1 1 1 1 1 0 1 1 1 0 1 1 1 1 1 1 1 1 1 1 1 1 1 1 1 1 1 1 1 
1 1 1 1 0 1 1 1 0 1 1 1 1 1 1 1 1 1 1 0 1 1 0 1 1 1 1 1 0 1 1 1 1 1 1 1 1 1 1 1 1 1 1 1 1 1 1 1 1 0 1 1 1 1 1 1 1 1 1 1 
0 1 1 0 1 1 1 1 1 1 1 1 1 0 1 1 1 1 1 1 0 0 1 1 1 1 1 0 1 1 1 1 1 1 1 1 1 1 1 1 0 1 0 1 1 1 1 1 1 1 1 1 1 1 1 1 0 1 1 1 
1 1 1 1 1 1 1 0 1 1 1 1 1 1 0 1 1 1 1 1 0 0 1 1 0 1 1 1 1 1 0 1 1 1 1 1 1 1 0 1 1 1 1 1 1 0 1 1 1 1 1 1 1 1 1 1 1 1 1 1 
1 1 1 1 1 1 1 1 1 1 1 1 1 1 1 1 1 0 1 0 1 1 0 1 1 1 1 1 0 1 1 1 1 1 1 1 1 0 1 1 0 1 1 0 0 0 1 1 1 1 1 1 1 1 1 0 1 1 1 1 
1 1 1 1 1 1 1 1 1 1 1 1 1 1 1 1 1 1 0 1 1 1 1 0 1 1 1 1 1 1 1 1 1 1 1 0 0 1 1 1 1 1 1 1 1 1 1 1 0 1 1 0 1 1 1 1 1 1 1 1 
1 1 1 1 0 1 1 1 1 1 1 1 1 1 1 1 1 1 1 1 1 0 1 1 0 1 1 1 0 1 1 1 0 1 1 1 1 1 1 1 1 1 1 1 1 1 0 1 1 1 1 1 1 1 1 1 1 1 1 1 
1 1 0 1 1 1 1 1 0 1 1 1 1 1 1 1 1 1 1 1 1 1 1 1 1 0 1 0 1 1 0 1 1 1 1 1 1 1 1 1 1 1 1 1 1 0 1 1 1 1 1 1 1 1 1 1 1 1 1 1 
1 1 1 1 1 1 1 1 1 1 1 1 1 1 1 1 1 1 1 1 1 1 1 1 1 1 0 1 1 1 1 1 1 1 1 0 1 1 1 1 1 1 0 1 1 1 1 1 1 1 0 1 1 1 1 1 1 1 1 1 
1 1 1 1 1 1 1 1 1 1 0 1 1 1 1 1 1 1 1 1 0 1 1 1 1 0 1 0 1 1 1 1 1 1 1 1 1 1 1 1 1 1 1 1 1 1 1 1 1 1 1 1 1 1 1 1 1 1 1 1 
1 1 1 1 1 1 1 1 1 1 1 1 1 1 1 1 1 0 1 0 1 1 0 1 0 1 1 1 0 1 1 1 1 1 1 1 1 1 1 1 1 1 1 1 1 1 1 1 1 1 1 1 1 1 1 1 1 1 0 0 
1 1 1 1 1 1 1 1 1 1 1 1 1 1 1 1 1 1 1 1 1 1 1 1 1 1 1 1 1 0 1 1 1 1 1 1 0 1 0 1 1 1 1 1 1 1 1 1 1 1 1 0 1 1 1 1 1 1 1 0 
0 1 1 0 1 1 1 1 1 1 1 1 1 1 0 1 1 1 1 1 1 0 1 1 1 0 1 1 1 1 0 0 1 1 1 1 1 1 0 1 1 1 1 1 1 1 1 0 1 1 1 1 1 1 1 0 1 0 1 1 
1 0 1 1 1 1 1 1 1 1 1 1 1 0 1 1 1 1 1 1 1 1 1 1 1 1 1 1 1 1 0 0 1 1 1 1 1 0 0 1 1 1 1 0 1 1 1 1 1 1 1 1 1 1 1 1 0 1 1 1 
1 1 1 1 0 0 1 1 1 1 1 1 1 1 1 1 1 1 1 1 1 1 1 1 0 1 1 1 1 1 1 1 0 1 1 1 1 1 1 1 1 1 0 1 1 1 1 0 1 1 1 1 1 0 1 1 1 1 0 1 
1 1 1 1 1 1 1 1 1 1 1 1 0 0 1 0 1 1 1 1 1 1 1 1 1 1 1 1 1 1 1 1 1 0 1 1 0 1 1 1 1 0 1 1 1 1 1 1 0 1 1 1 1 1 1 1 1 1 0 1 
1 1 1 1 1 1 0 1 1 1 1 1 1 1 0 1 1 1 1 1 1 1 1 1 1 1 1 1 1 1 1 1 1 1 0 1 1 1 1 0 1 1 1 0 1 1 1 1 1 1 1 0 1 1 1 1 1 1 1 1 
1 1 1 1 1 1 0 1 1 1 1 1 1 1 1 1 1 1 1 1 1 1 1 0 1 1 0 1 1 1 1 1 1 1 1 0 1 1 1 1 1 1 1 1 1 0 1 1 1 1 1 1 1 1 1 1 1 1 1 1 
0 1 1 1 1 1 1 1 1 1 1 1 0 1 1 1 1 0 0 1 1 1 1 0 1 1 1 1 1 0 1 1 1 0 1 1 0 1 1 1 1 1 1 1 1 1 1 1 1 1 1 1 1 1 1 0 1 1 1 1 
1 1 0 1 1 1 1 1 1 1 1 1 1 1 1 0 0 1 1 1 1 1 0 1 1 1 1 1 1 1 1 0 1 1 1 1 1 0 1 1 0 1 1 1 1 1 1 1 1 0 1 1 1 1 1 1 1 1 1 1 
1 1 1 1 1 1 1 1 1 1 1 1 1 1 1 1 1 1 1 1 1 0 1 1 1 1 1 1 1 0 0 0 1 1 1 1 1 1 0 1 0 1 1 1 1 1 1 1 1 0 1 1 1 1 1 1 1 1 1 1 
1 1 1 1 1 1 1 1 1 1 1 1 1 1 1 1 1 1 1 1 1 1 1 1 1 1 1 1 1 1 1 1 1 1 0 1 1 1 1 0 1 1 1 1 1 1 1 1 1 1 1 0 1 1 1 1 1 1 1 1 
1 1 1 1 1 1 1 1 1 1 1 1 1 1 1 1 1 1 0 1 0 1 0 1 1 1 1 1 1 1 1 1 1 1 1 1 1 0 0 1 0 1 1 1 1 1 1 1 1 1 1 1 1 0 1 1 1 1 1 1 
1 1 1 1 1 1 0 1 1 0 1 1 1 1 0 1 1 1 1 1 1 1 1 1 1 1 1 1 1 1 1 1 1 0 1 1 1 1 1 1 1 0 1 1 1 1 1 1 1 1 1 1 1 1 1 1 1 1 1 1 
1 1 0 1 1 1 1 1 1 1 1 1 1 1 1 1 1 0 1 1 0 1 1 1 1 1 0 1 1 1 1 1 0 1 1 1 1 1 1 1 1 1 0 1 1 1 1 1 0 1 0 1 1 0 1 1 1 1 1 0 
1 1 1 1 1 0 1 1 1 1 1 1 1 1 1 1 1 1 1 1 1 1 0 1 1 1 1 1 1 1 1 0 1 1 0 1 1 1 1 1 1 1 1 0 1 1 1 1 1 0 1 1 1 1 0 1 1 1 1 1 
1 1 1 1 1 1 1 1 1 1 1 1 1 1 1 0 1 1 1 1 1 1 0 1 1 1 1 1 1 1 1 1 1 1 1 1 1 1 1 1 1 1 1 1 0 1 1 1 0 1 1 1 1 0 1 1 1 1 1 1 
1 0 0 1 1 1 0 1 1 1 1 1 1 1 1 1 1 1 1 1 1 0 0 1 1 0 1 1 1 1 1 1 1 1 1 0 1 1 1 1 1 1 1 1 1 0 1 1 1 1 0 1 1 1 1 1 1 1 1 1 
1 0 1 1 1 0 1 1 1 1 1 1 1 1 1 0 1 1 1 1 1 1 1 1 0 1 1 1 1 1 1 1 1 1 1 1 1 1 1 1 1 1 1 1 1 1 0 1 1 1 0 1 1 1 1 1 1 0 1 1 
1 1 1 1 1 1 1 1 0 1 1 1 1 1 1 1 1 1 1 1 1 1 1 1 1 1 1 1 1 1 0 1 0 1 1 1 1 1 1 1 1 1 1 1 1 1 1 0 1 1 1 1 1 1 1 1 1 1 1 1 
1 1 1 1 1 1 1 1 1 1 1 1 1 1 1 1 1 1 1 1 1 1 1 0 1 1 1 1 1 1 1 1 1 0 1 1 1 1 1 1 1 1 0 1 0 1 1 1 0 1 1 1 1 1 1 1 0 1 1 1 
1 1 1 1 1 1 0 1 1 1 1 1 1 0 1 1 1 1 1 0 1 1 1 1 1 1 1 1 1 1 1 1 1 1 1 1 1 0 0 1 1 1 1 0 1 1 1 1 1 0 1 1 1 1 1 1 1 1 1 1 
1 1 1 1 1 1 1 1 1 0 0 1 1 1 1 1 1 1 1 1 1 1 1 1 1 1 0 1 1 1 1 1 1 1 1 1 1 1 1 1 1 1 0 1 1 0 0 1 1 1 0 1 1 1 1 1 1 1 0 1 
0 1 1 1 1 1 1 1 1 1 1 1 1 1 1 1 1 1 1 1 1 1 1 0 1 1 1 1 1 0 1 1 1 1 0 1 1 1 1 0 1 1 1 1 1 1 1 1 1 1 1 0 1 1 1 1 1 0 1 1 
1 1 1 1 1 1 1 1 1 1 1 0 1 1 1 1 1 1 1 1 1 1 1 1 1 1 1 1 1 1 1 1 1 1 1 1 1 1 1 1 1 1 1 1 1 1 1 1 1 1 1 1 0 1 1 1 0 1 1 1 
1 1 1 1 1 1 1 0 0 1 0 0 1 1 1 0 1 1 1 1 1 1 1 1 1 1 1 1 1 1 1 1 0 1 1 1 1 1 1 1 0 1 0 1 0 1 1 1 1 1 1 1 1 0 0 0 1 1 1 1 
1 1 1 1 1 1 1 1 1 1 1 0 1 1 1 1 1 1 1 1 1 1 1 1 1 1 1 1 1 1 1 1 1 1 1 1 1 1 1 1 1 1 1 0 1 1 1 1 1 1 1 1 1 0 0 1 1 0 1 1 
1 1 1 1 1 1 1 1 1 1 1 1 0 1 1 1 0 1 1 1 1 1 0 1 1 1 1 1 1 1 0 1 1 1 1 1 0 1 1 1 1 1 1 1 1 1 1 1 1 1 1 1 1 0 1 0 1 1 1 1 
1 1 1 1 0 0 1 1 1 1 1 1 1 1 1 1 1 1 1 1 0 1 1 1 1 1 1 1 1 1 1 0 1 1 1 1 1 1 1 1 1 1 1 1 1 1 1 1 0 1 1 1 0 1 1 1 0 1 1 1 
1 1 1 1 1 1 1 1 1 1 1 1 1 1 1 1 0 1 1 1 1 1 1 1 1 1 1 1 1 1 0 1 1 1 1 1 1 1 1 1 1 1 1 1 1 1 0 1 1 1 1 0 1 1 0 1 1 0 1 1 
1 1 1 1 1 1 1 1 1 0 1 0 1 1 1 1 1 1 1 1 1 1 1 1 1 1 1 1 0 1 1 1 0 0 1 1 1 1 1 1 1 1 1 1 1 1 1 1 1 1 0 1 1 1 1 1 1 1 0 1 
1 0 1 1 1 1 1 1 0 1 1 1 1 1 1 1 1 1 1 1 1 1 1 1 1 1 1 1 0 0 1 1 1 1 1 1 1 1 1 1 1 1 0 1 1 1 1 1 1 1 1 1 1 1 1 1 1 1 1 0 

0 1 0 11 0 20 0 5 0 7 0 0 0 0 0 0 0 0 0 0 0 0 0 0 0 0 0 0 0 0 10 0 0 4 0 0 0 7 0 9 0 0 0 13 0 0 0 0 4 0 0 0 0 0 0 6 0 0 0 1 
3 0 0 0 0 0 0 0 15 0 0 0 0 0 0 15 0 0 0 4 13 0 4 0 0 0 0 0 0 17 1 0 0 0 0 0 8 17 6 0 0 0 0 0 11 0 0 1 0 0 0 0 0 0 0 0 0 0 9 4 
0 0 0 0 0 16 6 0 0 0 0 0 0 0 0 0 4 0 0 18 0 0 0 0 0 0 0 0 0 1 0 0 0 0 0 0 0 0 6 0 0 0 0 0 0 0 0 0 11 0 7 0 0 19 0 3 0 14 0 0 
0 14 0 0 0 0 0 18 0 0 0 0 0 0 0 0 0 0 0 6 1 4 0 0 0 0 0 0 0 0 0 0 0 7 0 11 0 0 1 0 0 19 0 0 0 0 12 0 0 0 0 0 0 0 17 0 0 0 5 0 
16 0 0 0 0 0 11 0 17 0 12 0 0 1 0 0 0 0 0 0 14 0 0 0 0 0 12 0 0 0 0 0 0 0 0 0 0 0 0 0 0 0 0 0 0 0 0 0 0 0 0 0 0 0 0 0 0 4 0 0 
0 17 0 0 0 0 0 0 0 0 0 17 0 0 0 0 0 0 14 0 0 0 0 6 0 0 18 20 0 0 14 2 0 0 0 0 2 11 0 0 0 4 0 0 0 14 0 0 0 0 0 4 0 0 0 0 0 0 0 0 
0 0 0 2 5 13 0 0 0 0 0 0 0 0 0 0 3 0 0 0 0 0 0 0 0 0 0 13 0 0 0 0 0 0 3 17 0 7 0 0 0 0 0 0 7 0 0 0 0 0 0 0 0 0 0 0 15 15 0 0 
0 0 0 0 0 0 0 0 1 9 0 20 0 0 0 0 0 0 0 0 0 0 1 0 0 0 11 0 0 0 16 1 0 1 0 0 0 0 0 0 0 13 0 0 0 0 0 0 0 0 1 8 0 0 0 0 0 0 11 0 
0 4 0 0 0 1 0 0 0 0 12 0 17 0 0 0 0 0 0 0 0 0 0 0 0 0 0 0 0 0 0 19 0 0 0 0 0 18 0 0 0 0 0 0 0 0 0 0 0 0 0 0 14 0 0 0 7 19 0 18 
0 0 0 0 0 0 16 0 0 0 0 0 0 0 0 0 0 0 0 18 0 0 0 15 0 0 0 0 10 0 0 0 0 0 0 0 0 0 0 0 12 0 0 0 0 0 0 0 0 12 4 0 0 0 0 0 0 0 11 0 
0 18 0 0 0 0 0 0 0 0 0 0 0 0 2 0 2 12 0 0 0 0 0 0 6 0 0 0 3 8 0 0 0 4 0 0 0 0 0 0 0 0 12 0 0 0 0 0 12 0 4 0 0 0 0 0 0 12 0 0 
0 16 0 0 0 0 0 0 0 0 2 0 0 0 2 0 0 0 0 10 0 0 0 0 0 0 0 0 17 0 1 0 0 0 0 0 0 0 0 0 17 0 0 0 0 0 0 0 0 1 0 0 0 19 0 0 16 0 16 8 
0 0 0 0 0 0 0 0 0 0 0 0 0 8 0 0 0 0 0 0 12 0 0 0 0 0 0 6 18 0 0 0 0 0 0 8 0 13 0 0 0 0 0 0 3 11 1 0 0 0 6 0 0 0 12 0 0 17 0 0 
14 0 8 0 0 20 0 0 0 0 0 0 19 0 0 6 0 0 0 0 12 0 4 0 5 0 0 0 0 0 0 0 3 0 10 0 0 0 0 0 0 0 0 2 0 0 0 0 0 0 20 0 0 0 2 0 0 1 0 11 
0 0 0 0 12 0 0 9 0 0 0 0 0 0 0 0 0 13 0 0 0 0 0 9 0 0 0 0 0 0 0 0 0 3 0 3 8 0 5 1 2 0 8 0 0 0 0 0 0 0 0 0 0 0 0 0 0 16 0 0 
0 0 0 0 0 0 5 0 0 0 0 0 0 0 0 0 2 0 0 0 0 0 0 0 0 12 6 0 0 0 0 0 0 0 0 0 0 0 5 0 0 0 13 0 0 0 0 16 15 0 0 0 0 0 0 14 0 0 0 18 
0 1 0 0 0 0 0 15 0 0 17 0 0 4 0 0 0 0 0 0 0 0 0 0 0 0 0 0 0 0 0 0 18 0 0 0 0 0 0 0 0 0 0 0 0 0 7 0 0 0 0 0 0 18 0 13 1 0 0 0 
0 0 0 0 0 0 0 0 0 0 0 0 0 0 0 0 0 0 0 14 7 0 7 0 0 11 0 20 0 0 0 0 0 0 17 0 0 19 0 0 14 5 0 0 0 0 0 0 0 0 0 0 0 0 0 0 0 0 0 0 
0 0 0 10 0 0 0 0 0 0 13 0 0 0 0 0 0 0 0 0 0 0 0 0 0 0 0 0 0 0 0 0 0 0 0 2 1 16 0 11 0 0 0 0 0 0 0 0 0 0 0 0 0 0 0 0 0 0 0 0 
0 0 0 0 20 0 0 0 8 0 0 0 0 0 0 0 6 0 0 0 0 0 0 3 0 0 20 0 0 0 0 18 0 0 1 0 0 0 7 6 0 0 0 0 0 0 0 0 0 2 3 0 0 0 0 0 0 16 4 12 
0 8 0 0 0 11 5 0 0 7 0 0 0 0 0 9 0 0 0 0 0 11 0 1 0 0 0 0 0 3 0 0 6 20 0 10 0 0 1 0 0 0 0 0 0 16 6 0 0 0 0 18 0 0 3 0 0 18 0 0 
0 0 0 0 0 0 0 0 0 0 0 3 0 0 0 0 4 0 0 0 0 0 0 19 15 0 0 0 0 0 0 0 0 0 0 0 6 0 0 0 0 18 0 0 0 0 17 0 16 0 0 0 0 0 0 12 0 0 0 20 
0 0 0 0 0 0 0 0 0 0 0 19 0 0 0 0 0 1 0 0 17 0 0 0 0 0 0 10 0 0 0 0 18 0 0 0 0 0 0 0 0 12 0 0 0 0 0 0 0 19 0 1 0 19 0 0 0 0 0 5 
8 0 0 0 0 7 0 0 0 0 0 0 0 0 16 0 0 19 0 0 0 0 0 0 9 18 0 0 0 0 6 0 0 0 0 0 0 0 0 0 0 0 0 0 0 0 0 0 0 6 0 0 0 10 0 0 0 12 0 8 
0 9 2 0 3 10 0 0 0 10 0 2 0 0 0 6 0 0 0 14 0 0 0 10 0 0 0 0 0 0 5 0 2 0 0 0 0 0 0 0 0 14 0 0 7 0 0 0 18 0 0 13 5 17 0 0 0 0 0 11 
0 0 0 0 0 0 0 0 0 14 0 0 0 0 0 0 0 0 0 0 0 1 15 6 0 0 0 0 13 0 0 0 15 4 0 13 0 0 0 1 0 0 0 14 0 12 0 0 0 0 0 0 0 0 0 0 0 0 0 0 
0 0 0 0 2 0 0 0 0 0 0 0 0 0 10 0 9 1 10 17 0 0 0 0 0 0 0 0 0 0 0 0 17 19 0 0 0 0 0 0 4 11 0 0 0 4 0 0 0 0 15 0 0 0 0 0 0 10 0 0 
0 0 3 0 0 13 0 0 0 0 10 0 0 0 0 0 0 0 0 0 1 15 0 0 0 0 0 0 0 0 0 0 0 16 0 0 0 0 0 0 20 0 19 0 9 0 0 0 0 17 13 11 0 0 0 0 0 0 10 0 
16 0 2 0 0 5 0 12 0 0 0 9 0 0 0 0 0 0 0 15 0 5 0 12 0 10 2 0 0 0 0 20 0 13 0 0 0 0 0 0 0 0 0 0 0 0 0 0 0 0 13 0 0 0 0 0 0 19 0 0 
0 0 0 0 0 0 0 0 14 0 0 3 0 0 0 0 0 0 0 0 20 0 0 0 0 0 0 0 13 0 0 0 0 0 12 0 0 0 0 0 17 19 0 18 0 0 20 0 0 0 0 0 0 0 0 15 0 0 0 0 
0 0 16 0 0 0 0 0 0 13 14 0 0 0 0 0 0 0 0 0 0 0 0 0 10 0 0 11 0 11 0 0 0 0 18 0 0 0 0 0 0 0 0 0 0 13 0 19 0 0 0 0 0 0 0 0 5 0 0 0 
0 0 4 0 4 0 14 0 0 0 0 0 0 8 5 0 9 12 9 16 0 0 0 13 0 0 0 0 0 0 14 0 0 0 0 0 0 10 0 0 11 0 0 4 5 0 0 0 9 0 0 0 0 0 7 0 0 0 0 11 
0 0 0 0 0 0 0 0 0 0 11 0 0 0 0 0 0 0 18 0 0 0 0 0 19 0 0 0 0 0 12 0 0 0 0 0 15 8 0 0 0 0 0 4 1 0 0 0 0 0 12 0 0 0 0 0 5 0 3 0 
0 17 0 0 0 0 0 0 0 0 0 0 0 0 0 0 0 0 5 0 0 0 0 0 0 0 7 0 0 6 0 1 0 0 0 0 17 0 0 11 0 0 15 13 0 7 0 0 0 0 0 0 2 0 19 0 0 0 7 0 
0 0 0 0 0 5 0 0 2 0 0 0 18 0 0 0 0 0 0 0 0 0 0 0 15 17 17 1 12 0 0 4 0 0 0 0 0 0 0 0 0 0 0 0 0 0 0 0 0 1 0 0 0 0 0 0 0 0 0 0 
0 0 0 9 0 0 0 7 0 4 0 0 0 0 16 0 2 0 0 9 3 0 0 0 0 0 0 0 6 0 0 0 0 0 3 0 0 5 0 0 20 1 0 0 0 18 0 0 0 0 0 0 0 0 0 0 9 0 11 0 
0 18 0 0 0 0 0 0 0 14 0 11 0 0 0 0 19 0 0 0 0 0 0 0 0 0 0 0 13 0 0 0 2 0 0 0 0 2 0 0 0 0 0 7 10 0 0 0 0 0 19 0 3 0 0 4 0 0 7 0 
0 1 18 0 0 0 0 5 0 0 2 0 0 0 0 0 0 0 12 1 0 7 0 0 0 0 0 0 0 3 0 0 19 0 0 0 0 0 0 0 0 0 19 0 0 0 0 0 0 0 20 3 0 0 0 0 0 0 0 0 
0 0 0 0 0 6 15 0 0 0 0 0 6 0 0 0 1 0 11 0 0 0 0 0 0 0 0 6 0 0 0 0 0 8 0 0 0 0 0 0 0 0 0 0 0 0 0 0 0 0 12 0 0 0 0 0 4 0 0 0 
7 0 0 0 0 0 4 0 0 0 0 0 0 0 1 0 0 0 0 0 0 0 5 0 0 16 0 0 0 0 0 0 19 0 19 12 4 0 0 0 0 0 0 0 0 0 16 0 0 9 0 0 0 0 0 18 0 0 17 0 
0 0 0 14 4 0 0 0 0 13 0 16 0 0 19 0 0 0 9 0 0 0 0 19 0 0 0 0 0 0 0 0 0 0 0 0 0 12 0 0 0 0 0 0 0 18 0 0 0 0 5 0 0 0 0 16 0 0 0 0 
0 2 0 0 0 0 0 0 0 0 10 8 17 0 0 5 0 0 0 0 0 0 0 0 0 0 0 0 5 0 0 17 0 0 0 20 0 0 0 0 0 0 12 3 0 0 6 0 5 18 0 6 18 0 0 0 0 0 0 0 
0 0 0 0 0 0 0 0 0 0 0 0 0 6 0 0 0 0 0 0 0 0 0 0 0 0 0 0 0 0 2 0 0 0 20 5 0 0 0 0 0 0 0 0 0 0 8 0 0 0 0 0 0 11 0 0 0 0 0 0 
16 0 0 0 16 0 0 17 0 0 0 0 0 0 0 0 0 0 0 15 0 0 0 1 0 0 0 0 0 0 8 0 0 0 0 7 0 0 0 0 0 0 0 0 0 0 0 0 0 0 0 0 0 13 0 0 0 0 0 0 
0 0 0 0 0 0 14 0 19 0 0 15 0 10 0 0 0 2 0 0 0 10 0 0 0 0 0 0 0 15 0 0 0 10 0 0 0 0 0 0 0 0 0 0 0 0 0 0 0 0 0 0 0 0 0 0 0 17 0 0 
0 0 0 0 0 19 20 0 0 0 0 0 0 0 7 0 0 0 3 0 1 0 0 14 7 0 0 0 0 0 3 13 0 0 0 0 0 0 0 0 0 6 0 0 0 0 0 0 20 11 0 0 1 0 18 0 0 0 0 16 
0 0 0 0 0 5 0 0 0 0 0 0 0 0 0 0 0 0 0 0 0 0 0 0 0 0 0 0 0 0 0 0 0 3 0 0 0 0 0 0 0 0 7 0 0 12 0 0 11 0 0 0 4 0 0 0 0 0 6 0 
0 0 0 0 0 0 8 8 0 0 0 0 13 0 8 0 0 9 0 0 17 0 12 0 0 2 0 0 0 7 0 2 0 0 0 5 0 0 0 0 0 0 0 0 0 0 0 0 0 0 0 0 0 0 11 0 14 0 0 3 
0 0 0 0 0 0 0 0 1 0 8 0 0 0 0 10 0 0 0 0 0 11 0 0 0 19 0 0 8 0 0 0 4 0 0 0 0 0 0 0 2 0 0 0 0 20 6 16 0 0 0 0 0 10 0 2 0 0 0 0 
0 0 0 0 0 0 0 0 0 0 0 0 0 0 0 11 0 0 0 0 1 5 0 0 0 0 0 0 0 0 1 0 6 0 0 0 5 14 0 0 0 0 0 0 0 0 0 0 13 0 0 12 0 0 2 0 0 0 0 7 
0 15 7 0 0 0 0 0 0 19 0 6 17 14 0 0 0 0 0 0 15 0 0 0 0 0 0 0 0 0 0 0 0 0 0 0 0 0 0 0 0 0 0 11 7 0 0 0 0 0 0 0 0 0 0 5 0 0 0 0 
0 0 0 9 19 0 0 0 0 9 0 0 0 0 0 0 0 17 0 3 3 0 0 0 12 0 7 0 2 0 0 0 0 14 0 0 0 0 0 0 0 0 0 0 0 0 3 6 20 0 0 0 0 0 19 0 0 0 0 0 
0 0 0 0 0 0 0 0 0 0 0 0 0 4 0 13 0 0 0 0 13 0 0 0 0 0 0 0 0 0 0 0 0 0 10 0 0 15 0 5 0 0 0 0 0 0 19 0 0 2 3 0 0 1 0 0 0 6 0 11 
14 0 15 0 0 0 17 13 0 0 0 0 19 3 0 0 0 0 0 0 14 0 0 0 0 0 0 0 0 13 0 0 0 0 0 4 0 0 0 0 0 0 0 0 0 0 0 0 0 0 0 0 0 0 11 0 0 0 0 0 
16 0 11 0 0 0 0 0 0 0 0 0 0 0 0 0 0 16 0 0 0 0 8 0 0 0 0 0 0 0 0 0 11 4 0 0 0 5 0 19 1 0 0 19 0 0 0 0 6 0 0 0 0 0 0 0 0 0 0 3 
0 0 0 0 0 0 4 0 6 0 0 0 20 0 0 0 11 0 0 0 0 0 0 0 11 0 0 0 0 0 0 0 1 0 0 0 0 0 5 0 0 9 14 0 0 0 2 0 0 0 0 2 10 0 0 0 0 14 0 0 
0 0 0 0 0 0 0 0 1 0 0 0 0 3 6 0 16 0 0 0 0 0 0 0 0 0 0 0 0 8 0 0 3 0 0 0 0 0 0 0 0 0 0 7 13 0 0 15 0 0 0 0 12 0 0 0 0 12 0 0 
0 0 0 7 12 0 0 0 18 0 0 0 0 0 16 2 0 0 4 0 0 0 0 15 17 0 5 0 0 0 0 0 0 0 0 0 0 0 0 16 0 0 0 0 0 0 0 0 9 0 0 0 12 0 15 0 0 0 7 0 
0 0 12 0 0 0 16 0 0 0 0 0 0 0 0 18 0 0 0 0 0 0 2 0 0 0 0 0 0 11 0 0 0 0 8 0 17 0 0 0 0 0 20 0 0 15 0 0 0 11 12 0 0 0 0 0 0 0 0 8 
19 0 3 0 0 0 0 1 0 0 0 11 0 0 2 20 0 0 0 0 0 0 0 0 0 9 11 0 0 15 2 0 0 0 0 0 14 0 0 0 5 0 0 0 9 0 0 0 6 0 0 3 0 14 0 0 12 2 6 0 
