60

0 1 0 0 1 1 1 1 1 1 1 1 1 0 0 0 0 1 0 0 0 0 1 1 0 0 0 1 0 0 1 1 1 0 1 1 0 1 1 1 1 1 0 0 1 1 1 0 1 1 1 0 1 1 1 0 0 0 1 1 
1 0 1 1 1 1 1 0 1 1 1 1 0 1 1 1 1 1 1 1 0 1 1 1 0 0 1 1 1 0 0 0 0 1 1 1 0 1 1 0 1 1 1 0 0 1 0 1 1 1 0 1 1 0 1 1 1 1 0 1 
0 1 0 1 1 1 1 0 1 1 1 1 1 1 1 1 1 0 1 0 1 1 0 1 1 0 1 1 1 0 1 1 0 1 1 0 1 1 0 0 0 1 0 1 1 1 1 1 0 0 0 1 0 0 1 1 1 1 0 0 
0 1 1 0 1 1 0 1 1 1 0 0 0 1 1 0 0 0 1 1 1 1 0 1 1 0 0 1 1 0 1 0 0 1 1 1 1 0 0 0 1 0 0 1 1 0 1 1 1 0 0 1 0 1 1 1 1 0 0 0 
1 1 1 1 0 1 1 1 0 1 1 0 1 1 1 1 0 1 1 0 0 1 0 1 1 1 1 1 0 1 0 1 1 0 1 1 0 1 1 0 0 1 0 0 1 1 1 1 1 0 1 0 1 1 1 0 0 0 1 0 
1 1 1 1 1 0 1 1 1 1 0 1 1 0 0 0 0 1 1 1 0 0 0 0 0 1 1 1 1 1 0 0 1 0 1 1 0 0 0 1 1 1 1 0 1 1 1 1 1 1 1 0 1 1 0 1 1 1 1 1 
1 1 1 0 1 1 0 1 1 1 0 1 0 0 0 1 1 0 0 1 1 1 1 0 1 0 1 1 1 1 1 1 1 0 1 0 0 1 1 1 0 1 1 1 0 0 0 1 1 1 0 0 0 1 1 1 1 0 1 1 
1 0 0 1 1 1 1 0 1 1 0 1 1 0 0 0 1 0 1 1 0 0 0 0 1 1 0 0 0 1 1 1 0 1 1 1 0 0 1 1 1 0 0 0 0 1 0 0 1 1 1 0 1 1 0 0 1 1 1 1 
1 1 1 1 0 1 1 1 0 0 0 1 0 1 1 0 1 1 1 1 1 0 1 1 0 1 1 1 0 0 0 1 0 1 1 1 1 1 0 0 1 0 0 1 1 0 1 0 0 1 1 1 1 0 0 0 1 1 1 1 
1 1 1 1 1 1 1 1 0 0 1 1 0 1 1 0 1 1 1 1 1 1 0 1 1 1 0 0 0 0 0 1 0 1 1 1 1 1 1 1 0 0 1 0 1 1 1 0 1 1 0 0 1 1 0 1 0 1 0 1 
1 1 1 0 1 0 0 0 0 1 0 0 1 1 1 1 1 1 1 0 1 0 0 1 0 0 1 1 0 1 0 1 0 1 1 1 0 0 1 1 1 1 1 1 1 1 1 0 1 1 1 0 0 1 1 0 0 1 1 1 
1 1 1 0 0 1 1 1 1 1 0 0 1 1 0 1 0 1 0 1 1 0 1 1 1 0 1 1 0 0 1 1 1 1 1 1 0 1 0 0 1 1 1 1 1 1 0 1 0 1 1 1 1 1 0 1 0 0 1 0 
1 0 1 0 1 1 0 1 0 0 1 1 0 0 1 0 0 0 1 0 1 0 1 1 0 1 1 1 1 0 1 1 1 0 0 1 1 0 1 0 0 0 0 0 1 1 1 1 1 1 0 0 1 1 0 0 1 0 1 1 
0 1 1 1 1 0 0 0 1 1 1 1 0 0 1 1 1 0 1 1 0 0 1 0 0 1 0 1 0 1 1 0 0 0 0 1 1 1 1 1 1 1 1 1 1 0 0 1 0 0 1 1 1 1 0 0 1 1 1 1 
0 1 1 1 1 0 0 0 1 1 1 0 1 1 0 1 1 1 1 0 0 1 1 0 0 1 0 0 1 0 1 1 0 1 1 0 0 0 0 1 0 0 0 1 1 1 0 1 0 1 1 1 1 0 1 0 0 0 0 0 
0 1 1 0 1 0 1 0 0 0 1 1 0 1 1 0 0 0 0 0 0 0 1 1 1 1 1 1 1 1 1 1 0 1 1 0 1 1 0 0 1 0 1 1 1 0 1 1 0 0 1 0 1 0 0 1 1 1 1 0 
0 1 1 0 0 0 1 1 1 1 1 0 0 1 1 0 0 1 0 1 0 1 1 1 0 1 0 0 1 0 1 1 1 0 0 0 1 1 1 1 0 1 1 1 0 1 0 0 0 0 0 0 1 0 1 1 1 0 0 0 
1 1 0 0 1 1 0 0 1 1 1 1 0 0 1 0 1 0 1 1 1 0 0 1 1 1 1 0 0 0 1 1 1 1 1 0 1 1 1 1 1 0 1 1 1 1 1 1 1 0 1 1 0 1 1 0 1 1 0 1 
0 1 1 1 1 1 0 1 1 1 1 0 1 1 1 0 0 1 0 1 0 0 0 0 1 1 0 1 0 1 1 1 0 1 0 1 1 1 1 1 1 0 1 1 1 1 1 1 0 1 1 1 0 1 1 1 0 1 1 1 
0 1 0 1 0 1 1 1 1 1 0 1 0 1 0 0 1 1 1 0 0 1 1 0 1 1 1 0 0 1 0 1 0 1 1 1 1 1 0 1 0 0 1 0 1 1 1 1 1 1 1 1 0 1 1 1 0 1 0 1 
0 0 1 1 0 0 1 0 1 1 1 1 1 0 0 0 0 1 0 0 0 1 1 0 1 1 1 0 1 0 1 0 0 1 0 1 0 0 1 0 1 0 0 1 0 0 1 0 1 0 1 0 1 1 1 1 1 1 1 1 
0 1 1 1 1 0 1 0 0 1 0 0 0 0 1 0 1 0 0 1 1 0 1 1 1 1 0 0 1 0 1 1 0 1 1 1 0 1 0 1 0 1 0 0 0 1 1 1 1 1 0 1 1 0 1 1 0 0 0 1 
1 1 0 0 0 0 1 0 1 0 0 1 1 1 1 1 1 0 0 1 1 1 0 0 0 0 1 1 1 0 0 1 0 0 1 1 1 1 1 1 1 1 1 1 1 1 0 0 1 1 1 1 0 1 1 1 1 1 0 0 
1 1 1 1 1 0 0 0 1 1 1 1 1 0 0 1 1 1 0 0 0 1 0 0 1 0 0 1 1 1 0 1 1 0 1 1 1 1 1 1 0 0 1 0 0 0 0 1 1 0 1 1 1 0 1 1 1 0 0 0 
0 0 1 1 1 0 1 1 0 1 0 1 0 0 0 1 0 1 1 1 1 1 0 1 0 0 0 0 0 1 0 0 1 1 0 1 0 0 0 1 0 1 1 1 0 1 1 1 1 1 1 0 1 1 0 1 1 0 1 1 
0 0 0 0 1 1 0 1 1 1 0 0 1 1 1 1 1 1 1 1 1 1 0 0 0 0 1 1 1 1 0 1 1 1 1 1 1 1 1 1 0 0 1 0 0 1 1 1 1 0 1 1 1 0 0 0 1 0 1 1 
0 1 1 0 1 1 1 0 1 0 1 1 1 0 0 1 0 1 0 1 1 0 1 0 0 1 0 0 1 1 1 1 0 1 1 0 0 1 1 0 0 0 0 0 0 1 0 1 0 1 0 0 1 0 1 1 1 1 0 1 
1 1 1 1 1 1 1 0 1 0 1 1 1 1 0 1 0 0 1 0 0 0 1 1 0 1 0 0 0 1 1 1 1 0 1 1 0 1 0 0 1 1 0 0 0 1 0 0 1 0 0 0 0 1 1 1 1 1 1 0 
0 1 1 1 0 1 1 0 0 0 0 0 1 0 1 1 1 0 0 0 1 1 1 1 0 1 1 0 0 0 1 1 1 0 0 1 1 0 1 0 0 1 1 1 1 1 1 1 1 0 1 0 1 1 0 1 1 1 1 1 
0 0 0 0 1 1 1 1 0 0 1 0 0 1 0 1 0 0 1 1 0 0 0 1 1 1 1 1 0 0 1 0 1 1 1 1 0 0 0 1 1 0 1 1 1 0 0 0 0 1 1 0 1 0 0 0 0 0 1 0 
1 0 1 1 0 0 1 1 0 0 0 1 1 1 1 1 1 1 1 0 1 1 0 0 0 0 1 1 1 1 0 1 1 1 0 0 1 0 1 0 0 1 1 1 1 1 0 0 1 1 1 1 1 0 1 0 0 0 1 1 
1 0 1 0 1 0 1 1 1 1 1 1 1 0 1 1 1 1 1 1 0 1 1 1 0 1 1 1 1 0 1 0 1 1 0 0 1 0 0 1 1 1 1 1 1 0 0 1 1 0 1 1 1 1 1 1 0 0 1 0 
1 0 0 0 1 1 1 0 0 0 0 1 1 0 0 0 1 1 0 0 0 0 0 1 1 1 0 1 1 1 1 1 0 1 0 0 1 1 1 0 1 1 1 1 0 1 1 0 0 1 1 0 1 1 1 0 0 1 0 1 
0 1 1 1 0 0 0 1 1 1 1 1 0 0 1 1 0 1 1 1 1 1 0 0 1 1 1 0 0 1 1 1 1 0 1 1 1 1 0 1 1 0 0 0 1 0 0 0 0 1 0 0 1 0 1 1 1 1 0 0 
1 1 1 1 1 1 1 1 1 1 1 1 0 0 1 1 0 1 0 1 0 1 1 1 0 1 1 1 0 1 0 0 0 1 0 0 1 1 0 1 1 0 0 1 1 0 1 0 0 0 0 1 1 1 1 0 0 1 1 0 
1 1 0 1 1 1 0 1 1 1 1 1 1 1 0 0 0 0 1 1 1 1 1 1 1 1 0 1 1 1 0 0 0 1 0 0 0 1 1 1 1 1 0 1 1 1 1 1 1 0 1 1 1 1 1 0 0 1 1 0 
0 0 1 1 0 0 0 0 1 1 0 0 1 1 0 1 1 1 1 1 0 0 1 1 0 1 0 0 1 0 1 1 1 1 1 0 0 1 1 0 1 0 1 1 1 1 1 1 0 1 1 1 0 0 1 1 0 1 0 1 
1 1 1 0 1 0 1 0 1 1 0 1 0 1 0 1 1 1 1 1 0 1 1 1 0 1 1 1 0 0 0 0 1 1 1 1 1 0 0 0 0 1 0 0 1 0 1 1 0 1 1 1 0 1 1 0 1 1 1 0 
1 1 0 0 1 0 1 1 0 1 1 0 1 1 0 0 1 1 1 0 1 0 1 1 0 1 1 0 1 0 1 0 1 0 0 1 1 0 0 0 0 1 1 1 1 0 1 1 0 1 0 1 0 1 0 1 1 0 0 1 
1 0 0 0 0 1 1 1 0 1 1 0 0 1 1 0 1 1 1 1 0 1 1 1 1 1 0 0 0 1 0 1 0 1 1 1 0 0 0 0 0 0 0 0 1 1 0 1 0 0 0 1 1 0 1 1 0 1 1 0 
1 1 0 1 0 1 0 1 1 0 1 1 0 1 0 1 0 1 1 0 1 0 1 0 0 0 0 1 0 1 0 1 1 1 1 1 1 0 0 0 0 0 1 0 1 0 1 0 0 0 1 1 0 0 1 1 0 1 1 0 
1 1 1 0 1 1 1 0 0 0 1 1 0 1 0 0 1 0 0 0 0 1 1 0 1 0 0 1 1 0 1 1 1 0 0 1 0 1 1 0 0 0 1 0 1 0 0 1 1 1 0 0 1 0 0 1 1 1 0 0 
0 1 0 0 0 1 1 0 0 1 1 1 0 1 0 1 1 1 1 1 0 0 1 1 1 1 0 0 1 1 1 1 1 0 0 0 1 0 1 0 1 1 0 1 1 0 0 1 1 0 0 1 1 1 1 1 0 0 1 0 
0 0 1 1 0 0 1 0 1 0 1 1 0 1 1 1 1 1 1 0 1 0 1 0 1 0 0 0 1 1 1 1 1 0 1 1 1 0 1 0 0 0 1 0 1 1 1 1 1 0 0 0 0 1 0 1 0 1 1 1 
1 0 1 1 1 1 0 0 1 1 1 1 1 1 1 1 0 1 1 1 0 0 1 0 0 0 0 0 1 1 1 1 0 1 1 1 1 1 1 1 1 1 1 1 0 1 1 1 1 1 0 1 1 1 1 1 0 0 1 0 
1 1 1 0 1 1 0 1 0 1 1 1 1 0 1 0 1 1 1 1 0 1 1 0 1 1 1 1 1 0 1 0 1 0 0 1 1 0 0 1 0 0 0 1 1 0 0 1 0 1 0 0 1 1 1 1 1 1 1 0 
1 0 1 1 1 1 0 0 1 1 1 0 1 0 0 1 0 1 1 1 1 1 0 0 1 1 0 0 1 0 0 0 1 0 1 1 1 1 1 0 1 0 0 1 1 0 0 1 1 1 1 0 0 1 0 1 0 1 0 1 
0 1 1 1 1 1 1 0 0 0 0 1 1 1 1 1 0 1 1 1 0 1 0 1 1 1 1 0 1 0 0 1 0 0 0 1 1 1 1 1 0 1 1 1 1 1 1 0 1 0 1 1 1 0 0 1 1 0 0 1 
1 1 0 1 1 1 1 1 0 1 1 0 1 0 0 0 0 1 0 1 1 1 1 1 1 1 0 1 1 0 1 1 0 0 0 1 0 0 0 0 0 1 1 1 1 0 1 1 0 1 0 1 1 1 1 0 1 0 0 0 
1 1 0 0 0 1 1 1 1 1 1 1 1 0 1 0 0 0 1 1 0 1 1 0 1 0 1 0 0 1 1 0 1 1 0 0 1 1 1 0 0 1 0 0 1 1 1 0 1 0 1 1 0 0 1 0 1 0 0 0 
1 0 0 0 1 1 0 1 1 0 1 1 0 1 1 1 0 1 1 1 1 0 1 1 1 1 0 0 1 1 1 1 1 0 0 1 1 1 0 0 1 0 0 0 0 0 1 1 0 1 0 0 0 0 0 1 1 1 1 1 
0 1 1 1 0 0 0 0 1 0 0 1 0 1 1 0 0 1 1 1 0 1 1 1 0 1 0 0 0 0 1 1 0 0 1 1 1 1 1 1 1 0 1 0 1 0 0 1 1 1 0 0 1 0 1 1 0 1 0 1 
1 1 0 0 1 1 0 1 1 1 0 1 1 1 1 1 1 0 0 0 1 1 0 1 1 1 1 0 1 1 1 1 1 1 1 1 0 0 0 1 0 1 1 0 1 1 0 1 1 0 0 1 0 1 1 1 1 0 1 0 
1 0 0 1 1 1 1 1 0 1 1 1 1 1 0 0 0 1 1 1 1 0 1 0 1 0 0 1 1 0 0 1 1 0 1 1 0 1 1 0 0 0 1 1 1 1 1 0 1 0 0 0 1 0 1 0 1 0 1 1 
1 1 1 1 1 0 1 0 0 0 1 0 0 0 1 0 1 1 1 1 1 1 1 1 0 0 1 1 0 0 1 1 1 1 1 1 1 1 0 1 1 0 1 0 1 1 0 0 1 1 0 1 1 1 0 1 1 1 1 0 
0 1 1 1 0 1 1 0 0 1 0 1 0 0 0 1 1 0 1 1 1 1 1 1 1 0 1 1 1 0 0 1 0 1 0 0 1 0 1 1 1 1 1 1 1 1 1 1 0 0 1 1 1 0 1 0 0 0 1 1 
0 1 1 1 0 1 1 1 1 0 0 0 1 1 0 1 1 1 0 0 1 0 1 1 1 1 1 1 1 0 0 0 0 1 0 0 0 1 1 0 0 1 0 0 0 1 0 1 1 1 1 0 1 1 1 0 0 1 1 0 
0 1 1 0 0 1 0 1 1 1 1 0 0 1 0 1 0 1 1 1 1 0 1 0 0 0 1 1 1 0 0 0 1 1 1 1 1 1 0 1 1 1 0 1 0 1 1 0 0 0 1 1 0 0 1 0 1 0 0 1 
1 0 0 0 1 1 1 1 1 0 1 1 1 1 0 1 0 0 1 0 1 0 0 0 1 1 0 1 1 1 1 1 0 0 1 1 0 1 0 1 1 0 1 1 1 1 0 0 0 0 1 0 1 1 1 1 1 0 0 0 
1 1 0 0 0 1 1 1 1 1 1 0 1 1 0 0 0 1 1 1 1 1 0 0 1 1 1 0 1 0 1 0 1 0 0 0 1 0 1 0 0 0 0 1 0 0 1 1 0 0 1 1 0 1 0 1 0 1 0 0 

0 0 0 0 8 0 11 0 5 0 0 0 0 0 0 0 0 0 0 0 0 0 1 17 14 0 0 0 0 3 0 0 0 0 0 0 0 0 6 0 0 0 0 0 0 0 0 0 3 20 0 0 0 0 0 0 0 0 0 5 
0 0 0 0 0 0 4 12 0 0 0 0 0 12 18 0 17 0 0 15 19 0 0 0 12 5 0 0 0 0 0 0 15 0 15 0 0 0 0 1 0 0 0 14 0 0 0 7 8 0 0 6 0 0 0 0 0 5 17 1 
0 5 0 20 18 0 0 0 7 0 0 0 0 10 0 0 0 0 0 0 0 0 19 17 0 0 0 0 0 0 17 0 0 0 0 14 0 3 0 0 9 0 0 0 0 0 14 0 0 2 1 0 0 0 0 0 0 17 0 0 
0 0 0 0 0 0 0 0 9 13 0 0 17 9 7 0 14 0 0 0 0 0 0 0 6 0 0 0 16 16 2 0 0 15 2 9 0 5 6 0 0 3 13 0 8 0 0 2 0 0 3 0 0 0 0 0 0 15 0 0 
0 11 0 10 0 0 0 0 0 7 2 0 0 0 0 0 0 1 0 2 0 0 0 2 5 0 16 12 14 0 0 4 0 0 17 0 0 9 0 0 0 0 0 0 0 0 0 0 0 0 0 0 0 18 0 18 0 0 0 0 
0 0 18 0 10 0 18 8 0 12 0 9 0 0 0 0 0 0 0 0 0 0 0 20 0 18 0 0 0 0 18 0 11 0 11 0 0 0 0 0 0 0 0 0 0 0 0 10 0 0 0 0 0 0 9 14 0 0 0 0 
19 0 7 9 0 0 0 6 0 11 0 0 4 11 3 0 0 0 0 0 0 4 13 0 0 0 0 0 0 0 0 0 0 0 0 16 2 16 0 0 9 0 0 1 15 0 16 0 0 0 0 7 14 0 0 0 0 8 18 0 
5 0 17 0 0 0 0 0 0 0 0 7 0 0 3 0 0 0 0 0 15 0 0 0 0 0 0 0 0 0 17 11 0 0 14 9 0 0 0 8 0 0 15 0 13 0 1 0 0 2 0 17 0 0 0 0 0 0 0 0 
0 0 0 0 0 19 0 19 0 0 0 16 0 0 3 0 15 0 0 0 0 0 0 0 0 0 0 0 0 0 0 0 17 18 0 0 0 0 0 0 0 0 16 0 0 0 5 0 0 6 0 0 0 0 0 0 0 4 8 0 
0 0 0 0 0 10 0 0 0 0 20 0 0 15 0 0 8 2 0 2 0 0 0 0 0 3 0 0 0 0 0 0 0 0 1 0 0 0 0 0 1 0 0 9 0 0 0 0 0 0 0 0 0 0 1 0 0 8 0 0 
0 0 0 0 0 0 4 0 0 0 0 0 0 0 3 0 0 0 0 1 12 0 0 0 0 0 0 0 0 6 0 0 0 5 0 0 0 0 0 0 0 15 0 0 18 0 0 10 6 7 0 0 0 0 7 12 0 0 0 8 
0 0 0 0 0 0 0 0 0 0 0 0 0 0 0 8 0 0 3 0 0 0 0 0 0 0 0 0 0 0 7 0 8 1 21 0 0 14 0 0 0 0 0 0 0 0 18 0 0 0 0 0 0 0 0 0 0 0 0 1 
0 0 0 0 0 0 0 0 0 0 0 0 0 0 0 0 0 0 0 0 2 0 0 0 0 0 0 0 0 0 0 15 0 0 0 0 8 0 0 17 0 0 0 0 0 0 0 0 0 0 7 0 0 0 1 6 0 0 0 7 
12 14 0 0 0 0 0 0 0 0 0 0 0 0 0 0 0 0 7 14 8 0 0 6 0 0 0 0 0 0 0 7 0 0 0 0 0 0 0 0 0 0 0 0 0 0 0 15 0 0 0 0 0 10 7 0 0 5 11 0 
0 0 0 0 0 13 13 0 0 0 0 0 0 0 0 0 0 1 0 0 0 0 8 0 0 0 0 19 0 0 0 0 1 0 0 0 0 0 0 0 0 0 0 1 10 0 0 0 0 11 0 0 0 0 0 15 0 0 0 0 
6 6 5 0 0 0 0 18 0 11 0 0 7 2 0 0 0 1 0 8 0 19 0 14 0 0 1 0 0 0 0 0 0 0 0 1 0 0 0 9 0 5 0 0 0 0 0 0 4 13 0 11 2 0 12 0 0 0 0 0 
0 4 0 4 4 0 15 0 0 0 0 0 14 0 0 0 0 0 0 3 0 0 0 0 0 0 0 2 4 0 0 0 0 0 0 0 15 0 0 0 0 0 0 9 0 0 0 0 0 0 0 0 0 0 0 0 0 17 0 0 
4 16 0 0 0 0 0 0 0 0 0 0 0 12 0 0 0 0 2 0 0 0 0 0 0 0 0 0 0 0 0 0 12 0 0 0 0 0 0 0 0 0 0 0 0 0 0 16 0 18 0 16 0 0 0 0 0 0 0 0 
13 0 0 5 0 0 0 0 0 0 1 0 0 0 0 0 0 0 0 0 18 0 10 4 0 1 0 6 0 0 20 0 0 0 0 0 0 0 18 0 0 0 0 0 14 13 0 0 0 0 6 5 16 0 0 0 20 0 0 10 
0 0 0 0 0 0 18 0 0 0 0 0 0 16 0 0 16 0 0 0 0 0 0 0 0 0 0 0 0 0 0 0 0 0 0 3 0 0 0 0 0 0 0 10 0 0 0 0 0 0 0 0 9 0 0 0 0 0 4 0 
0 0 1 0 0 0 0 3 0 0 0 0 5 1 0 0 0 0 0 5 0 0 0 8 0 10 0 0 0 0 0 1 6 0 0 0 1 1 0 0 0 0 0 0 0 0 0 0 0 0 0 0 9 0 0 0 16 0 6 0 
0 11 0 0 8 0 0 1 0 0 0 6 0 0 17 0 0 10 0 7 0 0 0 0 0 0 0 0 0 0 0 0 1 0 0 18 0 0 0 0 18 9 19 8 0 0 0 0 0 0 0 11 0 0 0 13 1 0 0 0 
15 9 0 12 0 0 19 0 0 0 0 0 0 0 0 0 5 0 13 0 12 0 0 0 0 0 0 0 0 0 0 0 0 0 0 0 9 4 0 0 11 2 0 0 10 0 0 0 9 0 0 0 0 0 8 0 4 0 0 0 
0 0 0 0 0 0 0 0 0 1 14 0 16 19 0 0 0 14 0 9 0 1 0 0 0 0 0 0 0 0 0 0 0 0 0 0 0 0 0 0 18 7 0 0 9 0 0 7 0 0 0 0 17 7 15 0 0 0 0 0 
0 15 0 0 0 8 0 0 0 0 0 0 0 0 0 0 0 0 0 0 0 0 0 0 0 18 0 0 0 0 12 8 0 0 0 0 0 0 0 0 0 0 10 0 0 0 0 0 8 0 0 0 0 0 0 0 0 0 14 0 
8 0 0 0 0 0 20 0 0 0 0 0 0 0 0 0 10 0 7 0 0 0 7 0 0 0 0 6 0 11 1 0 0 1 0 0 14 0 0 0 0 3 17 0 0 2 0 0 0 17 0 6 0 0 0 0 1 0 8 0 
0 0 8 0 0 0 0 0 0 0 0 0 0 13 0 0 15 0 0 0 0 4 0 12 0 1 0 0 0 11 0 0 0 0 0 9 11 0 18 12 0 0 0 0 2 0 0 6 10 15 0 3 0 0 0 0 0 0 0 14 
0 3 0 2 0 0 10 3 0 0 8 0 0 0 0 0 0 0 0 0 0 0 0 0 0 5 0 0 0 0 0 0 0 0 2 14 0 0 4 0 0 0 8 0 0 0 0 17 11 0 0 0 0 0 0 0 0 0 0 0 
0 0 1 0 13 0 0 0 0 2 0 1 9 17 0 0 0 0 0 0 0 0 0 0 0 12 2 0 0 0 0 0 0 0 0 0 0 0 0 0 0 0 0 0 0 8 5 0 0 0 0 0 0 0 0 0 8 0 0 0 
0 0 0 0 0 0 0 0 0 0 0 9 0 0 0 15 0 0 6 0 16 0 0 0 0 0 0 0 0 0 0 0 0 0 0 0 0 0 0 0 0 2 17 0 0 0 6 0 0 0 0 0 0 0 0 0 0 0 0 16 
7 0 0 0 0 12 0 0 12 0 0 19 0 0 18 0 0 0 0 0 0 0 0 0 0 0 5 0 0 0 0 0 0 0 0 6 11 0 0 0 0 0 0 2 0 0 0 0 0 4 0 0 0 0 0 0 0 0 7 0 
0 0 0 1 0 0 0 0 5 0 0 0 3 0 0 0 0 0 0 0 9 10 0 0 0 0 12 10 2 0 0 0 0 0 0 15 0 0 0 0 0 0 0 0 0 18 0 0 0 0 0 0 0 0 0 0 0 0 0 0 
0 8 0 0 0 0 0 0 0 0 18 0 0 0 0 0 0 12 0 0 0 0 13 0 0 0 0 0 0 12 0 16 0 0 9 0 0 0 0 0 0 14 11 0 12 0 0 12 0 0 0 0 0 0 0 0 0 0 0 0 
0 11 0 0 0 0 0 0 2 0 0 15 0 0 0 0 0 0 0 0 0 0 0 0 0 0 0 19 0 0 0 0 12 0 0 0 2 0 0 0 18 0 10 0 2 0 11 0 11 0 0 0 0 0 6 0 0 0 0 0 
0 19 0 12 0 9 0 0 0 0 2 0 1 0 13 0 0 0 0 0 0 0 11 0 0 0 0 0 0 0 0 0 0 0 0 0 9 0 0 0 17 0 0 0 0 0 0 0 0 0 0 0 0 0 0 0 6 0 0 0 
0 0 0 0 0 0 0 0 0 0 0 0 0 3 0 0 16 0 0 0 0 0 0 0 6 0 9 0 0 0 0 0 16 17 0 0 0 0 14 0 0 0 0 17 0 0 0 0 0 2 0 0 0 0 0 0 0 0 0 0 
0 0 0 0 0 0 0 0 0 19 2 0 0 16 0 0 15 0 0 10 0 0 4 0 0 0 8 0 0 0 0 12 0 4 0 0 0 0 0 0 0 0 0 0 0 0 0 0 12 0 0 0 0 16 0 0 0 0 0 0 
0 0 0 0 14 0 18 0 0 0 0 0 0 0 11 0 0 0 10 0 0 0 0 0 0 0 0 0 0 0 0 0 0 0 0 0 0 0 0 0 0 0 0 0 19 0 0 0 0 16 0 11 0 0 0 0 0 0 0 0 
0 0 0 0 0 0 0 0 0 0 5 0 0 0 0 0 0 0 0 17 0 10 0 0 0 0 0 0 0 0 21 0 0 0 0 0 0 0 0 15 9 0 6 0 0 0 0 0 0 7 0 0 0 0 0 0 0 0 0 0 
0 0 13 0 0 0 0 7 0 15 0 0 0 6 0 0 0 8 0 0 0 0 0 0 6 0 0 0 0 16 0 0 15 0 0 0 0 0 0 0 12 0 0 10 11 0 0 0 0 0 0 0 0 0 0 0 0 0 0 0 
0 0 0 0 0 0 0 15 0 0 0 0 0 0 17 0 0 0 0 0 12 0 0 18 0 0 0 0 0 0 0 0 0 0 0 0 0 6 0 0 0 0 0 0 0 0 0 0 0 0 6 0 1 0 0 6 0 0 6 0 
4 0 1 0 4 0 0 6 2 0 0 0 0 0 0 0 0 0 0 0 0 0 14 0 0 0 0 0 0 0 0 11 0 0 0 0 0 14 0 0 0 0 0 0 0 0 0 0 0 0 0 0 0 9 0 0 0 0 0 18 
0 3 0 1 10 0 0 0 0 0 0 0 0 0 12 0 5 0 17 0 0 0 0 0 0 0 0 8 0 0 15 0 0 0 0 0 10 0 7 0 0 0 0 0 0 0 0 0 1 0 13 7 0 0 19 19 1 0 0 0 
15 0 0 0 0 0 0 13 0 15 0 11 0 4 0 0 0 0 0 0 0 0 0 0 0 0 0 0 0 0 0 0 0 0 0 5 17 0 0 5 0 0 0 0 0 0 0 0 9 0 0 0 0 5 0 0 0 0 0 0 
0 0 0 14 0 0 17 0 0 0 13 0 0 0 0 0 14 6 18 0 0 12 0 0 15 0 0 0 0 0 0 0 0 6 0 0 0 0 0 3 0 0 0 0 0 0 0 18 0 12 0 0 0 2 4 0 0 0 0 0 
0 0 0 2 0 17 0 0 11 3 0 0 0 0 16 0 0 5 0 0 6 0 0 0 0 16 0 0 0 0 0 0 0 0 0 0 0 0 0 0 0 0 0 0 1 0 7 0 0 0 0 14 0 0 0 0 0 14 0 4 
0 0 0 0 0 0 0 0 0 0 0 0 0 0 0 0 0 0 0 0 0 0 0 0 0 0 10 0 0 0 0 0 10 0 0 0 0 0 0 0 0 0 0 0 0 10 0 2 0 0 0 7 0 1 0 0 0 0 0 16 
0 0 0 0 0 7 0 0 0 0 0 7 0 0 2 0 8 0 0 0 6 0 4 21 0 0 0 14 0 0 0 0 0 0 0 0 0 0 0 6 0 0 14 0 1 4 0 0 0 0 0 0 0 0 0 0 0 0 0 0 
0 0 0 0 0 0 0 0 3 0 0 0 0 14 0 11 0 0 0 0 0 0 3 2 1 0 0 15 0 1 0 0 3 1 0 1 0 0 0 0 0 0 7 0 0 0 1 0 0 0 18 0 0 12 0 0 0 0 0 0 
13 0 0 0 0 0 0 0 0 0 0 0 0 0 0 0 0 16 0 0 0 17 0 0 0 0 0 0 0 0 0 0 0 0 0 0 0 18 0 0 0 0 0 0 0 0 5 0 0 0 0 0 0 0 0 0 0 0 7 0 
0 0 0 11 0 0 0 16 0 19 0 0 0 0 0 0 0 0 0 0 0 14 1 0 0 0 0 16 0 0 0 0 0 0 0 0 0 0 0 0 0 0 0 0 0 0 14 8 0 0 0 0 0 0 0 0 0 12 0 0 
0 0 0 0 0 9 0 3 1 0 11 0 0 0 0 0 0 0 0 0 3 0 0 17 0 0 0 20 6 0 0 13 0 0 0 0 12 0 9 0 18 0 0 10 0 3 0 0 0 0 0 0 0 0 0 0 0 0 12 10 
0 0 0 0 0 0 0 4 0 0 0 0 0 0 0 0 0 0 0 0 1 4 0 0 0 0 9 5 7 16 0 0 17 0 0 0 0 0 18 0 0 0 0 0 5 0 0 0 0 0 0 0 0 0 0 0 0 0 0 0 
0 0 0 0 11 9 0 0 0 0 0 0 0 0 0 18 6 0 0 0 0 13 0 0 0 0 0 0 0 0 0 0 0 0 0 0 12 0 0 0 0 0 18 0 0 16 0 17 0 0 6 0 0 0 11 0 0 0 0 4 
0 0 0 7 0 0 0 0 20 6 0 0 0 0 11 0 12 0 13 0 0 0 0 0 5 0 0 0 0 0 0 0 0 0 0 4 0 0 0 0 0 0 13 0 0 7 0 0 0 0 0 0 0 0 0 0 0 2 0 0 
0 12 17 0 0 0 0 0 0 0 0 18 0 0 0 0 11 1 0 0 0 0 0 2 0 0 0 0 8 12 0 0 0 6 4 0 0 0 0 0 0 0 5 0 0 0 3 4 0 0 0 0 0 0 0 0 1 0 0 0 
2 0 0 0 0 0 0 0 0 0 15 0 0 0 0 0 0 0 0 0 0 0 0 0 0 0 0 0 19 0 0 9 0 0 0 0 0 14 7 0 0 0 16 2 0 4 0 0 3 0 0 10 15 0 0 0 0 11 5 0 
15 12 0 0 10 0 0 0 0 8 0 0 0 0 0 11 0 0 0 0 0 0 0 0 0 0 0 0 0 0 0 0 0 0 0 0 0 0 18 0 0 0 0 0 0 0 1 0 0 17 0 0 0 0 0 0 0 0 0 0 
0 0 3 0 0 0 12 11 0 7 0 0 18 0 0 14 0 0 0 0 0 0 0 13 0 0 0 0 0 0 0 0 0 0 0 0 0 8 0 11 0 0 14 0 0 0 0 0 0 0 13 0 0 0 0 0 0 0 0 0 
1 20 0 0 0 0 0 3 0 17 0 12 17 0 0 12 0 0 0 0 0 11 15 0 8 0 3 9 0 0 0 0 0 0 0 0 0 2 0 0 0 7 0 0 0 0 0 0 0 0 0 0 0 0 0 0 0 0 0 0 
