60

0 1 0 0 1 1 0 0 1 0 0 0 1 1 1 0 0 0 0 1 1 0 0 0 0 0 0 0 0 0 1 0 0 0 0 0 0 0 1 1 0 0 1 1 0 0 0 1 0 0 0 1 1 0 0 1 1 0 0 0 
1 0 1 0 0 0 0 0 0 0 1 0 1 0 0 0 0 0 0 0 1 1 1 1 1 1 0 0 0 0 1 1 0 0 0 0 0 1 0 0 0 0 0 1 0 0 1 0 0 0 0 1 0 0 0 1 0 1 0 0 
0 1 0 0 0 0 0 0 1 0 1 0 0 0 0 0 1 0 0 1 0 0 0 0 1 0 1 0 1 1 0 0 0 0 0 1 0 0 1 0 0 0 1 0 0 0 0 1 0 0 0 0 0 1 0 0 0 0 0 0 
0 0 0 0 1 0 0 0 1 0 1 1 1 0 1 1 1 0 0 0 1 1 0 1 0 0 0 0 1 0 0 0 0 0 0 0 0 1 0 0 1 0 0 0 0 0 0 0 0 0 0 0 1 1 1 0 0 0 0 0 
1 0 0 1 0 0 0 0 0 1 0 0 0 0 1 0 1 0 1 0 1 1 0 1 1 1 1 0 1 0 0 0 1 0 0 1 0 1 0 0 0 0 1 1 1 1 0 0 1 1 1 0 0 0 1 1 1 1 1 1 
1 0 0 0 0 0 1 0 0 1 0 0 0 0 1 0 0 0 0 0 1 1 1 1 0 0 1 0 0 0 0 1 0 1 1 0 0 0 1 0 0 0 0 0 0 0 0 0 0 0 1 1 0 1 0 1 0 0 0 1 
0 0 0 0 0 1 0 0 0 0 0 0 1 1 0 1 0 0 0 0 0 0 1 0 1 1 0 1 0 0 1 0 0 0 0 0 0 0 0 1 0 1 0 0 1 0 0 0 0 0 1 0 0 0 0 1 1 0 0 1 
0 0 0 0 0 0 0 0 0 1 0 0 1 0 0 0 0 0 1 0 1 0 0 1 0 0 1 0 1 1 0 0 0 1 0 1 0 0 0 1 0 0 0 0 0 1 1 0 0 0 1 0 0 0 0 1 1 0 0 0 
1 0 1 1 0 0 0 0 0 0 0 1 0 0 0 0 1 0 0 1 0 0 1 0 0 0 0 0 0 1 0 1 1 0 1 1 1 0 1 0 0 0 1 0 0 0 1 1 1 0 0 0 1 0 1 1 0 0 1 1 
0 0 0 0 1 1 0 1 0 0 0 0 1 0 1 0 0 0 0 0 1 0 1 0 0 0 0 1 1 0 0 1 0 1 0 0 1 0 1 1 1 0 0 0 0 1 0 0 1 0 0 1 0 1 1 0 1 0 0 1 
0 1 1 1 0 0 0 0 0 0 0 0 0 1 0 0 0 0 0 1 0 0 0 0 0 0 0 0 0 1 0 1 0 0 0 0 1 0 1 0 0 0 0 1 0 1 0 0 0 0 0 0 0 0 0 1 1 1 0 1 
0 0 0 1 0 0 0 0 1 0 0 0 0 0 0 1 1 1 1 0 1 0 1 0 1 0 0 1 0 0 0 1 0 0 0 0 1 1 0 1 0 1 0 0 0 1 1 0 0 1 0 1 0 1 0 0 0 0 0 0 
1 1 0 1 0 0 1 1 0 1 0 0 0 0 0 0 1 0 0 1 0 0 0 0 1 0 0 1 0 0 1 0 1 0 0 0 1 0 1 0 0 1 0 0 0 0 0 0 1 0 1 0 0 1 0 0 0 1 0 1 
1 0 0 0 0 0 1 0 0 0 1 0 0 0 1 1 0 0 0 1 0 0 0 0 1 0 1 0 0 0 0 0 1 0 0 0 1 1 0 0 1 0 0 1 0 0 0 0 0 0 1 1 0 0 1 0 0 1 0 0 
1 0 0 1 1 1 0 0 0 1 0 0 0 1 0 1 0 0 0 1 0 0 0 0 1 1 1 1 0 1 0 1 0 1 0 1 0 0 0 0 0 0 0 1 0 0 1 0 0 1 1 1 1 1 0 0 0 0 0 1 
0 0 0 1 0 0 1 0 0 0 0 1 0 1 1 0 0 0 0 0 0 0 0 0 0 1 0 1 0 0 1 1 0 0 0 0 0 0 0 0 0 0 1 1 0 0 1 0 1 0 0 1 1 1 0 0 1 0 1 1 
0 0 1 1 1 0 0 0 1 0 0 1 1 0 0 0 0 1 0 1 1 0 0 1 0 1 0 0 0 0 0 1 0 0 0 1 0 0 0 1 0 1 0 0 0 1 0 0 0 1 0 0 1 0 0 0 0 0 0 1 
0 0 0 0 0 0 0 0 0 0 0 1 0 0 0 0 1 0 1 1 0 0 0 0 0 0 0 0 0 0 1 0 0 1 0 0 0 0 0 0 1 0 0 0 0 0 0 0 1 1 1 0 0 0 0 0 1 0 0 1 
0 0 0 0 1 0 0 1 0 0 0 1 0 0 0 0 0 1 0 0 0 0 1 0 0 0 1 0 0 0 0 0 0 1 0 1 0 0 1 0 0 0 0 0 1 0 0 1 0 1 1 0 1 0 0 0 1 0 0 0 
1 0 1 0 0 0 0 0 1 0 1 0 1 1 1 0 1 1 0 0 0 0 0 0 0 1 1 1 1 0 0 0 1 0 0 1 1 1 0 0 1 0 0 1 1 0 0 0 1 0 0 1 1 1 0 0 0 0 0 1 
1 1 0 1 1 1 0 1 0 1 0 1 0 0 0 0 1 0 0 0 0 1 1 1 0 1 0 1 1 0 0 1 0 1 0 0 0 0 0 0 0 0 1 0 0 1 0 1 0 0 1 1 0 0 0 1 1 0 0 0 
0 1 0 1 1 1 0 0 0 0 0 0 0 0 0 0 0 0 0 0 1 0 0 0 0 0 0 1 1 1 0 0 0 0 1 1 1 0 1 1 0 0 1 1 0 0 0 0 0 0 0 0 0 0 1 0 0 0 0 0 
0 1 0 0 0 1 1 0 1 1 0 1 0 0 0 0 0 0 1 0 1 0 0 0 0 0 0 1 0 0 0 0 0 0 0 0 0 0 1 0 0 0 1 1 0 1 1 0 0 0 1 0 0 1 0 0 1 0 0 0 
0 1 0 1 1 1 0 1 0 0 0 0 0 0 0 0 1 0 0 0 1 0 0 0 0 0 1 1 1 0 0 0 1 0 1 0 0 0 1 0 1 0 0 1 0 0 1 1 0 0 0 0 0 1 0 0 0 1 1 0 
0 1 1 0 1 0 1 0 0 0 0 1 1 1 1 0 0 0 0 0 0 0 0 0 0 0 0 0 1 1 0 1 0 0 1 0 1 0 0 0 0 0 0 0 0 1 0 1 1 0 1 0 1 0 1 1 1 0 0 0 
0 1 0 0 1 0 1 0 0 0 0 0 0 0 1 1 1 0 0 1 1 0 0 0 0 0 0 1 0 1 0 0 0 0 0 1 0 1 0 1 0 1 0 0 0 0 1 0 0 0 1 0 1 0 0 0 1 0 1 0 
0 0 1 0 1 1 0 1 0 0 0 0 0 1 1 0 0 0 1 1 0 0 0 1 0 0 0 1 1 1 0 0 0 1 0 1 0 1 0 1 1 0 0 0 1 0 1 0 0 1 0 0 0 0 0 0 0 0 1 1 
0 0 0 0 0 0 1 0 0 1 0 1 1 0 1 1 0 0 0 1 1 1 1 1 0 1 1 0 0 0 0 0 0 1 0 1 0 1 0 0 0 0 0 1 0 1 0 0 0 0 1 0 0 0 0 0 0 0 0 0 
0 0 1 1 1 0 0 1 0 1 0 0 0 0 0 0 0 0 0 1 1 1 0 1 1 0 1 0 0 0 0 0 0 1 1 1 0 0 0 0 0 1 0 0 0 0 0 0 0 0 1 0 0 0 0 1 0 1 0 1 
0 0 1 0 0 0 0 1 1 0 1 0 0 0 1 0 0 0 0 0 0 1 0 0 1 1 1 0 0 0 0 0 0 0 0 0 1 0 0 0 0 1 0 1 0 1 1 0 0 1 0 1 0 0 0 0 1 0 1 0 
1 1 0 0 0 0 1 0 0 0 0 0 1 0 0 1 0 1 0 0 0 0 0 0 0 0 0 0 0 0 0 0 1 0 0 0 1 0 1 0 0 1 0 1 1 1 1 0 0 1 0 0 1 0 0 0 0 1 0 0 
0 1 0 0 0 1 0 0 1 1 1 1 0 0 1 1 1 0 0 0 1 0 0 0 1 0 0 0 0 0 0 0 0 0 1 0 0 0 0 0 0 1 0 0 0 1 1 0 0 1 0 0 1 0 1 1 1 0 0 0 
0 0 0 0 1 0 0 0 1 0 0 0 1 1 0 0 0 0 0 1 0 0 0 1 0 0 0 0 0 0 1 0 0 0 0 1 0 1 0 0 0 0 0 0 0 0 0 0 0 1 0 0 0 0 0 0 1 0 1 0 
0 0 0 0 0 1 0 1 0 1 0 0 0 0 1 0 0 1 1 0 1 0 0 0 0 0 1 1 1 0 0 0 0 0 0 0 1 0 0 0 0 0 0 0 1 1 0 0 1 0 1 0 0 1 1 1 0 0 0 1 
0 0 0 0 0 1 0 0 1 0 0 0 0 0 0 0 0 0 0 0 0 1 0 1 1 0 0 0 1 0 0 1 0 0 0 1 0 0 0 0 1 0 0 0 1 0 1 1 1 0 0 0 0 0 0 0 1 0 0 0 
0 0 1 0 1 0 0 1 1 0 0 0 0 0 1 0 1 0 1 1 0 1 0 0 0 1 1 1 1 0 0 0 1 0 1 0 0 0 0 1 0 0 1 1 0 1 1 0 1 0 0 0 1 1 0 0 0 0 0 0 
0 0 0 0 0 0 0 0 1 1 1 1 1 1 0 0 0 0 0 1 0 1 0 0 1 0 0 0 0 1 1 0 0 1 0 0 0 0 0 0 1 0 0 0 0 1 0 1 1 0 1 0 1 0 0 0 0 1 1 1 
0 1 0 1 1 0 0 0 0 0 0 1 0 1 0 0 0 0 0 1 0 0 0 0 0 1 1 1 0 0 0 0 1 0 0 0 0 0 1 1 0 1 1 0 0 0 0 0 0 1 0 0 0 1 0 0 0 0 0 0 
1 0 1 0 0 1 0 0 1 1 1 0 1 0 0 0 0 0 1 0 0 1 1 1 0 0 0 0 0 0 1 0 0 0 0 0 0 1 0 0 0 0 0 0 1 0 0 0 0 0 0 0 0 0 0 0 0 0 0 0 
1 0 0 0 0 0 1 1 0 1 0 1 0 0 0 0 1 0 0 0 0 1 0 0 0 1 1 0 0 0 0 0 0 0 0 1 0 1 0 0 0 0 0 0 1 0 0 0 1 0 0 1 1 0 0 0 0 0 0 1 
0 0 0 1 0 0 0 0 0 1 0 0 0 1 0 0 0 1 0 1 0 0 0 1 0 0 1 0 0 0 0 0 0 0 1 0 1 0 0 0 0 1 1 1 1 1 1 0 0 1 1 0 0 0 0 1 0 0 0 0 
0 0 0 0 0 0 1 0 0 0 0 1 1 0 0 0 1 0 0 0 0 0 0 0 0 1 0 0 1 1 1 1 0 0 0 0 0 1 0 0 1 0 1 1 0 0 1 1 0 0 0 0 1 0 0 0 0 0 1 0 
1 0 1 0 1 0 0 0 1 0 0 0 0 0 0 1 0 0 0 0 1 1 1 0 0 0 0 0 0 0 0 0 0 0 0 1 0 1 0 0 1 1 0 0 0 0 0 0 0 0 1 0 0 0 0 1 1 0 0 0 
1 1 0 0 1 0 0 0 0 0 1 0 0 1 1 1 0 0 0 1 0 1 1 1 0 0 0 1 0 1 1 0 0 0 0 1 0 0 0 0 1 1 0 0 0 1 0 1 0 1 0 0 0 0 0 0 0 1 0 0 
0 0 0 0 1 0 1 0 0 0 0 0 0 0 0 0 0 0 1 1 0 0 0 0 0 0 1 0 0 0 1 0 0 1 1 0 0 0 1 1 1 0 0 0 0 1 1 0 0 0 0 0 1 1 0 1 0 1 0 0 
0 0 0 0 1 0 0 1 0 1 1 1 0 0 0 0 1 0 0 0 1 0 1 0 1 0 0 1 0 1 1 1 0 1 0 1 1 0 0 0 1 0 0 1 1 0 1 0 0 0 1 1 1 0 1 0 0 0 0 0 
0 1 0 0 0 0 0 1 1 0 0 1 0 0 1 1 0 0 0 0 0 0 1 1 0 1 1 0 0 1 1 1 0 0 1 1 0 0 0 0 1 1 0 0 1 1 0 0 0 1 0 1 0 0 0 0 0 0 1 0 
1 0 1 0 0 0 0 0 1 0 0 0 0 0 0 0 0 0 1 0 1 0 0 1 1 0 0 0 0 0 0 0 0 0 1 0 1 0 0 0 0 1 0 1 0 0 0 0 0 1 0 0 0 1 0 0 1 0 0 0 
0 0 0 0 1 0 0 0 1 1 0 0 1 0 0 1 0 1 0 1 0 0 0 0 1 0 0 0 0 0 0 0 0 1 1 1 1 0 0 1 0 0 0 0 0 0 0 0 0 0 0 1 1 1 0 1 1 0 0 0 
0 0 0 0 1 0 0 0 0 0 0 1 0 0 1 0 1 1 1 0 0 0 0 0 0 0 1 0 0 1 1 1 1 0 0 0 0 1 0 0 1 0 0 1 0 0 1 1 0 0 0 0 0 0 1 0 0 1 0 0 
0 0 0 0 1 1 1 1 0 0 0 0 1 1 1 0 0 1 1 0 1 0 1 0 1 1 0 1 1 0 0 0 0 1 0 0 1 0 0 0 1 0 1 0 0 1 0 0 0 0 0 0 0 0 0 0 0 0 0 0 
1 1 0 0 0 1 0 0 0 1 0 1 0 1 1 1 0 0 0 1 1 0 0 0 0 0 0 0 0 1 0 0 0 0 0 0 0 0 0 1 0 0 0 0 0 1 1 0 1 0 0 0 0 0 0 0 1 0 0 1 
1 0 0 1 0 0 0 0 1 0 0 0 0 0 1 1 1 0 1 1 0 0 0 0 1 1 0 0 0 0 1 1 0 0 0 1 1 0 0 1 0 1 0 0 1 1 0 0 1 0 0 0 0 0 0 1 1 0 1 0 
0 0 1 1 0 1 0 0 0 1 0 1 1 0 1 1 0 0 0 1 0 0 1 1 0 0 0 0 0 0 0 0 0 1 0 1 0 1 0 0 0 0 0 0 1 0 0 1 1 0 0 0 0 0 0 0 0 0 0 1 
0 0 0 1 1 0 0 0 1 1 0 0 0 1 0 0 0 0 0 0 0 1 0 0 1 0 0 0 0 0 0 1 0 1 0 0 0 0 0 0 0 0 0 0 0 1 0 0 0 1 0 0 0 0 0 0 0 0 1 0 
1 1 0 0 1 1 1 1 1 0 1 0 0 0 0 0 0 0 0 0 1 0 0 0 1 0 0 0 1 0 0 1 0 1 0 0 0 0 0 0 1 0 1 0 1 0 0 0 1 0 0 0 1 0 0 0 1 0 0 1 
1 0 0 0 1 0 1 1 0 1 1 0 0 0 0 1 0 1 1 0 1 0 1 0 1 1 0 0 0 1 0 1 1 0 1 0 0 0 0 0 0 0 1 0 0 0 0 1 1 0 0 1 1 0 0 1 0 0 0 0 
0 1 0 0 1 0 0 0 0 0 1 0 1 1 0 0 0 0 0 0 0 0 0 1 0 0 0 0 1 0 1 0 0 0 0 0 1 0 0 0 0 0 0 1 1 0 0 0 0 1 0 0 0 0 0 0 0 0 0 1 
0 0 0 0 1 0 0 0 1 0 0 0 0 0 0 1 0 0 0 0 0 0 0 1 0 1 1 0 0 1 0 0 1 0 0 0 1 0 0 0 0 1 0 0 0 0 1 0 0 0 0 0 1 0 1 0 0 0 0 0 
0 0 0 0 1 1 1 0 1 1 1 0 1 0 1 1 1 1 0 1 0 0 0 0 0 0 1 0 1 0 0 0 0 1 0 0 1 0 0 1 0 0 0 0 0 0 0 0 0 0 0 1 0 1 0 1 0 1 0 0 

0 0 2 30 0 0 0 0 31 0 1 0 6 0 0 0 0 0 0 0 0 0 0 25 0 0 0 0 0 0 0 30 0 29 0 0 0 25 0 0 0 0 0 0 0 0 0 0 0 0 0 0 0 0 8 0 0 0 0 13 
0 0 0 0 0 0 0 0 0 23 0 0 0 0 29 9 0 0 0 0 0 0 0 0 0 0 0 4 0 0 0 30 11 0 0 0 0 0 0 25 0 0 0 0 24 0 0 0 0 0 0 0 0 0 0 0 0 0 0 0 
0 0 0 0 0 0 0 0 0 0 0 0 0 0 0 0 0 0 0 0 11 9 0 20 0 0 0 0 6 0 0 17 0 14 0 0 0 0 0 11 0 0 0 0 2 0 22 0 0 0 0 0 0 0 19 0 0 0 0 0 
0 17 20 0 0 10 9 0 0 0 15 0 0 0 0 0 24 0 0 0 0 0 0 0 0 0 0 0 0 0 0 0 0 0 0 12 0 0 0 0 0 3 0 0 0 11 2 0 0 0 20 0 0 5 0 0 0 0 0 0 
0 0 0 14 0 0 0 0 0 0 13 0 0 0 0 0 0 0 0 0 2 0 0 0 0 0 0 0 0 0 0 0 0 0 0 0 0 0 0 16 0 0 12 0 0 17 0 12 0 0 28 0 20 0 0 0 17 4 0 0 
0 0 0 0 0 0 0 0 0 0 0 0 0 25 0 0 0 0 0 5 0 0 0 0 30 4 0 0 0 0 0 0 0 0 0 0 0 0 0 0 6 12 0 0 2 1 0 0 0 0 0 0 0 0 10 0 0 0 0 0 
0 0 0 0 0 0 0 0 18 0 12 0 0 0 0 0 0 22 20 29 0 0 0 0 0 0 0 25 0 0 0 1 0 0 0 0 0 0 0 0 0 0 24 12 0 0 0 0 0 0 0 0 0 0 0 0 0 0 0 0 
0 0 14 0 0 0 0 0 0 0 8 10 0 0 13 0 0 0 0 0 0 0 0 0 17 6 0 0 0 0 0 0 0 0 0 0 0 0 2 0 0 0 0 0 0 0 0 0 0 0 0 0 0 6 0 0 0 0 28 0 
0 0 0 24 11 0 0 5 0 0 19 0 0 0 0 0 0 8 0 0 2 0 13 0 0 14 8 0 0 0 0 10 0 0 0 0 0 0 0 26 0 4 0 0 0 0 0 21 0 0 0 0 0 0 0 0 5 5 0 0 
0 0 0 16 0 0 0 21 0 0 0 28 0 0 0 24 0 0 0 3 29 0 13 0 0 0 0 0 0 0 0 0 0 0 0 0 0 14 0 0 20 0 0 0 0 0 0 0 22 0 0 0 0 0 0 17 0 0 0 0 
23 0 0 0 0 0 0 0 22 0 0 0 29 0 0 30 0 0 28 0 0 0 21 0 0 0 24 28 0 0 0 0 0 0 0 12 22 27 6 7 0 0 0 0 30 0 0 0 0 0 0 0 29 0 16 0 0 25 0 0 
0 0 0 0 0 0 0 0 0 0 0 0 0 0 0 0 0 0 29 0 0 0 0 0 0 0 18 0 0 0 0 0 11 0 0 11 23 0 0 0 0 0 0 0 0 0 0 0 0 0 0 0 0 0 0 0 0 0 0 0 
0 0 0 0 16 0 0 0 0 0 0 0 0 0 0 0 15 0 4 4 0 0 15 0 0 0 0 0 0 0 0 0 11 0 0 0 0 0 0 0 0 23 0 0 0 0 0 0 0 0 0 2 0 25 0 0 0 0 0 14 
5 0 0 25 0 0 0 14 0 0 0 0 17 0 0 0 0 0 0 28 0 0 0 9 0 0 0 0 0 0 20 27 0 0 0 0 0 0 0 0 0 0 0 2 0 0 0 27 29 27 0 2 22 0 0 0 0 14 0 0 
0 0 0 0 0 0 0 17 0 0 0 0 0 0 0 12 0 0 0 0 0 0 0 4 0 0 0 0 0 0 0 17 0 0 0 9 0 0 0 0 0 0 25 0 0 0 0 0 0 0 0 0 29 0 0 0 0 0 0 0 
0 0 0 0 0 0 0 0 15 0 0 26 0 0 9 0 0 0 0 0 13 0 0 0 0 0 27 0 0 4 24 0 0 0 0 0 0 0 14 0 0 0 0 19 0 0 0 2 0 17 0 0 0 0 0 18 0 0 0 18 
0 17 0 0 0 0 0 0 0 0 0 0 1 0 0 0 0 0 0 0 0 0 18 0 0 0 0 0 0 0 0 22 0 0 0 0 0 7 0 0 0 0 19 0 2 0 0 17 0 0 0 0 30 14 0 0 0 8 0 0 
24 0 0 0 0 0 0 0 0 0 0 0 0 0 0 0 0 0 0 0 0 0 0 0 0 13 1 28 27 0 0 0 0 0 0 9 0 17 0 0 0 0 0 8 0 0 0 9 0 0 0 0 0 0 0 0 0 0 16 0 
0 0 28 0 0 4 14 0 0 0 0 0 0 15 0 1 0 31 0 27 0 0 11 0 0 0 0 30 0 9 0 0 0 0 0 0 27 0 0 5 0 20 0 0 0 0 3 0 0 0 0 11 0 25 0 7 0 0 0 23 
0 0 0 0 0 0 16 0 0 0 0 0 0 0 0 0 12 0 0 0 0 0 0 0 0 0 0 0 0 0 0 1 0 0 0 19 0 0 0 0 0 23 2 0 14 0 0 0 0 0 0 6 0 0 0 0 0 0 0 17 
21 0 7 22 0 22 0 26 29 0 22 0 0 0 7 0 0 0 0 0 0 0 24 0 0 2 3 0 0 0 7 0 0 0 0 10 28 0 0 0 0 0 0 0 2 0 0 10 0 0 0 2 20 0 0 0 16 0 0 24 
0 0 0 0 0 19 0 0 0 0 5 4 0 0 25 0 0 0 15 0 0 0 0 24 0 0 6 0 0 0 0 0 0 0 0 0 0 0 0 0 0 1 0 0 0 0 0 0 0 0 0 0 0 0 10 0 0 9 0 0 
0 0 0 0 0 0 0 0 30 8 0 0 0 4 0 25 0 12 24 0 0 0 0 0 0 0 0 0 0 12 0 0 0 0 0 0 0 0 10 4 0 0 0 0 24 0 0 9 0 0 0 7 0 0 0 0 30 0 23 14 
0 0 12 0 0 0 0 8 0 0 0 0 0 0 0 0 0 1 0 5 0 0 0 0 0 0 0 0 0 0 0 0 0 0 0 0 0 0 7 0 0 0 24 0 0 0 0 0 0 21 0 4 0 0 11 0 0 3 0 29 
0 0 0 29 0 16 0 12 0 0 0 0 0 25 0 0 0 0 0 0 0 0 0 0 0 0 14 0 17 0 18 0 0 0 0 16 0 29 24 0 0 0 0 21 0 22 0 0 0 0 0 0 0 0 0 0 0 0 0 0 
14 0 0 31 0 0 0 0 0 0 0 0 0 0 0 0 0 0 0 0 0 3 0 27 0 0 0 0 0 5 0 0 0 21 0 8 0 21 0 0 0 0 0 4 0 0 24 0 0 7 0 0 13 0 12 0 0 0 0 0 
0 0 0 0 0 0 0 0 0 0 0 0 0 0 0 0 0 0 0 0 0 0 0 0 0 0 0 0 0 15 0 0 22 0 0 0 0 0 6 0 28 0 0 0 3 0 0 2 0 0 0 0 0 0 0 1 0 0 0 0 
25 0 0 0 27 0 0 24 0 0 0 0 0 0 0 0 0 0 0 4 0 0 23 0 0 0 0 0 16 0 0 19 15 0 0 0 4 0 0 0 0 25 20 0 0 0 0 0 0 20 30 0 0 0 0 0 4 0 0 0 
0 0 0 0 0 0 0 0 0 0 0 0 0 26 0 0 0 24 0 0 31 0 0 0 4 0 0 0 0 0 11 20 0 0 0 1 0 0 0 0 0 0 25 0 0 13 0 17 0 7 0 0 0 0 0 0 0 0 0 0 
0 0 1 0 4 0 0 0 0 0 0 0 0 0 0 0 30 0 0 20 0 8 0 0 0 0 0 0 0 0 0 0 0 0 7 0 13 0 0 0 0 8 0 16 0 0 30 20 0 0 0 22 0 0 0 0 0 0 0 0 
28 19 0 0 22 0 0 14 0 0 0 0 0 10 0 0 0 0 0 0 0 25 0 0 19 0 0 0 12 13 0 0 28 0 0 0 0 0 0 0 0 0 0 0 0 13 0 0 0 0 0 0 0 4 0 0 0 0 0 0 
0 0 6 0 0 0 0 0 0 0 0 0 0 0 0 0 8 3 0 2 19 0 0 0 4 0 0 0 0 0 0 0 0 0 0 0 0 0 0 0 0 27 0 0 0 0 0 0 0 0 0 0 5 23 0 0 8 0 0 0 
0 0 0 7 0 0 0 0 0 0 0 0 0 0 0 4 0 0 0 0 0 0 0 0 0 2 5 0 22 0 16 0 0 0 2 0 0 0 0 0 0 0 22 0 0 28 0 0 0 17 0 15 0 7 11 0 29 0 0 20 
0 8 0 0 0 0 0 26 0 0 0 30 0 0 0 0 0 0 0 0 0 0 0 0 0 0 0 22 0 9 0 0 0 0 13 0 0 0 0 0 27 0 0 0 0 0 0 0 0 0 0 0 28 0 0 29 0 0 0 0 
0 2 0 0 0 0 0 0 26 22 0 0 0 19 0 0 0 0 0 0 0 0 0 0 0 0 15 0 0 0 19 9 0 0 0 2 26 0 23 0 19 0 0 16 0 0 0 0 0 19 0 0 0 0 0 0 0 0 23 0 
0 20 0 0 11 0 0 0 0 6 0 21 13 0 6 16 20 0 13 27 1 0 0 0 0 0 0 0 0 0 0 0 0 0 0 0 0 0 29 0 0 28 0 1 0 6 0 0 0 0 0 25 0 0 0 0 3 0 1 12 
0 0 0 0 3 0 0 0 0 17 0 17 0 0 0 0 0 0 30 0 0 0 0 0 0 0 0 0 0 0 0 32 0 0 0 0 0 25 0 0 0 0 0 0 0 32 0 0 0 0 0 0 0 0 0 0 0 15 0 0 
27 0 0 0 0 24 0 0 0 0 0 0 0 0 0 0 0 0 0 0 0 0 0 0 0 27 29 0 0 0 0 0 0 0 0 0 0 0 0 0 20 21 25 18 0 15 0 0 0 28 0 12 0 0 12 0 7 0 0 23 
0 0 0 0 0 0 0 0 0 17 2 0 0 1 0 0 0 1 0 16 0 0 0 0 0 17 0 0 23 0 0 5 0 0 0 0 0 0 0 1 0 0 0 0 0 0 0 5 0 0 8 0 0 0 0 0 0 22 0 0 
0 0 0 0 0 0 0 0 0 0 0 0 0 1 0 24 0 22 4 0 0 0 0 0 0 0 0 0 0 0 0 0 2 0 0 0 0 1 17 0 0 0 19 0 0 12 0 0 0 10 0 0 0 0 0 0 26 0 0 0 
0 0 0 0 0 0 0 0 0 16 0 5 0 0 1 0 0 0 0 0 3 23 20 0 0 0 0 26 0 0 0 0 0 0 0 0 0 0 17 0 0 0 0 0 0 0 0 18 0 0 0 0 15 0 0 0 0 0 0 4 
0 4 0 0 13 0 0 0 0 0 6 0 0 0 0 0 0 0 0 0 0 0 1 0 0 0 0 0 15 0 0 0 0 0 0 21 0 0 0 28 0 0 25 20 11 0 0 15 0 0 0 27 0 0 0 0 23 13 0 18 
0 0 0 0 0 0 0 0 0 0 0 0 0 4 0 21 0 0 0 0 0 0 0 0 0 4 0 0 0 0 0 0 0 0 0 26 26 0 0 22 0 0 0 0 0 0 0 24 16 15 0 26 0 0 0 0 0 23 0 30 
22 0 18 0 27 0 0 0 0 0 0 0 0 7 0 0 0 0 0 0 0 29 0 0 0 0 0 0 8 0 0 0 5 0 24 6 0 0 0 0 0 0 0 0 0 0 0 26 0 0 0 0 0 0 22 7 0 0 18 0 
0 0 0 0 0 0 0 0 2 0 0 18 0 24 0 0 0 0 0 0 20 0 0 0 7 5 0 0 14 0 0 5 0 8 0 3 0 3 0 0 0 0 0 6 0 2 0 0 0 0 0 0 0 0 0 0 0 0 0 0 
6 0 0 0 0 0 0 0 0 0 0 0 0 0 0 0 11 27 0 0 8 10 0 0 0 0 0 0 0 0 24 0 0 0 0 0 0 0 0 0 0 0 6 0 0 0 0 0 1 0 0 0 0 0 17 0 0 0 29 0 
11 0 0 0 0 0 8 0 0 0 0 0 0 0 0 0 0 0 0 0 0 0 0 0 9 0 2 0 0 31 0 0 9 11 0 3 0 0 1 0 0 7 0 1 0 0 0 0 0 0 0 0 0 17 0 0 0 0 0 0 
29 22 0 0 0 0 0 0 0 12 0 0 0 0 0 0 0 0 0 0 0 11 11 0 0 0 0 0 0 0 0 0 0 0 15 27 0 0 22 0 21 0 31 0 28 19 0 0 0 21 16 5 0 0 0 0 9 0 0 0 
0 0 0 0 0 0 0 0 0 0 0 0 6 0 18 0 18 0 0 0 0 0 0 0 0 0 0 0 17 0 17 0 0 0 0 0 0 0 19 16 0 0 0 0 0 0 0 26 0 0 0 0 0 0 0 0 0 0 0 0 
0 0 0 0 0 0 0 0 26 0 0 0 0 0 0 0 0 0 5 0 0 8 0 0 0 0 22 0 0 16 0 0 0 0 0 8 3 0 0 0 0 0 0 0 0 4 0 0 0 0 0 0 0 0 27 0 0 5 0 0 
0 0 0 0 0 0 0 0 0 0 0 5 0 0 0 0 7 0 0 0 0 0 0 0 23 0 0 5 0 0 0 0 0 0 0 0 0 0 0 0 0 0 0 0 0 0 0 0 0 20 0 0 0 0 0 27 0 0 0 0 
0 25 0 0 0 23 16 0 14 0 0 2 0 0 0 0 0 3 0 19 0 0 0 0 0 0 14 0 3 0 0 23 0 0 0 2 0 21 0 0 0 0 0 9 27 0 0 0 0 0 29 0 5 0 0 28 0 0 0 3 
0 0 0 0 0 0 0 0 0 19 0 0 21 0 0 1 17 0 11 0 0 0 0 0 2 0 9 0 0 31 0 19 0 0 0 0 24 0 0 22 0 28 26 18 0 19 23 0 0 0 0 0 0 8 0 0 0 0 0 0 
0 0 0 0 0 0 25 0 0 0 0 0 0 0 0 0 30 0 19 0 9 0 0 12 0 0 0 9 0 0 0 0 0 0 0 18 0 0 0 0 0 0 0 0 0 0 0 0 0 3 23 0 0 0 18 0 0 0 23 0 
0 0 0 0 0 30 0 0 0 0 6 0 0 0 0 0 0 0 0 0 0 0 0 0 0 0 26 0 0 0 0 0 0 0 0 17 0 0 0 0 0 0 0 0 0 18 20 0 0 0 0 0 0 0 0 0 0 0 0 0 
0 0 14 0 0 0 0 0 0 15 0 0 0 0 0 0 0 0 0 29 0 0 6 0 0 0 0 0 0 0 0 23 0 0 17 0 0 3 13 0 0 0 0 4 0 2 0 0 0 0 0 0 0 7 0 0 25 0 0 10 
0 0 17 12 15 0 0 0 12 0 0 0 0 0 0 18 0 10 0 0 0 0 0 0 0 0 0 0 0 0 0 0 0 0 0 11 0 0 0 16 0 0 14 0 5 0 0 0 0 0 0 0 0 6 0 0 0 0 0 0 
0 0 0 0 0 28 0 22 0 0 0 0 0 0 0 0 0 7 0 0 0 0 0 31 0 19 0 0 0 0 0 0 0 9 0 0 0 0 0 0 0 0 13 0 0 0 0 25 20 0 0 0 0 2 0 0 0 0 0 0 
0 0 0 0 0 0 0 0 0 26 0 19 0 0 0 0 0 0 0 0 0 6 0 0 0 0 0 17 0 0 0 0 0 0 0 0 0 0 0 0 0 15 0 0 0 0 0 1 0 0 0 0 0 0 0 0 0 0 0 0 
0 0 0 0 0 18 0 0 0 0 0 0 0 0 1 0 0 0 0 0 0 2 0 0 0 0 0 0 14 0 0 0 0 0 15 0 12 0 0 0 0 0 0 0 0 0 0 0 0 0 0 0 0 0 2 1 0 4 0 0 
