60

0 1 1 1 1 1 1 0 1 1 1 1 1 1 1 1 0 0 1 0 1 1 1 1 0 0 1 1 0 1 0 1 1 1 0 1 1 0 1 1 1 0 0 0 0 0 1 0 1 1 1 0 1 1 0 1 0 1 0 1 
1 0 1 0 1 1 0 1 0 0 1 0 1 0 1 1 1 1 1 1 1 1 0 1 1 0 0 1 0 1 0 1 1 0 0 0 0 0 0 1 1 1 1 0 1 0 1 0 1 0 1 1 0 1 1 1 0 0 0 1 
1 1 0 1 0 1 0 1 1 0 1 0 1 1 1 1 0 1 1 1 1 1 1 1 1 1 0 1 1 0 0 0 0 1 1 1 0 1 0 0 1 1 1 0 1 1 0 1 0 0 0 1 0 0 1 1 1 1 0 0 
1 0 1 0 1 0 0 1 0 1 1 1 1 0 1 1 0 1 0 1 1 0 0 0 1 1 0 1 1 1 0 1 0 1 1 0 1 1 1 1 1 0 0 0 1 1 1 1 1 1 1 1 1 1 1 1 0 1 0 0 
1 1 0 1 0 1 1 0 1 1 0 1 0 0 1 1 0 0 0 1 0 0 1 1 0 1 0 1 0 0 1 1 1 0 0 1 0 0 0 1 1 1 0 1 1 0 0 0 0 0 0 1 1 1 0 1 1 0 0 0 
1 1 1 0 1 0 1 1 1 1 1 0 1 1 0 0 0 1 1 1 1 1 1 1 1 1 0 1 1 0 0 1 1 1 0 1 1 1 1 1 1 0 0 0 0 0 0 0 1 1 1 1 1 0 1 1 0 1 0 0 
1 0 0 0 1 1 0 1 1 0 1 1 1 1 1 1 1 1 1 1 1 0 1 1 1 0 0 1 0 0 1 1 1 0 1 0 1 0 0 1 1 0 0 0 1 0 1 0 1 0 0 0 0 0 1 1 0 1 0 0 
0 1 1 1 0 1 1 0 1 1 0 0 1 1 0 0 1 1 1 0 1 1 0 1 0 1 1 1 1 0 1 1 1 0 0 1 1 0 0 1 1 0 1 0 0 1 1 1 1 1 1 0 1 0 0 1 0 0 0 1 
1 0 1 0 1 1 1 1 0 1 0 0 0 1 0 1 1 1 1 1 0 1 1 1 0 0 0 0 1 0 1 1 0 1 1 0 1 1 1 1 0 1 1 0 0 1 0 1 0 1 1 0 1 0 1 1 0 1 0 1 
1 0 0 1 1 1 0 1 1 0 1 0 0 0 0 1 1 1 0 0 1 0 0 1 0 0 1 1 1 1 1 1 1 0 0 1 1 1 1 0 0 1 0 1 1 1 0 0 1 1 1 0 1 0 1 1 0 1 1 0 
1 1 1 1 0 1 1 0 0 1 0 0 1 1 0 0 0 1 1 1 1 1 1 0 1 0 0 1 0 1 0 0 0 0 1 0 0 1 1 0 1 0 1 1 1 0 1 1 0 1 1 0 1 0 1 0 1 1 0 1 
1 0 0 1 1 0 1 0 0 0 0 0 1 1 0 1 1 1 0 1 1 0 0 1 0 0 1 1 0 1 1 1 0 1 0 1 1 1 1 1 0 1 1 0 0 1 1 1 0 1 1 0 1 0 0 1 1 1 0 0 
1 1 1 1 0 1 1 1 0 0 1 1 0 0 0 1 1 1 1 1 1 0 0 0 1 0 1 1 1 0 0 1 0 1 1 0 1 0 1 1 1 0 0 1 1 1 0 0 1 0 0 1 1 1 1 1 0 1 0 0 
1 0 1 0 0 1 1 1 1 0 1 1 0 0 1 1 1 1 1 0 0 0 1 1 0 1 1 0 0 0 1 1 0 0 0 1 1 1 0 0 1 1 0 0 1 1 1 0 0 1 0 1 0 0 0 0 0 1 0 1 
1 1 1 1 1 0 1 0 0 0 0 0 0 1 0 0 0 1 1 1 1 1 1 1 1 0 0 1 1 1 1 1 1 0 1 1 1 0 1 1 1 1 1 1 0 0 0 0 0 0 1 1 0 1 1 1 0 1 1 1 
1 1 1 1 1 0 1 0 1 1 0 1 1 1 0 0 1 1 0 1 0 0 0 1 0 1 0 1 0 0 0 0 0 0 1 0 1 1 1 0 1 0 0 0 0 0 1 0 0 0 1 1 1 1 1 1 1 1 1 1 
0 1 0 0 0 0 1 1 1 1 0 1 1 1 0 1 0 0 1 1 1 1 1 1 0 0 1 0 0 1 1 1 1 0 0 0 1 1 1 0 1 0 1 1 0 1 1 1 0 0 1 1 1 0 0 1 1 1 1 0 
0 1 1 1 0 1 1 1 1 1 1 1 1 1 1 1 0 0 1 0 0 0 1 1 1 0 0 1 0 1 0 1 1 1 0 0 0 0 1 1 1 1 0 1 1 1 1 1 0 0 1 0 1 1 1 1 1 0 1 1 
1 1 1 0 0 1 1 1 1 0 1 0 1 1 1 0 1 1 0 0 1 0 1 0 1 1 1 1 1 0 0 1 1 1 1 1 0 1 1 0 0 1 1 0 0 1 0 1 0 0 0 1 1 0 1 1 1 1 0 1 
0 1 1 1 1 1 1 0 1 0 1 1 1 0 1 1 1 0 0 0 1 0 0 0 1 1 1 1 1 0 1 0 1 1 1 1 1 1 0 1 0 1 1 0 0 1 1 1 0 1 0 0 0 1 0 0 1 1 1 0 
1 1 1 1 0 1 1 1 0 1 1 1 1 0 1 0 1 0 1 1 0 0 0 0 1 1 1 1 1 1 0 1 1 1 1 0 1 1 1 0 0 0 0 1 1 1 1 1 1 0 0 1 0 1 1 0 1 1 1 1 
1 1 1 0 0 1 0 1 1 0 1 0 0 0 1 0 1 0 0 0 0 0 1 1 0 0 1 0 0 1 0 0 0 0 0 1 0 0 1 0 0 1 1 1 1 1 1 1 1 1 1 1 0 1 0 0 0 1 0 1 
1 0 1 0 1 1 1 0 1 0 1 0 0 1 1 0 1 1 1 0 0 1 0 1 0 0 0 1 1 0 0 1 1 0 0 1 1 1 0 0 0 1 0 1 0 0 0 1 1 0 0 1 0 1 1 0 0 1 0 0 
1 1 1 0 1 1 1 1 1 1 0 1 0 1 1 1 1 1 0 0 0 1 1 0 1 0 1 0 1 1 0 0 0 1 1 1 1 1 0 1 0 1 0 0 0 0 0 0 1 1 1 1 1 1 1 0 1 1 0 0 
0 1 1 1 0 1 1 0 0 0 1 0 1 0 1 0 0 1 1 1 1 0 0 1 0 1 1 1 0 1 1 1 0 1 0 0 1 0 1 0 1 1 1 0 0 1 0 1 1 1 0 1 0 1 1 1 1 1 1 1 
0 0 1 1 1 1 0 1 0 0 0 0 0 1 0 1 0 0 1 1 1 0 0 0 1 0 0 1 1 0 0 1 0 1 0 1 1 0 1 1 0 1 1 1 0 1 0 1 1 1 1 1 1 1 1 0 1 0 1 1 
1 0 0 0 0 0 0 1 0 1 0 1 1 1 0 0 1 0 1 1 1 1 0 1 1 0 0 1 0 0 1 0 0 0 0 1 1 1 1 1 0 1 0 1 0 1 1 1 1 1 1 1 0 1 0 1 1 0 0 0 
1 1 1 1 1 1 1 1 0 1 1 1 1 0 1 1 0 1 1 1 1 0 1 0 1 1 1 0 1 0 1 1 1 1 0 1 1 1 0 0 1 1 1 0 1 1 1 1 0 1 1 1 1 1 1 1 0 0 0 1 
0 0 1 1 0 1 0 1 1 1 0 0 1 0 1 0 0 0 1 1 1 0 1 1 0 1 0 1 0 0 1 1 0 0 1 0 1 0 1 1 0 1 1 1 1 0 1 1 1 1 1 0 0 0 0 1 1 0 1 1 
1 1 0 1 0 0 0 0 0 1 1 1 0 0 1 0 1 1 0 0 1 1 0 1 1 0 0 0 0 0 1 1 0 0 0 1 0 1 1 1 1 0 0 1 1 0 1 1 1 0 1 0 1 1 1 1 1 1 1 1 
0 0 0 0 1 0 1 1 1 1 0 1 0 1 1 0 1 0 0 1 0 0 0 0 1 0 1 1 1 1 0 0 1 0 0 0 1 1 1 0 0 0 1 0 1 1 1 0 0 0 1 0 1 1 0 1 0 1 1 1 
1 1 0 1 1 1 1 1 1 1 0 1 1 1 1 0 1 1 1 0 1 0 1 0 1 1 0 1 1 1 0 0 0 1 1 1 0 1 1 1 0 1 1 1 1 0 1 0 0 1 1 1 0 1 1 0 1 0 0 0 
1 1 0 0 1 1 1 1 0 1 0 0 0 0 1 0 1 1 1 1 1 0 1 0 0 0 0 1 0 0 1 0 0 0 0 1 0 1 0 0 0 0 0 1 0 1 1 1 1 0 0 1 1 0 0 1 1 0 1 0 
1 0 1 1 0 1 0 0 1 0 0 1 1 0 0 0 0 1 1 1 1 0 0 1 1 1 0 1 0 0 0 1 0 0 1 1 1 1 0 1 1 1 0 1 1 1 1 1 1 1 0 0 1 1 0 1 0 1 0 0 
0 0 1 1 0 0 1 0 1 0 1 0 1 0 1 1 0 0 1 1 1 0 0 1 0 0 0 0 1 0 0 1 0 1 0 0 0 1 1 1 0 1 0 0 1 1 1 1 1 1 1 1 1 1 1 1 1 0 1 0 
1 0 1 0 1 1 0 1 0 1 0 1 0 1 1 0 0 0 1 1 0 1 1 1 0 1 1 1 0 1 0 1 1 1 0 0 1 0 0 0 0 0 1 1 1 1 0 1 1 0 0 1 0 1 0 1 1 1 0 1 
1 0 0 1 0 1 1 1 1 1 0 1 1 1 1 1 1 0 0 1 1 0 1 1 1 1 1 1 1 0 1 0 0 1 0 1 0 0 0 1 1 1 1 1 1 1 1 1 1 1 0 1 1 1 1 1 0 0 0 0 
0 0 1 1 0 1 0 0 1 1 1 1 0 1 0 1 1 0 1 1 1 0 1 1 0 0 1 1 0 1 1 1 1 1 1 0 0 0 1 1 0 1 1 0 0 1 1 0 0 1 1 1 1 1 1 1 1 1 1 1 
1 0 0 1 0 1 0 0 1 1 1 1 1 0 1 1 1 1 1 0 1 1 0 0 1 1 1 0 1 1 1 1 0 0 1 0 0 1 0 0 0 0 1 0 1 1 0 1 1 1 0 0 0 1 0 1 1 1 1 1 
1 1 0 1 1 1 1 1 1 0 0 1 1 0 1 0 0 1 0 1 0 0 0 1 0 1 1 0 1 1 0 1 0 1 1 0 1 1 0 0 1 1 1 0 1 1 0 0 1 0 1 1 0 1 0 1 1 1 0 1 
1 1 1 1 1 1 1 1 0 0 1 0 1 1 1 1 1 1 0 0 0 0 0 0 1 0 0 1 0 1 0 0 0 1 0 0 1 0 0 1 0 0 0 1 0 1 1 1 1 1 0 0 1 0 1 0 1 0 0 1 
0 1 1 0 1 0 0 0 1 1 0 1 0 1 1 0 0 1 1 1 0 1 1 1 1 1 1 1 1 0 0 1 0 1 1 0 1 1 0 1 0 0 1 0 0 1 1 0 1 0 1 1 1 0 0 1 0 1 1 1 
0 1 1 0 0 0 0 1 1 0 1 1 0 0 1 0 1 0 1 1 0 1 0 0 1 1 0 1 1 0 1 1 0 0 0 1 1 1 1 1 0 1 0 1 1 1 0 1 0 0 1 1 1 1 0 0 0 1 1 0 
0 0 0 0 1 0 0 0 0 1 1 0 1 0 1 0 1 1 0 0 1 1 1 0 0 1 1 0 1 1 0 1 1 1 0 1 1 0 0 0 1 0 1 0 1 0 0 1 1 1 0 0 1 1 1 0 0 1 1 0 
0 1 1 1 1 0 1 0 0 1 1 0 1 1 0 0 0 1 0 0 1 1 0 0 0 0 0 1 1 1 1 1 0 1 1 1 1 0 1 1 0 0 1 1 0 0 0 1 1 0 1 1 0 0 0 1 0 0 0 1 
0 0 1 1 0 0 0 1 1 1 0 1 1 1 0 0 1 1 1 1 1 1 0 0 1 1 1 1 0 0 1 0 1 1 1 1 1 1 1 1 1 1 1 0 0 0 1 1 1 1 1 1 1 1 0 0 1 1 0 1 
1 1 0 1 0 0 1 1 0 0 1 1 0 1 0 1 1 1 0 1 1 1 0 0 0 0 1 1 1 1 1 1 1 1 1 0 1 1 0 0 1 1 0 0 0 1 0 1 1 0 0 1 1 0 1 1 1 1 1 1 
0 0 1 1 0 0 0 1 1 0 1 1 0 0 0 0 1 1 1 1 1 1 1 0 1 1 1 1 1 1 0 0 1 1 1 1 1 0 1 0 1 0 1 1 1 1 1 0 1 0 1 1 1 0 1 0 1 1 1 1 
1 1 0 1 0 1 1 1 0 1 0 0 1 0 0 0 0 0 0 0 1 1 1 1 1 1 1 0 1 1 0 0 1 1 1 1 1 0 1 1 1 1 0 1 1 1 1 1 0 0 1 0 0 0 1 0 1 0 0 0 
1 0 0 1 0 1 0 1 1 1 1 1 0 1 0 0 0 0 0 1 0 1 0 1 1 1 1 1 1 0 0 1 0 1 1 0 1 1 1 0 1 0 0 1 0 1 0 0 0 0 0 0 1 1 1 1 1 1 1 0 
1 1 0 1 0 1 0 1 1 1 1 1 0 0 1 1 1 1 0 0 0 1 0 1 0 1 1 1 1 1 1 1 0 0 1 0 0 1 0 1 0 1 1 0 1 1 0 1 1 0 0 0 1 1 0 1 1 1 1 0 
0 1 1 1 1 1 0 0 0 0 0 0 1 1 1 1 1 0 1 0 1 1 1 1 1 1 1 1 0 0 0 1 1 0 1 1 1 1 0 1 0 1 1 0 1 1 1 1 0 0 0 0 1 1 1 1 1 1 1 1 
1 0 0 1 1 1 0 1 1 1 1 1 1 0 0 1 1 1 1 0 0 0 0 1 0 1 0 1 0 1 1 0 1 1 1 0 1 1 0 0 1 1 1 1 0 1 1 1 0 1 1 1 0 0 0 1 1 0 1 0 
1 1 0 1 1 0 0 0 0 0 0 0 1 0 1 1 0 1 0 1 1 1 1 1 1 1 1 1 0 1 1 1 0 1 1 1 1 1 1 1 0 0 1 1 0 1 0 0 0 1 1 1 0 0 1 0 1 1 0 0 
0 1 1 1 0 1 1 0 1 1 1 0 1 0 1 1 0 1 1 0 1 0 1 1 1 1 0 1 0 1 0 1 0 0 1 0 1 1 0 0 1 0 0 1 0 0 1 1 1 1 0 1 0 1 0 1 1 0 1 0 
1 1 1 1 1 1 1 1 1 1 0 1 1 0 1 1 1 1 1 0 0 0 0 0 1 0 1 1 1 1 1 0 1 1 1 1 1 1 1 1 0 1 0 0 1 0 1 0 0 1 1 1 1 0 1 0 1 0 1 1 
0 0 1 0 1 0 0 0 0 0 1 1 0 0 0 1 1 1 1 1 1 0 0 1 1 1 1 0 1 1 0 1 1 0 1 1 0 1 1 1 1 0 0 0 0 1 1 1 1 1 1 1 1 1 1 1 0 0 1 1 
1 0 1 1 0 1 1 0 1 1 1 1 1 1 1 1 1 0 1 1 1 1 1 1 1 0 0 0 0 1 1 0 0 1 0 1 0 1 1 1 0 1 1 1 0 1 1 1 0 1 1 1 0 1 0 0 0 0 0 1 
0 0 0 0 0 0 0 0 0 1 0 0 0 0 1 1 1 1 0 1 1 0 0 0 1 1 0 0 1 1 1 0 1 0 1 0 0 1 1 0 0 1 1 1 0 0 1 1 0 1 1 1 1 0 1 1 1 0 0 0 
1 1 0 0 0 0 0 1 1 0 1 0 0 1 1 1 0 1 1 0 1 1 0 0 1 1 0 1 1 1 1 0 0 0 0 1 0 1 1 1 1 1 0 0 1 1 1 1 0 0 0 1 0 0 0 1 1 1 0 0 

0 0 22 0 0 0 0 0 0 0 0 0 0 15 2 0 0 0 0 0 0 0 17 0 16 5 0 0 0 0 3 0 0 0 1 6 0 12 0 0 0 0 0 0 19 0 0 0 0 0 0 0 0 12 0 0 0 0 5 0 
20 0 0 0 0 0 0 16 0 6 0 0 0 0 0 0 0 0 0 0 0 0 0 0 0 0 0 0 0 0 0 12 0 0 0 0 0 0 0 0 0 0 0 0 0 0 0 0 0 0 0 0 0 0 0 0 0 0 0 0 
0 0 0 0 0 0 0 0 0 0 0 0 0 0 3 0 17 0 11 0 0 1 0 0 0 0 0 0 0 0 0 0 0 0 0 0 0 0 0 0 0 0 17 0 0 0 0 0 0 12 16 8 15 0 0 0 0 8 0 0 
5 0 0 0 13 0 9 0 0 0 0 0 0 9 0 0 18 0 0 0 0 21 0 0 0 0 0 0 0 0 14 1 0 0 0 1 5 0 17 0 0 0 0 0 12 0 0 4 0 9 0 0 2 1 0 0 0 0 0 0 
0 0 0 13 0 7 0 18 0 0 0 0 0 0 0 0 0 0 0 0 17 0 0 0 0 0 0 0 0 0 0 0 0 0 16 0 0 0 0 13 0 0 0 3 0 15 0 0 0 0 7 16 0 0 0 0 0 0 0 0 
0 0 7 0 0 0 0 6 0 0 0 4 0 21 0 0 0 0 0 0 0 0 0 0 0 7 0 0 0 0 8 6 0 4 18 0 0 2 6 0 0 0 0 0 0 10 0 0 0 0 0 0 11 0 0 0 0 0 14 0 
0 0 0 0 0 0 0 5 0 0 0 0 0 0 0 0 0 20 0 0 0 0 0 0 17 0 0 0 0 5 0 0 1 0 0 0 0 0 0 0 13 0 0 0 0 9 0 0 0 14 0 0 0 0 0 0 0 0 0 0 
0 0 0 5 0 0 0 0 0 0 0 0 0 0 0 0 9 0 0 0 0 0 0 0 0 5 0 0 2 0 0 0 0 0 0 0 0 0 0 0 0 0 0 0 0 0 16 15 0 0 4 0 0 0 0 12 10 18 0 0 
0 0 20 0 10 0 0 0 0 0 2 0 0 21 0 0 0 0 0 0 13 7 0 1 0 0 0 0 0 0 0 0 0 0 0 0 0 0 0 18 0 0 0 0 0 0 2 0 0 21 0 0 14 8 0 0 0 0 0 10 
0 0 0 0 3 0 0 8 0 0 0 2 0 0 0 0 0 0 0 0 2 0 0 9 0 0 0 0 0 0 0 4 0 5 19 0 0 0 0 0 0 0 0 0 0 0 0 0 0 10 0 0 11 0 0 0 7 0 0 0 
0 0 0 0 0 3 0 0 18 0 0 12 0 3 12 0 0 0 0 0 0 0 0 0 0 0 21 0 3 0 0 17 0 0 1 0 0 0 0 0 0 0 19 0 0 0 0 0 0 0 0 0 0 0 0 0 0 0 10 0 
0 0 0 0 0 0 0 0 21 0 0 0 22 0 0 0 0 0 0 0 0 0 10 0 0 0 7 0 0 0 0 0 0 0 0 0 4 0 0 0 0 7 0 0 0 0 5 0 0 19 14 0 0 8 0 0 4 21 0 0 
20 0 0 11 0 0 0 0 0 0 0 0 0 0 0 0 0 0 0 21 0 0 0 0 3 0 0 0 0 0 0 0 0 0 11 0 0 0 0 0 0 0 0 2 0 0 4 0 0 21 0 0 0 0 0 0 0 0 0 0 
0 0 0 1 0 0 0 0 0 0 0 0 13 0 0 14 0 0 0 0 0 0 0 0 14 1 0 0 0 0 15 4 0 16 19 0 0 0 0 10 0 0 0 0 0 0 0 0 18 0 15 0 0 0 7 0 15 0 0 0 
0 0 0 0 0 0 0 0 0 3 0 0 18 0 0 0 0 19 0 0 20 20 0 13 9 0 19 0 0 0 0 0 0 0 13 0 0 0 14 0 0 0 0 18 0 6 0 0 21 16 0 0 0 14 0 0 0 0 0 9 
21 0 0 0 0 0 0 0 0 0 0 0 0 0 0 0 0 0 0 0 0 0 0 0 0 0 0 0 0 0 0 0 0 0 0 10 14 0 0 0 0 0 0 0 0 0 0 0 0 0 0 3 0 1 0 0 0 0 0 0 
0 0 0 14 0 0 0 0 0 0 0 0 0 0 0 8 0 0 0 0 0 0 0 0 0 0 0 0 0 18 0 0 0 0 0 0 0 0 0 0 0 0 0 14 0 0 0 0 0 0 0 0 0 0 0 11 0 7 0 2 
0 0 0 14 0 0 0 3 0 0 6 0 0 0 0 0 0 0 0 21 0 0 0 11 0 0 8 0 0 3 0 2 0 0 0 7 2 0 0 0 0 0 0 0 0 0 0 0 0 0 0 0 0 2 0 4 0 0 0 0 
0 0 6 0 0 20 0 7 0 0 0 0 0 0 5 18 0 0 0 8 0 0 0 7 0 0 0 0 0 0 0 0 0 0 8 16 0 7 0 0 21 19 5 0 0 0 0 0 0 0 15 0 0 18 4 0 0 0 0 0 
0 0 0 0 0 0 0 0 0 0 0 0 0 0 0 11 0 0 0 0 0 0 0 0 0 0 0 0 0 0 0 0 18 0 0 0 0 0 0 17 0 0 0 0 0 0 0 7 0 0 0 0 0 16 0 0 0 0 0 0 
0 13 6 22 0 0 3 0 0 0 4 0 0 0 0 0 3 0 0 0 0 0 18 0 13 0 0 0 12 0 0 0 17 0 0 0 7 0 0 0 0 14 0 0 0 0 14 0 0 17 0 0 0 0 0 18 0 7 0 0 
0 0 0 0 0 0 22 0 0 10 0 0 0 0 2 0 0 0 0 3 0 0 0 0 0 0 0 0 0 0 0 11 0 0 1 0 0 0 0 11 0 5 0 0 11 0 0 0 0 0 0 0 0 0 0 0 0 0 0 0 
0 0 0 20 3 19 0 0 6 0 0 0 0 8 0 8 0 0 0 0 0 0 0 0 0 0 0 0 0 0 0 2 0 0 0 0 0 0 0 0 0 0 0 0 0 0 0 0 0 0 0 0 0 0 4 0 0 19 0 0 
0 0 0 0 0 0 0 0 6 0 10 0 0 0 0 7 0 16 13 0 0 0 0 0 0 0 0 12 0 18 0 0 0 7 3 0 0 0 0 1 0 0 0 0 0 0 0 0 0 3 3 8 0 0 0 4 0 0 0 1 
0 0 0 0 0 0 0 0 0 0 0 8 0 2 0 0 11 0 0 0 0 0 1 0 0 0 0 20 0 0 0 0 0 0 0 0 0 0 0 0 0 0 0 0 0 0 0 0 0 0 0 0 0 0 0 0 0 0 0 0 
1 0 0 0 0 0 0 0 0 0 0 0 0 0 0 0 0 0 19 0 0 0 0 0 0 0 0 0 0 0 0 0 0 0 0 0 0 0 0 0 0 0 0 0 0 0 0 0 22 0 0 0 0 17 12 0 0 0 0 0 
0 0 0 0 13 4 15 15 0 0 0 0 4 0 0 0 0 0 0 18 0 0 0 0 0 0 0 21 0 0 21 0 0 0 9 0 0 0 0 0 0 1 0 0 0 0 9 0 0 0 0 0 0 0 0 0 0 0 0 0 
0 0 0 0 0 0 0 0 0 0 0 0 0 21 0 0 0 0 0 0 0 0 14 0 0 0 0 0 18 3 0 0 0 8 0 0 0 6 0 3 0 0 0 0 0 0 0 0 0 14 0 0 8 0 17 0 0 10 0 0 
0 0 0 0 20 0 0 0 0 21 0 0 0 0 0 0 0 0 0 0 0 0 0 15 0 6 0 0 0 0 10 0 0 0 0 0 6 0 0 0 0 0 0 0 0 2 0 0 0 0 16 21 17 12 0 0 0 0 4 0 
0 0 0 0 3 10 0 0 0 0 0 6 0 0 14 0 0 14 0 22 0 0 0 11 0 0 0 0 0 0 0 9 13 0 7 0 17 0 0 0 0 0 0 0 0 0 0 0 0 2 0 7 8 0 0 0 0 0 0 18 
0 0 21 0 7 0 0 0 12 0 0 0 0 0 0 0 0 0 0 0 0 0 0 19 0 0 19 0 17 0 0 16 0 0 0 0 0 21 0 12 0 0 0 0 0 0 0 0 0 2 18 8 0 6 20 0 0 0 16 0 
0 6 0 0 0 0 0 0 0 0 0 0 0 0 0 0 0 15 0 0 0 0 7 0 0 18 0 0 0 0 0 0 12 10 6 14 0 0 0 0 0 0 0 0 0 0 0 0 0 0 0 0 6 0 0 0 5 0 0 0 
0 0 0 0 0 0 0 0 0 0 0 0 0 0 0 0 0 0 0 0 0 0 13 0 0 0 4 0 0 0 0 0 0 0 0 0 12 4 0 0 13 18 0 0 0 0 0 0 4 0 0 0 0 16 0 13 0 0 0 15 
0 0 0 0 0 0 0 11 0 0 9 0 0 0 0 0 0 11 0 0 0 0 0 0 0 0 0 0 0 15 0 0 0 0 2 0 0 0 0 0 15 0 0 0 0 21 0 0 0 0 2 0 0 0 0 16 0 0 0 0 
0 0 0 12 0 0 0 6 0 5 0 0 0 0 0 0 0 0 0 0 0 0 0 0 0 0 0 0 0 0 0 0 0 0 0 5 0 0 0 0 0 0 20 0 0 16 9 0 0 0 0 9 0 0 0 0 0 0 0 0 
0 0 18 3 0 0 0 0 0 0 0 0 0 0 0 0 0 0 0 0 14 0 2 0 15 0 0 0 0 9 0 0 0 0 0 0 0 0 0 0 0 0 0 21 0 0 0 0 0 0 0 17 0 13 0 0 0 0 0 0 
0 0 0 0 12 0 0 0 0 5 0 0 0 0 0 12 0 10 0 6 0 2 0 0 0 0 0 14 0 0 0 11 12 0 13 0 0 12 3 0 0 0 0 0 9 0 0 0 0 0 0 0 0 0 0 0 6 0 0 0 
0 16 0 1 19 0 0 0 0 0 0 0 0 0 0 0 0 4 0 0 1 0 0 0 0 0 0 0 0 0 0 15 0 0 0 0 0 0 0 0 18 0 0 0 0 5 0 0 0 0 22 0 0 0 0 0 18 0 0 0 
0 0 1 0 0 0 0 0 0 0 0 0 0 0 0 0 0 0 0 0 0 0 0 10 0 0 0 0 0 0 0 0 13 0 0 0 2 0 0 9 0 0 0 0 0 1 9 11 0 19 7 0 0 1 0 0 0 0 0 0 
0 0 0 0 0 0 0 0 0 0 16 4 0 0 0 0 6 0 0 0 0 0 0 0 0 0 12 9 0 0 0 0 0 19 0 0 0 0 0 0 0 17 0 0 13 0 0 0 0 2 11 0 12 0 0 0 0 0 2 0 
0 0 12 0 0 0 0 0 0 0 0 0 0 0 0 0 0 0 0 0 22 0 0 0 0 0 0 0 0 0 0 0 0 0 0 0 0 0 0 0 0 0 19 0 0 0 0 21 0 0 0 0 0 22 0 0 0 0 21 0 
0 12 0 0 0 0 0 15 13 0 7 0 6 0 0 0 0 0 0 0 7 4 0 0 12 0 0 0 0 0 0 0 21 0 0 5 0 0 0 0 2 0 0 0 0 0 0 3 0 0 0 0 0 0 0 16 0 0 0 0 
16 0 0 15 0 0 0 0 2 0 0 0 18 0 0 0 7 0 0 0 0 0 13 0 0 22 0 0 0 22 0 0 0 0 0 0 0 0 0 0 0 0 0 0 0 0 0 0 0 0 15 0 0 0 0 2 22 0 0 0 
0 9 0 0 0 0 0 0 0 0 14 0 0 0 4 0 0 0 0 11 0 0 11 0 0 0 0 0 0 0 0 13 0 0 0 0 0 0 3 0 0 0 0 0 1 0 0 0 12 10 0 0 0 0 0 19 0 0 0 16 
0 0 0 0 0 0 0 0 0 0 0 0 0 0 0 0 0 0 20 0 0 0 0 5 0 21 8 0 0 0 0 0 21 0 15 0 0 0 0 0 0 5 0 0 0 0 0 16 20 0 15 0 0 0 0 0 0 0 0 0 
0 7 0 0 6 0 0 0 0 0 0 0 0 0 0 9 0 0 0 0 0 0 3 1 0 10 17 0 0 7 0 0 0 0 0 0 0 0 0 0 15 0 0 0 0 0 0 0 0 0 1 18 0 0 0 0 0 19 0 0 
0 0 0 20 0 0 19 0 0 0 0 0 9 0 0 0 0 12 0 0 0 0 0 6 0 0 0 0 0 0 0 19 0 0 0 0 0 0 0 0 0 0 20 0 11 0 0 0 0 0 0 0 0 0 0 8 0 0 0 0 
0 0 0 7 0 0 0 0 0 15 5 0 0 0 0 0 0 0 20 0 0 11 0 0 0 0 0 0 0 0 0 7 0 0 0 0 0 0 0 0 0 0 0 0 18 15 0 0 0 0 0 0 12 0 0 0 0 0 13 0 
0 0 8 0 0 0 10 0 0 0 0 0 0 0 0 0 0 0 0 0 0 0 0 0 21 0 0 0 0 18 0 0 4 0 0 0 8 0 12 0 2 0 0 0 0 0 6 0 0 0 0 21 0 0 0 7 0 21 0 15 
0 0 0 0 0 9 0 0 0 0 0 0 0 0 0 0 0 0 0 0 19 1 0 0 0 0 0 0 0 0 0 0 0 0 19 0 0 0 6 0 0 0 0 0 0 0 0 10 0 0 0 15 0 4 0 0 0 0 18 0 
0 9 0 0 0 5 0 5 0 0 12 13 0 0 0 0 0 0 0 0 9 0 0 0 1 0 0 12 19 0 0 0 0 22 0 0 0 0 0 0 0 0 4 0 0 0 0 7 0 0 0 6 0 0 0 0 0 0 0 0 
0 8 0 0 0 4 0 0 17 0 0 0 0 0 0 0 0 0 0 12 8 0 0 0 0 21 12 0 0 0 0 0 15 0 0 0 1 0 0 0 0 8 20 0 0 0 0 0 0 0 0 0 0 0 0 0 0 0 18 6 
12 0 0 0 0 0 0 0 0 0 0 0 0 0 0 0 1 4 0 0 0 0 0 0 0 0 10 0 0 0 0 0 0 0 0 0 0 0 0 3 13 0 0 13 21 19 0 0 20 0 0 0 0 0 0 0 0 0 0 0 
0 0 0 0 0 0 22 0 0 0 0 0 0 0 13 0 0 0 0 0 0 0 14 0 3 0 0 14 9 0 0 0 0 0 0 0 0 0 0 12 16 0 5 0 3 0 0 0 0 0 0 0 0 0 0 0 0 0 0 0 
13 0 10 0 0 0 0 0 0 0 3 0 0 0 0 18 0 0 0 0 0 0 0 0 0 0 0 0 0 0 0 8 0 0 0 0 0 0 0 4 0 18 0 0 0 17 0 18 5 0 0 13 0 0 0 0 0 0 0 0 
0 7 0 0 0 0 0 14 0 7 0 18 0 4 0 0 0 0 14 0 0 1 0 3 0 0 0 0 0 0 0 0 5 9 0 0 0 21 0 0 0 0 0 0 1 0 1 10 0 21 0 0 0 16 0 0 0 1 0 0 
0 0 0 0 0 0 0 0 3 2 0 0 10 0 0 0 0 0 0 0 0 5 0 0 0 0 21 0 0 2 0 0 0 0 6 0 0 0 0 8 0 17 0 8 0 0 0 12 0 0 0 0 0 0 0 0 0 17 0 0 
4 0 0 0 0 5 0 0 0 0 0 0 0 0 0 21 0 0 0 0 0 1 0 0 0 0 0 0 0 0 0 0 0 0 0 0 0 0 0 0 0 20 0 0 0 6 0 11 0 0 0 0 0 13 0 0 11 0 0 0 
0 0 0 11 0 0 0 0 0 0 0 0 0 0 0 0 19 0 5 0 0 0 18 0 0 0 0 10 0 0 4 0 1 0 0 0 0 0 0 0 7 0 10 0 2 0 0 0 0 0 0 0 0 0 0 0 0 0 0 0 
0 0 0 0 0 0 0 0 0 16 12 1 0 0 0 0 0 10 0 0 0 20 0 0 0 0 0 0 4 0 0 1 0 0 0 3 20 0 0 0 0 0 12 0 0 0 0 10 7 1 0 0 0 0 0 0 0 0 0 0 
