60

0 0 0 1 0 1 1 0 0 0 0 1 1 1 0 0 1 1 0 1 1 1 1 1 1 1 1 0 0 0 0 1 1 1 1 0 1 1 0 0 1 0 0 0 1 0 1 1 0 0 0 1 0 1 0 1 0 0 1 1 
0 0 0 0 0 1 1 1 0 1 0 0 0 0 0 0 0 1 0 0 0 0 1 1 0 0 1 1 0 1 1 0 0 1 1 0 1 1 0 1 1 0 1 1 1 0 0 0 1 0 0 1 0 0 0 0 1 0 1 0 
0 0 0 0 0 1 1 0 0 1 0 0 0 0 0 0 1 1 0 1 1 1 1 1 1 1 1 1 0 0 0 0 0 0 0 0 0 1 0 0 1 1 1 1 1 1 1 0 1 0 1 1 0 0 1 1 0 0 1 0 
1 0 0 0 0 0 0 1 0 1 1 0 0 0 1 1 0 1 0 0 0 0 0 0 1 1 0 1 1 1 0 1 1 0 0 0 1 1 1 0 1 0 1 1 0 0 1 1 1 1 1 1 0 0 1 1 0 1 0 0 
0 0 0 0 0 0 0 1 1 1 1 0 1 0 1 1 0 1 0 1 0 1 0 1 1 1 1 1 0 1 0 1 1 1 0 1 0 1 1 1 0 1 1 1 1 0 0 0 1 1 0 1 0 1 1 1 0 0 1 1 
1 1 1 0 0 0 0 1 0 1 1 1 0 0 1 0 1 1 0 1 0 0 0 0 1 1 1 0 0 1 1 0 0 0 0 0 0 1 1 0 1 0 1 1 1 1 1 0 1 0 0 0 0 1 0 1 1 1 1 1 
1 1 1 0 0 0 0 0 0 0 1 1 1 1 1 1 1 1 1 0 1 0 1 1 0 0 0 0 1 1 1 0 0 1 0 0 0 0 0 0 0 1 1 0 1 0 0 0 1 1 1 1 0 0 1 1 0 1 0 0 
0 1 0 1 1 1 0 0 1 1 0 0 0 1 0 1 0 1 0 1 1 1 1 0 1 0 1 0 0 1 0 1 0 1 1 1 1 1 1 1 1 1 0 0 1 1 0 0 1 0 0 0 0 1 0 1 0 0 1 0 
0 0 0 0 1 0 0 1 0 0 1 0 1 1 1 1 1 1 0 0 1 1 1 1 0 1 0 0 0 0 0 0 1 0 1 0 0 1 1 1 1 0 1 0 0 1 1 1 0 0 1 0 0 0 0 1 0 1 1 1 
0 1 1 1 1 1 0 1 0 0 0 0 1 0 0 0 1 1 1 0 0 0 1 0 1 0 0 1 0 0 0 1 0 1 1 0 0 1 1 0 0 1 1 1 1 1 0 1 0 0 1 1 0 1 1 1 1 0 1 0 
0 0 0 1 1 1 1 0 1 0 0 1 1 0 1 1 1 1 1 0 0 1 0 1 1 0 0 0 1 0 0 1 1 0 1 1 1 1 0 0 1 0 0 0 0 0 0 0 1 1 0 0 1 1 1 1 1 1 0 0 
1 0 0 0 0 1 1 0 0 0 1 0 0 0 1 1 1 0 1 0 1 0 1 1 0 0 0 0 0 0 1 1 1 1 0 0 0 0 0 1 1 1 0 1 1 1 0 0 0 0 1 0 1 0 1 0 1 0 0 0 
1 0 0 0 1 0 1 0 1 1 1 0 0 1 1 1 0 1 1 0 1 0 0 0 0 0 1 0 0 1 0 0 1 1 1 1 0 1 0 0 0 1 0 1 0 1 0 0 1 0 1 1 0 1 1 1 1 1 1 0 
1 0 0 0 0 0 1 1 1 0 0 0 1 0 0 0 1 0 1 1 0 1 0 0 1 1 0 0 1 1 0 1 1 1 0 0 1 1 1 1 0 0 0 1 1 1 1 1 1 1 0 1 1 1 1 0 1 0 1 1 
0 0 0 1 1 1 1 0 1 0 1 1 1 0 0 0 1 1 0 1 1 1 0 1 0 1 1 1 0 0 0 0 1 0 1 0 0 1 1 0 1 1 0 1 1 0 0 0 0 1 1 1 0 0 0 1 0 0 1 1 
0 0 0 1 1 0 1 1 1 0 1 1 1 0 0 0 1 0 0 1 1 0 0 0 1 0 0 1 0 0 1 1 1 0 0 1 0 0 1 0 1 0 0 1 0 1 0 0 0 1 1 0 1 0 0 1 1 1 0 1 
1 0 1 0 0 1 1 0 1 1 1 1 0 1 1 1 0 1 1 1 1 1 0 1 1 1 0 1 0 1 1 1 1 0 1 1 0 1 1 0 1 1 0 0 1 1 1 0 1 0 0 1 1 0 1 0 1 0 0 1 
1 1 1 1 1 1 1 1 1 1 1 0 1 0 1 0 1 0 1 0 0 1 1 1 1 1 1 0 1 0 1 1 0 0 0 1 1 1 0 1 0 0 1 0 1 1 1 1 1 1 1 1 1 0 1 1 1 0 0 1 
0 0 0 0 0 0 1 0 0 1 1 1 1 1 0 0 1 1 0 1 1 0 0 1 1 1 1 1 0 1 0 0 1 0 0 0 1 1 1 1 1 0 1 0 0 0 1 1 0 1 0 1 1 0 0 0 1 1 0 1 
1 0 1 0 1 1 0 1 0 0 0 0 0 1 1 1 1 0 1 0 0 0 0 0 1 0 0 1 0 0 1 1 0 0 1 0 0 1 0 0 1 0 1 0 1 1 0 0 1 0 0 1 0 1 0 0 0 0 1 1 
1 0 1 0 0 0 1 1 1 0 0 1 1 0 1 1 1 0 1 0 0 0 0 0 0 1 0 0 0 1 1 0 1 0 1 0 0 0 0 1 1 1 1 0 0 0 0 0 0 1 0 1 0 0 0 0 1 0 0 0 
1 0 1 0 1 0 0 1 1 0 1 0 0 1 1 0 1 1 0 0 0 0 0 0 1 1 0 0 0 1 0 0 1 0 1 1 1 0 0 1 0 1 1 1 1 0 1 0 1 0 0 0 0 0 1 1 1 1 0 1 
1 1 1 0 0 0 1 1 1 1 0 1 0 0 0 0 0 1 0 0 0 0 0 1 1 1 0 0 0 0 1 1 0 1 1 1 1 1 0 1 1 1 1 0 0 1 0 1 0 0 0 1 0 0 1 0 1 0 1 1 
1 1 1 0 1 0 1 0 1 0 1 1 0 0 1 0 1 1 1 0 0 0 1 0 0 0 1 0 1 1 1 1 0 1 1 1 0 1 1 1 0 0 1 0 0 1 0 0 0 1 0 1 1 0 0 1 1 1 0 0 
1 0 1 1 1 1 0 1 0 1 1 0 0 1 0 1 1 1 1 1 0 1 1 0 0 1 1 0 0 0 1 1 0 0 1 1 0 1 1 0 1 1 1 1 1 1 0 0 1 0 0 0 0 0 0 0 1 1 0 0 
1 0 1 1 1 1 0 0 1 0 0 0 0 1 1 0 1 1 1 0 1 1 1 0 1 0 1 0 1 1 0 1 0 1 0 0 0 0 1 1 1 1 0 1 0 0 1 0 1 1 1 0 0 1 1 1 0 1 0 0 
1 1 1 0 1 1 0 1 0 0 0 0 1 0 1 0 0 1 1 0 0 0 0 1 1 1 0 1 0 1 1 1 0 1 0 0 0 0 0 1 0 0 1 0 0 1 1 0 1 0 0 1 1 0 1 1 0 0 0 0 
0 1 1 1 1 0 0 0 0 1 0 0 0 0 1 1 1 0 1 1 0 0 0 0 0 0 1 0 0 1 1 1 1 0 1 1 1 0 1 0 0 0 0 0 0 0 0 0 0 0 0 0 0 1 0 0 0 1 0 1 
0 0 0 1 0 0 1 0 0 0 1 0 0 1 0 0 0 1 0 0 0 0 0 1 0 1 0 0 0 1 1 0 1 0 0 0 1 0 0 1 0 0 1 0 0 0 0 1 0 0 0 0 0 1 1 0 0 0 1 1 
0 1 0 1 1 1 1 1 0 0 0 0 1 1 0 0 1 0 1 0 1 1 0 1 0 1 1 1 1 0 1 0 0 0 1 0 1 1 0 1 1 1 0 0 1 1 0 1 1 0 0 0 1 1 0 0 1 0 0 0 
0 1 0 0 0 1 1 0 0 0 0 1 0 0 0 1 1 1 0 1 1 0 1 1 1 0 1 1 1 1 0 1 0 0 1 0 0 0 1 1 1 1 1 0 1 1 0 1 0 1 0 1 1 0 1 1 0 1 0 0 
1 0 0 1 1 0 0 1 0 1 1 1 0 1 0 1 1 1 0 1 0 0 1 1 1 1 1 1 0 0 1 0 1 0 0 0 1 1 1 0 1 0 1 1 1 1 1 0 1 0 1 0 1 1 0 1 0 0 0 0 
1 0 0 1 1 0 0 0 1 0 1 1 1 1 1 1 1 0 1 0 1 1 0 0 0 0 0 1 1 0 0 1 0 0 1 0 0 1 0 0 1 0 1 1 1 1 1 0 0 0 0 0 1 1 1 1 0 0 1 1 
1 1 0 0 1 0 1 1 0 1 0 1 1 1 0 0 0 0 0 0 0 0 1 1 0 1 1 0 0 0 0 0 0 0 0 0 1 0 0 1 0 0 1 0 1 1 0 0 0 1 1 1 1 0 0 0 0 0 0 0 
1 1 0 0 0 0 0 1 1 1 1 0 1 0 1 0 1 0 0 1 1 1 1 1 1 0 0 1 0 1 1 0 1 0 0 1 0 1 1 1 1 0 0 1 0 1 1 0 0 0 0 0 1 1 0 0 1 1 1 0 
0 0 0 0 1 0 0 1 0 0 1 0 1 0 0 1 1 1 0 0 0 1 1 1 1 0 0 1 0 0 0 0 0 0 1 0 0 1 0 0 1 0 1 0 1 1 1 1 1 1 0 0 0 1 1 1 0 1 0 0 
1 1 0 1 0 0 0 1 0 0 1 0 0 1 0 0 0 1 1 0 0 1 1 0 0 0 0 1 1 1 0 1 0 1 0 0 0 1 1 0 0 0 0 0 1 1 1 0 0 1 0 0 0 1 1 1 1 1 1 1 
1 1 1 1 1 1 0 1 1 1 1 0 1 1 1 0 1 1 1 1 0 0 1 1 1 0 0 0 0 1 0 1 1 0 1 1 1 0 1 0 1 0 0 1 1 0 0 1 1 1 0 0 0 1 1 0 1 0 0 0 
0 0 0 1 1 1 0 1 1 1 0 0 0 1 1 1 1 0 1 0 0 0 0 1 1 1 0 1 0 0 1 1 0 0 1 0 1 1 0 0 1 1 0 0 0 1 0 0 1 1 0 1 0 1 1 1 1 1 0 0 
0 1 0 0 1 0 0 1 1 0 0 1 0 1 0 0 0 1 1 0 1 1 1 1 0 1 1 0 1 1 1 0 0 1 1 0 0 0 0 0 0 0 1 1 0 0 0 1 0 1 0 0 0 1 0 0 1 1 1 0 
1 1 1 1 0 1 0 1 1 0 1 1 0 0 1 1 1 0 1 1 1 0 1 0 1 1 0 0 0 1 1 1 1 0 1 1 0 1 1 0 0 1 1 0 0 0 1 0 0 0 0 0 1 0 0 1 0 1 0 1 
0 0 1 0 1 0 1 1 0 1 0 1 1 0 1 0 1 0 0 0 1 1 1 0 1 1 0 0 0 1 1 0 0 0 0 0 0 0 1 0 1 0 1 0 0 1 0 1 0 0 0 0 1 1 0 1 0 1 1 1 
0 1 1 1 1 1 1 0 1 1 0 0 0 0 0 0 0 1 1 1 1 1 1 1 1 0 1 0 1 0 1 1 1 1 0 1 0 0 0 1 1 1 0 1 1 0 0 1 1 1 1 1 0 1 0 0 1 0 1 1 
0 1 1 1 1 1 0 0 0 1 0 1 1 1 1 1 0 0 0 0 0 1 0 0 1 1 0 0 0 0 0 1 1 0 1 0 0 1 0 1 0 0 1 0 1 0 0 1 1 0 0 0 1 0 1 0 0 1 0 1 
1 1 1 0 1 1 1 1 0 1 0 1 0 1 1 0 1 1 0 1 0 1 0 0 1 0 0 0 0 1 1 1 1 1 0 1 1 1 0 0 0 0 1 1 0 1 1 0 0 1 1 1 0 0 0 0 1 0 1 1 
0 0 1 0 0 1 0 1 1 1 0 1 1 1 0 1 1 1 0 1 0 0 1 1 1 0 1 0 0 1 1 1 1 1 1 1 1 0 1 0 0 1 0 0 1 0 0 1 0 0 1 0 0 1 0 1 0 0 1 1 
1 0 1 1 0 1 0 0 1 0 0 0 0 1 0 0 1 1 1 0 0 1 0 0 0 1 1 0 0 0 0 1 1 0 1 1 1 0 0 0 1 0 0 0 1 0 0 0 1 1 1 0 0 0 1 0 0 1 1 0 
1 0 0 1 0 0 0 0 1 1 0 0 0 1 0 0 0 1 1 0 0 0 1 0 0 0 0 0 1 1 1 0 0 0 0 1 0 1 0 1 0 1 1 1 0 1 0 0 1 1 1 0 1 1 1 0 0 0 0 1 
0 1 1 1 1 1 1 1 0 0 1 0 1 1 0 0 1 1 0 1 0 1 0 0 1 1 1 0 0 1 0 1 0 0 0 1 0 1 1 0 0 0 1 1 0 0 1 1 0 0 0 0 0 1 0 0 0 0 1 0 
0 0 0 1 1 0 1 0 0 0 1 0 0 1 1 1 0 1 1 0 1 0 0 1 0 1 0 0 0 0 1 0 0 1 0 1 1 1 1 1 0 0 1 0 1 0 1 1 0 0 1 0 0 1 1 1 0 0 1 1 
0 0 1 1 0 0 1 0 1 1 0 1 1 0 1 1 0 1 0 0 0 0 0 0 0 1 0 0 0 0 0 1 0 1 0 0 0 0 0 0 0 0 1 0 1 1 1 1 0 1 0 1 1 1 1 0 1 0 1 0 
1 1 1 1 1 0 1 0 0 1 0 0 1 1 1 0 1 1 1 1 1 0 1 1 0 0 1 0 0 0 1 0 0 1 0 0 0 0 1 0 0 0 1 0 1 0 0 0 0 0 1 0 1 1 1 1 0 0 1 1 
0 0 0 0 0 0 0 0 0 0 1 1 0 1 0 1 1 1 1 0 0 0 0 1 0 0 1 0 0 1 1 1 1 1 1 0 0 0 0 0 1 1 0 1 0 0 0 1 0 0 1 1 0 1 1 1 1 0 0 0 
1 0 0 0 1 1 0 1 0 1 1 0 1 1 0 0 0 0 0 1 0 0 0 0 0 1 0 1 1 1 0 1 1 0 1 1 1 1 1 1 0 1 1 0 0 1 0 1 1 1 1 1 1 0 1 0 1 1 0 1 
0 0 1 1 1 0 1 0 0 1 1 1 1 1 0 0 1 1 0 0 0 1 1 0 0 1 1 0 1 0 1 0 1 0 0 1 1 1 1 0 0 0 0 1 0 0 1 1 0 1 1 1 1 1 0 0 1 0 1 1 
1 0 1 1 1 1 1 1 1 1 1 0 1 0 1 1 0 1 0 0 0 1 0 1 0 1 1 0 0 0 1 1 1 0 0 1 1 0 1 0 1 1 0 0 0 1 0 0 0 1 0 1 1 0 0 0 1 1 0 1 
0 1 0 0 0 1 0 0 0 1 1 1 1 1 0 1 1 1 1 0 1 1 1 1 1 0 0 0 0 1 0 0 0 0 1 0 1 1 1 1 0 0 1 0 1 0 0 0 0 0 1 0 1 1 1 1 0 0 1 0 
0 0 0 1 0 1 1 0 1 0 1 0 1 0 0 1 0 0 1 0 0 1 0 1 1 1 0 1 0 0 1 0 0 0 1 1 1 0 1 1 1 1 0 1 0 0 1 0 0 0 0 0 0 1 0 1 0 0 0 1 
1 1 1 0 1 1 0 1 1 1 0 0 1 1 1 0 0 0 0 1 0 0 1 0 0 0 0 0 1 0 0 0 1 0 1 0 1 0 0 1 0 1 1 0 1 1 1 0 1 1 1 1 0 0 1 0 1 0 0 0 
1 0 0 0 1 1 0 0 1 0 0 0 0 1 1 1 1 1 1 1 0 1 1 0 0 0 0 1 1 0 0 0 1 0 0 0 1 0 0 0 1 1 1 1 1 1 0 1 0 1 0 1 0 1 1 1 0 1 0 0 

0 19 0 1 0 16 0 0 0 0 0 3 0 15 0 6 0 0 0 5 0 0 0 0 0 0 0 12 8 7 0 0 0 0 17 0 0 0 0 0 0 0 0 0 0 0 0 0 0 12 0 0 0 0 0 0 0 0 0 0 
0 0 0 0 7 0 0 5 0 0 0 4 0 0 0 14 0 0 0 7 0 0 0 0 0 0 0 0 0 0 3 0 0 0 1 18 4 0 0 16 0 0 0 0 0 1 0 0 1 0 0 8 0 0 0 0 0 0 6 0 
0 5 0 0 0 0 0 0 0 0 0 0 0 0 1 0 0 14 8 0 0 0 0 0 0 0 0 0 0 0 0 0 0 0 0 0 0 0 0 0 0 0 12 0 0 0 0 18 0 0 0 0 0 0 0 0 16 0 0 0 
15 0 0 0 0 0 0 4 0 3 1 0 0 0 0 0 0 0 0 0 0 0 0 0 0 0 0 0 0 14 0 0 0 0 0 0 16 2 0 0 14 0 0 0 0 3 0 0 0 0 0 0 0 0 0 0 17 0 0 0 
6 12 0 8 0 0 0 0 0 0 15 0 0 0 0 0 17 0 5 0 6 0 0 16 0 0 14 0 0 0 0 0 0 0 0 0 0 0 0 5 0 0 0 7 0 0 0 13 0 0 0 0 0 0 0 0 0 0 0 5 
18 0 0 0 0 0 6 0 14 0 0 10 0 0 8 0 0 0 0 15 0 0 9 0 0 0 0 0 0 0 11 0 0 0 0 12 0 0 0 0 0 0 0 5 0 0 0 0 0 0 0 0 0 4 0 0 0 12 0 0 
0 13 0 0 0 6 0 9 0 0 0 8 6 0 0 0 0 0 0 0 0 0 7 0 0 0 0 0 0 0 0 0 16 0 6 0 0 0 0 4 0 0 19 0 6 0 0 1 12 0 0 15 1 4 0 17 0 7 0 0 
0 0 18 0 0 0 0 0 0 0 0 0 12 12 0 0 0 0 0 0 0 0 0 0 0 0 0 0 0 0 0 11 0 0 0 0 0 3 7 0 0 15 0 1 0 2 0 0 0 0 0 0 0 0 0 18 0 0 0 0 
0 7 16 0 11 0 1 0 0 12 0 0 0 0 0 0 0 0 15 0 0 0 6 13 5 0 16 0 0 0 0 16 0 0 0 0 12 0 20 0 0 3 18 0 15 0 0 0 0 0 0 0 0 0 0 5 0 0 10 0 
0 0 0 0 0 0 0 0 0 0 0 0 0 9 12 0 0 0 0 0 0 0 3 8 0 0 13 0 0 0 0 0 0 0 0 0 0 0 0 0 0 0 18 0 0 0 0 0 0 0 0 0 0 0 0 0 0 3 0 0 
15 0 18 0 0 0 0 16 0 13 0 0 0 0 0 0 4 18 0 0 13 3 0 0 0 9 0 16 0 0 6 0 8 7 0 0 0 14 0 8 0 0 12 0 0 11 0 0 0 0 0 0 0 0 0 0 0 0 0 0 
0 0 0 11 0 0 13 0 0 1 0 0 0 0 0 7 4 5 0 0 16 0 0 0 0 14 0 0 7 17 0 0 0 0 0 0 0 0 0 0 0 10 0 14 0 0 5 2 0 0 0 0 0 0 14 0 0 0 0 0 
0 0 0 0 0 0 0 0 5 0 10 0 0 0 1 0 0 0 0 2 15 0 0 0 0 0 0 0 0 0 0 7 0 7 0 11 0 0 0 18 0 0 0 0 0 0 6 0 0 0 0 9 0 16 0 0 3 11 0 11 
0 3 0 0 0 13 0 12 0 4 0 0 0 0 0 8 0 0 0 0 0 10 0 18 0 0 0 0 0 0 0 3 0 0 0 0 0 0 0 0 0 0 15 0 0 0 0 0 0 0 0 0 0 0 0 0 0 0 12 4 
0 6 0 0 0 7 8 0 0 0 0 0 0 0 0 0 0 0 0 0 0 0 0 0 0 0 16 0 0 17 3 0 0 0 11 0 0 2 0 0 0 13 0 0 0 0 0 0 0 0 11 0 0 0 0 0 0 16 0 0 
4 0 14 0 0 0 0 0 1 0 6 0 18 0 18 0 0 0 0 0 0 0 0 0 9 0 0 0 0 17 0 0 0 0 0 4 0 0 0 0 0 0 4 0 0 0 0 0 0 0 0 10 0 0 0 11 0 0 0 0 
0 3 0 0 0 0 0 0 8 11 0 0 0 0 0 0 0 0 0 0 15 1 2 0 0 0 0 0 5 16 0 0 13 13 0 0 0 7 0 0 0 0 0 0 0 0 0 0 0 0 0 0 0 0 0 3 0 0 0 0 
0 0 0 5 4 0 0 0 0 0 0 0 1 0 0 0 18 0 18 0 0 0 0 0 0 0 3 0 0 0 7 0 0 0 0 0 0 0 0 0 0 2 19 0 0 0 0 0 0 0 0 0 0 0 0 0 15 0 0 0 
0 0 6 0 0 0 0 0 0 0 0 0 0 0 0 7 0 10 0 0 0 2 13 10 0 0 14 16 3 0 0 0 0 13 0 12 12 16 0 0 0 0 0 11 0 0 0 13 0 0 0 0 0 6 0 19 0 0 1 0 
0 0 0 0 18 0 0 0 0 0 4 14 0 0 0 0 15 0 0 0 0 0 0 0 0 0 0 0 0 0 0 0 0 0 0 0 0 0 6 0 4 0 0 0 0 0 0 0 0 0 0 0 0 0 16 0 0 8 0 0 
2 0 0 0 9 0 0 9 0 0 0 0 0 0 16 7 0 0 0 2 0 0 0 0 0 0 0 0 0 8 0 16 0 0 0 0 0 0 0 0 0 0 0 0 16 0 2 0 17 0 0 0 0 0 0 17 0 0 0 0 
0 0 0 0 0 0 10 0 0 0 0 0 0 0 0 0 0 0 0 0 0 0 1 0 0 0 0 0 0 0 12 0 0 9 18 0 0 0 0 0 18 0 0 0 0 0 0 0 14 0 0 0 0 18 7 0 3 0 0 0 
0 0 0 0 10 0 0 13 0 0 0 0 0 0 0 7 0 0 0 17 0 0 0 0 0 0 0 6 0 0 0 6 0 1 0 0 14 6 10 0 0 0 0 0 0 0 0 0 0 0 0 0 0 0 0 0 8 0 0 3 
0 0 0 0 0 0 0 0 0 17 0 0 0 0 0 0 0 0 0 19 10 0 0 0 0 0 0 0 16 0 0 0 0 0 0 0 0 0 0 0 0 0 0 0 0 0 0 4 0 0 0 0 0 0 0 0 18 0 7 3 
0 0 0 0 0 0 0 0 0 0 0 6 0 8 0 0 0 0 0 0 0 0 0 0 0 0 0 0 0 5 0 0 0 12 16 0 0 0 18 0 0 0 11 0 13 0 15 0 0 0 0 1 0 0 0 6 0 0 0 0 
3 0 0 0 2 0 0 10 1 0 0 0 0 0 0 0 0 4 18 0 0 0 0 0 3 0 0 0 3 0 0 0 0 0 0 5 0 0 0 0 13 14 0 0 0 0 0 0 18 0 0 0 0 0 13 10 0 9 0 7 
0 0 0 0 18 0 11 0 0 0 0 4 0 0 0 7 0 0 0 0 0 0 0 0 0 0 0 0 0 0 0 0 19 6 0 5 0 0 0 0 10 0 0 0 0 0 8 0 0 0 12 0 16 15 0 0 0 0 0 0 
0 0 0 0 0 17 8 0 0 0 14 0 0 0 0 0 0 0 17 0 0 0 0 0 4 0 0 0 0 0 0 0 10 0 0 1 0 0 0 0 11 0 0 0 0 0 0 0 0 0 6 0 0 1 0 0 0 0 18 17 
6 3 14 0 0 0 5 0 0 0 0 0 0 0 0 13 9 7 0 0 7 0 0 0 0 0 0 0 0 0 0 0 0 2 0 7 0 10 10 14 8 0 1 12 0 0 0 17 12 0 0 0 0 0 0 0 0 0 0 0 
0 0 0 0 0 8 0 10 0 0 0 7 11 0 0 6 0 0 0 0 0 0 0 0 0 0 2 0 11 0 0 11 0 0 0 0 0 0 0 0 0 0 19 0 0 7 0 7 12 0 7 0 13 0 1 0 0 0 0 0 
13 0 0 0 6 0 1 0 0 0 0 0 0 0 0 0 0 0 12 0 0 0 0 17 0 0 0 0 0 0 0 0 0 0 0 0 0 0 0 0 0 19 0 0 18 0 0 0 0 0 0 0 0 0 0 0 0 20 0 0 
9 11 0 0 0 0 0 0 0 0 0 0 0 0 0 0 0 11 0 0 0 0 0 0 0 0 0 0 0 0 0 0 14 0 15 0 0 0 0 0 0 4 2 0 11 0 0 0 0 0 15 2 0 0 2 0 0 0 0 0 
5 0 0 0 0 0 0 10 0 0 0 0 0 0 0 0 0 13 0 0 0 0 0 0 7 0 0 0 0 16 8 0 0 0 0 5 0 0 0 0 0 0 0 0 9 0 10 17 0 0 0 0 0 0 0 0 0 0 15 0 
0 0 2 2 0 0 0 13 0 0 0 0 6 0 0 0 0 0 14 0 0 0 0 0 0 0 1 0 0 0 0 0 0 0 0 0 6 0 0 18 7 0 0 0 0 0 0 0 0 12 0 0 4 0 0 0 0 0 0 0 
0 16 0 0 0 12 0 8 12 0 0 10 0 0 0 0 0 0 0 12 0 0 0 1 0 0 17 0 0 0 0 0 0 14 0 0 0 0 0 0 0 0 0 0 0 0 0 0 0 0 0 0 0 0 0 0 11 18 10 2 
16 0 0 0 0 0 0 0 0 0 0 0 18 0 0 0 9 0 0 0 0 0 0 0 0 0 0 15 0 6 3 0 0 0 0 0 0 0 0 0 0 0 8 0 0 0 0 5 0 0 0 0 0 10 0 0 0 0 0 0 
0 0 5 0 0 0 0 0 0 2 0 16 0 0 0 0 0 0 0 0 0 0 0 0 0 0 13 0 0 0 0 14 0 0 17 0 0 3 0 0 0 14 0 2 10 0 0 0 0 0 0 0 11 0 0 0 0 0 0 0 
0 0 0 11 0 0 0 0 0 0 0 15 0 0 0 8 0 1 0 0 0 0 0 0 0 0 0 0 0 0 0 0 0 0 12 0 0 0 14 12 0 0 0 0 0 0 0 20 4 0 0 0 0 0 0 0 0 0 0 0 
0 11 0 0 0 0 0 0 0 0 0 0 0 0 0 0 0 0 0 0 0 0 0 0 0 18 0 4 0 0 14 0 8 18 0 0 0 0 0 0 0 13 0 6 8 0 15 3 0 0 0 6 0 0 18 0 0 0 0 0 
0 0 0 0 0 0 0 0 0 0 0 0 10 0 0 0 0 0 0 0 16 10 0 0 11 0 0 5 0 0 1 13 0 18 0 0 0 10 0 0 13 0 0 0 0 0 0 0 0 0 15 18 0 0 0 0 0 0 0 0 
0 0 0 0 0 0 0 0 0 0 1 17 0 8 0 0 12 0 9 0 0 0 0 0 0 0 0 0 0 0 0 0 0 0 0 0 0 0 0 0 0 0 0 0 0 11 14 0 0 0 0 0 0 0 0 0 0 0 0 15 
0 14 2 0 0 0 0 0 2 9 0 0 0 0 0 0 0 0 0 0 0 0 0 0 16 0 0 0 6 0 2 17 0 0 12 5 0 0 0 0 0 0 0 8 0 0 0 0 0 0 0 0 2 0 0 2 0 0 0 0 
0 0 0 0 0 0 0 0 0 0 0 0 0 3 1 0 0 0 0 16 0 0 8 14 0 0 0 0 1 0 0 4 0 15 4 0 0 16 0 0 0 0 0 0 0 0 0 2 17 0 2 0 0 0 0 0 0 15 0 0 
0 0 0 0 0 10 4 0 3 0 0 0 0 0 0 9 0 0 17 0 0 0 0 0 0 0 0 18 0 0 1 0 0 0 0 0 0 0 17 0 0 0 0 0 0 0 17 0 2 0 0 0 0 0 0 0 0 0 0 0 
0 19 0 0 9 0 0 0 14 0 0 0 0 0 3 0 13 0 1 0 0 0 0 4 0 10 0 0 0 0 0 0 0 0 0 0 0 0 0 0 0 0 0 0 0 0 0 0 0 0 0 0 0 0 0 0 0 0 0 0 
11 0 0 0 0 0 11 1 0 0 0 0 0 0 0 0 0 0 0 9 0 10 0 0 0 0 0 0 0 0 0 0 0 0 13 0 0 0 12 0 0 0 0 0 1 0 0 0 1 0 18 0 0 0 0 0 0 0 0 0 
12 0 12 0 9 0 0 0 0 0 0 0 0 0 0 0 0 9 15 0 0 0 0 0 0 0 0 9 0 0 20 0 0 0 0 0 0 5 0 0 0 0 0 0 0 12 0 0 0 0 0 0 0 1 0 0 0 0 0 0 
0 0 0 0 0 0 0 0 0 0 0 0 0 0 2 5 0 0 0 2 15 0 0 0 19 0 0 0 0 12 0 0 17 0 0 0 0 0 0 0 0 0 0 0 0 0 0 0 0 0 15 0 0 0 0 9 0 0 0 0 
15 0 14 0 0 0 0 0 16 0 0 0 8 0 0 0 0 0 0 0 4 0 15 0 0 0 0 0 15 0 0 16 0 0 0 0 11 0 5 0 0 0 0 13 0 0 0 0 0 0 0 0 0 0 0 0 0 5 0 0 
0 0 0 0 0 1 0 0 0 0 0 0 5 0 5 0 16 0 0 0 0 0 0 0 9 0 0 0 0 0 0 8 16 0 0 0 0 0 0 0 3 18 18 0 2 0 0 0 0 0 0 0 0 0 0 0 0 0 0 0 
0 0 0 2 5 0 18 0 0 0 0 0 0 0 0 14 0 0 0 0 1 0 11 13 16 4 0 0 7 13 0 0 0 0 0 17 0 5 0 0 0 0 0 0 0 0 0 18 0 0 0 0 0 19 0 0 3 11 0 0 
0 0 0 0 0 0 0 0 13 0 0 0 0 0 0 5 0 0 16 0 0 15 0 0 0 0 0 0 0 0 0 0 0 0 0 0 10 0 0 13 0 2 0 0 0 0 0 0 0 16 0 0 0 0 0 0 4 0 0 0 
0 0 0 13 15 0 0 2 0 0 1 0 0 16 13 0 0 0 0 0 16 13 13 0 0 2 0 0 0 0 7 0 5 0 16 0 0 11 0 0 13 0 0 0 0 0 0 0 0 11 0 0 0 0 9 0 0 0 0 0 
0 16 2 16 0 0 0 0 0 0 0 0 0 0 0 0 0 0 0 0 0 0 8 0 0 0 0 0 0 0 0 1 0 0 0 0 0 0 5 15 0 0 0 0 0 0 0 0 0 9 0 0 0 0 2 15 13 0 0 0 
0 0 0 0 0 0 0 0 0 0 0 0 0 9 0 0 0 0 0 15 0 0 0 9 0 0 15 0 0 0 0 16 0 0 0 0 0 0 0 0 0 5 0 16 6 7 0 0 4 0 0 0 0 0 0 0 0 0 0 0 
0 6 0 0 0 0 18 0 0 0 0 0 0 0 0 0 0 0 0 18 0 0 0 0 0 0 0 0 15 0 0 0 0 10 17 0 0 0 0 8 14 0 0 12 0 0 4 0 0 0 9 0 0 6 0 0 16 0 0 0 
0 0 0 0 0 18 0 0 0 0 0 7 0 0 0 0 0 0 0 0 0 0 0 0 0 0 0 0 0 8 0 0 0 18 0 0 4 0 0 0 0 0 18 0 0 5 0 14 0 4 0 0 0 0 0 0 0 9 0 0 
16 0 0 0 0 0 0 0 0 0 0 15 0 0 0 13 0 17 18 15 0 0 0 0 17 0 13 0 0 0 0 0 0 0 0 0 0 0 10 16 0 0 0 0 0 0 0 0 0 7 17 0 0 0 0 18 0 0 0 0 
0 0 16 4 0 0 0 0 4 0 0 0 6 0 0 0 0 0 0 19 0 0 7 0 0 0 0 0 18 0 0 11 0 0 0 0 0 0 4 0 9 0 2 0 0 11 0 0 0 0 0 0 0 3 4 0 0 0 0 0 
0 0 0 0 0 13 13 0 12 17 0 0 0 0 0 0 0 0 0 15 0 0 0 12 0 0 0 0 0 10 0 1 0 0 0 0 0 0 3 0 0 0 0 0 0 0 0 0 0 0 0 0 0 3 0 0 9 16 0 0 
