60

0 0 1 0 1 1 1 1 0 1 0 0 0 0 0 1 0 1 0 0 1 0 1 0 1 1 1 1 1 0 1 1 0 1 0 1 0 1 1 1 0 0 0 1 0 0 0 0 1 1 0 1 1 0 1 1 0 1 0 1 
0 0 1 0 0 1 1 0 0 0 1 1 0 1 1 0 0 1 0 0 1 1 0 0 0 0 0 0 0 1 1 0 0 0 1 1 1 1 1 0 1 1 1 0 0 1 1 1 0 1 0 0 1 1 0 1 0 0 0 1 
1 1 0 0 0 0 1 1 1 0 1 0 0 1 0 0 0 1 1 1 0 0 1 0 1 0 0 1 1 0 1 1 1 1 1 1 0 0 0 0 1 1 1 1 1 0 1 1 0 0 1 1 0 0 1 1 0 0 1 1 
0 0 0 0 0 1 1 1 0 1 0 1 1 1 1 1 0 0 0 0 0 0 1 0 0 1 1 1 1 0 0 0 0 1 1 1 1 1 0 0 0 1 1 1 1 0 1 1 1 0 0 1 1 0 1 1 1 1 0 1 
1 0 0 0 0 1 1 0 1 1 0 1 0 1 1 0 0 0 0 1 1 1 1 0 1 0 0 1 1 0 1 0 1 0 0 0 0 1 1 0 1 0 0 0 1 0 1 1 0 0 1 0 1 1 1 1 0 0 0 1 
1 1 0 1 1 0 0 1 1 0 1 0 0 1 1 1 1 1 1 1 1 0 1 1 1 0 0 1 1 0 1 1 1 1 1 0 1 1 1 1 1 1 0 0 0 0 0 1 1 0 0 1 0 0 1 1 0 0 0 1 
1 1 1 1 1 0 0 1 0 0 1 1 0 1 1 1 1 1 1 1 1 0 1 0 1 1 0 1 0 0 0 1 0 0 1 1 0 0 1 1 0 0 1 1 1 1 0 1 0 1 1 1 1 0 0 0 0 0 1 0 
1 0 1 1 0 1 1 0 0 0 0 0 1 0 0 0 0 0 1 1 1 0 1 1 1 0 1 1 0 0 0 1 0 1 0 0 0 0 1 0 0 0 0 0 0 1 1 0 1 0 0 0 1 1 0 1 1 1 0 1 
0 0 1 0 1 1 0 0 0 1 0 1 1 1 0 1 1 0 1 0 0 0 0 0 1 1 1 0 0 1 0 1 0 0 1 0 1 1 1 0 0 0 0 1 0 0 0 0 1 0 1 1 1 1 0 0 0 0 1 1 
1 0 0 1 1 0 0 0 1 0 1 1 1 0 1 0 1 0 0 1 0 0 0 0 0 0 1 1 0 0 0 0 0 0 1 0 1 1 0 1 0 1 1 0 1 0 1 1 1 1 0 0 1 1 0 0 0 1 1 1 
0 1 1 0 0 1 1 0 0 1 0 0 1 0 1 0 0 1 1 0 0 1 0 0 0 0 1 1 1 1 1 0 1 1 0 1 1 1 0 1 1 0 0 1 0 0 0 0 0 1 1 0 1 1 0 1 1 0 0 1 
0 1 0 1 1 0 1 0 1 1 0 0 0 0 0 1 1 1 1 1 0 0 0 0 0 1 0 1 0 1 0 0 0 1 1 1 0 0 0 1 0 1 1 1 0 1 1 1 1 1 1 0 0 0 0 1 1 1 1 0 
0 0 0 1 0 0 0 1 1 1 1 0 0 1 0 1 0 1 0 1 1 0 1 1 1 1 1 0 0 1 1 1 1 0 0 1 0 0 0 0 1 0 1 1 1 0 1 1 0 0 1 0 1 0 1 1 1 1 0 1 
0 1 1 1 1 1 1 0 1 0 0 0 1 0 0 1 0 1 0 1 1 1 0 1 0 0 1 1 0 0 0 0 0 1 0 0 1 0 1 0 0 0 0 1 0 1 0 0 0 0 1 0 1 1 0 1 1 0 0 0 
0 1 0 1 1 1 1 0 0 1 1 0 0 0 0 1 1 0 0 1 1 0 0 1 1 0 1 1 1 0 1 1 0 0 0 0 1 1 0 0 0 0 1 1 0 1 1 0 1 0 1 1 0 0 1 1 1 1 0 0 
1 0 0 1 0 1 1 0 1 0 0 1 1 1 1 0 0 1 1 1 0 0 1 0 1 1 1 1 0 0 1 0 0 0 0 1 1 0 1 1 1 0 1 1 0 1 0 1 1 1 1 0 1 1 0 0 1 0 1 1 
0 0 0 0 0 1 1 0 1 1 0 1 0 0 1 0 0 0 0 1 1 1 0 1 0 1 0 0 0 1 1 1 0 1 1 1 0 0 1 1 1 0 1 1 0 1 1 1 1 0 0 0 1 1 1 0 0 0 1 1 
1 1 1 0 0 1 1 0 0 0 1 1 1 1 0 1 0 0 1 0 0 0 1 1 1 0 1 1 1 1 0 1 1 0 0 1 0 0 1 0 1 1 1 0 0 1 0 1 0 1 1 0 1 1 0 0 0 1 1 1 
0 0 1 0 0 1 1 1 1 0 1 1 0 0 0 1 0 1 0 1 0 0 1 1 0 1 1 0 0 1 0 0 1 1 0 1 1 1 1 0 1 1 1 1 0 1 1 1 0 0 0 0 0 1 0 0 0 1 0 1 
0 0 1 0 1 1 1 1 0 1 0 1 1 1 1 1 1 0 1 0 0 0 1 0 0 0 0 0 1 0 0 1 0 0 1 1 0 0 1 0 0 1 1 0 0 1 1 1 0 1 0 0 0 1 0 1 1 0 0 1 
1 1 0 0 1 1 1 1 0 0 0 0 1 1 1 0 1 0 0 0 0 1 0 1 1 1 1 1 0 1 1 0 0 0 1 1 0 0 0 0 1 0 0 1 0 0 1 0 0 0 1 0 1 1 0 0 1 0 1 1 
0 1 0 0 1 0 0 0 0 0 1 0 0 1 0 0 1 0 0 0 1 0 1 1 0 1 0 1 0 1 1 1 1 0 1 0 0 1 0 1 0 1 0 1 1 0 1 1 1 1 0 1 1 0 1 1 1 0 1 1 
1 0 1 1 1 1 1 1 0 0 0 0 1 0 0 1 0 1 1 1 0 1 0 0 1 0 1 0 0 1 1 1 0 0 0 0 1 1 0 1 0 1 1 0 0 0 1 0 1 1 1 0 0 0 0 0 0 0 0 1 
0 0 0 0 0 1 0 1 0 0 0 0 1 1 1 0 1 1 1 0 1 1 0 0 1 0 0 0 0 0 0 1 0 1 0 0 0 1 1 1 1 1 1 1 1 1 1 1 1 1 1 0 1 1 1 1 1 1 0 0 
1 0 1 0 1 1 1 1 1 0 0 0 1 0 1 1 0 1 0 0 1 0 1 1 0 1 1 0 0 1 0 1 1 1 0 1 1 0 1 0 0 1 0 0 1 1 1 0 0 1 1 0 0 1 0 1 1 1 0 1 
1 0 0 1 0 0 1 0 1 0 0 1 1 0 0 1 1 0 1 0 1 1 0 0 1 0 0 0 0 1 0 1 1 0 1 0 0 1 1 0 1 1 0 1 1 1 0 1 1 0 0 0 1 0 1 1 0 0 0 0 
1 0 0 1 0 0 0 1 1 1 1 0 1 1 1 1 0 1 1 0 1 0 1 0 1 0 0 1 0 1 0 0 0 1 0 0 0 1 1 0 0 1 0 1 1 0 0 0 0 0 1 0 0 0 1 0 1 0 1 0 
1 0 1 1 1 1 1 1 0 1 1 1 0 1 1 1 0 1 0 0 1 1 0 0 0 0 1 0 1 1 0 1 1 1 0 1 1 0 0 0 0 1 0 0 1 0 1 0 1 0 0 0 0 1 0 0 1 0 0 0 
1 0 1 1 1 1 0 0 0 0 1 0 0 0 1 0 0 1 0 1 0 0 0 0 0 0 0 1 0 0 0 1 0 1 1 0 0 0 1 1 0 1 1 0 0 1 1 0 1 0 0 0 1 1 0 1 1 1 0 1 
0 1 0 0 0 0 0 0 1 0 1 1 1 0 0 0 1 1 1 0 1 1 1 0 1 1 1 1 0 0 0 0 0 0 0 1 0 1 0 0 0 0 0 1 1 1 1 0 1 1 1 0 1 1 0 1 1 1 0 1 
1 1 1 0 1 1 0 0 0 0 1 0 1 0 1 1 1 0 0 0 1 1 1 0 0 0 0 0 0 0 0 1 0 0 1 1 0 1 0 0 0 1 1 1 0 1 0 1 0 0 1 1 0 0 0 0 0 1 1 0 
1 0 1 0 0 1 1 1 1 0 0 0 1 0 1 0 1 1 0 1 0 1 1 1 1 1 0 1 1 0 1 0 1 0 1 1 1 1 1 0 0 1 0 1 0 1 0 1 1 1 0 1 1 0 1 1 1 1 0 0 
0 0 1 0 1 1 0 0 0 0 1 0 1 0 0 0 0 1 1 0 0 1 0 0 1 1 0 1 0 0 0 1 0 1 1 1 1 0 1 1 0 1 1 1 0 0 1 0 0 0 0 0 1 1 0 0 0 1 1 1 
1 0 1 1 0 1 0 1 0 0 1 1 0 1 0 0 1 0 1 0 0 0 0 1 1 0 1 1 1 0 0 0 1 0 0 1 0 1 0 0 1 0 0 0 1 1 1 0 1 1 1 1 1 0 0 0 1 1 0 1 
0 1 1 1 0 1 1 0 1 1 0 1 0 0 0 0 1 0 0 1 1 1 0 0 0 1 0 0 1 0 1 1 1 0 0 1 0 0 0 0 0 1 0 1 0 0 0 0 0 1 1 0 0 0 1 1 0 0 0 0 
1 1 1 1 0 0 1 0 0 0 1 1 1 0 0 1 1 1 1 1 1 0 0 0 1 0 0 1 0 1 1 1 1 1 1 0 1 0 0 0 1 1 0 0 0 1 1 1 1 1 0 0 1 0 0 0 1 0 1 1 
0 1 0 1 0 1 0 0 1 1 1 0 0 1 1 1 0 0 1 0 0 0 1 0 1 0 0 1 0 0 0 1 1 0 0 1 0 1 0 1 1 0 0 0 0 1 0 1 0 0 0 1 0 1 0 1 1 0 0 0 
1 1 0 1 1 1 0 0 1 1 1 0 0 0 1 0 0 0 1 0 0 1 1 1 0 1 1 0 0 1 1 1 0 1 0 0 1 0 0 1 0 0 0 1 1 1 0 1 0 1 0 0 1 1 1 0 1 0 0 1 
1 1 0 0 1 1 1 1 1 0 0 0 0 1 0 1 1 1 1 1 0 0 0 1 1 1 1 0 1 0 0 1 1 0 0 0 0 0 0 1 1 0 0 1 0 1 0 1 0 1 0 1 1 1 1 1 1 0 1 0 
1 0 0 0 0 1 1 0 0 1 1 1 0 0 0 1 1 0 0 0 0 1 1 1 0 0 0 0 1 0 0 0 1 0 0 0 1 1 1 0 1 1 0 0 1 1 1 0 0 1 1 1 0 1 0 0 0 0 0 1 
0 1 1 0 1 1 0 0 0 0 1 0 1 0 0 1 1 1 1 0 1 0 0 1 0 1 0 0 0 0 0 0 0 1 0 1 1 0 1 1 0 0 0 0 1 0 1 0 1 0 0 1 1 0 1 0 0 1 0 0 
0 1 1 1 0 1 0 0 0 1 0 1 0 0 0 0 0 1 1 1 0 1 1 1 1 1 1 1 1 0 1 1 1 0 1 1 0 0 0 1 0 0 0 0 1 1 1 1 1 0 0 0 0 0 1 1 0 0 0 1 
0 1 1 1 0 0 1 0 0 1 0 1 1 0 1 1 1 1 1 1 0 0 1 1 0 0 0 0 1 0 1 0 1 0 0 0 0 0 0 0 0 0 0 0 1 1 1 0 0 0 0 1 0 1 0 0 0 0 0 0 
1 0 1 1 0 0 1 0 1 0 1 1 1 1 1 1 1 0 1 0 1 1 0 1 0 1 1 0 0 1 1 1 1 0 1 0 0 1 1 0 0 0 0 0 1 0 0 0 1 0 0 1 0 0 1 1 1 0 1 1 
0 0 1 1 1 0 1 0 0 1 0 0 1 0 0 0 0 0 0 0 0 1 0 1 1 1 1 1 0 1 0 0 0 1 0 0 0 1 0 1 1 1 1 1 0 0 0 1 0 0 0 1 1 1 1 1 1 0 1 0 
0 1 0 0 0 0 1 1 0 0 0 1 0 1 1 1 1 1 1 1 0 0 0 1 1 1 0 0 1 1 1 1 0 1 0 1 1 1 1 1 0 1 1 0 0 0 1 0 0 0 1 0 0 1 1 0 0 1 1 0 
0 1 1 1 1 0 0 1 0 1 0 1 1 0 1 0 1 0 1 1 1 1 1 1 1 0 0 1 1 1 0 0 1 1 0 1 0 0 0 1 1 1 1 0 0 1 0 0 0 1 0 1 0 0 0 0 1 0 0 0 
0 1 1 1 1 1 1 0 0 1 0 1 1 0 0 1 1 1 1 1 0 1 0 1 0 1 0 0 0 0 1 1 0 0 0 1 1 1 1 0 0 1 0 0 1 0 0 0 1 0 1 1 1 1 0 0 0 0 0 0 
1 0 0 1 0 1 0 1 1 1 0 1 0 0 1 1 1 0 0 0 0 1 1 1 0 1 0 1 1 1 0 1 0 1 0 1 0 0 0 0 1 1 0 1 0 0 0 1 0 1 0 1 0 0 1 0 0 1 1 0 
1 1 0 0 0 0 1 0 0 1 1 1 0 0 0 1 0 1 0 1 0 1 1 1 1 0 0 0 0 1 0 1 0 1 1 1 0 1 1 1 0 0 0 0 0 0 1 0 1 0 0 1 1 1 0 0 1 0 0 0 
0 0 1 0 1 0 1 0 1 0 1 1 1 1 1 1 0 1 0 0 1 0 1 1 1 0 1 0 0 1 1 0 0 1 1 0 0 0 0 1 0 0 0 0 0 1 0 1 0 0 0 1 1 1 1 0 1 0 1 1 
1 0 1 1 0 1 1 0 1 0 0 0 0 0 1 0 0 0 0 0 0 1 0 0 0 0 0 0 0 0 1 1 0 1 0 0 1 0 1 1 1 0 1 1 1 0 1 1 1 1 1 0 0 0 0 1 1 1 0 1 
1 1 0 1 1 0 1 1 1 1 1 0 1 1 0 1 1 1 0 0 1 1 0 1 0 1 0 0 1 1 0 1 1 1 0 1 0 1 1 0 1 0 0 0 1 0 0 1 0 1 1 0 0 0 1 0 0 1 0 0 
0 1 0 0 1 0 0 1 1 1 1 0 0 1 0 1 1 1 1 1 1 0 0 1 1 0 0 1 1 1 0 0 1 0 0 0 1 1 1 1 0 0 1 0 1 1 0 1 0 1 1 0 0 0 0 0 0 0 1 0 
1 0 1 1 1 1 0 0 0 0 0 0 1 0 1 0 1 0 0 0 0 1 0 1 0 1 1 0 0 0 0 1 0 0 1 0 0 1 1 0 1 1 0 1 1 1 0 0 1 0 1 0 1 0 0 1 0 0 1 1 
1 1 1 1 1 1 0 1 0 0 1 1 1 1 1 0 0 0 0 1 0 1 0 1 1 1 0 0 1 1 0 1 0 0 1 0 1 0 1 0 0 1 0 1 1 0 0 0 0 0 0 1 0 0 1 0 1 0 0 0 
0 0 0 1 0 0 0 1 0 0 1 1 1 1 1 1 0 0 0 1 1 1 0 1 1 0 1 1 1 1 0 1 0 1 0 1 1 1 1 0 0 0 0 1 1 0 1 0 0 1 1 1 0 0 0 1 0 1 1 0 
1 0 0 1 0 0 0 1 0 1 0 1 1 0 1 0 0 1 1 0 0 0 0 1 1 0 0 0 1 1 1 1 1 1 0 0 0 0 0 0 1 0 0 0 0 1 0 0 1 0 0 1 1 0 0 0 1 0 1 0 
0 0 1 0 0 0 1 0 1 1 0 1 0 0 0 1 1 1 0 0 1 1 0 0 0 0 1 0 0 0 1 0 1 0 0 1 0 0 1 0 0 0 0 1 1 1 0 0 1 0 1 0 0 1 1 0 1 1 0 0 
1 1 1 1 1 1 0 1 1 1 1 0 1 0 0 1 1 1 1 1 1 1 1 0 1 0 0 0 1 1 0 0 1 1 0 1 0 1 0 1 0 1 0 1 0 0 0 0 0 0 1 1 0 0 1 0 0 0 0 0 

0 6 0 0 0 0 14 13 0 0 0 0 0 16 0 0 0 0 0 0 0 0 6 0 0 0 0 13 0 21 0 0 0 0 0 0 0 0 0 4 0 0 0 11 0 8 0 0 0 0 1 0 0 0 4 0 0 0 0 0 
0 0 18 0 0 0 0 2 0 7 0 0 0 18 0 0 16 0 0 0 0 0 0 0 4 0 0 0 0 0 0 0 5 0 0 0 6 1 0 13 8 0 0 0 0 0 0 0 0 11 0 22 0 0 0 0 7 0 0 17 
0 0 0 0 0 0 2 0 0 0 0 20 0 4 0 0 0 0 0 0 0 0 0 4 0 0 0 0 0 0 6 0 0 0 0 0 0 0 0 0 0 0 0 0 0 0 0 0 5 0 0 0 14 20 0 0 0 0 0 16 
0 0 0 0 20 0 1 0 14 0 0 1 0 0 0 0 0 0 0 0 0 0 17 0 0 0 0 0 0 0 4 0 0 0 0 11 0 0 0 0 0 0 0 0 0 0 0 0 0 0 0 15 0 0 0 0 0 19 7 3 
14 0 0 0 0 0 0 0 0 15 0 0 0 0 0 0 0 0 3 0 0 0 0 0 0 3 0 0 20 0 0 0 0 0 0 0 0 0 0 0 0 0 6 0 17 0 11 0 18 0 0 0 2 0 0 0 0 0 0 0 
0 8 0 0 0 0 0 0 0 0 0 0 0 0 0 0 0 0 0 0 0 17 0 0 0 0 0 0 0 6 0 0 0 0 0 2 0 0 0 0 0 0 0 0 2 11 2 0 0 15 0 0 0 0 0 0 0 0 0 0 
0 1 0 0 0 0 0 9 0 0 0 0 8 0 5 0 8 0 0 0 0 6 0 0 0 0 0 13 0 0 0 0 0 0 11 0 0 0 0 18 0 0 0 0 0 0 0 1 8 0 0 6 0 0 0 0 0 0 0 14 
0 0 0 0 0 0 0 0 0 0 0 1 0 0 0 0 0 0 18 19 0 0 0 0 0 2 0 13 9 0 0 0 18 0 0 0 0 3 0 0 0 0 9 15 0 0 0 0 0 0 0 20 0 0 0 0 0 14 19 0 
0 1 0 0 0 0 0 2 0 6 20 0 0 12 16 11 0 0 0 0 0 0 0 0 0 0 0 0 10 9 0 8 0 0 0 0 0 0 4 0 0 13 0 0 0 16 0 20 0 9 8 0 0 0 0 0 1 0 0 0 
6 0 0 0 0 0 0 0 0 0 0 0 18 0 11 2 0 0 0 0 0 4 0 6 0 0 0 0 0 0 0 14 0 0 0 0 0 0 0 0 0 0 0 0 0 0 0 0 0 0 0 0 0 0 1 6 0 0 11 0 
16 0 0 0 0 0 0 0 0 5 0 0 0 0 0 0 0 12 20 0 18 22 0 0 0 0 0 0 0 5 0 0 0 0 0 0 0 0 0 0 1 0 0 0 7 0 0 0 0 13 18 0 0 0 10 0 0 0 0 0 
0 0 0 0 0 0 0 0 0 22 0 0 14 0 0 0 0 0 0 10 16 13 14 0 0 0 0 0 0 0 0 0 13 0 10 4 0 0 0 18 0 0 0 0 0 0 21 5 0 0 0 0 0 0 0 0 0 0 0 5 
0 0 0 0 0 0 0 0 0 0 0 17 0 0 0 0 0 0 12 0 0 0 0 0 20 0 16 0 0 0 0 0 0 0 0 0 0 0 20 0 0 0 0 0 0 0 0 0 0 0 0 0 9 0 0 0 10 0 0 0 
0 0 14 0 0 0 0 0 0 0 16 0 0 0 0 0 0 0 0 0 0 0 0 2 0 0 0 0 0 13 0 0 5 0 16 15 0 0 20 0 0 0 0 0 0 11 0 0 0 0 0 0 0 0 0 0 0 0 9 17 
11 21 0 0 1 0 19 0 20 0 0 0 0 0 0 0 0 0 0 0 0 0 0 19 0 0 0 0 0 19 0 0 10 2 0 19 0 17 0 10 0 0 0 19 0 0 8 0 14 0 16 0 0 0 0 0 0 0 10 0 
15 0 0 0 0 0 0 0 0 0 0 0 0 0 0 0 0 0 0 0 0 10 0 0 0 0 0 0 0 0 15 0 0 0 0 7 1 0 0 0 0 0 0 6 0 0 20 0 0 0 0 0 0 6 0 9 0 0 0 18 
0 0 9 0 0 15 0 0 0 15 0 0 0 0 0 0 0 0 0 0 0 0 0 0 0 0 0 0 0 0 0 0 0 0 0 0 0 0 7 0 0 0 0 0 0 0 0 0 17 0 0 0 0 0 0 2 0 0 11 0 
0 0 0 0 0 0 0 0 0 0 0 0 4 0 0 0 0 0 0 0 0 0 0 0 0 12 0 2 0 0 16 0 0 0 0 0 0 0 0 0 0 0 2 0 0 0 0 22 0 0 0 0 0 7 0 1 0 6 2 0 
0 0 0 0 0 0 0 4 0 0 2 10 0 0 0 0 0 0 0 0 0 0 0 0 0 0 0 0 0 0 0 6 0 18 0 0 0 0 0 0 0 2 0 0 0 0 19 0 0 0 0 6 0 0 0 0 0 0 0 0 
0 0 0 19 0 0 13 0 0 0 0 0 0 0 0 8 0 0 0 0 0 0 0 0 0 0 2 0 0 0 0 0 0 0 0 0 9 0 7 0 0 0 0 0 0 0 15 0 19 0 0 0 0 0 0 12 0 0 3 0 
0 0 13 6 0 0 0 0 0 0 14 0 0 0 0 0 0 0 0 0 0 0 17 0 0 5 0 0 0 0 18 20 0 0 0 0 6 0 1 0 0 0 0 0 0 0 8 0 0 0 21 0 0 0 0 0 0 0 1 0 
17 0 0 0 0 0 0 0 0 0 0 0 6 3 0 0 0 17 0 0 0 0 2 0 0 0 16 0 0 0 18 0 0 0 0 0 0 0 0 0 0 0 0 0 16 0 0 9 0 0 0 0 0 0 0 0 0 0 11 0 
0 0 0 0 0 0 0 0 0 0 0 0 0 0 0 0 0 0 0 0 0 0 0 0 0 0 0 0 0 0 0 0 7 0 0 0 0 0 0 15 0 0 0 0 0 0 19 0 0 0 9 0 0 0 0 0 0 1 0 0 
0 0 0 0 0 0 0 0 0 0 0 0 8 0 0 0 2 0 0 0 0 0 12 0 0 0 0 0 0 0 0 0 0 0 3 0 0 0 0 0 0 2 0 0 0 18 0 0 14 0 0 0 21 0 0 0 0 0 0 0 
0 0 0 0 0 0 0 17 0 0 0 0 15 0 0 0 0 0 0 0 5 0 0 0 0 0 18 15 0 0 0 0 0 0 0 0 11 0 0 0 0 0 0 0 0 0 0 0 1 13 0 4 0 0 0 0 1 0 0 0 
0 0 0 0 0 0 0 0 16 13 0 0 0 0 15 0 15 1 0 0 0 0 0 0 0 0 0 0 0 0 0 0 0 0 0 0 0 0 0 0 8 0 0 0 0 13 0 0 5 0 0 0 0 0 0 0 0 0 17 0 
0 0 0 0 0 19 0 0 0 0 7 0 0 0 0 0 0 0 0 8 0 0 0 0 12 0 0 16 0 0 0 9 0 0 0 0 0 0 0 0 0 0 5 0 0 9 0 0 0 12 0 0 0 0 0 16 0 0 0 14 
0 0 0 0 0 0 0 8 0 16 0 0 0 0 8 0 0 0 0 0 0 0 0 0 0 0 19 0 10 13 0 0 0 0 0 0 0 0 0 0 0 0 0 4 0 17 0 0 0 0 0 0 0 0 0 0 0 0 0 0 
0 11 8 0 0 0 0 0 0 0 0 0 0 0 9 0 0 15 0 0 0 0 0 0 0 10 10 0 0 0 17 0 0 0 0 0 12 0 0 0 8 0 1 0 0 0 0 0 0 0 0 0 9 0 0 0 0 0 0 0 
0 0 0 0 0 18 0 0 0 17 0 0 0 0 0 0 0 12 0 0 0 0 0 0 3 0 0 0 0 0 0 0 0 12 0 0 0 0 18 0 0 0 0 5 0 0 5 0 0 0 0 8 0 0 0 0 0 0 0 0 
0 0 0 0 0 0 0 0 0 0 0 0 0 0 0 0 0 3 0 0 0 0 4 0 0 0 0 4 0 0 0 12 0 0 0 2 2 0 15 0 0 0 0 0 0 18 0 0 0 0 12 12 0 6 0 0 0 10 0 0 
9 0 0 0 0 0 0 0 0 0 0 0 0 0 20 20 0 4 0 0 0 0 0 0 0 0 0 15 0 9 0 0 0 0 0 6 5 0 0 0 0 15 0 0 0 0 0 0 0 0 0 0 14 0 0 16 0 0 0 0 
0 0 0 0 0 0 0 0 0 6 4 0 17 0 0 0 11 15 0 0 0 11 0 0 0 0 0 0 0 0 0 16 0 18 0 0 0 0 0 0 0 0 0 0 0 0 0 0 0 2 0 0 0 6 0 0 5 0 0 17 
0 0 5 0 0 0 0 0 0 0 0 0 0 15 0 0 0 0 0 0 0 0 0 0 1 0 0 0 0 0 0 0 0 0 0 10 0 4 0 0 7 17 0 4 0 0 0 0 0 0 0 9 19 0 0 18 16 0 0 0 
0 0 0 0 0 0 0 0 0 0 0 0 0 0 0 4 17 0 13 0 0 0 0 15 6 0 11 18 0 0 0 14 2 0 0 0 0 4 0 0 0 11 0 3 0 0 18 0 0 19 0 0 0 0 0 3 4 12 0 0 
0 0 0 0 0 0 0 0 0 9 14 0 0 0 0 2 0 20 7 0 0 0 0 0 0 0 0 2 0 0 0 0 0 10 0 0 0 0 0 0 0 0 0 0 2 19 2 0 0 7 0 7 0 4 0 0 8 11 0 0 
0 0 0 0 0 0 0 0 0 2 0 2 0 7 14 6 0 0 0 0 0 0 0 15 7 0 0 0 14 0 0 0 7 0 0 0 0 0 4 0 0 0 0 0 0 0 0 0 0 0 0 0 19 0 15 0 0 0 0 0 
0 0 0 0 0 12 17 0 0 14 0 0 0 17 0 0 0 0 11 0 0 0 0 0 0 0 0 0 0 0 0 0 0 0 0 0 0 0 0 0 0 0 0 0 0 6 0 0 0 0 0 10 10 5 0 0 0 0 0 0 
0 0 0 0 0 0 0 0 0 14 9 0 0 0 0 2 13 0 3 0 0 0 0 0 0 0 0 0 0 0 0 0 0 0 0 0 0 0 0 0 0 0 19 9 0 0 0 0 0 0 0 0 0 0 0 0 0 18 0 0 
0 0 0 0 0 0 0 13 0 0 0 0 0 9 0 0 4 0 0 0 0 8 2 0 8 0 0 20 0 0 0 0 0 0 0 0 0 0 0 0 0 0 0 0 9 0 0 0 4 0 0 16 0 0 0 0 0 0 0 1 
0 0 0 20 0 0 0 0 0 12 0 0 0 0 6 0 0 0 0 0 0 0 0 0 0 0 0 0 0 17 18 0 0 0 2 0 0 0 20 0 0 0 0 0 0 0 14 0 0 20 2 1 0 0 0 0 0 0 1 0 
0 0 0 7 0 2 9 0 1 0 0 0 0 0 0 0 0 9 0 0 0 0 0 20 0 0 0 0 0 0 0 0 0 0 0 5 0 0 6 0 0 0 0 7 0 0 0 0 0 0 0 19 0 0 0 7 1 8 16 21 
0 0 0 0 0 0 0 0 0 0 0 0 0 0 18 0 0 0 0 10 0 0 0 0 0 0 0 3 0 0 0 0 0 0 0 0 0 5 0 0 16 1 0 16 0 0 0 0 0 20 0 0 0 0 0 0 0 0 8 0 
0 0 1 0 0 0 0 0 0 0 0 0 0 0 13 5 0 0 7 15 12 0 0 0 0 0 0 14 13 0 5 0 1 0 0 0 0 3 0 0 19 0 0 0 0 0 0 13 0 0 0 0 0 0 4 0 0 4 5 0 
0 0 18 0 0 0 0 0 0 0 0 0 8 0 3 0 0 0 0 0 0 5 0 0 19 0 19 0 0 0 0 0 0 0 0 0 14 0 0 0 0 0 6 0 0 0 17 0 3 0 0 0 0 0 0 0 0 0 0 0 
0 12 0 0 0 16 0 0 0 0 0 17 0 0 0 18 0 0 0 0 0 13 0 0 0 0 0 0 0 0 0 0 0 0 0 0 0 0 2 0 0 0 0 0 0 0 0 0 0 12 0 6 0 0 0 0 0 0 6 0 
0 0 0 3 9 0 0 0 0 7 13 0 13 0 3 0 15 0 0 0 0 0 0 12 0 0 0 9 0 0 0 0 0 16 0 0 0 0 19 17 0 0 0 17 0 0 0 0 15 0 0 1 16 3 0 0 7 0 0 0 
16 5 0 0 12 6 0 20 0 4 0 0 0 3 0 0 0 0 9 0 0 0 0 0 0 0 0 0 0 0 0 0 0 0 0 4 0 1 0 0 0 0 12 0 0 13 0 0 0 15 0 0 16 6 2 0 0 0 0 0 
0 0 0 0 10 0 13 0 0 9 0 0 0 0 13 0 0 0 2 0 0 0 0 3 0 5 0 0 0 0 0 0 0 0 0 0 0 0 16 19 0 21 0 0 12 0 0 0 0 1 0 0 0 0 0 4 12 0 0 0 
0 0 0 0 0 0 0 1 0 0 17 0 5 0 0 0 0 0 0 0 0 0 12 0 0 18 13 0 1 0 0 18 0 0 0 0 0 0 0 0 0 0 0 0 0 10 0 0 10 0 0 0 0 0 0 10 0 0 0 0 
0 16 0 0 0 2 0 0 0 0 0 0 10 0 0 0 0 0 19 1 0 0 16 0 0 0 0 0 0 0 9 18 0 0 0 0 0 0 0 0 1 0 19 0 4 0 0 0 0 0 0 9 0 0 0 0 6 0 0 0 
11 0 0 0 0 0 0 0 0 0 0 0 0 12 0 0 4 0 0 0 16 17 0 0 0 0 0 0 0 0 0 0 0 0 0 0 0 0 0 0 0 3 1 5 0 0 6 0 0 0 0 0 0 0 0 0 0 0 0 0 
0 0 0 7 0 0 0 0 0 0 0 0 0 0 7 4 0 4 0 0 0 0 0 2 4 0 0 0 0 0 0 0 0 0 0 0 13 0 8 0 5 0 0 0 0 19 0 0 0 0 0 0 0 0 0 0 0 0 17 0 
9 0 0 0 0 0 0 0 12 0 21 0 5 0 0 0 5 8 3 13 0 0 0 0 0 0 0 0 0 0 0 0 0 0 0 0 0 15 0 0 8 0 0 12 0 0 0 0 0 0 0 0 0 0 0 0 0 0 0 16 
0 0 1 0 2 0 19 0 0 0 0 0 0 0 0 0 0 0 0 18 0 0 9 0 13 0 18 0 0 2 0 0 0 20 14 0 0 0 0 0 0 0 0 0 0 0 0 0 0 0 0 0 0 0 0 17 0 0 0 1 
0 0 0 0 0 0 0 0 0 0 0 8 0 0 0 10 0 0 0 0 18 0 0 0 0 1 0 0 0 0 2 1 0 0 15 0 0 16 16 0 0 0 0 11 0 0 13 0 16 0 15 20 0 0 11 0 0 0 0 0 
0 0 8 0 0 9 0 0 0 0 0 0 13 0 0 0 0 0 0 0 0 0 0 0 0 0 0 0 19 0 16 8 0 16 0 0 0 0 3 0 0 0 0 0 3 16 0 0 2 0 0 10 0 0 0 0 0 0 0 19 
9 0 0 0 0 0 0 0 4 0 0 0 0 0 0 0 13 0 0 0 0 0 0 0 0 12 0 0 0 1 0 0 0 1 0 17 0 0 0 0 0 0 0 0 0 0 0 22 0 0 9 0 0 6 0 0 0 0 16 0 
0 0 0 0 0 0 0 13 0 0 0 0 0 0 0 12 0 0 3 6 0 0 0 0 0 0 0 0 0 6 0 0 13 0 3 0 0 0 11 0 0 0 0 0 0 0 0 15 0 0 0 19 0 0 0 0 0 0 0 0 
0 0 0 0 0 0 10 0 0 0 0 0 0 0 0 22 0 0 0 18 6 0 0 0 0 0 0 0 0 16 3 0 0 0 0 0 0 0 0 0 0 0 0 0 0 0 0 0 0 0 0 0 14 4 0 0 13 14 0 0 
