60

0 1 0 1 0 1 0 1 0 0 0 0 0 0 1 0 1 0 0 1 0 0 1 0 0 0 1 0 0 0 1 0 1 0 0 1 1 1 0 0 1 0 0 1 1 0 0 0 0 0 1 0 0 1 0 0 0 0 0 0 
1 0 0 0 0 0 0 1 0 0 0 1 0 0 0 1 1 0 0 0 0 0 0 0 0 0 1 0 0 1 1 0 1 1 0 0 0 1 0 0 1 0 0 0 0 1 1 0 1 0 0 0 0 0 0 0 0 1 1 0 
0 0 0 0 0 0 0 0 1 0 1 0 0 0 0 0 0 0 0 0 0 0 0 0 1 0 1 0 1 0 1 1 1 0 1 1 0 0 0 0 0 0 0 0 0 0 0 1 0 1 1 1 0 1 0 0 0 0 0 0 
1 0 0 0 0 0 0 0 0 0 0 0 1 1 0 0 0 0 0 0 0 0 0 1 0 0 0 1 0 0 1 0 0 0 0 0 0 0 0 1 0 0 0 0 0 0 1 1 0 0 0 0 0 1 0 0 1 0 0 0 
0 0 0 0 0 1 0 0 1 1 0 1 0 0 0 0 1 1 0 0 1 1 1 0 1 1 0 0 0 1 1 0 0 0 0 0 1 0 1 0 0 0 0 0 0 0 0 0 1 0 0 0 0 0 1 0 1 0 0 0 
1 0 0 0 1 0 0 0 0 1 0 0 0 0 1 0 0 0 0 0 1 1 1 0 0 1 0 0 0 0 1 0 1 0 1 1 0 1 0 0 1 0 0 0 0 0 0 1 0 0 1 0 1 1 1 0 0 1 1 0 
0 0 0 0 0 0 0 0 1 0 1 1 1 0 0 0 1 0 0 0 1 0 1 0 0 0 1 0 0 0 1 0 0 0 1 0 1 0 0 0 0 1 0 0 0 0 0 0 0 0 0 0 0 0 0 0 0 1 1 0 
1 1 0 0 0 0 0 0 0 1 0 0 0 0 0 0 0 0 0 1 0 1 1 1 0 0 0 0 0 0 0 0 0 0 0 1 1 0 1 0 0 1 0 1 0 0 0 0 1 1 0 0 0 1 1 1 0 1 0 0 
0 0 1 0 1 0 1 0 0 0 0 0 0 0 1 0 0 0 1 0 0 1 0 1 0 1 1 1 0 1 0 0 0 1 0 1 0 0 0 0 0 1 0 1 0 0 0 0 0 0 1 0 0 1 0 0 0 0 0 1 
0 0 0 0 1 1 0 1 0 0 0 0 1 0 0 1 0 0 0 1 0 1 1 1 0 0 0 0 0 0 1 0 0 0 0 0 0 1 0 0 1 1 0 0 1 0 1 0 0 1 1 0 0 1 1 0 0 1 1 0 
0 0 1 0 0 0 1 0 0 0 0 1 0 1 0 0 0 1 0 0 0 1 0 0 0 0 1 0 1 0 0 0 0 0 0 0 0 0 0 1 0 0 0 1 1 0 1 0 0 0 1 0 1 1 0 0 0 0 0 0 
0 1 0 0 1 0 1 0 0 0 1 0 0 1 1 0 0 0 0 0 0 1 1 1 0 0 0 1 0 0 0 0 1 0 0 1 0 1 0 0 0 1 0 1 0 0 0 1 0 0 0 1 0 0 0 0 1 0 0 0 
0 0 0 1 0 0 1 0 0 1 0 0 0 0 0 0 0 0 0 0 1 0 1 0 0 0 0 1 0 1 0 0 0 0 0 0 1 1 0 0 0 0 0 0 0 1 1 0 1 1 0 0 0 0 1 1 0 0 1 0 
0 0 0 1 0 0 0 0 0 0 1 1 0 0 0 0 0 1 1 0 1 1 1 1 0 0 1 0 1 0 0 1 0 1 0 0 0 0 1 0 0 0 0 0 0 0 1 1 0 1 1 0 0 1 0 0 1 0 1 0 
1 0 0 0 0 1 0 0 1 0 0 1 0 0 0 0 1 1 1 0 0 0 0 1 0 0 0 0 0 0 1 0 0 0 0 0 0 0 0 0 1 0 1 0 0 0 0 1 0 0 0 0 0 0 1 1 0 0 1 0 
0 1 0 0 0 0 0 0 0 1 0 0 0 0 0 0 0 0 0 0 0 0 0 0 0 1 1 0 0 0 0 1 0 0 0 0 0 1 0 0 1 0 0 0 0 0 0 1 0 0 0 0 1 0 1 0 1 0 0 0 
1 1 0 0 1 0 1 0 0 0 0 0 0 0 1 0 0 0 0 1 1 0 0 0 0 0 0 0 1 0 1 0 0 0 0 0 0 0 0 0 1 1 1 1 0 0 1 0 1 0 1 0 1 0 0 0 0 0 0 0 
0 0 0 0 1 0 0 0 0 0 1 0 0 1 1 0 0 0 1 0 0 0 0 0 0 0 0 0 1 0 1 0 0 0 0 0 0 0 0 0 0 1 0 1 0 1 1 0 0 0 0 0 0 0 1 0 0 0 0 1 
0 0 0 0 0 0 0 0 1 0 0 0 0 1 1 0 0 1 0 0 0 0 0 0 0 0 0 1 0 0 0 0 1 0 1 0 0 1 0 1 1 0 0 0 1 0 0 0 1 0 1 0 0 0 0 0 0 0 1 0 
1 0 0 0 0 0 0 1 0 1 0 0 0 0 0 0 1 0 0 0 0 0 0 0 0 0 1 0 0 1 1 0 0 0 1 0 0 0 0 1 0 1 1 0 0 0 1 0 0 0 0 1 0 0 0 0 0 1 0 1 
0 0 0 0 1 1 1 0 0 0 0 0 1 1 0 0 1 0 0 0 0 0 0 0 0 0 0 0 0 1 1 0 1 0 1 0 1 0 1 0 1 0 0 0 0 1 0 1 0 1 0 0 0 0 1 0 0 0 0 1 
0 0 0 0 1 1 0 1 1 1 1 1 0 1 0 0 0 0 0 0 0 0 0 0 1 0 1 0 0 0 0 0 0 0 0 0 0 0 1 1 0 0 0 0 0 0 1 1 1 0 0 0 0 0 0 0 1 0 0 0 
1 0 0 0 1 1 1 1 0 1 0 1 1 1 0 0 0 0 0 0 0 0 0 0 0 0 0 0 0 1 0 0 0 1 1 0 0 0 1 0 0 0 0 1 0 1 0 0 1 0 1 0 1 0 1 1 1 0 0 1 
0 0 0 1 0 0 0 1 1 1 0 1 0 1 1 0 0 0 0 0 0 0 0 0 0 0 1 0 0 1 0 1 1 1 0 0 0 0 0 0 0 0 1 0 0 0 0 1 0 0 0 1 0 1 1 0 0 0 0 0 
0 0 1 0 1 0 0 0 0 0 0 0 0 0 0 0 0 0 0 0 0 1 0 0 0 0 0 1 1 0 1 0 0 0 0 0 0 1 0 0 0 0 1 1 0 0 0 0 0 1 1 1 1 1 1 0 0 0 0 0 
0 0 0 0 1 1 0 0 1 0 0 0 0 0 0 1 0 0 0 0 0 0 0 0 0 0 0 1 0 0 0 0 0 1 0 0 0 1 0 0 1 0 1 1 0 1 0 1 0 0 1 1 0 0 0 1 0 0 0 1 
1 1 1 0 0 0 1 0 1 0 1 0 0 1 0 1 0 0 0 1 0 1 0 1 0 0 0 1 0 0 0 1 1 0 0 0 0 0 0 1 1 0 1 0 0 0 0 0 0 1 1 0 0 0 1 0 0 1 0 0 
0 0 0 1 0 0 0 0 1 0 0 1 1 0 0 0 0 0 1 0 0 0 0 0 1 1 1 0 0 0 1 0 0 0 1 0 1 0 0 1 0 0 0 0 0 1 1 0 1 1 0 1 0 0 0 0 0 1 0 0 
0 0 1 0 0 0 0 0 0 0 1 0 0 1 0 0 1 1 0 0 0 0 0 0 1 0 0 0 0 0 0 0 0 0 1 0 1 0 0 0 0 1 1 0 0 0 1 0 1 0 0 0 0 0 0 0 0 1 0 1 
0 1 0 0 1 0 0 0 1 0 0 0 1 0 0 0 0 0 0 1 1 0 1 1 0 0 0 0 0 0 0 0 1 0 0 1 1 0 1 0 0 0 0 0 0 1 0 0 0 1 0 0 1 0 0 0 1 1 0 0 
1 1 1 1 1 1 1 0 0 1 0 0 0 0 1 0 1 1 0 1 1 0 0 0 1 0 0 1 0 0 0 1 0 1 1 1 0 1 0 0 0 0 0 1 0 0 0 1 1 1 0 1 0 1 0 0 0 1 0 0 
0 0 1 0 0 0 0 0 0 0 0 0 0 1 0 1 0 0 0 0 0 0 0 1 0 0 1 0 0 0 1 0 1 0 0 1 0 0 1 1 0 0 1 0 0 1 0 0 1 0 0 0 1 0 1 0 0 1 0 0 
1 1 1 0 0 1 0 0 0 0 0 1 0 0 0 0 0 0 1 0 1 0 0 1 0 0 1 0 0 1 0 1 0 1 1 0 0 0 1 0 0 1 0 1 1 0 1 0 0 0 1 1 0 1 1 1 0 0 0 1 
0 1 0 0 0 0 0 0 1 0 0 0 0 1 0 0 0 0 0 0 0 0 1 1 0 1 0 0 0 0 1 0 1 0 0 1 0 0 0 0 0 0 0 1 0 0 0 0 0 1 0 0 0 0 1 0 1 0 0 1 
0 0 1 0 0 1 1 0 0 0 0 0 0 0 0 0 0 0 1 1 1 0 1 0 0 0 0 1 1 0 1 0 1 0 0 0 0 0 0 0 0 0 0 0 1 0 0 0 0 0 0 0 0 0 0 0 0 0 1 0 
1 0 1 0 0 1 0 1 1 0 0 1 0 0 0 0 0 0 0 0 0 0 0 0 0 0 0 0 0 1 1 1 0 1 0 0 1 1 1 0 1 1 0 1 0 1 0 1 0 0 0 1 0 0 1 1 0 0 1 0 
1 0 0 0 1 0 1 1 0 0 0 0 1 0 0 0 0 0 0 0 1 0 0 0 0 0 0 1 1 1 0 0 0 0 0 1 0 1 0 1 0 0 1 0 0 0 0 1 1 0 0 0 0 0 1 0 0 1 0 0 
1 1 0 0 0 1 0 0 0 1 0 1 1 0 0 1 0 0 1 0 0 0 0 0 1 1 0 0 0 0 1 0 0 0 0 1 1 0 0 1 0 0 0 1 0 1 1 0 1 0 0 0 0 1 0 0 0 0 0 0 
0 0 0 0 1 0 0 1 0 0 0 0 0 1 0 0 0 0 0 0 1 1 1 0 0 0 0 0 0 1 0 1 1 0 0 1 0 0 0 0 0 0 0 0 0 0 0 0 0 0 0 1 1 0 0 0 0 1 0 0 
0 0 0 1 0 0 0 0 0 0 1 0 0 0 0 0 0 0 1 1 0 1 0 0 0 0 1 1 0 0 0 1 0 0 0 0 1 1 0 0 0 0 1 0 0 0 0 0 1 0 1 1 0 0 0 0 1 1 0 0 
1 1 0 0 0 1 0 0 0 1 0 0 0 0 1 1 1 0 1 0 1 0 0 0 0 1 1 0 0 0 0 0 0 0 0 1 0 0 0 0 0 1 0 0 0 1 0 0 0 1 0 0 0 0 1 0 1 0 0 0 
0 0 0 0 0 0 1 1 1 1 0 1 0 0 0 0 1 1 0 1 0 0 0 0 0 0 0 0 1 0 0 0 1 0 0 1 0 0 0 0 1 0 0 0 0 0 0 0 0 0 0 1 1 1 0 0 0 1 0 0 
0 0 0 0 0 0 0 0 0 0 0 0 0 0 1 0 1 0 0 1 0 0 0 1 1 1 1 0 1 0 0 1 0 0 0 0 1 0 0 1 0 0 0 0 0 1 0 1 0 1 0 1 0 0 0 0 0 0 0 0 
1 0 0 0 0 0 0 1 1 0 1 1 0 0 0 0 1 1 0 0 0 0 1 0 1 1 0 0 0 0 1 0 1 1 0 1 0 1 0 0 0 0 0 0 0 1 1 0 0 1 0 0 1 0 0 1 0 0 1 1 
1 0 0 0 0 0 0 0 0 1 1 0 0 0 0 0 0 0 1 0 0 0 0 0 0 0 0 0 0 0 0 0 1 0 1 0 0 0 0 0 0 0 0 0 0 0 0 1 1 0 0 0 0 0 1 0 0 1 1 0 
0 1 0 0 0 0 0 0 0 0 0 0 1 0 0 0 0 1 0 0 1 0 1 0 0 1 0 1 0 1 0 1 0 0 0 1 0 1 0 0 1 0 1 1 0 0 0 1 0 0 0 1 0 0 1 0 1 0 0 0 
0 1 0 1 0 0 0 0 0 1 1 0 1 1 0 0 1 1 0 1 0 1 0 0 0 0 0 1 1 0 0 0 1 0 0 0 0 1 0 0 0 0 0 1 0 0 0 0 0 0 0 1 0 1 0 1 0 0 0 1 
0 0 1 1 0 1 0 0 0 0 0 1 0 1 1 1 0 0 0 0 1 1 0 1 0 1 0 0 0 0 1 0 0 0 0 1 1 0 0 0 0 0 1 0 1 1 0 0 1 1 0 0 0 0 0 0 0 0 0 1 
0 1 0 0 1 0 0 1 0 0 0 0 1 0 0 0 1 0 1 0 0 1 1 0 0 0 0 1 1 0 1 1 0 0 0 0 1 1 0 1 0 0 0 0 1 0 0 1 0 1 1 0 0 1 0 1 0 1 0 1 
0 0 1 0 0 0 0 1 0 1 0 0 1 1 0 0 0 0 0 0 1 0 0 0 1 0 1 1 0 1 1 0 0 1 0 0 0 0 0 0 1 0 1 1 0 0 0 1 1 0 1 0 1 0 1 0 0 0 1 0 
1 0 1 0 0 1 0 0 1 1 1 0 0 1 0 0 1 0 1 0 0 0 1 0 1 1 1 0 0 0 0 0 1 0 0 0 0 0 0 1 0 0 0 0 0 0 0 0 1 1 0 0 0 0 0 0 0 0 0 0 
0 0 1 0 0 0 0 0 0 0 0 1 0 0 0 0 0 0 0 1 0 0 0 1 1 1 0 1 0 0 1 0 1 0 0 1 0 0 1 1 0 1 1 0 0 1 1 0 0 0 0 0 0 0 0 1 0 0 0 1 
0 0 0 0 0 1 0 0 0 0 1 0 0 0 0 1 1 0 0 0 0 0 1 0 1 0 0 0 0 1 0 1 0 0 0 0 0 0 1 0 0 1 0 1 0 0 0 0 0 1 0 0 0 1 0 0 0 0 1 0 
1 0 1 1 0 1 0 1 1 1 1 0 0 1 0 0 0 0 0 0 0 0 0 1 1 0 0 0 0 0 1 0 1 0 0 0 0 1 0 0 0 1 0 0 0 0 1 0 1 0 0 0 1 0 0 0 0 1 0 1 
0 0 0 0 1 1 0 1 0 1 0 0 1 0 1 1 0 1 0 0 1 0 1 1 1 0 1 0 0 0 0 1 1 1 0 1 1 0 0 0 1 0 0 0 1 1 0 0 0 1 0 0 0 0 0 0 0 0 0 1 
0 0 0 0 0 0 0 1 0 0 0 0 1 0 1 0 0 0 0 0 0 0 1 0 0 1 0 0 0 0 0 0 1 0 0 1 0 0 0 0 0 0 0 1 0 0 1 0 1 0 0 1 0 0 0 0 1 1 0 0 
0 0 0 1 1 0 0 0 0 0 0 1 0 1 0 1 0 0 0 0 0 1 1 0 0 0 0 0 0 1 0 0 0 1 0 0 0 0 0 1 1 0 0 0 0 1 0 0 0 0 0 0 0 0 0 1 0 1 0 0 
0 1 0 0 0 1 1 1 0 1 0 0 0 0 0 0 0 0 0 1 0 0 0 0 0 0 1 1 1 1 1 1 0 0 0 0 1 0 1 1 0 1 0 0 1 0 0 0 1 0 0 0 0 1 0 1 1 0 1 1 
0 1 0 0 0 1 1 0 0 1 0 0 1 1 1 0 0 0 1 0 0 0 0 0 0 0 0 0 0 0 0 0 0 0 1 1 0 0 0 0 0 0 0 1 1 0 0 0 0 1 0 0 1 0 0 0 0 1 0 0 
0 0 0 0 0 0 0 0 1 0 0 0 0 0 0 0 0 1 0 1 1 0 1 0 0 1 0 0 1 0 0 0 1 1 0 0 0 0 0 0 0 0 0 1 0 0 1 1 1 0 0 1 0 1 1 0 0 1 0 0 

0 0 7 0 0 13 8 0 0 12 0 0 0 0 0 0 0 0 0 0 0 0 0 0 0 0 5 15 0 4 0 0 0 7 0 0 0 0 0 0 0 0 0 0 0 0 9 14 0 0 0 0 0 0 0 17 0 0 8 0 
0 0 0 0 0 11 0 16 0 18 0 0 0 4 0 0 0 0 0 0 0 0 0 0 0 8 19 0 10 0 5 0 0 0 0 19 0 0 0 0 0 0 0 0 0 0 0 0 0 0 0 0 8 0 0 0 0 19 17 0 
0 0 0 0 0 0 0 0 0 0 0 18 16 0 11 0 0 0 0 14 0 0 0 8 0 0 13 0 8 0 2 0 0 0 0 0 0 0 0 19 0 0 0 2 0 0 0 10 15 0 10 0 0 0 0 0 0 19 19 0 
0 0 0 0 14 0 0 19 0 0 0 0 0 0 0 0 0 0 0 0 0 0 0 0 0 0 2 0 2 0 2 0 0 0 9 0 0 0 0 0 13 0 0 0 14 0 12 0 0 0 0 0 0 0 0 0 0 11 8 11 
0 0 8 18 0 0 0 0 7 0 0 0 0 0 0 0 0 0 0 0 0 0 0 0 0 0 15 0 0 0 0 0 0 7 0 0 0 0 0 0 0 0 0 2 0 0 0 0 0 0 0 0 0 0 0 11 0 19 0 0 
6 0 0 0 17 0 0 0 8 0 1 0 0 0 0 0 0 0 0 0 11 0 0 0 0 0 0 0 0 0 0 0 0 0 0 9 0 9 0 0 0 0 0 5 0 0 0 0 11 7 6 0 0 0 12 0 0 5 0 13 
0 15 0 0 0 0 0 0 0 0 0 0 0 0 0 0 19 0 3 0 0 0 0 15 0 1 0 0 16 0 0 8 0 0 0 0 0 0 0 0 5 0 18 0 0 0 0 0 0 0 0 0 0 0 0 0 0 3 0 0 
0 0 0 0 0 0 0 0 0 0 0 0 0 0 0 0 14 0 0 19 0 0 18 0 0 0 0 0 0 12 12 0 0 0 0 0 0 0 0 0 0 0 0 1 6 0 0 0 18 0 0 0 15 0 0 12 0 0 0 0 
0 0 0 5 14 0 0 0 0 0 0 0 0 0 0 0 0 0 0 0 0 10 0 0 0 0 8 0 0 6 0 0 1 0 0 1 0 0 15 0 0 0 0 0 0 0 0 0 0 0 9 0 0 0 0 0 20 0 0 0 
0 0 0 0 0 0 18 0 16 0 0 0 0 0 0 3 0 10 0 0 0 0 0 0 0 0 11 12 0 0 0 0 16 1 0 0 0 0 0 0 14 10 0 14 8 0 0 0 0 0 0 0 0 7 0 0 6 0 7 0 
0 0 0 0 0 0 7 0 0 0 0 0 0 0 0 0 0 0 19 0 12 0 0 0 0 0 0 4 0 6 0 7 0 13 0 0 0 0 0 0 13 0 0 12 0 0 9 11 0 0 0 7 11 0 0 0 18 0 0 0 
0 0 0 0 0 0 0 0 0 0 0 0 0 0 16 0 0 0 0 0 0 0 11 0 0 0 0 0 0 0 0 0 0 0 0 0 0 0 0 0 0 4 17 0 0 0 0 0 0 0 0 0 0 0 0 0 0 0 12 0 
0 0 0 0 11 0 0 0 0 5 0 0 0 0 0 0 0 15 13 0 9 0 0 0 0 0 0 0 10 0 0 0 0 0 20 0 0 0 0 0 0 0 18 0 0 0 0 0 0 0 0 0 0 0 0 0 0 0 0 0 
0 0 0 0 0 0 0 0 0 0 0 0 13 0 0 0 0 0 0 18 0 0 0 0 0 1 0 0 0 0 0 0 0 0 0 0 7 0 0 0 20 3 18 2 0 0 0 0 14 0 0 0 0 0 0 0 0 7 2 8 
0 0 0 0 0 0 0 0 0 0 0 0 0 0 0 0 0 0 0 0 0 0 0 0 0 0 0 0 0 0 0 0 18 15 0 0 0 0 16 0 0 0 0 0 0 0 0 0 0 15 0 0 0 0 0 0 0 0 0 0 
0 0 0 0 0 0 16 0 0 0 0 0 0 2 0 0 0 0 0 0 0 0 0 0 0 0 0 0 0 0 11 0 0 0 0 0 0 0 0 0 0 7 0 19 0 0 0 0 3 0 0 0 0 16 0 0 8 0 9 1 
18 0 0 0 0 0 14 14 18 0 0 0 10 0 0 0 0 0 0 0 0 0 0 0 12 13 0 0 0 0 0 0 0 14 0 0 0 0 0 0 0 0 0 5 3 0 7 0 0 0 16 0 13 0 0 0 0 0 0 12 
0 3 0 0 0 0 10 0 0 0 0 1 0 0 0 2 17 0 5 0 9 0 16 0 0 0 0 0 17 11 0 0 0 4 0 0 0 0 0 12 0 0 15 0 1 0 0 0 9 0 0 2 0 8 16 0 0 0 17 0 
14 0 0 0 0 4 0 18 0 0 0 0 0 0 0 0 0 0 0 0 0 0 10 10 0 0 7 1 8 0 0 0 0 12 10 0 0 0 7 0 0 0 0 0 0 0 0 0 0 0 0 0 0 0 0 0 0 2 0 0 
0 0 0 0 0 0 0 0 0 0 0 0 0 0 0 0 0 0 10 0 0 0 0 4 0 0 0 0 0 0 0 1 0 0 0 0 6 0 0 0 0 14 0 0 0 0 0 0 0 0 0 6 0 0 3 0 18 0 0 0 
0 0 17 0 0 0 9 20 12 11 0 0 0 0 14 0 0 0 11 0 0 0 0 0 0 0 0 0 0 0 0 0 0 0 0 0 19 0 6 0 0 0 0 0 0 0 0 0 0 0 0 0 0 0 0 17 0 0 0 0 
12 0 0 0 18 0 0 0 0 0 0 0 0 0 0 0 0 0 0 0 13 0 0 0 0 0 16 0 0 18 12 0 0 0 0 0 4 0 0 0 4 0 0 20 0 0 0 0 0 0 0 0 0 0 0 0 0 0 17 0 
0 0 2 8 0 0 0 0 0 0 0 0 0 0 3 0 0 0 0 13 0 0 0 0 0 0 0 0 0 0 0 0 0 0 0 0 19 0 18 0 0 9 0 15 0 0 0 0 0 0 0 0 0 4 0 0 0 13 0 0 
0 0 0 0 0 0 0 0 0 0 19 0 0 7 0 0 0 0 0 0 1 5 0 0 5 19 0 10 0 10 0 16 0 0 0 0 0 0 0 0 0 0 20 16 0 0 0 0 0 0 0 0 0 0 0 0 0 0 12 0 
1 0 0 0 0 0 0 0 0 0 20 0 0 0 0 0 0 9 0 0 11 0 0 0 0 19 2 0 0 0 0 5 0 0 0 14 0 0 0 0 0 15 0 7 0 0 0 0 0 0 17 0 0 0 8 0 0 0 0 0 
0 0 0 18 0 2 0 0 0 2 0 0 0 10 0 0 0 0 12 0 0 0 0 7 0 0 0 0 0 0 19 0 1 0 0 0 15 0 0 0 0 0 0 5 12 11 0 10 0 18 0 0 0 0 18 1 0 0 4 0 
0 8 19 13 0 0 18 0 0 0 0 0 0 0 0 18 0 0 0 0 0 0 0 13 0 0 0 4 4 0 0 0 0 0 0 0 9 0 0 0 0 0 0 0 0 0 0 0 0 0 0 10 0 15 20 0 0 0 0 0 
0 0 4 0 0 0 0 0 0 13 0 14 0 0 0 0 0 0 0 0 0 0 0 0 1 0 0 0 0 20 0 0 1 0 0 12 0 0 0 0 4 0 0 0 0 0 0 0 0 7 0 0 0 0 0 0 0 0 0 12 
0 0 13 0 0 0 0 4 0 0 0 0 0 3 0 0 0 0 0 0 15 0 0 0 0 8 0 0 0 0 8 0 0 14 0 0 0 0 15 5 0 0 1 6 0 0 0 0 0 0 10 0 0 0 15 0 0 0 0 3 
0 0 0 0 2 12 0 0 0 0 14 0 0 0 14 0 10 0 0 0 7 0 0 0 16 0 2 1 0 0 13 4 0 0 0 0 0 0 16 0 0 0 0 15 10 0 0 0 0 0 0 0 0 14 0 0 0 0 0 7 
2 0 0 0 0 0 0 0 0 0 0 0 0 0 0 0 0 10 0 0 0 10 0 0 0 0 0 0 0 0 0 0 11 0 0 0 0 0 0 0 0 0 0 0 0 0 10 0 0 0 0 0 3 13 15 17 0 8 0 0 
0 0 0 0 0 0 0 0 13 0 0 8 0 0 14 0 2 0 0 0 0 3 2 0 0 0 0 0 0 2 0 0 20 0 0 0 9 15 0 4 0 0 0 0 7 0 0 0 0 0 0 0 0 14 17 0 0 0 0 16 
0 0 0 0 0 0 10 0 0 0 0 0 0 0 0 16 0 0 0 20 0 0 0 0 0 0 0 0 0 0 0 0 0 0 0 6 0 0 0 0 0 0 13 0 0 0 4 0 0 9 0 0 0 0 0 19 0 0 0 0 
0 0 0 0 21 0 0 0 0 18 0 13 0 0 0 0 0 0 0 0 0 0 10 0 0 0 5 0 16 0 0 8 8 0 0 0 0 0 0 0 0 0 0 0 0 0 0 0 0 0 0 0 0 0 0 3 0 0 5 0 
0 0 0 0 0 0 9 0 0 0 0 0 0 0 0 9 0 0 0 0 0 0 0 0 0 0 0 0 6 16 0 11 0 0 0 0 0 0 0 14 0 0 0 0 0 20 0 0 0 0 10 0 0 0 6 0 0 0 0 0 
0 0 11 0 0 0 0 0 0 0 0 0 0 0 0 0 0 0 0 0 0 0 0 0 0 0 0 0 0 0 0 0 14 0 14 0 0 0 14 0 0 0 0 0 0 0 0 0 0 0 0 0 0 12 9 0 0 0 0 0 
0 15 0 19 0 0 0 0 0 0 0 0 0 0 0 0 8 7 0 0 0 0 0 0 0 0 0 0 0 0 17 0 10 0 0 0 0 1 0 0 0 0 0 18 0 14 0 8 0 0 0 0 1 0 0 0 0 0 0 11 
0 0 0 0 17 4 0 0 2 0 0 0 0 0 0 0 0 0 0 0 0 0 0 4 11 0 0 0 0 0 0 0 0 0 0 1 0 0 0 0 0 0 0 0 0 0 0 0 0 0 0 0 0 0 0 0 0 0 0 0 
0 0 0 0 0 0 0 0 0 0 0 0 0 0 0 0 0 0 0 0 0 12 0 0 0 0 0 0 0 0 0 0 0 0 9 0 0 0 0 7 0 16 0 0 0 0 0 0 0 19 0 0 15 0 1 0 0 0 17 0 
0 0 13 13 0 18 0 18 0 20 0 0 0 0 0 0 0 0 0 0 0 0 0 13 0 0 16 0 0 0 0 0 10 0 0 10 0 0 3 0 0 0 0 0 0 0 0 20 0 0 3 0 0 0 0 0 16 0 16 0 
0 0 0 0 0 0 5 14 0 0 0 0 0 0 0 0 0 16 0 16 0 0 0 0 13 0 0 0 0 0 0 0 6 0 0 0 0 0 0 0 0 0 0 0 0 0 18 0 0 13 0 0 0 0 0 0 0 0 0 20 
0 0 0 0 0 0 0 0 0 0 0 20 0 0 0 0 0 0 0 0 0 2 0 16 0 19 0 0 15 0 14 9 0 0 0 0 0 0 5 0 0 0 0 0 0 2 0 0 0 12 0 3 0 12 0 0 0 0 0 0 
0 2 0 0 0 0 0 12 0 0 0 0 4 14 0 1 0 0 3 0 0 0 0 0 0 7 5 0 18 0 0 0 0 0 3 0 0 0 15 0 0 0 0 17 11 0 0 0 9 0 0 0 18 2 2 0 0 0 0 0 
0 0 0 12 0 0 0 0 0 0 0 0 0 0 0 13 6 0 0 0 0 0 0 0 0 15 0 0 2 0 0 0 6 0 0 0 17 0 0 0 0 0 0 0 0 0 20 20 0 0 0 0 0 0 0 4 1 0 0 0 
0 4 18 0 0 0 11 0 6 0 0 0 0 0 0 0 0 0 4 0 0 0 0 0 0 0 0 0 0 1 0 0 0 2 0 0 16 0 0 18 2 0 0 0 0 0 0 1 0 0 0 7 0 0 0 0 0 0 0 0 
0 0 17 9 0 0 0 0 0 0 0 0 0 0 0 0 4 0 0 0 0 0 21 0 0 0 0 0 0 0 6 0 0 0 0 0 0 8 0 0 0 0 0 0 0 0 0 0 0 0 0 0 0 0 0 0 0 19 0 0 
2 0 0 0 0 18 0 0 0 0 5 0 0 0 0 0 4 0 19 0 0 0 0 0 0 0 3 0 0 3 0 14 0 0 0 1 0 0 0 0 4 0 0 0 0 0 0 0 0 0 11 0 0 0 0 0 0 0 0 0 
0 0 0 0 0 0 0 0 0 0 0 0 0 12 7 0 0 16 0 0 1 0 0 0 0 0 0 0 0 0 4 8 0 14 0 11 0 0 12 0 12 0 0 0 0 20 0 0 0 0 0 0 0 0 0 0 0 0 0 0 
0 18 12 0 0 0 0 20 0 0 0 0 3 0 0 5 16 0 0 19 2 0 0 10 0 0 0 0 0 3 0 0 8 0 0 2 15 0 0 0 0 0 9 0 0 0 0 13 0 0 0 0 0 20 0 0 0 0 0 0 
3 0 0 0 0 0 0 0 0 0 0 3 0 0 0 19 0 0 0 18 0 0 0 13 0 18 0 0 0 0 0 0 0 0 0 0 0 0 0 0 0 8 0 0 0 0 0 0 0 0 11 0 0 0 0 0 0 16 0 0 
0 0 0 0 0 0 0 13 0 0 0 0 0 0 0 0 0 0 0 0 0 0 0 12 11 0 0 0 0 0 0 0 0 0 0 0 0 0 0 3 0 0 0 0 0 6 0 0 3 0 0 0 0 0 0 0 0 0 0 0 
0 0 17 0 0 0 0 0 0 0 4 18 0 0 0 0 0 0 2 0 16 0 19 0 0 0 0 0 0 15 0 0 0 15 0 0 5 0 5 0 0 0 0 0 0 0 0 13 0 0 14 0 0 0 0 0 0 0 1 0 
0 0 0 0 0 0 0 0 19 0 0 10 0 0 0 2 0 0 0 0 6 0 0 13 0 0 0 0 0 0 0 0 0 2 0 0 3 0 0 0 0 0 10 0 0 0 0 0 0 0 0 0 0 0 0 2 12 1 0 0 
0 11 16 0 11 0 0 0 13 0 0 0 0 0 0 0 0 19 0 0 0 0 0 10 0 0 0 0 0 0 0 1 0 8 0 14 2 0 0 0 0 0 0 0 0 0 12 0 0 0 13 0 0 0 9 0 0 0 0 0 
0 0 0 0 20 6 0 0 0 0 0 0 0 0 0 0 0 0 0 0 0 0 0 0 4 0 0 0 0 0 0 21 0 0 3 0 0 0 0 0 0 0 14 0 0 0 0 0 0 0 20 0 0 0 0 0 0 0 0 0 
0 0 0 0 0 0 13 0 0 0 0 0 0 0 0 0 0 0 0 0 0 0 0 0 0 0 0 0 0 0 15 0 0 14 0 4 18 8 0 0 0 0 0 1 0 12 0 0 0 0 0 0 0 0 4 0 0 0 0 4 
0 20 15 0 0 18 0 0 0 0 0 0 0 0 0 0 16 16 0 2 4 0 0 0 12 0 0 0 11 0 0 0 0 0 14 0 13 0 0 13 13 0 0 12 7 0 0 3 0 0 0 16 0 0 0 0 0 0 0 15 
0 0 7 18 19 0 0 0 0 0 0 0 0 0 21 0 0 0 0 0 0 15 0 0 0 15 0 0 15 0 0 0 6 5 13 0 0 0 0 0 0 0 0 0 0 0 12 0 0 0 3 0 0 0 0 0 0 0 11 0 
0 0 0 0 0 18 0 2 0 0 0 6 0 0 11 0 0 0 4 0 0 0 0 0 0 9 0 3 18 0 15 0 2 0 0 0 0 0 0 0 0 11 0 0 0 0 0 14 0 0 0 0 0 0 0 0 0 0 0 0 
0 0 13 0 0 0 0 0 0 0 0 0 0 0 0 0 0 0 3 0 0 0 0 10 9 0 0 0 0 0 0 0 0 0 0 16 0 0 0 0 0 0 3 0 0 0 0 0 0 0 0 0 0 0 0 0 12 20 0 0 
