60

0 0 1 1 1 0 0 1 1 1 1 1 1 0 0 1 0 1 0 0 0 0 0 0 1 1 1 1 1 0 0 1 0 1 1 0 1 1 0 0 0 0 1 1 0 1 0 1 0 0 1 1 1 1 1 0 0 1 0 1 
0 0 0 1 1 1 0 0 1 1 1 1 1 0 1 1 0 0 0 1 1 1 0 0 0 0 0 1 0 1 0 0 1 0 1 0 1 0 0 0 1 0 0 1 1 0 0 0 1 0 1 0 0 1 0 1 1 0 0 0 
1 0 0 0 1 0 1 1 1 1 1 1 0 0 1 0 0 1 0 0 0 1 1 0 1 1 0 1 0 1 0 1 1 0 0 0 0 1 1 1 0 0 1 1 1 0 0 0 1 0 1 1 0 0 0 1 0 0 0 1 
1 1 0 0 0 1 0 0 0 0 0 0 0 1 0 0 1 0 0 1 1 0 0 1 0 0 0 0 0 0 0 1 1 0 1 0 0 0 1 1 1 0 0 0 0 0 1 0 0 0 0 0 0 0 0 1 0 1 1 0 
1 1 1 0 0 1 1 1 0 1 0 0 1 0 1 1 1 0 1 1 0 0 0 1 1 1 0 1 0 1 0 1 0 0 1 1 0 0 0 1 1 1 1 1 0 1 0 0 1 0 0 1 1 0 1 1 0 0 0 1 
0 1 0 1 1 0 1 0 0 1 1 0 0 1 0 1 1 1 1 0 1 0 0 0 0 1 1 1 0 0 1 0 1 0 0 0 1 0 1 1 0 0 0 0 0 1 1 1 0 0 1 0 0 1 1 0 0 1 0 1 
0 0 1 0 1 1 0 1 0 1 1 0 0 0 0 1 0 1 1 1 1 0 1 1 1 1 0 1 1 0 1 0 0 1 1 1 0 1 0 0 0 0 1 1 0 1 0 0 0 0 1 0 0 1 0 1 0 1 1 0 
1 0 1 0 1 0 1 0 1 1 1 1 0 1 0 1 1 1 1 0 0 0 0 0 0 1 1 0 0 1 1 0 1 1 0 0 1 1 1 0 0 0 0 1 0 0 1 0 0 0 1 0 0 0 0 0 1 1 0 0 
1 1 1 0 0 0 0 1 0 1 1 0 0 0 1 0 1 0 1 0 1 0 1 0 0 1 0 1 0 1 0 0 1 1 0 0 0 1 1 0 0 0 1 1 0 0 0 1 0 0 1 0 0 1 0 0 1 1 1 1 
1 1 1 0 1 1 1 1 1 0 1 1 1 0 0 1 1 0 1 0 1 1 0 1 1 0 0 1 0 1 0 0 1 0 0 0 0 0 0 0 1 0 0 0 0 1 0 1 0 1 1 0 1 1 0 0 1 1 0 0 
1 1 1 0 0 1 1 1 1 1 0 1 1 0 1 0 1 0 0 0 1 1 1 1 1 0 0 1 1 0 1 0 0 1 0 0 1 0 0 1 1 0 1 1 1 0 0 1 1 1 0 0 1 0 1 1 1 0 0 1 
1 1 1 0 0 0 0 1 0 1 1 0 0 1 1 1 1 1 1 1 1 1 0 1 1 1 0 0 1 0 1 0 0 1 0 1 1 0 1 0 0 0 1 0 0 0 1 0 1 0 1 0 1 0 1 1 0 0 0 1 
1 1 0 0 1 0 0 0 0 1 1 0 0 1 1 0 1 0 0 0 1 1 1 0 0 0 1 0 0 0 0 1 1 1 0 0 0 1 0 1 1 1 0 1 0 1 1 0 1 0 0 0 1 1 0 0 1 0 1 1 
0 0 0 1 0 1 0 1 0 0 0 1 1 0 0 0 0 0 0 0 0 1 1 0 0 0 0 1 0 0 0 1 1 1 1 1 0 0 1 1 0 0 1 1 1 1 0 1 1 1 0 0 1 1 0 0 0 0 1 1 
0 1 1 0 1 0 0 0 1 0 1 1 1 0 0 1 0 0 1 1 0 1 0 0 0 0 1 0 0 0 1 0 1 1 1 1 1 1 1 1 1 1 0 0 0 0 0 1 1 0 0 1 1 0 1 1 1 1 1 1 
1 1 0 0 1 1 1 1 0 1 0 1 0 0 1 0 0 1 0 1 0 0 0 1 1 0 0 0 1 1 1 1 1 1 0 1 0 1 0 1 0 0 0 1 1 1 1 0 1 0 1 0 0 0 0 1 1 1 1 1 
0 0 0 1 1 1 0 1 1 1 1 1 1 0 0 0 0 1 1 0 0 1 1 1 1 1 1 1 0 0 0 0 0 0 0 1 1 0 0 1 1 1 0 1 1 0 1 0 1 0 0 1 0 1 0 0 1 0 1 0 
1 0 1 0 0 1 1 1 0 0 0 1 0 0 0 1 1 0 1 1 1 1 1 0 1 1 0 1 0 0 0 0 0 1 0 0 1 1 1 1 1 1 1 1 0 1 0 1 1 0 0 1 0 0 0 0 0 0 1 1 
0 0 0 0 1 1 1 1 1 1 0 1 0 0 1 0 1 1 0 0 1 1 0 0 1 0 1 1 0 1 0 1 0 1 0 1 0 1 0 0 1 1 1 0 1 0 1 0 1 0 0 1 1 1 1 1 0 0 1 1 
0 1 0 1 1 0 1 0 0 0 0 1 0 0 1 1 0 1 0 0 0 1 1 0 1 0 0 1 0 1 1 1 0 1 1 1 0 1 1 1 1 1 1 0 1 1 0 1 0 1 1 1 1 1 0 1 1 1 0 1 
0 1 0 1 0 1 1 0 1 1 1 1 1 0 0 0 0 1 1 0 0 0 0 0 0 1 0 1 0 0 1 0 0 0 1 1 1 1 0 1 0 0 0 1 1 1 1 0 0 0 1 1 1 1 1 0 1 1 0 1 
0 1 1 0 0 0 0 0 0 1 1 1 1 1 1 0 1 1 1 1 0 0 1 0 1 0 1 1 0 0 1 1 1 1 1 1 1 1 1 0 1 1 1 0 1 1 1 0 1 0 0 1 0 1 0 0 1 1 0 0 
0 0 1 0 0 0 1 0 1 0 1 0 1 1 0 0 1 1 0 1 0 1 0 0 1 0 0 1 1 0 0 1 1 1 0 1 1 1 0 1 1 1 1 1 0 0 0 1 1 1 1 1 1 1 0 1 0 0 1 1 
0 0 0 1 1 0 1 0 0 1 1 1 0 0 0 1 1 0 0 0 0 0 0 0 1 1 0 0 0 0 1 0 1 0 0 0 0 1 1 1 0 1 0 1 0 1 1 0 1 1 1 0 1 0 1 1 1 0 0 1 
1 0 1 0 1 0 1 0 0 1 1 1 0 0 0 1 1 1 1 1 0 1 1 1 0 1 0 0 0 0 1 1 0 0 1 0 1 1 0 1 0 1 0 1 0 0 1 1 0 0 1 1 0 1 1 0 1 0 1 1 
1 0 1 0 1 1 1 1 1 0 0 1 0 0 0 0 1 1 0 0 1 0 0 1 1 0 1 1 0 0 0 1 0 1 1 1 1 1 0 0 1 1 1 0 1 0 1 1 1 0 0 0 1 1 1 0 0 0 1 1 
1 0 0 0 0 1 0 1 0 0 0 0 1 0 1 0 1 0 1 0 0 1 0 0 0 1 0 1 1 1 0 1 1 1 1 0 0 0 0 0 1 1 0 1 1 0 1 0 0 0 1 0 1 0 0 1 0 0 0 1 
1 1 1 0 1 1 1 0 1 1 1 0 0 1 0 0 1 1 1 1 1 1 1 0 0 1 1 0 1 0 1 0 0 0 1 0 0 1 1 1 1 0 0 1 0 0 1 1 1 0 1 1 0 1 0 1 0 1 0 0 
1 0 0 0 0 0 1 0 0 0 1 1 0 0 0 1 0 0 0 0 0 0 1 0 0 0 1 1 0 0 0 0 1 0 1 0 1 0 1 0 0 0 0 0 1 1 0 1 0 0 0 1 1 0 1 0 0 0 1 1 
0 1 1 0 1 0 0 1 1 1 0 0 0 0 0 1 0 0 1 1 0 0 0 0 0 0 1 0 0 0 1 1 0 0 0 1 0 0 0 1 0 1 1 0 0 0 1 1 1 1 1 0 1 0 1 0 1 1 0 0 
0 0 0 0 0 1 1 1 0 0 1 1 0 0 1 1 0 0 0 1 1 1 0 1 1 0 0 1 0 1 0 0 1 0 1 1 1 0 0 1 1 0 1 1 0 1 1 1 1 1 0 1 1 1 0 0 1 1 1 1 
1 0 1 1 1 0 0 0 0 0 0 0 1 1 0 1 0 0 1 1 0 1 1 0 1 1 1 0 0 1 0 0 0 1 1 0 1 1 1 1 1 1 0 1 0 0 1 1 0 0 0 0 1 0 1 0 0 0 0 0 
0 1 1 1 0 1 0 1 1 1 0 0 1 1 1 1 0 0 0 0 0 1 1 1 0 0 1 0 1 0 1 0 0 1 0 0 1 1 0 1 0 0 0 1 1 1 1 1 0 0 1 1 0 0 1 1 1 0 0 0 
1 0 0 0 0 0 1 1 1 0 1 1 1 1 1 1 0 1 1 1 0 1 1 0 0 1 1 0 0 0 0 1 1 0 1 1 1 1 1 1 0 1 0 1 1 1 1 1 1 0 0 1 1 0 0 0 1 0 1 0 
1 1 0 1 1 0 1 0 0 0 0 0 0 1 1 0 0 0 0 1 1 1 0 0 1 1 1 1 1 0 1 1 0 1 0 1 1 0 1 1 0 0 0 1 0 1 1 1 1 0 1 1 0 0 1 0 0 1 0 1 
0 0 0 0 1 0 1 0 0 0 0 1 0 1 1 1 1 0 1 1 1 1 1 0 0 1 0 0 0 1 1 0 0 1 1 0 0 1 1 1 1 1 1 1 1 1 1 0 0 0 0 1 0 0 0 0 0 1 1 0 
1 1 0 0 0 1 0 1 0 0 1 1 0 0 1 0 1 1 0 0 1 1 1 0 1 1 0 0 1 0 1 1 1 1 1 0 0 1 0 0 0 1 1 1 0 0 0 1 1 0 0 0 0 0 1 1 0 1 0 1 
1 0 1 0 0 0 1 1 1 0 0 0 1 0 1 1 0 1 1 1 1 1 1 1 1 1 0 1 0 0 0 1 1 1 0 1 1 0 1 1 0 1 0 1 1 0 0 1 1 1 0 0 0 1 0 1 1 0 1 1 
0 0 1 1 0 1 0 1 1 0 0 1 0 1 1 0 0 1 0 1 0 1 0 1 0 0 0 1 1 0 0 1 0 1 1 1 0 1 0 1 0 1 1 1 1 0 1 1 0 1 0 1 0 1 0 0 0 0 1 0 
0 0 1 1 1 1 0 0 0 0 1 0 1 1 1 1 1 1 0 1 1 0 1 1 1 0 0 1 0 1 1 1 1 1 1 1 0 1 1 0 0 1 0 0 0 0 0 0 0 1 1 1 0 1 0 0 1 0 0 0 
0 1 0 1 1 0 0 0 0 1 1 0 1 0 1 0 1 1 1 1 0 1 1 0 0 1 1 1 0 0 1 1 0 0 0 1 0 0 0 0 0 1 1 1 0 1 0 1 1 1 1 0 1 0 0 0 1 1 0 1 
0 0 0 0 1 0 0 0 0 0 0 0 1 0 1 0 1 1 1 1 0 1 1 1 1 1 1 0 0 1 0 1 0 1 0 1 1 1 1 1 1 0 1 0 0 0 0 1 1 0 0 1 1 0 0 1 1 1 1 0 
1 0 1 0 1 0 1 0 1 0 1 1 0 1 0 0 0 1 1 1 0 1 1 0 0 1 0 0 0 1 1 0 0 0 0 1 1 0 1 0 1 1 0 0 1 1 1 1 0 0 1 0 0 1 0 1 0 0 1 0 
1 1 1 0 1 0 1 1 1 0 1 0 1 1 0 1 1 1 0 0 1 0 1 1 1 0 1 1 0 0 1 1 1 1 1 1 1 1 1 0 1 0 0 0 1 1 1 0 0 0 0 1 0 0 0 1 0 1 1 1 
0 1 1 0 0 0 0 0 0 0 1 0 0 1 0 1 1 0 1 1 1 1 0 0 0 1 1 0 1 0 0 0 1 1 0 1 0 1 1 0 0 0 1 1 0 0 1 1 0 0 0 1 0 1 1 0 1 1 1 1 
1 0 0 0 1 1 1 0 0 1 0 0 1 1 0 1 0 1 0 1 1 1 0 1 0 0 0 0 1 0 1 0 1 1 1 1 0 0 0 0 1 0 1 1 0 0 1 1 1 0 0 0 0 1 1 1 0 1 1 0 
0 0 0 1 0 1 0 1 0 0 0 1 1 0 0 1 1 0 1 0 1 1 0 1 1 1 1 1 0 1 1 1 1 1 1 1 0 0 1 0 0 0 1 1 1 1 0 0 1 0 0 1 0 1 0 0 1 0 1 0 
1 0 0 0 0 1 0 0 1 1 1 0 0 1 1 0 0 1 0 1 0 0 1 0 1 1 0 1 1 1 1 1 1 1 1 0 1 1 1 0 1 1 1 0 1 1 0 0 1 1 0 1 1 0 1 0 0 1 0 1 
0 1 1 0 1 0 0 0 0 0 1 1 1 1 1 1 1 1 1 0 0 1 1 1 0 1 0 1 0 1 1 0 0 1 1 0 1 1 0 0 1 1 0 0 0 1 1 1 0 0 0 1 0 0 1 0 0 0 0 0 
0 0 0 0 0 0 0 0 0 1 1 0 0 1 0 0 0 0 0 1 0 0 1 1 0 0 0 0 0 1 1 0 0 0 0 0 0 1 1 1 1 0 0 0 0 0 0 1 0 0 0 1 0 0 1 0 0 1 0 0 
1 1 1 0 0 1 1 1 1 1 0 1 0 0 0 1 0 0 0 1 1 0 1 1 1 0 1 1 0 1 0 0 1 0 1 0 0 0 0 1 1 0 1 0 0 0 0 0 0 0 0 1 0 1 0 0 1 0 1 1 
1 0 1 0 1 0 0 0 0 0 0 0 0 0 1 0 1 1 1 1 1 1 1 0 1 0 0 1 1 0 1 0 1 1 1 1 0 0 1 1 0 1 0 1 1 0 1 1 1 1 1 0 0 1 0 1 0 0 0 1 
1 0 0 0 1 0 0 0 0 1 1 1 1 1 1 0 0 0 1 1 1 0 1 1 0 1 1 0 1 1 1 1 0 1 0 0 0 0 0 0 1 1 0 0 0 0 0 1 0 0 0 0 0 1 0 1 1 1 0 1 
1 1 0 0 0 1 1 0 1 1 0 0 1 1 0 0 1 0 1 1 1 1 1 0 1 1 0 1 0 0 1 0 0 0 0 0 0 1 1 1 0 0 1 0 1 1 1 0 0 0 1 1 1 0 1 0 1 1 0 1 
1 0 0 0 1 1 0 0 0 0 1 1 0 0 1 0 0 0 1 0 1 0 0 1 1 1 0 0 1 1 0 1 1 0 1 0 1 0 0 0 0 0 0 0 1 1 0 1 1 1 0 0 0 1 0 1 0 0 0 0 
0 1 1 1 1 0 1 0 0 0 1 1 0 0 1 1 0 0 1 1 0 0 1 1 0 0 1 1 0 0 0 0 1 0 0 0 1 1 0 0 0 1 1 1 0 1 0 0 0 0 0 1 1 0 1 0 1 1 0 1 
0 1 0 0 0 0 0 1 1 1 1 0 1 0 1 1 1 0 0 1 1 1 0 1 1 0 0 0 0 1 1 0 1 1 0 0 0 1 0 1 1 1 0 0 1 0 1 0 0 0 1 0 1 1 0 1 0 1 1 1 
1 0 0 1 0 1 1 1 1 1 0 0 0 0 1 1 0 0 0 1 1 1 0 0 0 0 0 1 0 1 1 0 0 0 1 1 1 0 0 0 1 1 0 1 1 1 0 1 0 1 0 0 1 1 0 1 1 0 0 1 
0 0 0 1 0 0 1 0 1 0 0 0 1 1 1 1 1 1 1 0 0 0 1 0 1 1 0 0 1 0 1 0 0 1 0 1 0 1 1 0 0 1 1 1 1 1 1 0 0 0 1 0 0 0 0 0 1 0 0 0 
1 0 1 0 1 1 0 0 1 0 1 1 1 1 1 1 0 1 1 1 1 0 1 1 1 1 1 0 1 0 1 0 0 0 1 0 1 1 0 0 1 0 0 1 1 0 0 1 0 0 1 1 1 1 0 1 1 1 0 0 

0 0 0 0 22 0 0 5 0 0 0 0 30 0 0 0 0 0 0 0 0 27 13 0 0 0 0 20 23 0 0 0 0 0 0 0 0 2 24 0 0 0 0 0 0 30 0 0 0 0 0 0 0 3 0 16 0 0 0 0 
0 0 0 0 23 0 0 15 15 7 0 0 0 5 0 0 0 0 0 0 0 0 0 0 0 0 0 0 0 0 21 0 4 0 0 0 0 31 0 0 5 0 0 0 0 0 0 28 0 0 0 0 0 0 0 0 15 0 0 0 
0 0 0 0 0 0 0 0 0 0 0 8 13 0 0 13 0 22 11 21 24 0 0 0 0 3 0 25 0 28 0 14 0 25 0 0 0 0 0 0 0 0 0 0 0 0 0 0 0 0 0 0 0 0 0 0 0 22 0 0 
25 0 0 0 0 0 0 5 0 0 0 0 0 0 13 0 0 0 0 0 0 0 0 0 0 13 0 0 0 0 0 14 0 0 0 0 17 0 0 9 0 0 25 0 0 0 0 0 29 0 23 0 0 0 0 0 0 0 0 0 
0 0 0 0 0 10 0 0 0 16 0 0 15 7 0 0 25 0 24 0 0 0 0 0 0 0 0 0 0 0 0 0 0 0 7 0 0 0 21 0 0 0 13 0 2 0 2 12 0 0 0 26 0 0 8 0 0 0 0 0 
0 0 0 17 0 0 0 0 0 29 27 0 22 0 6 0 17 30 0 0 0 0 0 0 0 0 0 0 22 0 0 0 0 0 0 0 0 0 15 0 0 0 0 0 29 0 1 0 24 0 9 3 0 0 0 0 0 0 0 0 
19 0 0 0 0 25 0 0 0 0 0 25 0 0 0 6 0 0 0 0 0 0 3 0 0 0 0 0 0 0 0 0 0 0 0 0 0 29 0 0 6 0 0 0 0 0 0 15 0 0 0 0 0 0 0 0 0 0 0 0 
0 0 0 9 0 0 0 0 0 0 1 0 0 0 0 0 0 0 0 0 0 17 0 3 0 19 0 3 0 0 0 0 0 0 0 0 0 29 2 0 0 30 0 22 0 0 0 0 0 0 0 0 0 0 0 0 0 0 0 0 
0 8 0 0 0 0 0 0 0 0 0 0 0 2 0 19 30 0 0 0 0 0 0 0 26 0 0 0 0 0 21 0 0 0 0 0 0 0 0 0 4 0 0 0 0 9 0 0 0 0 0 0 0 0 0 0 9 0 0 0 
0 0 0 15 18 0 0 0 0 0 0 0 0 0 0 0 0 0 16 0 0 0 0 0 0 6 2 0 0 0 0 0 1 0 0 0 0 0 17 0 0 29 0 0 0 0 0 0 0 0 0 0 19 0 0 3 0 14 0 23 
0 0 0 0 0 0 0 0 0 0 0 25 0 0 2 0 0 0 22 0 9 21 0 0 0 0 0 0 0 0 0 0 12 8 0 0 0 24 0 0 0 0 0 0 0 0 0 0 0 0 0 13 25 0 5 0 0 0 0 29 
0 0 0 19 5 0 0 25 0 0 0 0 0 0 24 0 0 0 0 0 0 0 0 0 0 0 0 0 0 16 0 11 0 0 0 0 3 0 0 6 0 0 0 27 0 0 6 0 0 0 0 0 0 25 0 0 0 28 0 0 
17 0 26 0 0 0 0 0 26 0 0 0 0 0 0 0 0 0 0 0 0 0 0 0 1 0 0 0 0 0 0 6 0 0 0 0 0 0 0 0 0 23 16 0 0 0 25 17 0 6 23 0 11 0 0 0 0 23 0 1 
0 0 0 0 0 15 0 25 22 6 0 0 11 0 0 0 2 0 0 0 0 0 6 0 0 0 19 0 0 0 0 0 0 0 0 0 0 0 0 0 0 9 0 6 0 0 0 0 0 18 0 0 0 0 0 0 0 1 23 0 
0 0 0 0 18 0 0 28 0 0 0 0 0 0 0 0 0 0 0 30 0 5 0 0 0 0 0 0 0 0 0 22 0 0 0 0 2 0 0 0 31 0 4 29 0 0 0 0 0 0 0 0 0 0 0 30 0 8 24 0 
0 0 23 0 0 0 0 0 0 0 0 0 0 0 0 0 0 0 0 0 0 19 0 11 0 0 18 0 28 0 18 28 5 0 1 0 0 0 0 0 11 0 0 0 0 0 0 0 20 0 0 0 0 0 0 0 0 0 0 0 
0 0 0 0 0 0 28 0 0 0 0 0 3 0 0 0 0 0 0 0 0 0 2 0 25 0 0 0 0 28 0 0 0 14 0 0 0 0 0 0 0 0 0 14 0 0 0 0 0 6 0 0 28 1 20 0 0 0 7 0 
0 9 0 0 0 13 0 0 0 0 0 0 0 0 0 14 0 0 0 0 0 0 0 0 0 0 0 0 0 0 0 0 16 0 0 0 4 0 0 13 0 0 17 0 0 0 0 2 0 0 24 0 0 0 0 0 0 0 10 0 
0 0 0 0 0 17 0 0 0 0 0 0 0 0 0 0 0 0 0 0 0 19 15 0 0 7 0 9 0 0 0 0 0 15 0 0 0 29 0 13 0 0 0 21 7 0 23 0 0 7 27 0 14 0 0 0 0 0 0 0 
0 0 0 0 0 5 18 0 3 0 0 0 0 20 0 0 0 29 0 0 0 0 26 18 0 0 0 0 25 0 8 0 0 0 0 0 0 0 0 0 0 2 0 0 0 28 0 0 0 0 0 0 0 0 0 0 0 22 0 0 
0 0 0 0 0 0 0 0 0 0 0 0 27 0 0 0 21 0 0 0 0 24 0 0 0 24 0 0 0 0 0 0 0 0 0 9 0 31 0 20 0 0 29 0 0 24 0 0 0 0 0 5 0 0 0 0 0 0 0 0 
0 0 30 0 0 0 0 0 0 23 0 0 0 0 0 0 0 2 0 0 0 0 0 0 0 0 0 0 0 0 0 0 0 24 0 0 0 29 0 0 0 0 0 0 0 0 16 0 0 0 0 4 0 16 0 0 0 0 0 0 
29 0 0 0 15 0 0 0 16 0 0 0 0 20 0 0 0 0 0 0 1 0 0 0 0 0 0 0 0 0 0 0 0 0 15 16 0 0 0 0 0 0 0 0 0 0 30 0 0 0 0 0 0 0 0 0 0 0 0 0 
0 0 0 0 0 16 0 0 0 0 0 6 0 2 0 0 0 7 0 0 0 21 0 0 0 6 28 0 29 0 0 20 0 20 14 0 0 0 0 8 0 8 0 0 6 0 0 0 0 0 0 0 0 0 0 0 0 30 0 0 
0 0 28 0 0 0 0 0 6 0 0 9 0 0 16 0 2 0 0 0 31 21 0 0 0 13 13 0 0 0 0 0 0 1 0 0 0 20 0 0 0 0 0 0 0 0 0 8 18 0 0 0 26 0 0 14 0 9 0 21 
0 0 0 0 0 0 0 15 0 0 0 0 0 0 4 2 0 0 0 0 0 20 0 0 0 0 0 0 0 4 0 20 0 0 0 0 0 0 0 0 0 0 0 29 0 0 0 0 30 0 0 27 0 0 0 0 0 0 0 0 
0 0 0 0 0 0 0 0 21 0 0 25 27 16 0 18 0 29 0 0 0 0 0 23 0 0 0 0 0 27 0 0 14 0 0 3 0 0 30 0 0 0 0 0 0 23 0 0 0 0 0 10 0 0 0 0 0 0 28 0 
2 0 0 14 0 0 0 0 0 0 0 0 12 0 5 0 0 0 0 0 12 0 7 10 0 0 0 0 11 0 0 14 25 0 1 0 0 0 0 0 17 0 0 0 0 0 5 0 0 31 0 21 0 0 0 0 22 3 0 0 
3 0 10 0 3 0 0 0 0 0 24 2 0 1 0 0 10 0 0 0 0 8 0 0 0 0 0 0 0 0 0 0 0 0 0 0 0 0 0 19 0 0 0 0 0 0 0 0 0 0 0 0 12 23 12 0 0 0 0 0 
10 5 0 0 0 0 25 0 0 1 0 10 0 0 0 0 0 3 0 0 0 0 0 0 0 0 0 0 0 0 0 0 0 0 0 0 0 0 0 0 0 0 0 0 0 0 0 0 0 17 0 0 0 0 0 0 0 0 0 0 
0 0 0 0 0 0 0 28 0 0 0 0 0 0 0 0 0 0 0 20 0 29 0 0 0 0 0 4 0 0 0 0 0 0 3 0 0 0 15 0 30 0 0 0 0 0 0 0 0 0 0 0 1 0 18 0 0 0 0 0 
0 0 0 0 0 11 0 0 0 0 0 0 31 0 0 0 0 7 0 0 0 0 0 0 0 0 12 8 0 0 0 0 17 0 0 13 12 0 0 0 0 0 0 0 0 0 0 0 29 0 0 0 0 0 27 5 0 0 0 0 
0 14 0 0 0 0 0 0 0 11 0 0 0 0 0 0 0 0 19 5 0 0 0 0 0 0 0 0 0 0 0 0 0 0 0 0 0 0 0 0 20 0 0 0 0 4 0 0 0 0 12 0 0 0 0 0 0 0 0 0 
6 0 0 0 0 0 0 0 0 0 0 0 0 0 0 0 0 0 0 0 0 0 13 0 0 0 0 0 0 30 0 0 0 0 27 0 29 12 0 0 0 0 0 5 2 0 16 0 0 0 0 0 24 0 0 2 0 0 0 18 
0 0 0 11 0 0 0 0 0 0 0 0 0 0 0 0 0 0 0 0 0 0 0 22 0 0 0 0 0 0 0 9 0 0 0 0 0 0 0 0 0 0 0 0 0 0 0 0 0 1 0 0 0 0 0 0 0 4 0 0 
0 0 0 0 0 0 0 0 24 0 18 0 2 0 6 0 0 14 0 0 0 0 0 0 17 3 0 0 0 25 0 12 0 0 0 0 0 0 0 0 5 0 0 0 19 0 0 0 0 0 0 0 0 5 15 0 0 0 0 0 
4 0 0 0 0 0 0 0 0 7 0 0 25 0 0 0 0 0 0 0 1 0 0 0 0 0 0 0 0 0 0 0 24 0 0 0 0 0 0 0 5 0 0 4 0 0 0 0 0 0 0 0 0 0 0 0 0 0 0 0 
16 0 0 0 15 0 0 0 0 0 17 0 0 9 0 0 0 0 0 0 0 0 0 0 0 0 0 10 0 0 0 0 0 0 12 0 25 0 0 0 0 0 0 0 0 10 0 0 0 0 7 0 0 0 9 0 0 0 0 0 
10 10 0 0 0 0 0 0 0 0 0 0 0 0 19 0 0 21 0 22 19 0 0 30 0 25 0 30 0 0 0 0 0 0 0 0 0 0 0 0 0 0 0 0 0 0 0 0 0 0 0 0 0 0 0 0 26 4 15 0 
0 21 0 0 0 0 0 0 0 0 0 0 0 0 28 4 0 0 0 20 0 0 0 25 0 0 0 0 0 0 0 0 0 0 0 0 0 0 0 0 0 0 0 0 22 0 0 0 0 0 0 0 0 0 0 0 0 0 6 17 
0 0 0 0 0 0 0 18 0 0 0 0 0 0 22 0 0 3 28 0 0 0 0 0 0 0 0 0 21 0 0 0 25 0 6 0 0 0 8 0 0 0 0 0 0 29 0 0 31 0 21 0 2 0 0 0 0 0 0 0 
0 0 6 0 0 23 0 0 0 0 1 0 0 0 0 7 0 0 0 0 0 15 29 0 12 0 0 0 0 0 0 0 0 0 0 0 0 2 0 7 0 0 0 0 0 3 0 28 31 0 19 0 0 0 0 0 14 0 0 0 
0 0 0 0 0 0 0 0 6 6 15 0 0 0 0 0 29 6 5 0 0 0 0 4 0 0 0 0 0 19 18 4 0 0 0 0 0 0 0 0 0 0 0 0 0 30 0 0 0 0 0 0 17 0 0 0 0 3 0 0 
0 0 0 0 0 0 0 0 0 24 0 0 0 0 0 0 0 0 30 0 0 0 0 20 12 27 13 5 0 21 0 6 2 0 0 0 13 0 11 0 0 0 0 0 0 0 17 0 0 0 25 0 0 0 0 16 0 0 0 0 
0 0 0 0 0 0 0 23 0 0 0 17 0 0 0 0 0 0 0 0 0 0 12 0 0 0 0 20 0 29 2 0 0 0 0 0 24 0 0 0 0 0 0 23 0 0 0 0 0 0 29 0 0 0 24 0 0 0 0 0 
0 0 0 6 0 10 0 0 12 0 12 0 23 0 0 0 0 1 0 0 0 0 22 0 0 8 0 0 0 0 26 0 0 0 0 0 0 0 0 0 0 0 0 11 0 0 0 0 0 0 3 0 0 0 0 0 0 0 0 27 
0 0 23 23 0 0 0 0 0 0 2 0 0 1 0 0 19 0 0 0 0 3 0 0 0 0 0 0 12 0 26 0 0 0 21 29 30 0 0 0 0 0 0 0 4 0 0 28 19 2 0 0 0 0 0 0 6 0 0 15 
0 0 15 0 0 18 0 0 0 0 0 0 28 0 0 0 0 0 0 29 0 0 4 7 4 0 0 0 0 0 0 0 0 0 0 0 0 0 0 0 0 3 0 26 0 0 0 0 16 0 0 25 7 0 0 0 0 0 0 15 
0 0 0 3 0 0 0 18 0 0 0 0 0 0 0 0 0 0 11 0 10 0 0 0 28 0 0 0 14 0 0 1 0 0 0 0 0 0 18 0 0 0 0 0 0 0 0 14 0 3 0 19 0 0 28 0 0 0 12 24 
0 0 0 0 0 0 1 0 0 0 0 22 3 0 0 0 0 0 0 0 0 0 0 29 0 0 0 0 0 0 0 4 21 0 8 0 0 0 0 0 10 0 0 0 0 25 0 0 25 0 0 0 7 0 0 0 0 0 0 15 
0 0 0 0 6 0 0 0 20 0 0 0 0 20 0 25 11 8 3 0 0 21 0 0 0 0 0 0 0 0 0 0 3 0 0 21 0 22 0 0 0 0 0 7 27 0 0 0 0 0 0 0 0 0 0 0 0 0 0 17 
0 0 20 2 0 27 0 0 0 0 0 0 0 7 24 0 0 0 0 0 0 13 4 14 16 0 0 0 0 0 12 0 0 0 0 11 0 0 0 0 0 0 0 0 0 0 0 0 0 5 0 0 0 0 0 0 25 0 0 0 
0 0 0 0 8 0 0 0 0 0 0 0 26 0 0 0 0 29 0 0 0 9 0 0 0 0 0 0 0 0 0 0 0 0 9 0 0 0 0 5 0 0 6 10 0 0 0 0 0 0 0 6 0 0 0 0 0 18 0 24 
0 14 24 0 0 2 0 30 0 0 0 0 0 21 0 0 0 0 0 0 0 0 0 27 0 0 0 0 0 0 0 0 0 1 3 0 0 6 0 0 3 0 0 0 6 0 0 0 0 0 0 0 0 0 0 0 0 0 0 0 
0 0 0 0 0 0 0 0 0 0 0 0 0 0 0 27 0 0 0 0 0 12 0 0 4 0 5 0 0 0 0 0 0 0 0 0 3 0 0 0 0 1 0 0 0 0 0 0 0 0 0 0 0 0 0 26 0 0 0 0 
0 0 0 0 0 0 0 0 0 5 0 0 0 0 0 0 0 0 4 14 0 0 0 0 15 28 0 0 0 0 0 0 10 7 14 0 0 0 0 0 0 0 19 28 2 0 0 0 2 0 0 0 0 0 0 0 0 0 0 0 
0 11 0 0 0 0 22 0 0 0 0 0 0 0 0 0 0 0 16 0 0 0 0 15 0 0 0 0 0 24 0 0 13 0 0 0 10 0 10 0 0 10 0 0 10 1 0 0 0 0 21 0 0 0 0 0 0 0 0 22 
9 0 16 0 0 0 0 0 0 0 1 0 0 0 3 23 0 0 20 0 0 0 0 0 13 0 0 0 0 0 15 12 0 0 0 0 18 3 21 0 0 0 0 0 22 0 0 0 0 0 0 24 15 0 0 26 0 0 0 0 
0 0 0 22 0 4 0 0 0 0 0 0 0 10 0 1 0 0 0 19 0 0 0 0 0 0 0 0 0 26 0 0 0 0 0 0 4 0 0 0 0 0 11 0 0 11 0 0 0 0 0 0 0 0 3 29 22 0 0 0 
0 24 0 0 4 16 0 0 11 0 0 0 0 0 0 0 0 0 0 0 4 0 0 0 28 0 0 0 0 0 0 0 23 20 0 0 0 0 0 0 0 0 0 0 0 0 23 0 10 0 0 0 23 0 0 0 0 17 15 0 
