60

0 1 1 1 1 1 1 1 1 1 0 1 1 1 1 1 1 1 1 1 0 1 0 1 0 0 1 1 1 1 1 1 1 1 1 1 1 1 1 1 1 1 1 1 1 1 1 1 1 1 1 1 1 0 1 1 1 1 0 1 
1 0 1 1 1 1 1 1 1 1 1 1 1 1 1 1 1 1 1 1 1 1 1 1 1 1 1 1 1 1 1 1 1 0 1 1 1 1 1 1 1 1 1 1 1 1 1 1 0 1 1 1 1 1 1 1 1 1 1 1 
1 1 0 1 0 1 0 1 1 1 1 1 1 0 1 1 1 1 1 0 1 1 1 1 0 1 1 1 1 1 0 1 1 1 1 1 1 1 1 1 1 1 1 1 1 1 1 1 1 1 1 1 1 1 1 1 1 1 1 1 
1 1 1 0 0 1 1 1 1 1 1 1 1 1 0 1 1 1 1 1 1 1 1 1 1 1 1 1 1 1 1 0 1 1 1 1 1 1 1 1 0 1 1 1 1 1 1 1 1 0 1 1 1 1 1 1 1 1 1 1 
1 1 0 0 0 1 1 1 1 1 1 1 1 1 1 1 1 1 1 1 1 1 1 1 1 1 1 1 1 1 1 1 1 1 1 1 1 1 1 1 1 1 1 1 1 1 1 0 1 0 1 1 1 1 1 1 1 1 1 0 
1 1 1 1 1 0 1 1 1 1 1 0 1 1 1 1 1 1 1 1 1 1 1 1 1 1 1 1 1 1 1 1 1 1 1 1 1 1 0 1 1 1 1 1 0 1 1 0 1 1 1 1 1 1 1 1 1 1 1 1 
1 1 0 1 1 1 0 1 1 1 1 1 1 1 1 1 1 1 1 1 0 1 1 1 1 0 1 1 1 1 1 0 1 1 1 1 1 1 1 0 1 1 1 1 1 0 1 1 1 1 1 1 1 0 1 1 0 1 1 1 
1 1 1 1 1 1 1 0 1 1 0 1 1 1 1 1 1 0 1 1 1 1 1 1 1 1 1 1 1 1 1 0 1 0 1 1 1 1 1 1 1 1 1 1 1 1 1 1 1 1 1 0 1 1 1 1 1 1 1 1 
1 1 1 1 1 1 1 1 0 0 1 1 1 1 1 0 0 1 1 1 0 1 1 1 1 1 1 1 0 1 1 1 1 1 1 1 1 1 1 1 1 1 1 1 1 1 1 1 1 1 1 1 1 1 1 1 1 1 1 1 
1 1 1 1 1 1 1 1 0 0 1 1 1 1 1 1 1 0 1 1 1 1 1 1 1 1 1 1 1 1 1 1 1 1 1 1 1 1 1 1 1 1 1 1 1 1 1 1 1 0 1 1 1 0 1 0 1 1 1 1 
0 1 1 1 1 1 1 0 1 1 0 1 1 1 1 1 1 1 1 1 1 1 0 1 1 1 0 1 1 1 1 1 1 1 1 1 1 0 1 0 1 1 1 1 1 1 1 1 1 0 1 1 1 1 1 1 1 1 1 1 
1 1 1 1 1 0 1 1 1 1 1 0 1 1 1 1 1 1 1 0 1 1 1 1 1 1 1 1 1 1 1 1 0 1 1 1 1 1 1 1 1 1 0 1 1 1 1 1 1 0 1 1 1 1 1 1 1 1 1 1 
1 1 1 1 1 1 1 1 1 1 1 1 0 1 1 1 1 1 1 1 1 1 1 1 1 1 1 1 1 1 0 1 1 1 0 1 1 1 1 1 1 1 1 1 1 1 0 1 1 0 1 1 1 1 1 1 1 1 1 1 
1 1 0 1 1 1 1 1 1 1 1 1 1 0 1 1 1 1 1 1 1 1 1 1 1 1 1 1 1 1 1 1 1 1 0 1 1 1 1 1 0 1 1 1 1 1 1 1 1 1 0 1 1 1 1 1 1 1 1 1 
1 1 1 0 1 1 1 1 1 1 1 1 1 1 0 0 1 1 1 1 1 1 1 1 1 1 1 1 1 1 1 1 0 1 1 1 0 1 1 1 1 0 1 1 1 1 1 1 1 1 1 1 0 1 1 0 1 1 1 1 
1 1 1 1 1 1 1 1 0 1 1 1 1 1 0 0 1 1 1 1 1 1 1 1 1 1 1 1 1 1 1 1 1 1 1 1 1 1 1 1 1 1 1 1 1 1 1 1 1 1 1 1 1 1 1 1 1 1 1 1 
1 1 1 1 1 1 1 1 0 1 1 1 1 1 1 1 0 1 1 1 0 1 1 1 1 1 1 1 1 1 1 1 1 1 0 1 1 1 0 1 1 1 1 1 1 1 1 1 1 1 1 1 1 1 1 1 1 1 1 1 
1 1 1 1 1 1 1 0 1 0 1 1 1 1 1 1 1 0 1 1 1 1 1 1 1 1 0 1 1 1 1 1 1 1 1 1 1 0 1 1 1 1 1 0 1 1 1 1 1 1 0 1 0 1 1 1 1 1 1 1 
1 1 1 1 1 1 1 1 1 1 1 1 1 1 1 1 1 1 0 1 1 1 1 1 1 1 1 1 1 1 1 1 1 1 1 1 1 1 1 0 1 1 1 1 1 1 1 1 1 1 1 1 1 1 1 0 1 1 1 0 
1 1 0 1 1 1 1 1 1 1 1 0 1 1 1 1 1 1 1 0 1 1 1 1 1 1 1 1 1 1 1 1 1 1 1 1 1 1 1 1 0 1 1 1 1 1 0 1 1 1 1 1 1 1 1 1 1 1 1 1 
0 1 1 1 1 1 0 1 0 1 1 1 1 1 1 1 0 1 1 1 0 1 1 0 1 1 0 1 1 1 1 1 1 1 1 1 1 0 1 1 1 1 1 1 1 1 1 1 1 1 1 1 1 0 1 1 1 1 1 1 
1 1 1 1 1 1 1 1 1 1 1 1 1 1 1 1 1 1 1 1 1 0 1 1 1 0 1 1 1 1 1 1 1 1 1 1 0 0 0 1 1 1 1 1 0 1 1 1 1 1 1 1 1 1 1 1 1 1 1 1 
0 1 1 1 1 1 1 1 1 1 0 1 1 1 1 1 1 1 1 1 1 1 0 1 1 1 1 1 1 1 1 0 1 1 1 1 1 1 1 1 1 1 1 1 1 1 1 1 1 1 1 1 1 1 1 1 1 1 1 1 
1 1 1 1 1 1 1 1 1 1 1 1 1 1 1 1 1 1 1 1 0 1 1 0 1 1 1 0 1 1 0 1 1 0 1 1 1 1 1 1 1 1 1 1 1 1 1 1 1 1 0 1 1 1 1 1 1 1 1 1 
0 1 0 1 1 1 1 1 1 1 1 1 1 1 1 1 1 1 1 1 1 1 1 1 0 1 1 1 1 1 1 1 1 1 1 1 1 1 1 1 1 1 1 0 1 1 1 1 1 1 1 1 1 1 1 1 1 1 1 1 
0 1 1 1 1 1 0 1 1 1 1 1 1 1 1 1 1 1 1 1 1 0 1 1 1 0 1 1 1 1 1 1 1 1 1 1 1 1 1 0 0 1 1 1 0 1 1 1 1 1 1 1 1 0 1 1 1 1 1 0 
1 1 1 1 1 1 1 1 1 1 0 1 1 1 1 1 1 0 1 1 0 1 1 1 1 1 0 1 1 1 1 1 1 1 1 1 1 1 1 1 1 1 1 1 1 1 1 1 1 1 1 1 1 1 1 1 1 1 1 1 
1 1 1 1 1 1 1 1 1 1 1 1 1 1 1 1 1 1 1 1 1 1 1 0 1 1 1 0 1 0 1 1 1 1 1 1 1 1 1 1 1 1 1 1 1 1 1 1 1 1 1 1 1 1 0 1 1 1 1 1 
1 1 1 1 1 1 1 1 0 1 1 1 1 1 1 1 1 1 1 1 1 1 1 1 1 1 1 1 0 1 1 1 1 1 1 1 1 1 1 1 1 1 1 1 1 1 1 1 1 0 1 1 1 1 1 1 1 1 1 1 
1 1 1 1 1 1 1 1 1 1 1 1 1 1 1 1 1 1 1 1 1 1 1 1 1 1 1 0 1 0 0 1 0 1 1 1 1 1 1 1 0 1 1 1 1 1 1 1 1 1 1 1 1 1 1 1 0 1 1 1 
1 1 0 1 1 1 1 1 1 1 1 1 0 1 1 1 1 1 1 1 1 1 1 0 1 1 1 1 1 0 0 0 1 1 1 1 1 1 1 1 1 1 1 1 1 1 1 1 1 0 1 1 1 1 0 1 1 1 1 1 
1 1 1 0 1 1 0 0 1 1 1 1 1 1 1 1 1 1 1 1 1 1 0 1 1 1 1 1 1 1 0 0 1 1 1 1 1 1 1 1 1 1 1 1 1 1 1 1 1 1 1 0 1 1 1 1 1 1 1 1 
1 1 1 1 1 1 1 1 1 1 1 0 1 1 0 1 1 1 1 1 1 1 1 1 1 1 1 1 1 0 1 1 0 1 1 1 0 1 1 0 1 1 0 1 1 1 1 0 1 1 0 1 0 1 1 0 1 1 1 0 
1 0 1 1 1 1 1 0 1 1 1 1 1 1 1 1 1 1 1 1 1 1 1 0 1 1 1 1 1 1 1 1 1 0 0 1 1 1 1 1 1 1 1 1 1 1 1 1 0 1 0 1 0 1 1 1 0 1 1 1 
1 1 1 1 1 1 1 1 1 1 1 1 0 0 1 1 0 1 1 1 1 1 1 1 1 1 1 1 1 1 1 1 1 0 0 1 1 1 1 1 1 1 1 1 1 1 1 1 1 1 1 1 1 1 1 0 1 1 1 1 
1 1 1 1 1 1 1 1 1 1 1 1 1 1 1 1 1 1 1 1 1 1 1 1 1 1 1 1 1 1 1 1 1 1 1 0 1 1 1 1 1 1 1 1 1 1 1 1 1 1 1 1 1 1 1 1 1 1 1 1 
1 1 1 1 1 1 1 1 1 1 1 1 1 1 0 1 1 1 1 1 1 0 1 1 1 1 1 1 1 1 1 1 0 1 1 1 0 1 1 1 1 1 1 1 1 1 1 0 1 1 1 1 1 1 1 1 1 1 0 1 
1 1 1 1 1 1 1 1 1 1 0 1 1 1 1 1 1 0 1 1 0 0 1 1 1 1 1 1 1 1 1 1 1 1 1 1 1 0 0 1 1 1 1 0 1 1 1 1 1 1 0 1 1 1 1 1 1 1 1 1 
1 1 1 1 1 0 1 1 1 1 1 1 1 1 1 1 0 1 1 1 1 0 1 1 1 1 1 1 1 1 1 1 1 1 1 1 1 0 0 1 1 0 1 1 1 1 1 1 1 1 1 1 1 1 1 1 1 1 1 1 
1 1 1 1 1 1 0 1 1 1 0 1 1 1 1 1 1 1 0 1 1 1 1 1 1 0 1 1 1 1 1 1 0 1 1 1 1 1 1 0 1 1 1 1 1 1 1 1 1 1 1 1 0 1 1 0 1 1 1 0 
1 1 1 0 1 1 1 1 1 1 1 1 1 0 1 1 1 1 1 0 1 1 1 1 1 0 1 1 1 0 1 1 1 1 1 1 1 1 1 1 0 1 1 1 1 1 0 1 0 1 1 1 0 1 0 1 1 1 1 0 
1 1 1 1 1 1 1 1 1 1 1 1 1 1 0 1 1 1 1 1 1 1 1 1 1 1 1 1 1 1 1 1 1 1 1 1 1 1 0 1 1 0 1 1 1 1 1 1 1 1 1 1 1 0 0 1 1 1 1 1 
1 1 1 1 1 1 1 1 1 1 1 0 1 1 1 1 1 1 1 1 1 1 1 1 1 1 1 1 1 1 1 1 0 1 1 1 1 1 1 1 1 1 0 1 1 1 1 0 1 1 1 1 1 1 1 1 1 0 1 1 
1 1 1 1 1 1 1 1 1 1 1 1 1 1 1 1 1 0 1 1 1 1 1 1 0 1 1 1 1 1 1 1 1 1 1 1 1 0 1 1 1 1 1 0 1 1 1 1 1 1 1 1 1 1 0 0 1 1 1 1 
1 1 1 1 1 0 1 1 1 1 1 1 1 1 1 1 1 1 1 1 1 0 1 1 1 0 1 1 1 1 1 1 1 1 1 1 1 1 1 1 1 1 1 1 0 1 0 1 0 1 1 0 1 1 1 1 1 1 1 1 
1 1 1 1 1 1 0 1 1 1 1 1 1 1 1 1 1 1 1 1 1 1 1 1 1 1 1 1 1 1 1 1 1 1 1 1 1 1 1 1 1 1 1 1 1 0 1 1 0 1 1 1 1 1 1 1 1 1 1 1 
1 1 1 1 1 1 1 1 1 1 1 1 0 1 1 1 1 1 1 0 1 1 1 1 1 1 1 1 1 1 1 1 1 1 1 1 1 1 1 1 0 1 1 1 0 1 0 0 0 1 1 1 1 1 1 0 1 1 1 1 
1 1 1 1 0 0 1 1 1 1 1 1 1 1 1 1 1 1 1 1 1 1 1 1 1 1 1 1 1 1 1 1 0 1 1 1 0 1 1 1 1 1 0 1 1 1 0 0 1 1 1 1 0 1 0 0 1 1 1 0 
1 0 1 1 1 1 1 1 1 1 1 1 1 1 1 1 1 1 1 1 1 1 1 1 1 1 1 1 1 1 1 1 1 0 1 1 1 1 1 1 0 1 1 1 0 0 0 1 0 1 1 1 1 1 1 1 1 1 1 1 
1 1 1 0 0 1 1 1 1 0 0 0 0 1 1 1 1 1 1 1 1 1 1 1 1 1 1 1 0 1 0 1 1 1 1 1 1 1 1 1 1 1 1 1 1 1 1 1 1 0 1 1 1 1 1 1 1 1 1 1 
1 1 1 1 1 1 1 1 1 1 1 1 1 0 1 1 1 0 1 1 1 1 1 0 1 1 1 1 1 1 1 1 0 0 1 1 1 0 1 1 1 1 1 1 1 1 1 1 1 1 0 1 1 1 1 1 1 0 1 0 
1 1 1 1 1 1 1 0 1 1 1 1 1 1 1 1 1 1 1 1 1 1 1 1 1 1 1 1 1 1 1 0 1 1 1 1 1 1 1 1 1 1 1 1 0 1 1 1 1 1 1 0 1 1 1 1 1 1 1 1 
1 1 1 1 1 1 1 1 1 1 1 1 1 1 0 1 1 0 1 1 1 1 1 1 1 1 1 1 1 1 1 1 0 0 1 1 1 1 1 0 0 1 1 1 1 1 1 0 1 1 1 1 0 0 1 1 1 0 1 1 
0 1 1 1 1 1 0 1 1 0 1 1 1 1 1 1 1 1 1 1 0 1 1 1 1 0 1 1 1 1 1 1 1 1 1 1 1 1 1 1 1 0 1 1 1 1 1 1 1 1 1 1 0 0 1 1 0 1 1 1 
1 1 1 1 1 1 1 1 1 1 1 1 1 1 1 1 1 1 1 1 1 1 1 1 1 1 1 0 1 1 0 1 1 1 1 1 1 1 1 1 0 0 1 0 1 1 1 0 1 1 1 1 1 1 0 0 1 1 1 0 
1 1 1 1 1 1 1 1 1 0 1 1 1 1 0 1 1 1 0 1 1 1 1 1 1 1 1 1 1 1 1 1 0 1 0 1 1 1 1 0 1 1 1 0 1 1 0 0 1 1 1 1 1 1 0 0 1 1 1 1 
1 1 1 1 1 1 0 1 1 1 1 1 1 1 1 1 1 1 1 1 1 1 1 1 1 1 1 1 1 0 1 1 1 0 1 1 1 1 1 1 1 1 1 1 1 1 1 1 1 1 1 1 1 0 1 1 0 0 1 1 
1 1 1 1 1 1 1 1 1 1 1 1 1 1 1 1 1 1 1 1 1 1 1 1 1 1 1 1 1 1 1 1 1 1 1 1 1 1 1 1 1 1 0 1 1 1 1 1 1 1 0 1 0 1 1 1 0 0 0 1 
0 1 1 1 1 1 1 1 1 1 1 1 1 1 1 1 1 1 1 1 1 1 1 1 1 1 1 1 1 1 1 1 1 1 1 1 0 1 1 1 1 1 1 1 1 1 1 1 1 1 1 1 1 1 1 1 1 0 0 1 
1 1 1 1 0 1 1 1 1 1 1 1 1 1 1 1 1 1 0 1 1 1 1 1 1 0 1 1 1 1 1 1 0 1 1 1 1 1 1 0 0 1 1 1 1 1 1 0 1 1 0 1 1 1 0 1 1 1 1 0 

0 0 5 5 0 0 0 0 0 0 11 0 9 0 0 3 0 13 0 0 0 0 0 0 0 0 0 0 0 0 0 0 0 17 0 0 11 0 0 0 0 0 0 0 0 0 7 0 0 0 0 0 17 1 0 0 0 0 7 16 
0 0 0 3 0 0 0 0 0 0 12 0 0 0 0 0 11 0 1 0 0 0 0 14 0 0 7 0 0 0 0 0 13 6 0 0 0 4 8 0 0 0 3 8 20 0 0 0 0 18 0 0 0 14 0 9 0 0 0 0 
0 0 0 2 0 13 0 19 0 0 0 0 0 0 0 0 0 5 0 0 0 0 0 0 0 0 0 0 0 0 7 1 8 0 0 7 0 8 0 0 0 7 0 0 0 20 0 0 13 0 18 0 17 19 0 0 0 0 0 0 
0 0 0 0 0 7 0 9 0 0 16 0 0 0 0 0 0 0 0 14 0 7 0 18 4 0 4 0 0 7 0 0 0 16 0 0 0 0 0 0 0 0 0 5 0 0 5 16 0 0 15 0 0 0 0 0 0 0 0 0 
0 0 0 0 0 0 4 0 0 0 0 0 0 0 0 0 16 0 0 0 0 0 0 0 0 0 0 4 0 0 0 3 0 0 0 0 0 15 3 0 0 5 0 0 0 0 0 0 0 0 15 0 0 0 0 0 0 0 14 0 
0 0 0 5 0 0 0 16 0 0 0 12 3 0 10 2 0 0 5 9 18 0 3 9 0 0 0 15 0 14 0 0 0 0 12 0 0 0 0 0 0 11 0 0 19 0 0 0 6 17 0 0 0 0 0 2 0 0 0 16 
0 0 0 0 13 0 0 0 0 8 0 0 0 3 0 0 7 0 0 0 0 0 0 0 0 0 9 0 0 10 0 0 0 0 0 0 0 0 12 10 0 0 0 0 0 0 0 1 18 0 0 0 16 0 0 0 0 0 0 0 
0 0 0 0 0 0 0 0 3 0 0 0 0 0 0 0 0 0 0 0 0 0 0 0 0 5 0 0 0 1 9 2 0 0 3 0 0 0 13 0 19 0 0 1 11 0 0 0 0 0 0 0 0 17 0 0 0 0 0 0 
0 16 0 19 0 0 0 0 0 0 0 20 0 0 0 7 16 0 16 0 0 15 0 10 1 12 0 0 13 0 0 0 0 0 0 20 0 0 0 0 0 8 0 0 0 2 0 0 15 18 0 0 0 0 13 0 12 8 0 0 
6 20 0 0 19 0 0 0 0 0 9 0 0 0 0 0 0 0 0 0 0 0 0 0 0 0 0 0 0 0 0 0 0 0 0 0 0 0 0 0 0 0 0 0 0 0 6 0 9 0 0 0 2 0 0 0 0 0 0 0 
0 0 0 0 0 0 0 18 0 0 0 0 4 0 0 0 0 0 0 0 11 0 0 0 0 0 0 0 0 0 0 0 0 0 0 0 0 0 0 0 3 0 0 0 0 9 0 0 0 0 0 0 0 3 0 0 0 0 0 0 
0 0 0 0 0 0 19 19 0 5 0 0 19 0 0 1 0 0 1 0 0 0 0 4 0 0 0 0 0 0 0 0 0 0 0 0 0 19 0 15 0 2 17 0 17 6 0 0 0 0 0 10 0 0 0 3 1 8 0 0 
0 0 0 10 18 7 0 0 0 9 0 0 0 0 0 0 14 0 0 0 0 0 0 15 0 0 0 0 0 0 0 0 0 14 0 0 0 0 0 0 10 0 0 12 0 0 0 0 0 21 0 13 2 0 0 0 0 13 0 0 
0 0 0 0 0 0 0 0 0 0 0 0 0 0 0 0 0 0 14 0 5 0 4 0 4 0 0 0 0 14 0 0 6 0 0 0 0 0 0 0 0 0 0 0 0 0 0 0 0 0 0 0 0 0 12 0 0 0 0 14 
0 0 0 18 0 0 0 0 8 5 0 16 0 0 0 0 0 0 0 0 15 0 11 5 0 0 15 0 0 0 0 0 6 0 0 0 0 0 11 0 0 0 0 0 0 2 18 7 0 13 0 0 0 0 0 15 0 0 0 10 
0 0 0 0 0 0 0 1 0 0 0 3 0 0 0 0 0 8 0 19 0 0 0 0 0 0 0 0 15 0 0 0 0 0 0 0 0 12 0 0 0 0 0 0 0 0 0 13 0 0 0 0 0 15 0 0 0 11 0 0 
0 0 18 0 0 0 0 0 0 0 0 0 0 0 0 0 0 10 0 0 0 0 0 18 0 15 0 14 19 0 0 0 0 0 9 0 0 2 0 0 1 0 0 0 0 0 0 0 0 0 14 0 0 0 0 0 12 0 2 0 
0 0 0 0 6 0 0 13 0 0 0 7 0 0 0 0 0 0 0 0 15 0 10 15 0 0 0 0 0 3 20 5 0 0 0 0 0 0 0 1 0 0 0 0 0 0 0 0 0 13 0 0 20 0 0 0 0 0 0 0 
0 0 0 0 0 0 0 8 0 0 7 0 0 0 0 0 0 0 0 0 0 0 0 0 0 0 0 0 6 0 0 0 0 0 2 0 0 10 0 0 6 0 0 0 0 0 0 0 0 0 0 0 0 0 17 4 2 0 0 0 
0 0 18 0 0 0 0 0 0 0 0 0 0 0 0 0 18 0 10 0 0 0 20 0 0 6 0 0 0 0 9 0 1 0 0 0 0 0 0 0 0 14 11 0 0 0 0 0 0 0 0 0 0 0 3 0 0 0 0 0 
0 22 0 0 0 0 0 0 0 0 0 0 0 0 0 0 0 19 0 15 0 0 0 0 0 4 0 0 0 0 0 0 0 0 0 0 0 0 0 0 0 5 0 0 0 14 0 0 0 0 0 5 0 0 19 0 0 5 0 0 
0 9 0 0 0 0 0 0 0 11 0 0 1 14 12 0 0 0 0 9 0 0 0 0 0 0 21 0 0 0 0 0 0 0 0 0 0 0 0 0 0 0 6 4 0 0 0 0 0 0 0 19 0 21 0 0 18 0 0 0 
14 0 0 7 0 0 0 0 0 16 0 0 0 3 2 0 0 18 0 0 0 0 0 0 0 0 0 0 0 0 0 12 16 0 0 0 0 0 7 0 0 0 18 0 0 0 0 0 0 0 2 0 0 0 0 0 0 0 0 0 
0 0 0 0 0 0 0 0 16 0 0 0 0 0 0 0 11 0 8 0 0 0 9 0 0 0 13 2 0 0 0 0 0 0 0 0 0 0 20 18 0 0 0 0 0 0 0 0 0 0 0 0 0 0 0 0 0 0 0 0 
0 0 0 4 0 7 0 14 0 7 0 0 0 0 0 0 0 0 0 0 0 0 0 0 0 0 1 0 0 0 0 0 0 0 12 0 0 0 0 0 0 0 14 0 0 0 0 0 6 15 0 0 0 12 0 0 0 0 0 0 
0 11 0 2 0 0 2 0 0 0 0 0 0 6 0 0 0 5 0 0 0 1 19 5 0 0 0 0 12 0 0 0 0 0 14 0 8 0 0 0 0 0 0 0 0 0 0 0 0 0 0 0 0 18 0 0 0 0 14 0 
0 0 0 19 11 0 0 0 0 0 0 0 0 0 0 0 0 0 11 18 0 0 0 3 0 0 0 0 20 0 0 0 0 0 0 0 0 0 0 0 0 0 13 8 0 4 0 0 0 0 0 0 0 0 0 0 0 0 0 0 
0 19 0 0 0 0 0 0 0 0 0 4 2 0 0 0 0 0 7 0 0 8 0 0 0 0 0 0 0 0 0 17 0 0 0 0 0 3 0 0 12 0 0 0 0 0 0 0 16 6 0 0 0 0 8 0 0 0 0 0 
0 0 0 0 0 0 0 0 0 0 0 0 0 0 14 16 12 9 0 0 0 0 0 0 0 0 0 0 0 0 0 0 0 0 0 15 0 0 0 0 0 0 0 0 0 0 0 0 12 0 0 0 0 0 0 0 2 0 0 0 
0 0 12 0 1 0 0 0 0 0 0 0 0 0 0 0 0 0 15 0 0 0 0 0 0 0 0 0 0 0 0 4 0 0 0 18 0 0 0 0 0 0 0 0 0 0 0 0 0 0 0 0 0 11 12 0 19 0 0 0 
0 0 3 0 0 0 0 13 2 0 0 0 0 0 0 0 2 0 0 4 0 0 0 0 0 0 0 0 0 0 0 0 0 11 0 11 15 0 0 19 12 0 0 0 11 0 0 0 0 0 0 0 0 0 0 0 0 0 0 0 
14 0 0 17 0 0 0 0 0 0 0 0 0 7 0 3 0 0 0 0 0 0 0 0 0 0 19 0 0 0 0 0 0 0 0 0 0 15 15 16 4 19 0 9 1 0 13 0 0 0 0 11 0 0 0 0 0 0 0 0 
0 1 0 7 3 0 0 0 15 0 0 0 0 0 0 0 0 0 0 0 0 0 0 0 6 0 0 0 0 0 7 0 0 0 16 10 12 5 15 0 0 0 9 0 17 0 0 0 0 0 0 0 0 14 0 0 0 0 6 1 
0 0 0 0 0 0 0 0 0 0 0 15 0 0 11 0 0 0 0 0 0 19 0 0 0 0 0 0 0 4 0 6 0 0 0 0 0 0 0 0 0 0 0 7 0 0 0 21 14 0 7 0 0 0 0 0 8 0 0 0 
0 0 0 0 0 0 19 0 0 0 0 0 0 0 0 8 0 0 0 7 0 0 0 6 20 0 8 14 0 3 0 0 0 0 0 0 0 2 0 0 19 0 0 10 0 0 0 0 0 0 0 6 0 0 4 0 9 0 0 0 
0 0 2 0 0 0 0 0 0 0 0 0 0 0 0 0 0 0 0 0 5 0 0 0 0 0 5 15 0 0 0 0 0 0 0 0 0 4 0 9 0 0 0 3 10 0 0 0 0 0 17 0 0 0 0 0 9 0 0 0 
0 0 0 0 0 18 0 4 0 0 0 0 0 0 15 0 10 0 9 0 0 0 4 0 0 0 0 0 0 0 0 0 0 0 0 0 0 0 0 0 0 0 0 0 0 0 0 0 0 0 0 0 0 1 0 0 15 0 0 0 
8 12 0 0 0 0 0 6 0 0 0 0 19 0 0 0 0 0 0 0 0 12 0 0 0 12 0 0 0 0 0 0 11 0 12 0 6 0 0 0 0 10 2 0 0 0 2 0 0 0 0 5 0 0 0 0 0 0 0 0 
0 0 6 6 0 0 0 0 0 14 0 2 0 0 10 0 0 0 0 0 0 0 0 0 0 0 0 0 0 0 0 10 0 20 18 0 15 0 0 12 0 0 0 0 12 0 0 0 0 0 0 5 0 0 0 0 0 0 0 8 
9 0 0 0 0 0 0 0 17 0 0 0 0 0 0 0 0 0 0 0 0 17 0 0 0 0 0 0 0 0 0 0 0 0 0 0 0 7 0 0 0 0 0 0 0 17 4 7 0 15 0 0 0 0 0 1 0 0 0 0 
0 0 3 0 0 0 0 6 0 0 0 9 0 0 0 0 0 0 0 0 0 0 10 0 0 14 0 13 0 19 0 0 0 0 12 0 0 0 10 0 0 0 0 0 0 0 0 0 5 5 0 0 0 0 0 0 0 0 0 0 
5 0 0 0 16 0 13 0 0 11 7 0 0 0 0 0 0 4 0 1 0 19 0 0 0 10 21 0 0 4 9 0 0 0 0 16 0 0 0 16 0 0 0 6 0 0 0 0 0 0 0 0 17 1 0 0 0 0 0 0 
0 0 15 0 0 0 0 9 0 2 0 0 18 0 7 0 0 2 0 14 0 0 9 0 0 0 0 0 0 0 5 0 19 0 2 0 0 0 0 5 0 0 0 0 0 0 0 13 0 0 0 0 0 0 0 0 0 0 0 0 
0 11 0 18 20 0 0 13 0 0 0 0 0 15 0 15 0 0 0 0 0 0 8 0 0 0 0 14 0 0 0 0 13 0 0 0 0 0 0 2 0 0 0 0 0 0 0 0 0 0 0 0 0 0 0 0 0 0 0 0 
0 0 0 0 0 7 0 0 0 11 19 0 9 0 0 0 10 0 0 0 0 0 0 1 0 0 20 0 0 0 17 0 0 0 0 0 3 0 0 0 0 18 0 0 0 0 0 0 0 0 0 4 2 9 0 0 0 0 0 20 
0 0 0 0 0 0 0 0 0 0 0 0 0 12 0 0 0 13 0 0 0 0 18 0 6 0 0 0 0 0 0 6 19 0 0 0 2 0 7 0 0 11 0 12 0 0 0 0 0 0 0 1 0 0 0 0 0 0 0 19 
0 0 0 0 0 0 11 0 0 0 0 0 3 0 0 16 0 1 0 0 0 0 0 0 19 6 0 0 0 0 10 19 0 7 0 0 0 11 0 15 0 0 7 0 0 0 0 0 13 0 0 0 8 10 0 0 0 0 0 0 
0 0 0 0 15 0 0 0 0 0 0 5 0 0 0 0 0 0 8 18 0 0 0 0 0 15 0 0 0 0 9 8 0 0 10 0 0 0 0 0 0 11 0 0 0 0 3 0 0 0 0 9 0 0 0 0 0 9 2 0 
0 0 0 0 0 0 0 0 0 0 0 0 0 10 0 0 0 18 0 16 12 0 9 0 12 0 0 0 0 0 0 0 0 0 0 0 0 0 0 11 16 0 0 0 0 0 0 0 0 0 0 0 0 0 2 0 0 0 0 0 
0 0 0 0 0 0 0 0 0 0 0 5 0 0 12 0 1 11 12 0 0 0 0 0 0 0 0 0 0 0 0 0 0 0 0 0 0 0 5 0 0 0 3 0 0 0 0 0 0 0 0 0 0 0 16 0 0 0 0 0 
0 6 0 0 0 0 0 0 14 0 0 0 0 0 0 0 0 15 0 0 4 0 13 0 0 0 0 0 17 15 5 0 0 0 0 0 0 0 0 0 0 0 0 0 0 0 0 0 2 5 0 7 0 0 0 0 0 17 0 0 
0 0 0 0 0 0 0 0 3 0 15 0 0 0 0 0 0 0 16 0 0 0 5 1 0 0 0 0 0 0 0 0 0 8 0 0 0 7 0 9 0 0 0 14 0 0 12 0 0 0 0 0 9 0 0 0 6 0 0 0 
1 20 20 9 0 14 0 13 0 3 0 2 0 1 6 0 0 0 0 0 11 0 7 0 0 0 0 3 0 0 0 0 0 0 4 0 0 0 14 0 0 0 0 0 0 0 8 7 0 0 0 0 0 0 7 0 0 0 0 0 
0 0 0 0 0 7 15 15 0 0 0 0 0 0 0 0 3 5 0 0 0 0 0 0 0 0 0 0 15 0 0 4 11 0 0 0 0 0 0 0 0 0 0 0 0 0 0 0 0 0 0 3 0 0 19 0 0 0 0 0 
0 0 0 14 0 0 0 0 0 0 0 0 0 0 0 0 0 19 0 0 0 1 0 0 0 0 0 1 0 0 0 0 0 0 0 0 0 0 0 0 19 0 0 0 0 0 0 0 0 0 0 0 0 0 0 10 0 0 0 0 
0 0 0 0 13 12 0 0 0 0 0 0 0 0 0 0 0 18 0 0 0 0 0 0 0 0 0 0 0 11 0 0 0 0 0 0 0 0 1 0 0 0 0 0 0 0 0 4 0 0 0 0 18 0 0 0 15 0 0 0 
0 0 0 0 18 0 0 0 12 0 0 0 8 0 0 0 19 0 0 0 0 19 0 0 0 0 15 0 0 0 0 0 0 9 0 12 0 0 0 0 0 19 0 0 0 4 0 15 0 0 0 0 0 0 0 0 0 0 0 0 
0 0 0 0 0 16 0 0 0 7 0 0 0 7 15 0 5 0 9 0 0 11 13 0 0 0 0 0 0 0 0 0 0 0 0 0 0 0 0 0 0 0 0 17 0 0 0 0 0 0 0 0 16 3 0 0 1 0 8 0 
0 0 0 0 1 0 0 0 0 19 0 0 0 0 0 0 0 1 16 0 0 0 0 0 0 0 0 0 0 0 0 14 0 0 5 0 17 0 0 6 16 0 0 0 0 0 0 0 0 0 0 2 4 0 0 0 0 0 0 0 
0 0 0 0 0 0 0 0 0 0 10 0 0 0 0 0 0 0 8 0 15 17 0 0 0 0 0 0 0 0 0 0 0 0 0 12 0 0 0 0 0 2 0 0 0 15 0 0 0 0 0 0 0 0 0 0 0 0 5 0 
