60

0 1 1 1 1 0 1 1 0 1 1 0 1 1 1 0 1 1 1 1 1 1 1 1 0 1 1 1 1 1 0 0 0 1 1 1 1 1 1 1 1 1 1 1 1 1 1 1 1 1 1 1 1 1 1 1 1 0 1 1 
1 0 1 1 1 1 1 1 1 1 1 1 1 1 1 1 1 1 0 1 1 1 1 1 1 1 0 1 0 1 1 1 1 1 1 0 1 1 1 1 1 1 0 1 0 1 1 1 1 0 1 0 1 1 1 1 0 1 0 1 
1 1 0 0 1 1 1 1 0 1 1 1 1 1 1 1 0 1 0 0 1 1 0 1 1 1 1 1 0 1 0 1 1 1 1 0 1 1 1 1 1 1 1 1 1 0 1 1 0 1 0 1 1 0 1 1 1 1 0 1 
1 1 0 0 1 0 0 1 1 0 0 1 1 1 1 1 1 1 1 1 1 1 1 1 1 1 1 1 1 1 1 1 1 1 1 1 1 0 0 1 1 0 1 1 0 1 1 0 1 1 1 1 0 1 1 1 1 1 1 1 
1 1 1 1 0 0 1 0 1 0 1 1 0 1 1 1 1 1 1 1 1 0 1 1 1 1 0 1 1 1 0 1 1 1 1 1 1 0 0 1 0 1 1 1 1 1 1 1 1 1 1 1 0 1 1 0 1 0 1 1 
0 1 1 0 0 0 1 1 1 0 0 1 0 1 1 1 1 1 0 1 1 1 1 1 1 0 1 1 1 1 1 1 0 1 1 1 1 1 1 1 1 1 0 0 1 1 1 1 1 1 1 1 1 1 1 1 1 1 1 1 
1 1 1 0 1 1 0 1 1 1 1 1 0 1 1 1 1 1 1 1 1 1 1 0 1 1 1 1 1 1 1 1 1 1 1 1 1 1 1 1 0 1 1 1 0 0 1 1 1 1 1 1 1 1 0 1 1 1 0 1 
1 1 1 1 0 1 1 0 1 1 0 1 1 0 1 1 0 0 1 1 1 1 1 1 0 1 1 1 0 1 1 1 1 1 1 1 1 1 1 1 1 0 0 1 1 1 1 1 1 1 0 1 1 1 1 1 0 0 1 1 
0 1 0 1 1 1 1 1 0 0 1 1 1 1 1 1 1 1 1 1 1 1 1 1 1 1 1 1 1 0 1 1 1 0 0 1 1 0 1 0 1 0 1 1 1 1 1 1 0 0 0 1 1 1 1 0 1 1 0 1 
1 1 1 0 0 0 1 1 0 0 1 1 1 1 1 1 1 1 1 0 1 1 0 1 0 1 1 1 1 1 0 1 1 0 1 1 1 1 0 0 1 1 1 0 1 1 1 1 0 1 1 1 1 1 1 1 0 1 1 1 
1 1 1 0 1 0 1 0 1 1 0 1 1 0 1 1 1 1 1 1 1 1 1 1 1 1 1 1 0 1 1 1 1 1 1 1 1 1 1 1 1 1 1 1 0 1 1 1 1 1 1 1 0 1 1 1 1 1 1 1 
0 1 1 1 1 1 1 1 1 1 1 0 1 1 1 1 1 1 1 0 1 0 1 1 1 1 1 1 1 1 1 0 1 1 1 0 1 1 1 1 1 1 1 1 1 1 0 1 1 1 0 1 1 0 1 1 1 1 1 0 
1 1 1 1 0 0 0 1 1 1 1 1 0 1 1 1 1 1 0 1 1 1 1 1 0 1 1 1 0 1 1 1 1 1 1 1 1 1 1 1 1 1 1 1 1 0 1 1 1 1 1 1 0 1 1 1 1 1 0 0 
1 1 1 1 1 1 1 0 1 1 0 1 1 0 1 1 1 1 1 1 1 1 0 0 1 1 1 1 1 1 1 0 1 1 1 1 1 1 1 1 1 1 1 1 0 1 1 1 1 1 1 0 1 1 1 1 1 1 1 1 
1 1 1 1 1 1 1 1 1 1 1 1 1 1 0 1 0 1 1 1 1 1 1 1 0 1 1 1 1 1 1 1 1 1 1 1 1 1 1 1 1 1 1 1 1 1 1 0 1 0 1 1 1 1 1 1 1 0 0 1 
0 1 1 1 1 1 1 1 1 1 1 1 1 1 1 0 1 1 1 1 1 1 0 1 1 1 1 0 1 1 0 1 1 1 1 1 0 0 1 1 0 1 0 1 1 1 0 1 1 1 1 1 0 1 1 1 1 1 1 0 
1 1 0 1 1 1 1 0 1 1 1 1 1 1 0 1 0 1 1 0 1 1 1 1 0 1 1 0 1 1 1 1 1 1 1 1 1 0 0 1 1 1 1 0 1 1 1 1 0 0 1 1 1 1 1 0 1 1 1 1 
1 1 1 1 1 1 1 0 1 1 1 1 1 1 1 1 1 0 1 0 1 1 1 1 1 1 1 1 1 1 1 1 1 1 0 0 1 1 0 1 1 1 1 0 1 1 1 1 1 0 1 1 0 1 1 1 0 1 1 1 
1 0 0 1 1 0 1 1 1 1 1 1 0 1 1 1 1 1 0 1 1 1 1 1 1 1 1 0 1 1 0 1 1 0 1 1 1 1 1 1 1 1 1 1 1 1 1 1 1 0 1 1 0 1 1 1 0 1 1 1 
1 1 0 1 1 1 1 1 1 0 1 0 1 1 1 1 0 0 1 0 1 1 1 0 1 1 0 1 1 1 1 1 1 0 1 1 1 1 1 1 1 1 1 1 1 1 1 0 1 1 1 1 0 1 0 1 1 1 1 1 
1 1 1 1 1 1 1 1 1 1 1 1 1 1 1 1 1 1 1 1 0 1 1 1 1 0 0 0 1 1 1 1 1 1 1 1 0 1 1 1 0 0 1 1 1 1 1 1 1 1 1 0 1 1 0 1 1 0 0 1 
1 1 1 1 0 1 1 1 1 1 1 0 1 1 1 1 1 1 1 1 1 0 1 1 1 1 1 1 0 1 0 1 0 1 1 1 0 1 1 1 0 1 0 1 1 1 1 1 1 1 0 1 1 1 1 1 1 1 1 1 
1 1 0 1 1 1 1 1 1 0 1 1 1 0 1 0 1 1 1 1 1 1 0 1 0 0 1 1 1 1 1 1 1 1 1 1 1 1 1 1 0 1 1 1 1 1 1 1 1 1 0 0 1 0 1 1 1 1 1 0 
1 1 1 1 1 1 0 1 1 1 1 1 1 0 1 1 1 1 1 0 1 1 1 0 1 1 1 1 1 1 1 1 1 0 1 1 1 1 1 1 0 1 0 1 0 0 1 1 1 1 1 1 1 1 1 1 1 1 1 1 
0 1 1 1 1 1 1 0 1 0 1 1 0 1 0 1 0 1 1 1 1 1 0 1 0 0 1 1 1 0 1 1 0 1 1 1 1 1 1 1 1 0 1 0 1 0 1 1 1 1 1 1 1 1 1 1 1 0 1 1 
1 1 1 1 1 0 1 1 1 1 1 1 1 1 1 1 1 1 1 1 0 1 0 1 0 0 0 0 1 1 1 1 1 1 1 1 1 1 1 1 1 0 1 1 1 1 1 1 1 1 1 1 0 1 1 0 1 1 1 1 
1 0 1 1 0 1 1 1 1 1 1 1 1 1 1 1 1 1 1 0 0 1 1 1 1 0 0 1 1 1 0 0 1 0 1 1 0 0 0 1 1 1 1 0 0 1 0 1 1 1 1 0 0 1 1 1 1 1 0 0 
1 1 1 1 1 1 1 1 1 1 1 1 1 1 1 0 0 1 0 1 0 1 1 1 1 0 1 0 1 1 1 1 1 1 1 0 1 1 1 1 1 1 0 1 1 1 1 1 1 0 1 0 1 0 1 1 1 0 1 1 
1 0 0 1 1 1 1 0 1 1 0 1 0 1 1 1 1 1 1 1 1 0 1 1 1 1 1 1 0 1 1 1 1 1 1 0 1 1 1 1 1 1 0 1 0 1 1 1 1 0 1 1 0 1 1 1 1 1 1 1 
1 1 1 1 1 1 1 1 0 1 1 1 1 1 1 1 1 1 1 1 1 1 1 1 0 1 1 1 1 0 1 1 1 1 1 1 1 1 1 1 1 1 1 1 1 1 1 0 1 1 1 1 0 1 1 1 1 1 1 0 
0 1 0 1 0 1 1 1 1 0 1 1 1 1 1 0 1 1 0 1 1 0 1 1 1 1 0 1 1 1 0 1 1 1 0 1 1 1 1 1 1 1 1 1 1 0 1 1 1 1 1 1 1 1 1 1 1 1 1 0 
0 1 1 1 1 1 1 1 1 1 1 0 1 0 1 1 1 1 1 1 1 1 1 1 1 1 0 1 1 1 1 0 1 1 1 1 0 0 1 1 1 1 1 1 1 1 1 0 1 1 0 1 1 1 1 1 1 1 1 1 
0 1 1 1 1 0 1 1 1 1 1 1 1 1 1 1 1 1 1 1 1 0 1 1 0 1 1 1 1 1 1 1 0 1 0 1 1 0 0 0 1 0 1 1 1 1 1 1 1 1 1 1 1 1 1 1 0 1 0 1 
1 1 1 1 1 1 1 1 0 0 1 1 1 1 1 1 1 1 0 0 1 1 1 0 1 1 0 1 1 1 1 1 1 0 0 1 1 1 0 0 0 1 1 1 1 1 0 1 1 1 1 1 1 1 1 0 1 1 1 1 
1 1 1 1 1 1 1 1 0 1 1 1 1 1 1 1 1 0 1 1 1 1 1 1 1 1 1 1 1 1 0 1 0 0 0 1 0 1 0 1 1 1 0 1 1 1 0 1 1 0 1 1 1 0 1 1 1 1 0 0 
1 0 0 1 1 1 1 1 1 1 1 0 1 1 1 1 1 0 1 1 1 1 1 1 1 1 1 0 0 1 1 1 1 1 1 0 1 1 1 0 1 1 0 1 1 1 0 1 1 0 1 1 0 1 1 1 0 1 1 1 
1 1 1 1 1 1 1 1 1 1 1 1 1 1 1 0 1 1 1 1 0 0 1 1 1 1 0 1 1 1 1 0 1 1 0 1 0 1 1 1 1 0 1 1 1 1 1 1 1 0 1 1 0 1 1 1 0 1 0 1 
1 1 1 0 0 1 1 1 0 1 1 1 1 1 1 0 0 1 1 1 1 1 1 1 1 1 0 1 1 1 1 0 0 1 1 1 1 0 0 1 1 1 1 1 0 0 0 1 1 1 1 0 0 0 1 1 0 0 0 1 
1 1 1 0 0 1 1 1 1 0 1 1 1 1 1 1 0 0 1 1 1 1 1 1 1 1 0 1 1 1 1 1 0 0 0 1 1 0 0 1 1 0 1 1 0 0 1 1 1 1 1 1 1 0 1 1 0 1 1 1 
1 1 1 1 1 1 1 1 0 0 1 1 1 1 1 1 1 1 1 1 1 1 1 1 1 1 1 1 1 1 1 1 0 0 1 0 1 1 1 0 1 0 1 1 1 1 1 1 1 1 1 1 1 0 1 1 1 0 1 0 
1 1 1 1 0 1 0 1 1 1 1 1 1 1 1 0 1 1 1 1 0 0 0 0 1 1 1 1 1 1 1 1 1 0 1 1 1 1 1 1 0 1 1 1 0 1 1 1 1 1 1 0 1 0 1 1 1 1 1 1 
1 1 1 0 1 1 1 0 0 1 1 1 1 1 1 1 1 1 1 1 0 1 1 1 0 0 1 1 1 1 1 1 0 1 1 1 0 1 0 0 1 0 1 0 1 1 0 1 1 1 1 1 1 0 1 1 1 0 1 0 
1 0 1 1 1 0 1 0 1 1 1 1 1 1 1 0 1 1 1 1 1 0 1 0 1 1 1 0 0 1 1 1 1 1 0 0 1 1 1 1 1 1 0 1 1 1 1 1 1 1 1 1 1 1 1 1 1 1 1 0 
1 1 1 1 1 0 1 1 1 0 1 1 1 1 1 1 0 0 1 1 1 1 1 1 0 1 0 1 1 1 1 1 1 1 1 1 1 1 1 1 1 0 1 0 0 1 0 1 1 1 0 1 1 1 1 1 1 0 0 1 
1 0 1 0 1 1 0 1 1 1 0 1 1 0 1 1 1 1 1 1 1 1 1 0 1 1 0 1 0 1 1 1 1 1 1 1 1 0 0 1 0 1 1 0 0 1 1 1 1 1 1 1 1 1 1 1 1 0 1 1 
1 1 0 1 1 1 0 1 1 1 1 1 0 1 1 1 1 1 1 1 1 1 1 0 0 1 1 1 1 1 0 1 1 1 1 1 1 0 0 1 1 1 1 1 1 0 1 0 0 1 1 1 1 0 1 1 1 1 1 1 
1 1 1 1 1 1 1 1 1 1 1 0 1 1 1 0 1 1 1 1 1 1 1 1 1 1 0 1 1 1 1 1 1 0 0 0 1 0 1 1 1 0 1 0 1 1 0 1 1 1 1 1 0 1 1 1 1 1 1 1 
1 1 1 0 1 1 1 1 1 1 1 1 1 1 0 1 1 1 1 0 1 1 1 1 1 1 1 1 1 0 1 0 1 1 1 1 1 1 1 1 1 1 1 1 1 0 1 0 1 1 1 0 0 1 0 1 1 1 1 0 
1 1 0 1 1 1 1 1 0 0 1 1 1 1 1 1 0 1 1 1 1 1 1 1 1 1 1 1 1 1 1 1 1 1 1 1 1 1 1 1 1 1 1 1 1 0 1 1 0 1 1 0 0 1 1 1 1 1 0 1 
1 0 1 1 1 1 1 1 0 1 1 1 1 1 0 1 0 0 0 1 1 1 1 1 1 1 1 0 0 1 1 1 1 1 0 0 0 1 1 1 1 1 1 1 1 1 1 1 1 0 1 1 1 1 1 1 1 1 1 1 
1 1 0 1 1 1 1 0 0 1 1 0 1 1 1 1 1 1 1 1 1 0 0 1 1 1 1 1 1 1 1 0 1 1 1 1 1 1 1 1 1 1 1 0 1 1 1 1 1 1 0 1 1 1 1 1 1 1 1 1 
1 0 1 1 1 1 1 1 1 1 1 1 1 0 1 1 1 1 1 1 0 1 0 1 1 1 0 0 1 1 1 1 1 1 1 1 1 0 1 1 0 1 1 1 1 1 1 0 0 1 1 0 0 1 1 1 1 1 1 1 
1 1 1 0 0 1 1 1 1 1 0 1 0 1 1 0 1 0 0 0 1 1 1 1 1 0 0 1 0 0 1 1 1 1 1 0 0 0 1 1 1 1 1 1 1 1 0 0 0 1 1 0 0 0 1 0 1 1 1 1 
1 1 0 1 1 1 1 1 1 1 1 0 1 1 1 1 1 1 1 1 1 1 0 1 1 1 1 0 1 1 1 1 1 1 0 1 1 0 0 0 0 0 1 1 1 0 1 1 1 1 1 1 0 0 1 1 1 1 1 1 
1 1 1 1 1 1 0 1 1 1 1 1 1 1 1 1 1 1 1 0 0 1 1 1 1 1 1 1 1 1 1 1 1 1 1 1 1 1 1 1 1 1 1 1 1 1 1 0 1 1 1 1 1 1 0 1 1 1 1 1 
1 1 1 1 0 1 1 1 0 1 1 1 1 1 1 1 0 1 1 1 1 1 1 1 1 0 1 1 1 1 1 1 1 0 1 1 1 1 1 1 1 1 1 1 1 1 1 1 1 1 1 1 0 1 1 0 1 1 1 1 
1 0 1 1 1 1 1 0 1 0 1 1 1 1 1 1 1 0 0 1 1 1 1 1 1 1 1 1 1 1 1 1 0 1 1 0 0 0 0 1 1 1 1 1 1 1 1 1 1 1 1 1 1 1 1 1 0 1 1 1 
0 1 1 1 0 1 1 0 1 1 1 1 1 1 0 1 1 1 1 1 0 1 1 1 0 1 1 0 1 1 1 1 1 1 1 1 1 0 1 0 1 0 1 0 0 1 1 1 1 1 1 1 1 1 1 1 1 0 1 1 
1 0 0 1 1 1 0 1 0 1 1 1 0 1 0 1 1 1 1 1 0 1 1 1 1 1 0 1 1 1 1 1 0 1 0 1 0 0 1 1 1 1 1 0 1 1 1 1 0 1 1 1 1 1 1 1 1 1 0 0 
1 1 1 1 1 1 1 1 1 1 1 0 0 1 1 0 1 1 1 1 1 1 0 1 1 1 0 1 1 0 0 1 1 1 0 1 1 1 1 0 1 0 0 1 1 1 1 0 1 1 1 1 1 1 1 1 1 1 0 0 

0 0 0 0 7 0 0 0 7 0 0 0 0 0 0 1 14 0 0 0 0 0 0 0 2 0 0 1 0 0 0 0 12 0 0 0 0 0 0 1 9 1 0 0 15 0 0 0 7 16 0 7 0 0 0 0 0 0 0 12 
0 0 0 0 1 0 0 0 0 0 0 0 0 0 0 0 9 0 0 3 0 0 0 10 0 0 0 0 0 0 1 0 0 0 0 0 0 0 0 0 0 0 0 0 0 0 6 0 0 0 0 0 0 0 0 0 0 0 0 0 
0 17 0 0 4 0 10 0 0 0 0 0 0 0 0 0 0 0 0 0 0 0 0 0 0 0 0 0 0 0 0 0 0 0 0 0 0 0 0 0 0 0 0 0 0 0 0 0 0 0 0 0 0 0 18 0 0 0 0 0 
0 0 0 0 0 0 0 17 14 0 19 0 0 16 0 0 0 0 0 0 0 0 0 0 0 0 1 0 0 0 0 0 0 0 0 16 0 0 0 0 14 0 17 0 0 0 0 0 0 0 7 2 0 0 0 0 0 0 0 0 
0 0 7 0 0 0 0 0 3 10 10 0 0 0 0 0 0 0 1 0 0 0 0 0 16 0 14 0 0 0 7 0 0 11 0 2 0 0 0 0 5 0 0 0 0 0 14 0 0 0 0 0 0 0 0 0 0 2 1 0 
0 0 0 0 12 0 0 8 13 0 0 11 0 8 0 0 0 6 7 0 0 0 0 0 0 0 0 0 0 0 12 0 0 0 12 0 18 0 0 18 0 0 0 1 0 0 0 0 0 0 0 0 0 0 0 0 0 0 0 19 
0 0 7 0 0 0 0 1 0 0 0 0 0 0 0 15 0 0 0 0 0 1 0 20 0 17 0 11 0 0 0 0 0 0 0 0 0 0 3 0 2 0 0 0 0 0 0 0 0 0 0 0 0 0 0 8 0 0 0 0 
14 0 0 0 0 0 0 0 0 0 0 0 0 0 0 0 0 0 0 0 0 0 14 0 0 0 15 0 16 0 0 0 0 15 7 0 0 9 0 0 0 0 14 0 0 0 14 0 0 19 0 6 0 0 0 0 0 0 0 0 
0 4 0 0 0 0 0 0 0 0 0 0 0 0 0 20 0 0 0 0 0 0 0 2 7 0 0 0 0 0 0 0 16 0 0 0 0 0 0 0 0 0 0 2 0 0 0 0 0 1 0 0 1 0 0 0 5 0 0 0 
0 0 0 0 0 0 0 0 20 0 0 0 0 13 0 0 0 0 0 7 0 0 0 14 0 0 0 0 0 12 0 0 0 0 0 0 18 1 0 19 0 0 0 0 0 0 0 0 0 0 0 0 0 0 7 0 0 0 0 0 
0 0 0 4 0 0 0 0 0 0 0 11 0 0 0 4 0 0 0 0 0 0 0 0 1 0 0 0 0 0 0 0 7 0 10 0 2 0 0 0 0 12 8 5 12 0 0 0 5 0 0 11 0 0 12 0 0 0 0 2 
0 0 0 0 0 13 0 20 0 0 0 0 0 0 0 0 0 5 0 0 0 16 10 19 0 0 1 0 16 0 0 0 0 0 0 4 0 0 10 0 0 0 0 9 0 10 0 0 0 0 19 16 11 19 0 0 8 0 13 0 
16 0 0 0 0 0 0 7 11 18 0 0 0 0 6 0 0 0 18 0 0 5 13 11 17 0 0 0 0 0 0 0 0 14 0 8 0 0 5 0 0 0 0 0 0 0 10 8 0 0 18 0 7 0 0 11 4 0 13 0 
0 0 0 0 0 0 0 0 0 0 0 0 17 0 4 0 0 0 0 0 0 0 0 0 0 0 13 0 0 0 0 0 5 0 0 0 13 0 1 0 0 0 0 0 13 0 0 0 0 0 0 0 0 9 0 0 0 11 0 0 
0 0 0 0 0 0 0 0 0 17 12 10 6 0 0 0 0 0 0 0 0 0 11 0 0 0 0 0 0 19 0 0 15 0 3 0 0 0 0 0 0 0 0 0 0 0 0 0 0 0 0 0 0 2 0 0 0 0 0 0 
0 8 11 10 6 5 0 0 0 0 0 0 0 0 0 0 0 0 0 0 0 18 0 0 0 7 0 0 0 0 0 0 0 0 0 0 0 0 0 0 0 0 0 0 0 0 0 0 0 0 0 0 0 2 0 0 0 18 0 0 
0 0 0 0 0 0 0 12 0 0 0 0 0 6 0 0 0 0 0 0 0 0 0 18 0 15 0 0 0 0 0 0 4 0 0 0 0 4 8 0 5 0 0 0 5 6 0 0 0 0 8 8 17 0 0 0 0 13 0 0 
4 0 0 0 0 0 0 0 6 0 0 0 0 9 0 0 0 0 11 0 0 0 0 0 0 0 0 0 0 0 16 0 0 0 11 0 0 11 0 0 0 0 0 0 0 14 0 0 16 0 18 0 0 1 0 0 0 0 0 19 
0 14 0 0 0 0 0 0 0 0 0 9 4 0 0 0 0 0 0 0 1 0 9 0 4 15 0 0 18 0 0 8 0 0 7 6 0 0 0 3 0 0 0 1 10 0 18 0 9 0 8 0 0 0 20 16 10 0 0 0 
0 0 0 18 0 0 0 0 0 0 0 0 0 0 0 4 0 4 0 0 0 0 18 0 0 0 1 0 0 11 0 0 1 0 6 0 7 6 0 0 0 0 0 0 0 0 0 0 0 0 0 8 0 0 0 2 0 0 0 7 
17 13 0 9 0 0 0 0 0 0 0 0 0 0 0 0 3 0 0 2 0 0 0 0 0 18 0 0 0 0 0 0 0 10 1 12 0 0 0 0 0 5 0 0 0 16 19 12 0 0 0 0 13 0 0 0 0 0 0 0 
20 0 0 0 0 11 0 0 0 0 0 0 8 0 0 0 0 0 0 0 0 0 0 0 0 0 4 0 0 0 0 0 0 0 0 0 0 0 0 3 0 0 0 0 0 0 0 0 0 0 0 0 0 10 0 1 0 0 0 0 
0 0 0 0 0 0 0 0 0 0 0 0 0 0 0 0 0 0 18 4 0 0 0 0 11 0 0 0 0 0 0 6 0 0 15 0 0 0 0 0 0 14 0 0 0 0 18 0 0 0 0 16 0 2 0 0 15 0 0 14 
0 0 14 20 0 0 0 0 0 3 0 0 0 0 0 0 0 0 18 0 0 0 14 0 0 0 0 17 0 0 0 0 0 15 0 0 18 0 0 0 0 0 0 0 0 0 15 0 0 9 0 0 0 0 0 0 0 0 0 0 
0 0 0 0 0 0 0 0 0 0 0 0 0 0 0 14 0 0 15 7 0 0 0 0 0 3 0 0 0 0 0 0 0 0 0 0 0 0 0 0 0 0 0 0 0 0 0 0 0 19 0 17 19 0 0 0 0 0 0 0 
0 4 13 0 0 0 0 0 0 0 0 0 0 0 0 0 0 0 0 5 0 0 0 0 0 0 0 0 0 0 0 0 0 7 0 0 0 18 12 0 0 18 17 10 0 0 0 0 0 0 18 0 8 6 0 0 0 13 0 0 
0 0 0 0 0 0 0 1 0 0 13 0 0 6 0 0 0 0 0 0 0 8 0 0 0 0 0 0 16 0 0 0 0 1 0 8 0 0 0 0 0 5 0 0 0 0 0 0 0 0 0 0 16 0 5 8 0 0 0 0 
14 0 1 0 0 12 7 19 0 0 0 0 0 0 7 0 3 0 0 0 0 0 18 0 0 0 4 0 0 0 0 0 16 0 0 0 9 0 0 0 0 0 5 10 0 0 2 0 6 0 0 5 0 0 0 5 0 0 0 0 
0 0 0 0 11 0 0 0 0 0 0 4 0 0 0 0 0 0 0 0 0 0 0 0 0 1 0 0 0 0 0 0 20 0 6 0 0 11 0 0 1 0 5 1 0 10 14 0 0 0 0 0 0 3 0 2 0 16 11 0 
0 0 0 0 0 0 0 0 0 0 0 0 8 0 0 0 0 0 0 17 0 0 0 0 0 17 0 0 0 0 19 0 0 0 0 0 0 0 0 0 0 0 0 0 0 14 11 0 0 0 0 0 0 8 15 0 0 6 6 0 
0 0 0 0 19 6 0 17 0 0 0 0 0 3 1 0 18 0 0 0 0 0 0 0 4 0 0 16 0 0 0 5 0 0 0 10 0 0 3 0 0 0 0 0 0 0 0 13 0 0 0 5 0 0 0 0 0 0 0 0 
0 6 16 0 0 0 0 12 0 0 0 0 5 0 0 0 0 0 0 9 0 12 0 0 0 0 10 13 0 0 0 0 2 2 0 0 0 0 0 0 18 0 0 0 0 10 0 0 0 0 0 0 0 1 0 0 0 0 0 0 
0 9 0 0 0 0 0 0 11 0 0 0 0 0 14 0 14 0 13 0 9 12 17 0 16 0 0 0 0 0 0 0 0 14 0 0 7 0 0 0 0 0 0 0 0 11 0 12 0 0 0 0 0 0 0 0 18 0 8 0 
0 0 0 0 0 0 0 0 5 12 0 0 0 0 0 0 0 0 0 14 0 0 0 10 0 0 0 5 0 0 18 1 0 0 0 0 0 0 0 0 0 0 17 0 6 0 0 0 8 0 0 0 17 0 0 0 0 0 4 0 
0 2 0 0 0 0 13 0 0 16 0 7 0 0 0 0 0 0 6 0 0 0 0 13 0 4 0 0 7 0 0 0 0 0 0 0 0 3 12 1 0 0 0 0 0 0 0 0 20 0 0 0 0 0 0 0 0 0 0 11 
0 0 0 2 0 0 0 13 0 16 0 0 11 0 0 0 0 0 0 0 0 0 0 0 0 0 0 0 6 0 0 0 0 0 0 0 0 0 0 0 0 0 0 0 0 0 10 0 8 9 0 3 0 0 0 0 0 0 0 14 
0 8 0 0 0 0 0 0 0 0 0 0 0 13 3 0 0 0 0 13 2 0 0 0 0 16 0 15 6 0 0 0 0 0 0 0 0 0 0 0 19 0 0 0 0 0 0 0 0 0 0 0 0 0 0 0 0 0 0 0 
17 14 0 0 0 11 16 0 19 7 0 0 0 10 0 0 0 0 0 0 0 3 6 0 19 18 0 0 0 0 0 0 0 5 6 0 0 0 0 8 0 0 0 0 1 0 9 0 15 0 0 0 0 0 0 0 0 0 0 21 
0 0 0 0 0 0 16 2 0 0 0 0 0 0 0 0 2 0 0 18 0 0 0 0 0 0 11 10 2 19 0 0 0 0 7 0 16 0 0 0 0 3 0 0 0 0 0 9 0 7 0 1 0 0 0 1 0 0 1 0 
0 0 0 0 0 0 0 0 0 0 0 9 8 0 0 0 0 13 0 0 0 0 0 0 0 14 0 18 0 0 0 8 0 0 0 0 0 12 0 0 0 0 0 0 0 0 0 2 0 0 0 0 0 7 16 0 17 0 0 0 
0 0 12 0 0 0 0 0 0 0 0 0 0 0 0 0 13 0 0 0 16 0 0 0 0 0 0 0 0 0 0 0 0 0 0 1 0 0 0 0 0 0 0 0 5 0 0 0 22 0 0 0 0 0 0 0 0 0 16 0 
0 19 0 0 0 0 0 0 0 0 0 0 3 0 0 0 7 2 0 0 14 0 0 17 0 0 0 16 0 0 3 0 0 0 0 0 0 0 0 0 0 0 0 0 0 0 0 0 0 6 7 0 2 0 0 0 0 0 11 0 
0 0 0 0 0 17 0 0 1 0 0 0 0 0 0 0 5 16 1 17 0 0 0 0 0 0 0 0 0 0 11 0 0 0 0 0 0 8 5 0 0 9 0 11 0 0 0 10 0 12 5 0 0 0 0 0 0 0 0 0 
0 0 0 7 2 14 0 0 0 0 0 0 0 0 9 0 0 0 0 0 19 0 0 0 0 0 0 0 0 0 0 16 0 0 0 0 8 0 0 0 0 1 0 0 0 0 13 0 0 1 1 0 0 0 0 0 0 12 0 18 
0 1 0 0 0 0 0 19 0 0 13 17 0 0 0 2 3 0 5 0 14 0 0 0 1 0 0 14 0 1 0 9 0 0 0 0 0 8 0 0 0 0 0 0 0 0 0 0 0 0 0 0 0 0 0 0 0 0 0 0 
0 0 0 0 0 0 0 1 0 0 8 12 0 0 0 0 0 0 0 6 0 0 9 0 0 4 0 13 0 0 0 5 0 0 0 0 0 0 12 0 8 0 0 0 8 0 0 0 21 0 0 8 0 0 0 15 0 17 0 10 
0 0 12 0 0 0 0 3 0 0 0 0 0 0 0 0 0 0 0 0 0 0 0 0 18 0 0 0 0 0 11 2 0 0 0 0 0 0 0 0 0 0 0 0 0 19 0 0 0 0 7 0 0 0 0 0 17 0 0 0 
0 0 12 11 0 0 0 0 0 0 7 0 0 0 0 0 0 0 0 0 0 0 0 9 0 0 0 0 0 0 0 0 0 0 0 0 0 0 0 0 0 0 0 0 11 0 12 0 7 0 0 0 0 0 0 1 0 0 0 0 
0 0 0 0 10 0 0 12 0 0 0 0 0 12 0 0 18 14 12 0 18 0 0 0 0 0 0 3 6 0 0 0 0 0 0 0 0 0 13 0 12 0 0 0 0 0 4 0 0 0 0 0 0 10 0 0 0 0 0 0 
9 0 0 0 16 0 0 18 2 14 0 0 0 0 0 0 1 0 0 6 0 0 17 0 0 0 0 0 0 10 9 0 0 0 0 0 0 0 0 17 0 0 0 0 0 10 0 0 0 0 1 0 0 0 0 0 7 6 0 0 
0 10 17 0 0 18 0 0 0 0 0 0 14 0 10 0 2 0 0 0 0 0 0 0 12 0 0 0 0 4 0 0 0 0 0 16 18 0 0 0 19 0 0 6 0 8 0 0 13 0 0 0 0 17 0 10 0 0 0 0 
0 0 7 0 0 0 0 0 0 0 0 0 0 15 0 0 7 2 0 0 0 0 0 0 0 13 0 0 0 0 17 0 0 0 0 0 0 0 0 0 0 0 0 0 0 0 0 0 0 0 0 0 0 0 0 0 11 0 0 0 
17 0 0 20 0 0 2 15 0 0 0 5 0 0 0 2 6 0 11 18 0 0 0 0 6 0 0 0 0 0 0 0 2 0 0 15 0 0 0 0 0 10 0 0 12 0 0 0 0 0 0 0 0 16 16 0 0 0 0 0 
0 16 0 0 0 0 0 0 8 2 17 0 0 0 0 12 0 0 8 0 0 2 0 0 0 0 17 0 0 0 0 0 0 1 0 0 0 0 0 0 0 0 0 0 0 0 0 0 0 0 0 0 0 0 15 0 5 11 0 0 
0 0 0 0 0 0 0 0 0 10 0 0 17 15 0 18 0 0 0 17 0 2 0 0 0 0 0 0 15 0 0 0 0 0 18 0 0 0 0 0 0 0 0 0 0 0 0 0 0 0 0 0 0 19 0 0 2 0 0 4 
0 0 0 0 0 0 0 0 0 0 0 0 0 0 0 0 14 13 0 0 0 9 0 0 0 0 1 0 0 9 0 0 0 13 0 0 0 0 0 0 0 0 0 0 13 0 0 0 0 0 0 0 7 0 0 0 0 0 0 0 
0 0 0 0 10 0 18 0 0 0 0 0 0 0 0 0 0 0 1 14 0 0 13 0 0 5 0 0 0 0 0 0 9 0 0 0 0 0 0 0 0 0 0 0 0 0 0 10 0 0 0 1 0 0 0 0 0 0 0 0 
0 3 2 0 0 0 15 2 1 0 0 2 0 0 0 0 0 13 0 0 0 0 0 0 0 0 0 0 0 0 7 0 0 0 0 0 0 11 0 0 0 7 0 0 0 2 0 0 0 12 0 0 0 0 0 0 0 0 0 13 
0 0 0 0 0 0 9 13 0 0 0 0 0 0 0 0 0 0 0 0 0 8 0 0 0 0 0 0 0 0 0 0 0 0 2 0 0 0 0 0 0 0 0 0 0 0 0 0 0 0 0 0 0 0 0 0 0 0 0 0 
0 0 0 0 0 0 0 0 6 0 0 0 1 1 0 0 2 0 11 0 0 0 12 15 0 17 9 0 0 0 0 0 0 0 0 10 0 10 1 0 0 0 0 0 0 3 17 0 0 0 0 0 6 0 0 0 0 14 17 0 
