60

0 1 1 1 1 1 0 1 1 1 1 1 0 1 1 0 1 1 1 1 1 1 0 1 0 1 1 1 0 1 1 0 1 1 1 1 1 1 1 1 0 1 1 1 1 1 0 1 1 1 1 0 1 1 0 1 1 1 1 0 
1 0 1 1 0 0 0 1 0 1 1 0 1 0 0 1 1 1 1 1 1 0 1 1 1 0 1 1 1 1 0 1 0 0 1 0 1 0 1 1 1 1 1 0 0 0 0 0 1 1 1 1 0 1 0 0 1 1 0 1 
1 1 0 0 0 1 0 1 1 1 1 0 1 1 1 0 1 1 1 1 0 1 0 1 1 1 1 1 1 1 1 1 0 1 1 0 1 1 1 1 1 1 0 1 1 1 1 1 1 1 1 0 1 0 1 0 0 1 1 1 
1 1 0 0 0 1 1 1 1 1 1 1 1 1 1 1 1 1 1 0 1 1 1 1 1 1 1 0 1 0 0 0 1 1 1 0 0 1 1 0 1 0 1 1 1 1 0 0 1 1 1 0 1 1 0 0 1 1 0 1 
1 0 0 0 0 1 0 1 0 1 1 0 1 1 1 1 0 1 0 1 0 1 1 0 0 1 1 1 0 1 1 0 0 1 1 1 0 0 0 0 1 0 1 0 1 1 1 1 1 1 0 1 1 1 0 1 1 0 1 0 
1 0 1 1 1 0 0 0 0 1 1 0 1 1 1 1 1 1 1 1 1 1 1 0 1 1 1 0 0 1 1 1 1 1 1 1 0 1 1 1 1 1 1 1 1 0 1 0 0 1 0 1 0 1 0 1 1 1 1 1 
0 0 0 1 0 0 0 1 1 0 1 0 1 1 0 1 1 1 1 1 0 0 1 1 0 1 0 1 1 1 1 1 0 1 0 1 0 1 1 1 1 1 0 1 0 1 0 1 1 1 1 1 0 0 0 1 1 1 0 0 
1 1 1 1 1 0 1 0 1 1 0 1 0 1 0 0 1 1 1 1 1 1 0 1 1 1 1 1 0 0 0 0 1 0 1 0 0 0 1 0 1 0 1 1 1 0 0 1 1 0 1 1 0 1 1 1 1 0 1 1 
1 0 1 1 0 0 1 1 0 0 1 1 1 1 1 1 1 1 0 1 1 1 1 1 1 0 1 1 1 1 0 1 1 0 0 1 1 1 1 0 0 1 1 1 1 0 1 1 1 0 1 1 0 0 1 0 1 0 1 1 
1 1 1 1 1 1 0 1 0 0 1 1 1 0 0 1 1 0 1 1 1 1 0 0 1 1 1 0 1 1 1 0 1 1 1 0 1 1 0 0 1 1 1 1 1 1 1 1 1 0 0 1 1 1 1 1 0 1 1 0 
1 1 1 1 1 1 1 0 1 1 0 0 1 1 1 1 1 0 1 1 1 0 1 1 0 1 0 1 1 1 0 1 1 0 1 1 1 1 1 1 0 1 1 1 1 1 1 0 1 1 1 0 1 1 0 1 1 1 1 0 
1 0 0 1 0 0 0 1 1 1 0 0 1 1 1 1 1 1 1 0 0 1 1 0 1 0 0 0 0 1 1 1 1 1 1 1 1 1 0 1 1 1 1 1 0 1 0 1 1 1 1 1 1 0 1 1 0 0 1 1 
0 1 1 1 1 1 1 0 1 1 1 1 0 1 1 1 1 1 1 1 0 0 0 1 1 0 0 1 0 1 0 0 1 1 0 0 0 1 1 1 1 0 0 0 0 1 1 1 0 1 0 1 1 1 0 1 1 1 1 0 
1 0 1 1 1 1 1 1 1 0 1 1 1 0 0 1 1 1 1 1 0 0 1 1 1 0 1 1 0 0 0 0 0 0 1 1 1 1 0 1 1 1 1 1 1 0 1 0 0 1 0 1 1 0 0 0 0 1 1 1 
1 0 1 1 1 1 0 0 1 0 1 1 1 0 0 0 1 1 1 0 1 1 0 0 1 1 0 0 1 1 1 0 0 1 1 0 1 1 1 1 1 1 1 1 0 1 1 1 1 1 1 0 1 1 1 1 1 1 0 0 
0 1 0 1 1 1 1 0 1 1 1 1 1 1 0 0 0 1 1 1 1 0 1 1 1 1 0 1 1 1 1 0 1 1 1 0 0 1 0 1 1 0 1 1 1 1 1 1 0 1 0 1 1 1 1 1 0 1 0 1 
1 1 1 1 0 1 1 1 1 1 1 1 1 1 1 0 0 0 0 1 0 1 1 1 1 0 1 0 1 1 1 0 1 0 1 1 1 1 0 1 0 1 0 0 1 1 1 0 1 0 1 1 1 1 0 1 0 0 1 1 
1 1 1 1 1 1 1 1 1 0 0 1 1 1 1 1 0 0 1 0 1 0 1 1 1 1 1 1 0 1 1 1 1 1 1 1 1 1 1 1 1 1 1 1 0 0 1 1 0 1 1 1 1 0 1 1 1 1 1 1 
1 1 1 1 0 1 1 1 0 1 1 1 1 1 1 1 0 1 0 1 0 1 0 1 0 0 0 1 0 0 0 0 1 1 1 1 1 0 1 1 1 0 1 1 0 1 1 1 1 0 1 0 1 1 1 0 1 1 0 1 
1 1 1 0 1 1 1 1 1 1 1 0 1 1 0 1 1 0 1 0 1 1 1 1 0 1 1 1 1 0 0 1 1 1 1 1 1 0 1 0 1 0 1 0 0 1 1 0 0 1 1 1 0 1 0 1 1 1 1 0 
1 1 0 1 0 1 0 1 1 1 1 0 0 0 1 1 0 1 0 1 0 0 1 1 0 1 1 1 0 1 1 0 1 1 1 1 1 1 0 1 1 1 0 0 1 1 0 1 1 1 0 1 0 1 1 0 1 1 0 0 
1 0 1 1 1 1 0 1 1 1 0 1 0 0 1 0 1 0 1 1 0 0 1 1 1 1 1 1 1 0 1 1 1 1 1 0 1 1 1 1 1 0 1 1 0 1 1 1 1 1 1 1 0 1 0 1 0 1 0 0 
0 1 0 1 1 1 1 0 1 0 1 1 0 1 0 1 1 1 0 1 1 1 0 1 1 1 1 1 0 0 0 1 1 1 1 1 1 1 0 1 0 0 1 0 1 1 0 1 1 0 1 1 1 1 0 1 1 0 0 1 
1 1 1 1 0 0 1 1 1 0 1 0 1 1 0 1 1 1 1 1 1 1 1 0 1 1 0 1 1 1 1 1 1 0 0 1 1 0 1 0 1 1 1 1 1 0 1 1 1 1 1 1 1 1 1 1 1 1 1 0 
0 1 1 1 0 1 0 1 1 1 0 1 1 1 1 1 1 1 0 0 0 1 1 1 0 1 0 1 1 1 0 1 1 1 1 1 1 1 0 1 1 1 1 1 1 1 0 1 1 1 1 1 0 1 1 1 1 1 1 1 
1 0 1 1 1 1 1 1 0 1 1 0 0 0 1 1 0 1 0 1 1 1 1 1 1 0 1 1 1 1 0 1 0 1 1 0 0 1 1 0 1 1 1 1 1 1 1 1 1 1 1 1 1 1 1 1 1 1 1 1 
1 1 1 1 1 1 0 1 1 1 0 0 0 1 0 0 1 1 0 1 1 1 1 0 0 1 0 1 0 1 1 1 0 1 1 0 0 0 1 1 0 1 0 1 1 0 1 0 0 1 1 1 0 1 1 1 1 1 1 1 
1 1 1 0 1 0 1 1 1 0 1 0 1 1 0 1 0 1 1 1 1 1 1 1 1 1 1 0 1 1 1 1 1 1 1 1 1 1 0 0 1 0 1 0 1 1 0 1 1 1 1 0 1 1 0 1 1 1 1 1 
0 1 1 1 0 0 1 0 1 1 1 0 0 0 1 1 1 0 0 1 0 1 0 1 1 1 0 1 0 1 0 0 0 1 1 1 1 1 1 0 0 1 0 1 0 1 1 0 1 1 1 1 1 1 0 1 0 1 1 1 
1 1 1 0 1 1 1 0 1 1 1 1 1 0 1 1 1 1 0 0 1 0 0 1 1 1 1 1 1 0 0 1 0 1 1 1 0 1 1 1 1 1 1 1 0 1 1 0 1 0 0 1 0 1 1 0 1 1 1 0 
1 0 1 0 1 1 1 0 0 1 0 1 0 0 1 1 1 1 0 0 1 1 0 1 0 0 1 1 0 0 0 1 1 1 0 1 1 1 1 0 0 1 1 1 1 1 1 1 1 1 0 0 1 1 1 1 1 1 1 1 
0 1 1 0 0 1 1 0 1 0 1 1 0 0 0 0 0 1 0 1 0 1 1 1 1 1 1 1 0 1 1 0 1 1 0 1 1 0 1 0 0 1 1 0 0 1 1 1 1 1 0 1 1 0 1 1 1 1 1 0 
1 0 0 1 0 1 0 1 1 1 1 1 1 0 0 1 1 1 1 1 1 1 1 1 1 0 0 1 0 0 1 1 0 0 0 0 1 1 1 1 0 1 1 1 1 1 0 0 0 1 1 1 1 1 1 1 0 1 0 1 
1 0 1 1 1 1 1 0 0 1 0 1 1 0 1 1 0 1 1 1 1 1 1 0 1 1 1 1 1 1 1 1 0 0 1 1 1 0 0 1 1 0 1 1 1 1 1 1 1 1 1 1 1 1 1 1 0 1 1 1 
1 1 1 1 1 1 0 1 0 1 1 1 0 1 1 1 1 1 1 1 1 1 1 0 1 1 1 1 1 1 0 0 0 1 0 1 1 0 0 1 1 1 1 0 0 0 1 1 0 0 1 0 1 1 1 1 1 0 0 1 
1 0 0 0 1 1 1 0 1 0 1 1 0 1 0 0 1 1 1 1 1 0 1 1 1 0 0 1 1 1 1 1 0 1 1 0 0 0 1 1 0 0 1 0 0 1 1 1 1 1 1 1 1 0 0 1 1 1 1 0 
1 1 1 0 0 0 0 0 1 1 1 1 0 1 1 0 1 1 1 1 1 1 1 1 1 0 0 1 1 0 1 1 1 1 1 0 0 0 0 1 1 0 1 0 0 1 0 1 1 1 1 1 1 1 1 0 1 0 1 0 
1 0 1 1 0 1 1 0 1 1 1 1 1 1 1 1 1 1 0 0 1 1 1 0 1 1 0 1 1 1 1 0 1 0 0 0 0 0 1 1 1 1 0 1 0 1 1 0 1 1 1 1 1 0 0 1 1 1 1 1 
1 1 1 1 0 1 1 1 1 0 1 0 1 0 1 0 0 1 1 1 0 1 0 1 0 1 1 0 1 1 1 1 1 0 0 1 0 1 0 1 1 1 1 1 1 1 1 1 1 1 0 1 1 1 1 0 0 1 0 1 
1 1 1 0 0 1 1 0 0 0 1 1 1 1 1 1 1 1 1 0 1 1 1 0 1 0 1 0 0 1 0 0 1 1 1 1 1 1 1 0 1 0 0 1 1 1 1 1 0 0 0 0 1 1 0 1 1 1 1 1 
0 1 1 1 1 1 1 1 0 1 0 1 1 1 1 1 0 1 1 1 1 1 0 1 1 1 0 1 0 1 0 0 0 1 1 0 1 1 1 1 0 1 1 0 0 1 1 1 1 1 1 1 1 1 1 0 1 1 1 0 
1 1 1 0 0 1 1 0 1 1 1 1 0 1 1 0 1 1 0 0 1 0 0 1 1 1 1 0 1 1 1 1 1 0 1 0 0 1 1 0 1 0 1 1 1 1 1 1 1 1 1 1 1 1 0 1 1 1 1 1 
1 1 0 1 1 1 0 1 1 1 1 1 0 1 1 1 0 1 1 1 0 1 1 1 1 1 0 1 0 1 1 1 1 1 1 1 1 0 1 0 1 1 0 1 1 1 1 1 1 1 1 0 0 1 1 0 1 1 0 1 
1 0 1 1 0 1 1 1 1 1 1 1 0 1 1 1 0 1 1 0 0 1 0 1 1 1 1 0 1 1 1 0 1 1 0 0 0 1 1 1 0 1 1 0 1 1 1 0 1 0 0 1 0 0 0 1 1 0 1 1 
1 0 1 1 1 1 0 1 1 1 1 0 0 1 0 1 1 0 0 0 1 0 1 1 1 1 1 1 0 0 1 0 1 1 0 0 0 0 1 1 0 1 1 1 0 0 0 1 0 0 1 0 1 0 0 1 1 1 0 1 
1 0 1 1 1 0 1 0 0 1 1 1 1 0 1 1 1 0 1 1 1 1 1 0 1 1 0 1 1 1 1 1 1 1 0 1 1 1 1 1 1 1 1 1 0 0 0 1 1 0 0 0 0 1 1 1 1 0 1 1 
0 0 1 0 1 1 0 0 1 1 1 0 1 1 1 1 1 1 1 1 0 1 0 1 0 1 1 0 1 1 1 1 0 1 1 1 0 1 1 1 1 1 1 1 0 0 0 1 0 1 0 0 0 0 1 1 0 0 1 0 
1 0 1 0 1 0 1 1 1 1 0 1 1 0 1 1 0 1 1 0 1 1 1 1 1 1 0 1 0 0 1 1 0 1 1 1 1 0 1 1 1 1 1 0 1 1 1 0 1 1 1 1 1 1 0 1 1 1 0 1 
1 1 1 1 1 0 1 1 1 1 1 1 0 0 1 0 1 0 1 0 1 1 1 1 1 1 0 1 1 1 1 1 0 1 0 1 1 1 1 0 1 1 1 1 0 1 0 1 0 1 0 1 0 1 1 1 1 1 0 0 
1 1 1 1 1 1 1 0 0 0 1 1 1 1 1 1 0 1 0 1 1 1 0 1 1 1 1 1 1 0 1 1 1 1 0 1 1 1 1 0 1 1 1 0 0 0 1 1 1 0 0 1 1 0 0 1 1 1 0 1 
1 1 1 1 0 0 1 1 1 0 1 1 0 0 1 0 1 1 1 1 0 1 1 1 1 1 1 1 1 0 0 0 1 1 1 1 1 1 0 0 1 1 1 0 1 0 0 1 0 0 0 1 1 1 1 1 1 0 1 1 
0 1 0 0 1 1 1 1 1 1 0 1 1 1 0 1 1 1 0 1 1 1 1 1 1 1 1 0 1 1 0 1 1 1 0 1 1 1 1 0 1 1 0 1 0 0 0 1 1 1 1 0 1 1 0 1 1 0 1 1 
1 0 1 1 1 0 0 0 0 1 1 1 1 1 1 1 1 1 1 0 0 0 1 1 0 1 0 1 1 0 1 1 1 1 1 1 1 1 1 1 1 1 0 0 1 0 0 1 0 1 1 1 0 1 1 0 1 0 1 1 
1 1 0 1 1 1 0 1 0 1 1 0 1 0 1 1 1 0 1 1 1 1 1 1 1 1 1 1 1 1 1 0 1 1 1 0 1 0 1 1 1 1 1 0 0 1 0 1 1 0 1 1 1 0 1 0 0 1 0 1 
0 0 1 0 0 0 0 1 1 1 0 1 0 0 1 1 0 1 1 0 1 0 0 1 1 1 1 0 0 1 1 1 1 1 1 0 1 0 1 0 1 0 1 0 0 1 1 0 1 0 1 0 1 1 0 0 1 0 1 0 
1 0 0 0 1 1 1 1 0 1 1 1 1 0 1 1 1 1 0 1 0 1 1 1 1 1 1 1 1 0 1 1 1 1 1 1 0 1 0 1 0 1 0 1 1 1 1 1 1 1 1 1 0 0 0 0 1 1 0 1 
1 1 0 1 1 1 1 1 1 0 1 0 1 0 1 0 0 1 1 1 1 0 1 1 1 1 1 1 0 1 1 1 0 0 1 1 1 1 0 1 1 1 1 1 1 1 0 1 1 1 1 1 1 0 1 1 0 1 1 1 
1 1 1 1 0 1 1 0 0 1 1 0 1 1 1 1 0 1 1 1 1 1 0 1 1 1 1 1 1 1 1 1 1 1 0 1 0 1 1 1 1 1 1 0 1 0 0 1 1 1 0 0 0 1 0 1 1 0 1 1 
1 0 1 0 1 1 0 1 1 1 1 1 1 1 0 0 1 1 0 1 0 0 0 1 1 1 1 1 1 1 1 1 0 1 0 1 1 1 0 1 1 1 0 1 0 1 1 0 0 0 1 1 1 0 1 0 1 1 0 0 
0 1 1 1 0 1 0 1 1 0 0 1 0 1 0 1 1 1 1 0 0 0 1 0 1 1 1 1 1 0 1 0 1 1 1 0 0 1 1 1 0 1 1 1 1 1 0 1 0 1 1 1 1 1 0 1 1 1 0 0 

0 0 0 0 0 0 0 0 0 0 0 6 0 0 0 0 0 0 0 0 0 0 0 0 0 0 0 0 0 0 0 10 4 1 0 0 0 0 0 0 0 0 0 0 0 0 0 0 0 0 0 0 0 1 0 20 0 0 0 0 
0 0 1 6 0 0 0 2 0 0 0 0 0 0 0 0 0 0 0 0 0 6 0 18 0 15 16 14 3 0 0 0 0 0 0 0 2 0 0 0 0 0 0 0 0 12 0 0 0 0 8 0 4 0 0 0 7 0 0 0 
0 0 0 0 0 4 0 0 0 0 0 0 0 0 0 0 0 0 0 17 17 0 0 12 0 0 0 0 0 0 3 0 0 0 0 0 0 0 0 0 0 0 0 0 0 0 0 0 0 0 0 0 0 17 0 16 0 3 0 0 
0 0 0 0 11 0 0 0 0 0 0 0 0 0 0 0 0 0 0 0 0 20 0 0 20 0 0 0 10 0 0 0 0 14 0 0 0 0 0 0 0 0 0 0 0 0 0 0 14 0 12 0 0 0 0 0 0 0 0 0 
12 0 0 0 0 0 0 0 0 15 0 0 15 13 0 6 0 0 0 0 0 0 0 0 0 11 0 0 0 0 0 0 15 0 0 0 0 0 0 0 0 5 0 0 14 0 0 0 0 0 8 0 18 0 14 0 0 0 0 0 
0 0 0 0 0 0 2 0 0 0 0 0 0 0 0 0 0 0 15 19 0 0 0 1 0 0 0 0 1 0 0 0 0 0 0 0 0 15 0 0 4 1 6 14 0 0 12 0 0 0 0 0 0 0 3 6 0 0 0 0 
0 0 0 0 0 0 0 0 0 0 0 0 0 1 0 0 0 0 8 0 6 0 17 0 0 0 9 0 0 0 11 12 0 0 1 0 9 0 0 0 0 0 0 0 0 16 4 0 11 10 0 0 12 12 15 0 0 0 0 0 
0 0 0 0 0 0 0 0 0 0 0 16 0 0 0 0 0 2 0 0 0 6 0 0 0 16 0 0 0 0 0 0 0 0 0 0 0 1 0 5 0 0 0 0 0 6 0 0 16 0 0 7 10 0 11 0 0 18 0 0 
0 0 0 0 19 0 0 4 0 0 0 4 15 0 0 0 0 0 0 0 3 1 0 0 0 2 0 0 0 0 0 0 0 12 0 0 0 16 0 0 0 0 0 0 0 0 0 0 0 0 0 0 0 0 0 0 0 0 0 3 
0 0 14 0 0 0 0 0 0 0 9 0 0 11 0 18 0 0 0 0 0 0 20 0 0 0 14 0 0 0 2 0 0 3 0 0 0 0 7 0 0 0 0 0 0 0 0 16 0 0 0 0 11 15 0 0 9 0 9 0 
0 0 0 0 0 4 0 16 17 2 0 0 0 0 0 0 0 0 0 0 0 0 0 0 0 0 0 0 0 11 19 0 0 12 0 0 0 0 0 12 0 0 0 0 0 0 0 0 0 0 0 0 0 0 0 0 0 0 0 0 
0 20 20 0 0 11 0 0 0 0 14 0 0 0 0 0 0 0 0 0 0 0 0 0 0 0 0 0 0 0 0 11 15 16 0 0 0 0 0 0 0 20 0 0 0 0 0 0 0 0 0 0 0 0 0 19 0 0 8 0 
0 0 0 6 0 0 0 0 20 15 0 0 0 0 0 0 0 0 14 18 0 0 0 0 0 0 0 1 0 0 0 0 0 0 0 0 0 0 0 0 0 0 20 0 0 0 0 0 0 17 0 0 0 0 0 0 0 0 0 15 
0 0 3 0 16 17 0 0 0 2 0 0 0 0 0 0 0 0 0 0 0 20 3 4 0 0 15 0 10 0 0 0 0 0 0 0 0 0 1 0 0 9 0 0 0 0 0 0 0 0 14 0 0 6 0 0 9 0 0 0 
7 0 13 0 0 2 0 19 0 0 0 0 15 0 0 0 0 18 0 0 0 7 16 9 0 0 0 0 0 0 0 0 0 0 13 7 0 12 0 0 0 0 0 0 0 0 0 0 0 0 0 19 0 0 0 0 0 0 4 20 
9 0 3 0 0 0 0 16 0 0 0 11 0 0 12 0 0 0 0 9 0 0 0 0 0 0 0 0 0 0 0 2 0 0 0 0 0 0 0 0 0 10 13 20 7 0 0 0 0 0 0 0 0 0 0 0 1 0 0 0 
0 13 0 0 0 0 0 0 0 0 0 0 0 0 0 0 0 0 0 0 16 0 0 0 7 0 0 14 0 0 0 0 0 0 0 0 0 19 0 0 0 0 0 0 0 0 0 0 0 14 9 0 0 0 0 0 0 0 0 0 
0 0 0 0 0 0 0 0 0 0 0 4 0 0 0 0 20 0 16 0 0 0 10 4 0 0 0 0 19 0 0 0 3 0 0 0 0 0 8 0 0 0 0 0 0 0 0 0 0 0 0 0 0 0 0 0 19 7 0 0 
3 0 0 9 16 0 3 0 0 0 0 0 0 0 0 0 0 0 0 0 0 4 0 0 0 0 0 0 0 0 0 1 12 7 0 0 0 0 10 0 0 0 0 0 0 0 0 0 20 0 0 0 0 2 0 0 0 5 0 0 
0 0 0 0 0 0 0 0 0 0 0 0 0 0 0 0 0 0 9 0 0 0 0 0 0 0 0 0 0 0 15 0 0 11 0 0 16 0 0 0 0 0 3 0 0 17 0 0 0 0 0 0 0 0 0 0 0 0 3 0 
0 0 0 7 0 18 0 0 0 0 20 0 0 13 0 0 0 0 0 4 0 5 0 0 0 0 0 0 0 6 0 0 0 0 0 19 9 0 0 0 0 0 0 0 10 0 0 16 4 20 0 0 2 0 11 0 10 0 1 0 
0 0 0 0 0 0 0 0 4 10 0 0 0 0 0 0 0 0 0 0 2 0 17 3 14 0 15 0 0 0 0 0 0 0 0 0 0 7 0 0 0 0 0 0 0 0 0 0 0 0 0 0 0 10 2 0 0 13 11 0 
0 0 21 6 0 0 0 0 15 0 0 0 0 16 0 0 0 1 0 0 0 0 0 0 3 21 0 17 0 0 19 12 0 10 3 0 0 0 0 7 0 0 11 0 0 0 0 0 0 0 0 0 0 0 0 10 8 16 0 10 
0 0 0 0 0 0 0 0 0 0 10 3 0 3 0 0 0 0 3 0 0 0 0 0 0 0 0 3 0 8 0 0 0 0 7 0 6 0 0 0 0 0 0 0 0 0 0 17 2 0 0 0 0 0 0 0 0 6 17 15 
0 0 2 0 0 0 0 0 19 0 0 8 0 18 11 0 1 0 0 0 2 0 0 0 0 3 0 0 0 0 0 0 0 0 1 0 15 0 0 16 0 0 0 0 0 0 0 0 0 0 0 6 0 0 0 0 0 0 0 0 
0 14 0 0 0 0 15 0 0 0 0 0 0 0 0 0 0 7 0 22 6 0 0 0 0 0 0 16 0 7 0 14 0 0 0 0 0 8 3 0 0 0 1 19 0 0 0 0 0 0 0 0 0 0 0 19 0 0 0 0 
0 0 6 0 0 0 0 0 0 0 11 0 6 4 9 12 0 0 0 0 0 1 0 0 8 0 0 11 0 0 0 0 0 0 0 0 0 0 11 0 0 0 0 0 0 0 0 0 0 0 0 0 11 0 21 0 0 0 0 0 
5 0 20 0 0 0 0 0 0 0 0 0 0 0 0 0 12 1 0 0 0 0 0 0 0 0 0 0 0 0 0 0 0 0 0 17 0 0 0 0 1 0 0 0 0 0 2 14 0 0 0 0 0 3 5 6 15 0 1 14 
0 0 0 0 0 0 0 13 16 0 6 0 0 0 0 0 0 0 2 0 0 0 0 0 0 0 0 4 0 16 0 0 0 0 12 0 0 0 18 0 13 0 0 0 0 0 0 0 0 0 0 0 0 0 0 0 0 0 0 0 
0 0 0 0 0 0 1 3 0 0 16 0 0 3 20 0 0 0 0 0 0 0 15 0 0 1 0 0 0 0 0 0 4 14 6 0 0 11 0 0 0 0 0 0 0 0 0 0 0 0 0 0 0 0 0 13 0 14 0 1 
0 0 0 0 0 3 0 0 0 0 0 0 0 17 13 5 0 0 0 0 0 0 0 0 0 0 0 16 0 0 0 0 0 0 0 0 19 0 0 0 12 0 0 12 0 0 0 0 13 16 0 0 0 0 0 7 0 0 0 0 
0 0 0 4 2 0 19 0 20 0 0 5 0 0 0 0 0 0 0 0 0 6 0 13 0 0 2 0 0 0 0 0 0 0 5 0 0 0 0 0 0 0 0 0 16 0 0 0 0 0 7 0 0 0 0 0 0 3 0 0 
0 0 3 0 0 0 0 0 14 0 10 0 0 0 0 0 0 0 0 0 0 0 0 0 0 0 0 0 0 0 0 2 0 0 0 0 0 0 0 21 0 0 0 0 0 10 0 0 0 0 0 0 12 0 0 0 0 0 0 0 
0 0 0 0 0 0 0 0 0 0 0 0 13 0 17 0 0 21 0 3 7 0 9 0 0 0 0 0 5 0 0 0 17 0 0 0 8 0 0 0 0 0 9 16 0 0 0 0 1 0 0 0 12 20 0 20 0 0 0 9 
0 21 0 0 13 0 0 6 0 10 0 0 10 0 0 0 6 19 0 0 19 2 0 16 0 14 0 0 0 0 20 4 0 0 0 0 5 0 15 0 0 0 0 0 18 0 0 0 4 0 0 0 8 0 0 0 0 0 0 0 
0 0 0 0 0 0 0 0 17 21 0 0 21 0 0 0 0 0 0 0 0 0 0 0 0 19 0 11 15 0 0 0 0 8 0 0 0 0 11 0 0 0 8 0 0 0 0 0 0 0 0 0 0 0 0 6 0 0 19 0 
0 0 0 0 0 0 0 0 0 0 0 0 0 0 0 0 21 0 0 0 0 0 2 18 0 0 0 0 0 2 0 0 0 2 0 0 0 0 0 0 0 0 0 13 0 0 0 0 1 0 0 14 0 0 2 0 0 0 0 0 
0 0 0 0 0 0 15 0 0 0 0 0 0 0 0 0 0 0 0 0 18 0 0 0 0 14 0 0 0 0 0 0 0 3 20 0 0 0 0 0 0 2 7 0 0 0 8 0 0 0 1 14 0 0 0 0 0 0 0 0 
0 0 0 0 0 0 0 0 0 0 0 0 5 0 0 0 0 0 0 22 0 0 0 10 0 0 0 19 0 0 0 10 12 0 0 0 0 0 0 0 0 0 0 0 0 0 0 0 0 21 0 0 0 12 0 0 0 0 0 0 
0 0 0 0 3 21 5 0 13 0 0 0 0 0 0 0 10 0 0 0 2 0 0 0 0 19 1 0 0 0 0 0 0 14 0 0 0 20 0 0 0 0 0 0 0 0 0 0 8 0 0 0 3 0 0 0 0 0 0 0 
0 0 0 0 0 0 0 7 0 0 9 6 0 0 0 0 11 0 15 0 0 7 0 0 0 2 0 0 0 0 0 0 0 17 0 0 0 0 10 0 0 0 0 0 0 0 0 0 5 0 0 13 1 3 0 0 0 19 12 0 
0 0 0 0 0 0 0 0 0 0 0 0 0 0 11 0 1 0 0 0 0 0 0 0 0 0 4 0 0 0 0 0 0 12 0 0 0 0 0 19 0 0 0 0 0 0 0 7 0 0 7 0 12 0 0 10 18 0 6 0 
7 21 14 0 20 0 0 0 0 6 1 0 0 15 3 0 0 0 0 0 11 0 0 0 0 0 0 12 0 0 0 0 11 0 0 0 0 0 0 0 0 0 0 0 0 13 0 0 15 0 1 0 0 0 0 0 0 0 0 0 
0 10 0 0 0 9 7 20 0 0 4 0 0 0 0 0 0 0 0 0 0 0 0 0 0 0 0 0 0 0 0 0 14 0 18 0 5 0 0 7 0 1 0 0 0 0 16 0 0 17 0 0 0 0 0 0 0 5 0 0 
0 9 0 0 0 0 0 0 0 0 0 0 0 0 0 0 0 0 0 0 0 0 0 0 12 0 0 0 0 0 0 0 0 0 0 0 0 0 0 0 0 0 0 0 0 0 0 8 15 19 0 0 0 0 0 0 0 0 3 0 
0 3 0 0 0 0 0 0 0 0 0 0 0 1 0 0 0 0 0 0 0 0 3 0 0 0 0 0 9 6 0 0 0 15 5 19 0 0 0 0 0 0 0 0 0 0 15 0 0 18 0 0 0 0 6 0 0 0 0 0 
0 0 0 16 0 0 0 0 7 0 0 0 0 0 0 0 17 0 4 0 0 9 0 0 13 0 0 0 0 1 0 0 0 0 20 0 0 0 0 0 9 3 0 0 0 0 0 0 0 0 0 0 0 0 0 18 0 0 0 0 
9 0 14 2 6 0 0 0 0 0 0 0 0 0 0 0 0 0 0 0 0 0 0 0 1 6 14 0 0 0 0 0 0 0 0 0 0 0 0 12 3 0 0 0 0 17 0 0 11 0 0 0 0 0 0 2 0 0 0 0 
0 10 18 0 0 0 0 0 0 0 0 0 0 0 0 0 0 11 0 0 0 5 0 0 0 0 0 0 0 4 0 0 0 0 0 0 0 0 0 0 0 0 11 0 0 0 16 0 0 0 0 0 0 12 0 1 0 0 0 0 
0 10 0 0 0 0 0 3 0 0 19 0 0 1 0 0 0 0 1 0 0 0 0 0 0 13 0 0 0 0 0 0 0 0 0 9 0 0 0 13 14 0 0 0 0 0 0 0 0 0 0 0 4 0 0 5 13 0 0 19 
0 0 0 0 0 0 0 0 0 0 0 0 0 0 0 16 0 0 11 0 0 16 0 22 0 2 0 0 0 0 0 0 0 0 0 8 0 20 0 0 0 13 5 0 0 0 0 0 0 0 0 0 0 0 13 0 0 0 0 0 
0 0 0 0 0 0 13 0 1 13 0 0 0 0 0 0 0 0 0 0 0 0 20 0 0 0 17 0 9 0 0 0 6 0 0 0 0 4 0 0 0 0 0 0 0 0 0 0 0 0 0 0 0 0 0 0 4 0 6 0 
0 0 0 0 7 0 0 0 0 0 0 0 0 0 0 0 0 0 0 0 0 11 0 3 0 0 0 0 0 14 8 0 0 0 0 0 0 0 0 0 0 0 0 20 19 0 0 0 0 0 0 0 0 0 0 0 0 0 0 0 
0 0 0 1 0 0 0 0 14 0 0 0 0 0 0 0 0 0 0 0 0 0 0 0 0 0 0 0 0 0 19 0 0 0 8 0 0 0 17 14 0 0 13 0 0 0 0 14 0 0 0 0 17 0 0 0 0 0 0 0 
0 5 0 0 0 9 0 0 13 0 0 0 0 0 0 0 0 0 0 0 0 0 0 22 0 0 0 0 0 8 0 11 0 0 0 0 8 0 0 0 0 0 0 13 0 0 0 0 0 0 0 0 0 0 0 0 0 18 9 0 
0 0 0 14 0 0 5 0 0 0 0 0 0 0 0 0 0 0 0 0 0 0 0 0 15 0 0 0 0 0 0 0 0 0 9 0 0 0 0 0 0 0 0 0 0 0 19 19 0 0 0 0 0 10 11 0 0 1 0 0 
4 0 0 0 0 0 0 0 0 0 9 0 0 11 0 5 16 0 0 0 0 5 0 21 0 0 18 0 3 0 15 5 0 0 0 0 15 0 0 0 0 0 1 0 0 0 0 0 0 0 0 0 0 0 0 4 0 0 0 16 
0 0 0 0 0 0 0 0 5 0 10 7 0 0 0 0 0 0 0 0 0 0 0 0 12 0 0 0 0 0 0 0 0 0 0 0 0 0 0 0 0 0 0 0 0 0 0 0 0 0 0 1 0 0 0 5 12 0 0 0 
0 0 0 0 0 0 0 0 0 8 0 0 0 16 18 0 0 0 10 0 0 0 0 0 12 0 18 18 0 0 0 0 4 6 9 0 0 0 0 0 16 0 0 6 0 0 12 11 0 0 6 0 0 0 0 0 0 0 0 0 
0 0 0 0 0 0 11 0 0 0 0 0 19 0 0 19 13 0 19 0 0 17 0 22 2 0 0 0 0 0 0 0 0 0 0 1 0 0 0 0 0 0 0 0 0 0 0 0 0 0 0 9 0 0 0 0 0 4 0 0 
