60

0 0 1 0 0 1 1 1 0 1 0 0 1 1 0 1 1 1 1 1 1 1 1 0 0 1 0 0 1 1 0 0 1 1 0 1 0 1 1 1 1 0 1 0 1 1 1 1 1 1 0 0 0 1 1 1 0 1 1 1 
0 0 0 1 1 0 0 1 0 1 1 1 1 1 1 1 0 1 0 0 0 0 1 0 1 0 1 0 0 0 1 1 1 0 0 1 1 0 1 0 1 1 0 1 1 1 0 1 1 1 1 0 0 0 0 0 0 1 1 1 
1 0 0 0 1 1 1 1 1 0 1 1 1 0 1 0 0 1 1 1 1 0 1 1 1 1 1 1 1 1 1 1 1 0 0 0 1 1 1 0 1 1 1 1 1 1 1 1 1 1 1 0 1 0 1 1 1 0 1 1 
0 1 0 0 1 1 1 0 1 0 0 1 1 1 0 0 1 1 1 1 0 1 1 1 1 0 1 0 0 0 1 1 1 1 1 1 0 0 1 1 1 1 1 1 0 1 0 0 1 1 0 1 1 1 1 0 0 0 1 1 
0 1 1 1 0 1 1 1 1 1 0 1 0 1 1 1 1 1 0 0 1 1 0 0 1 0 0 1 1 1 1 1 1 1 1 0 0 1 1 0 0 1 0 1 0 1 1 1 0 1 1 0 1 1 1 1 0 1 0 1 
1 0 1 1 1 0 1 0 1 0 0 0 1 1 1 1 1 1 1 1 1 0 1 1 0 1 1 0 1 1 1 0 1 1 0 1 1 0 1 0 1 1 0 1 1 1 0 1 1 1 1 1 1 0 1 1 1 1 1 0 
1 0 1 1 1 1 0 0 1 1 1 0 0 1 0 1 1 1 0 0 1 1 0 1 1 0 1 0 1 1 0 1 1 1 1 1 1 0 1 0 1 0 1 0 1 1 1 0 0 0 1 0 1 0 1 1 1 1 1 0 
1 1 1 0 1 0 0 0 1 0 1 0 0 0 0 1 1 0 1 1 1 1 1 1 1 1 1 0 1 1 1 1 1 0 1 0 1 0 1 1 0 1 1 1 1 1 1 1 1 0 1 1 0 1 1 1 1 0 1 0 
0 0 1 1 1 1 1 1 0 0 1 1 1 1 1 1 1 0 1 1 1 0 1 1 1 0 0 0 0 1 1 1 1 1 1 1 1 1 1 1 1 1 0 1 0 1 1 1 1 1 0 1 1 1 1 0 1 1 0 1 
1 1 0 0 1 0 1 0 0 0 1 1 1 0 1 1 1 0 0 1 0 1 1 1 1 1 1 1 0 0 0 0 1 0 1 1 0 1 1 0 1 1 1 1 0 1 1 1 1 1 1 0 1 1 1 0 1 0 1 0 
0 1 1 0 0 0 1 1 1 1 0 1 1 1 1 1 1 0 1 1 0 1 0 0 0 0 1 1 1 1 1 1 0 1 1 0 1 0 1 1 1 1 1 1 0 1 1 1 0 1 1 1 1 1 1 1 0 1 1 0 
0 1 1 1 1 0 0 0 1 1 1 0 0 1 1 1 0 1 1 1 1 0 1 1 1 0 1 0 1 1 1 0 0 1 1 0 1 1 1 0 1 1 1 1 1 0 1 1 0 1 1 1 1 1 1 1 1 0 0 1 
1 1 1 1 0 1 0 0 1 1 1 0 0 0 0 1 1 1 1 0 1 1 1 1 1 1 1 1 0 1 0 0 0 0 1 1 1 1 1 1 1 1 1 1 1 1 1 0 1 1 1 1 1 1 1 1 1 1 0 1 
1 1 0 1 1 1 1 0 1 0 1 1 0 0 1 1 1 1 1 1 1 1 0 1 1 0 0 1 1 1 1 0 1 1 1 1 1 1 1 1 1 1 1 1 1 1 0 0 1 1 1 1 1 0 0 0 1 0 0 1 
0 1 1 0 1 1 0 0 1 1 1 1 0 1 0 1 0 1 1 1 0 0 1 1 0 1 0 1 0 1 1 0 1 1 0 1 1 1 0 1 1 1 1 0 0 0 1 1 0 1 0 1 0 1 0 1 0 1 1 1 
1 1 0 0 1 1 1 1 1 1 1 1 1 1 1 0 1 0 1 1 1 1 1 1 0 0 1 0 1 0 1 0 1 1 0 0 0 1 1 1 1 1 1 1 1 1 1 1 1 1 0 1 0 1 1 0 0 0 1 1 
1 0 0 1 1 1 1 1 1 1 1 0 1 1 0 1 0 0 0 0 0 1 0 0 1 1 0 1 1 1 1 1 0 1 1 0 0 1 0 1 1 0 0 0 1 1 0 1 0 1 1 1 1 0 1 1 1 1 1 0 
1 1 1 1 1 1 1 0 0 0 0 1 1 1 1 0 0 0 1 1 1 1 1 1 1 0 1 1 0 1 1 0 0 1 1 1 1 1 0 0 0 1 1 0 0 1 1 1 1 1 0 0 0 0 1 1 1 1 1 1 
1 0 1 1 0 1 0 1 1 0 1 1 1 1 1 1 0 1 0 1 1 0 1 0 0 1 0 0 1 1 0 1 1 0 0 1 1 1 1 1 1 1 1 1 0 1 1 0 1 0 0 1 1 1 1 1 0 1 1 1 
1 0 1 1 0 1 0 1 1 1 1 1 0 1 1 1 0 1 1 0 1 0 1 1 1 1 0 1 0 1 1 1 1 1 1 1 1 1 1 1 0 1 1 1 1 1 1 1 0 1 1 1 1 1 1 1 1 0 1 1 
1 0 1 0 1 1 1 1 1 0 0 1 1 1 0 1 0 1 1 1 0 1 1 1 1 1 1 1 1 0 1 0 1 1 1 1 1 1 1 1 1 1 1 0 1 1 1 1 0 1 1 1 1 1 1 1 1 0 0 0 
1 0 0 1 1 0 1 1 0 1 1 0 1 1 0 1 1 1 0 0 1 0 1 1 1 1 0 0 0 1 0 0 0 1 1 1 0 1 1 1 1 0 1 1 1 1 1 1 1 1 1 1 1 0 1 0 1 1 0 1 
1 1 1 1 0 1 0 1 1 1 0 1 1 0 1 1 0 1 1 1 1 1 0 1 1 1 1 1 0 1 1 1 0 0 1 0 1 1 0 1 0 1 0 1 1 0 1 1 1 0 1 1 1 1 1 0 1 1 1 1 
0 0 1 1 0 1 1 1 1 1 0 1 1 1 1 1 0 1 0 1 1 1 1 0 1 1 1 1 0 1 1 0 0 1 1 0 1 0 1 1 0 1 1 0 1 1 0 1 0 1 1 0 0 1 1 0 1 1 0 0 
0 1 1 1 1 0 1 1 1 1 0 1 1 1 0 0 1 1 0 1 1 1 1 1 0 1 1 0 1 0 0 1 1 1 1 1 1 0 1 1 0 1 0 1 1 1 1 1 1 1 1 1 1 1 0 0 0 1 0 1 
1 0 1 0 0 1 0 1 0 1 0 0 1 0 1 0 1 0 1 1 1 1 1 1 1 0 1 1 1 0 0 1 1 0 1 1 1 1 1 1 1 0 1 1 0 1 1 1 1 1 1 0 0 1 0 1 1 1 1 1 
0 1 1 1 0 1 1 1 0 1 1 1 1 0 0 1 0 1 0 0 1 0 1 1 1 1 0 1 1 0 0 1 0 0 0 1 1 1 1 1 1 1 1 1 1 1 1 1 1 1 1 1 1 1 1 1 0 0 0 1 
0 0 1 0 1 0 0 0 0 1 1 0 1 1 1 0 1 1 0 1 1 0 1 1 0 1 1 0 1 1 1 1 0 0 0 1 1 1 1 0 1 0 1 1 1 1 1 1 0 1 0 1 1 1 1 1 1 1 1 1 
1 0 1 0 1 1 1 1 0 0 1 1 0 1 0 1 1 0 1 0 1 0 0 0 1 1 1 1 0 1 1 1 1 1 0 1 1 1 0 1 0 1 1 1 1 0 1 1 1 0 1 1 0 1 1 0 0 0 1 1 
1 0 1 0 1 1 1 1 1 0 1 1 1 1 1 0 1 1 1 1 0 1 1 1 0 0 0 1 1 0 1 0 1 1 1 0 0 1 1 1 1 0 1 1 1 0 1 1 1 0 1 1 1 0 0 1 1 1 0 1 
0 1 1 1 1 1 0 1 1 0 1 1 0 1 1 1 1 1 0 1 1 0 1 1 0 0 0 1 1 1 0 1 1 1 1 0 1 0 1 1 1 1 1 1 0 0 1 0 0 1 1 1 0 1 1 1 0 1 1 1 
0 1 1 1 1 0 1 1 1 0 1 0 0 0 0 0 1 0 1 1 0 0 1 0 1 1 1 1 1 0 1 0 1 0 1 1 1 1 1 0 1 1 1 1 1 1 1 0 1 0 1 0 1 0 0 1 1 1 1 0 
1 1 1 1 1 1 1 1 1 1 0 0 0 1 1 1 0 0 1 1 1 0 0 0 1 1 0 0 1 1 1 1 0 0 1 0 0 1 0 0 1 1 1 0 1 0 1 0 1 0 0 0 1 1 1 0 0 1 1 1 
1 0 0 1 1 1 1 0 1 0 1 1 0 1 1 1 1 1 0 1 1 1 0 1 1 0 0 0 1 1 1 0 0 0 1 0 0 1 1 0 1 0 0 0 1 0 1 1 1 1 1 0 0 1 1 0 1 1 1 1 
0 0 0 1 1 0 1 1 1 1 1 1 1 1 0 0 1 1 0 1 1 1 1 1 1 1 0 0 0 1 1 1 1 1 0 1 1 1 0 0 1 1 1 0 1 0 1 1 0 1 1 1 0 0 0 0 0 1 0 0 
1 1 0 1 0 1 1 0 1 1 0 0 1 1 1 0 0 1 1 1 1 1 0 0 1 1 1 1 1 0 0 1 0 0 1 0 0 0 0 0 1 0 0 1 0 1 0 0 1 0 1 1 1 1 0 1 1 0 1 1 
0 1 1 0 0 1 1 1 1 0 1 1 1 1 1 0 0 1 1 1 1 0 1 1 1 1 1 1 1 0 1 1 0 0 1 0 0 1 1 1 1 1 1 1 0 1 1 0 1 1 1 1 1 0 1 1 1 1 1 0 
1 0 1 0 1 0 0 0 1 1 0 1 1 1 1 1 1 1 1 1 1 1 1 0 0 1 1 1 1 1 0 1 1 1 1 0 1 0 1 0 1 0 1 1 1 1 1 0 1 0 1 1 1 0 1 0 1 1 1 1 
1 1 1 1 1 1 1 1 1 1 1 1 1 1 0 1 0 0 1 1 1 1 0 1 1 1 1 1 0 1 1 1 0 1 0 0 1 1 0 1 0 1 1 1 0 1 1 1 0 1 1 1 0 1 0 1 1 1 0 1 
1 0 0 1 0 0 0 1 1 0 1 0 1 1 1 1 1 0 1 1 1 1 1 1 1 1 1 0 1 1 1 0 0 0 0 0 1 0 1 0 1 1 1 1 0 1 0 1 1 1 1 0 0 0 1 0 1 0 0 0 
1 1 1 1 0 1 1 0 1 1 1 1 1 1 1 1 1 0 1 0 1 1 0 0 0 1 1 1 0 1 1 1 1 1 1 1 1 1 0 1 0 1 0 1 1 1 0 0 0 1 1 0 0 1 1 1 1 1 1 1 
0 1 1 1 1 1 0 1 1 1 1 1 1 1 1 1 0 1 1 1 1 0 1 1 1 0 1 0 1 0 1 1 1 0 1 0 1 0 1 1 1 0 0 1 1 1 1 0 1 1 1 0 1 1 0 1 0 1 1 0 
1 0 1 1 0 0 1 1 0 1 1 1 1 1 1 1 0 1 1 1 1 1 0 1 0 1 1 1 1 1 1 1 1 0 1 0 1 1 1 1 0 0 0 1 0 0 1 1 1 1 0 1 1 1 0 1 1 1 1 0 
0 1 1 1 1 1 0 1 1 1 1 1 1 1 0 1 0 0 1 1 0 1 1 0 1 1 1 1 1 1 1 1 0 0 0 1 1 1 1 1 1 1 1 0 1 1 1 1 1 0 1 1 1 0 1 0 1 1 0 1 
1 1 1 0 0 1 1 1 0 0 0 1 1 1 0 1 1 0 0 1 1 1 1 1 1 0 1 1 1 1 0 1 1 1 1 0 0 1 0 0 1 1 0 1 0 0 1 0 0 1 1 1 0 1 0 0 1 0 1 1 
1 1 1 1 1 1 1 1 1 1 1 0 1 1 0 1 1 1 1 1 1 1 0 1 1 1 1 1 0 0 0 1 0 0 0 1 1 1 1 1 1 1 0 1 0 0 1 0 1 1 1 1 1 1 1 1 0 1 1 1 
1 0 1 0 1 0 1 1 1 1 1 1 1 0 1 1 0 1 1 1 1 1 1 0 1 1 1 1 1 1 1 1 1 1 1 0 1 1 1 0 0 1 1 1 1 1 0 1 0 0 1 1 0 1 1 1 1 1 0 1 
1 1 1 0 1 1 0 1 1 1 1 1 0 0 1 1 1 1 0 1 1 1 1 1 1 1 1 1 1 1 0 0 0 1 1 0 0 0 1 1 0 0 1 1 0 0 1 0 0 0 0 1 1 1 1 1 1 0 1 1 
1 1 1 1 0 1 0 1 1 1 0 0 1 1 0 1 0 1 1 0 0 1 1 0 1 1 1 0 1 1 0 1 1 1 0 1 1 1 0 1 0 1 1 1 0 1 0 0 0 1 1 1 1 1 0 1 1 0 1 1 
1 1 1 1 1 1 0 0 1 1 1 1 1 1 1 1 1 1 0 1 1 1 0 1 1 1 1 1 0 0 1 0 0 1 1 0 1 0 1 1 1 1 1 0 1 1 0 0 1 0 1 1 1 1 1 1 1 1 1 1 
0 1 1 0 1 1 1 1 0 1 1 1 1 1 0 0 1 0 0 1 1 1 1 1 1 1 1 0 1 1 1 1 0 1 1 1 1 1 1 1 1 1 0 1 1 1 1 0 1 1 0 1 1 1 1 0 0 1 1 0 
0 0 0 1 0 1 0 1 1 0 1 1 1 1 1 1 1 0 1 1 1 1 1 0 1 0 1 1 1 1 1 0 0 0 1 1 1 1 1 0 0 0 1 1 1 1 1 1 1 1 1 0 1 1 1 1 1 1 0 1 
0 0 1 1 1 1 1 0 1 1 1 1 1 1 0 0 1 0 1 1 1 1 1 0 1 0 1 1 0 1 0 1 1 0 0 1 1 1 0 0 0 1 1 1 0 1 0 1 1 1 1 1 0 1 1 1 1 1 1 1 
1 0 0 1 1 0 0 1 1 1 1 1 1 0 1 1 0 0 1 1 1 0 1 1 1 1 1 1 1 0 1 0 1 1 0 1 0 0 1 0 1 1 1 0 1 1 1 1 1 1 1 1 1 0 1 1 1 1 0 0 
1 0 1 1 1 1 1 1 1 1 1 1 1 0 0 1 1 1 1 1 1 1 1 1 0 0 1 1 1 0 1 0 1 1 0 0 1 1 0 1 1 0 0 1 0 1 1 1 0 1 1 1 1 1 0 0 1 1 1 1 
1 0 1 0 1 1 1 1 0 0 1 1 1 0 1 0 1 1 1 1 1 0 0 0 0 1 1 1 0 1 1 1 0 0 0 1 1 0 1 0 1 1 1 0 0 1 1 1 1 1 0 1 1 1 0 0 0 1 0 1 
0 0 1 0 0 1 1 1 1 1 0 1 1 1 0 0 1 1 0 1 1 1 1 1 0 1 0 1 0 1 0 1 0 1 0 1 1 1 1 1 1 0 1 1 1 0 1 1 1 1 0 1 1 1 1 0 0 1 1 1 
1 1 0 0 1 1 1 0 1 0 1 0 1 0 1 0 1 1 1 0 0 1 1 1 1 1 0 1 0 1 1 1 1 1 1 0 1 1 1 0 1 1 1 1 0 1 1 0 0 1 1 1 1 1 1 1 1 0 1 1 
1 1 1 1 0 1 1 1 0 1 1 0 0 0 1 1 1 1 1 1 0 0 1 0 0 1 0 1 1 0 1 1 1 1 0 1 1 1 0 0 1 1 1 0 1 1 0 1 1 1 1 0 1 0 1 0 1 1 0 1 
1 1 1 1 1 0 0 0 1 0 0 1 1 1 1 1 0 1 1 1 0 1 1 0 1 1 1 1 1 1 1 0 1 1 0 1 0 1 1 0 1 0 0 1 1 1 1 1 1 1 0 1 1 0 1 1 1 1 1 0 

0 29 15 0 0 0 9 16 0 0 0 28 0 19 0 29 0 3 0 28 0 0 0 0 0 0 25 0 0 12 0 0 0 0 25 23 0 0 0 0 0 2 16 0 0 0 0 21 0 0 7 0 0 0 0 0 0 0 0 28 
12 0 0 0 0 0 0 0 0 0 0 0 0 0 23 0 0 0 0 0 0 0 0 0 0 0 11 17 0 0 0 0 0 0 0 0 18 0 0 0 28 0 0 0 0 0 0 0 0 0 0 0 10 0 0 0 12 0 0 0 
0 0 0 0 0 0 0 0 0 0 18 0 0 29 0 0 0 0 0 0 0 0 0 22 0 17 0 0 0 0 0 27 0 0 0 17 0 0 0 0 0 16 17 22 0 25 0 0 6 0 0 0 3 0 0 0 9 0 0 0 
10 26 0 0 19 0 0 0 0 0 0 0 16 0 21 0 0 3 0 0 0 0 0 0 24 9 0 0 0 1 24 3 0 9 12 0 0 0 0 0 0 10 0 0 5 2 0 0 0 0 0 0 0 0 7 4 0 0 0 0 
0 0 0 0 0 0 0 0 0 0 0 0 0 28 0 11 0 0 0 0 2 3 0 0 0 5 0 0 0 0 0 0 0 1 2 25 0 9 9 0 0 0 0 0 0 0 0 0 0 0 16 0 1 0 0 0 0 0 0 0 
0 0 0 0 0 0 0 0 0 0 0 0 0 23 0 0 0 26 0 17 0 0 0 0 7 9 9 0 0 8 0 0 0 0 0 0 0 0 0 0 0 0 0 0 0 0 26 0 0 0 0 0 0 28 0 2 0 24 0 0 
0 0 0 24 9 0 0 0 2 8 29 0 27 0 0 0 0 0 3 0 18 0 0 0 0 16 0 0 0 20 0 0 0 0 6 18 0 0 14 6 0 0 0 0 0 22 0 0 0 0 0 0 26 0 7 0 3 25 0 0 
0 0 0 0 3 0 0 0 0 0 0 0 0 0 5 17 0 0 0 20 0 0 0 0 27 0 0 24 17 4 0 0 0 0 0 0 0 0 0 0 0 0 0 0 0 0 0 0 0 6 0 0 0 0 0 16 0 0 0 0 
0 0 0 0 0 0 0 24 0 0 0 0 0 8 0 7 0 0 0 0 12 0 14 13 0 0 0 0 0 0 0 0 28 0 0 5 7 6 0 9 0 0 0 0 0 0 6 0 0 0 0 0 0 0 0 0 0 0 0 0 
0 0 0 0 0 19 4 0 14 0 10 0 0 0 0 0 0 0 0 0 0 0 0 0 0 0 0 22 1 0 0 12 0 0 0 0 0 0 0 0 0 0 0 0 0 0 0 0 0 0 11 0 2 0 0 0 0 0 0 0 
12 0 29 0 0 0 0 0 0 15 0 25 0 0 0 0 3 3 8 0 0 0 0 0 0 22 0 0 12 0 0 0 0 0 0 0 5 0 0 1 0 5 0 11 0 9 0 0 0 10 0 0 0 0 0 0 0 0 16 29 
0 0 11 0 0 0 0 0 27 0 21 0 0 0 0 0 0 0 0 0 0 0 0 0 0 0 0 0 0 0 0 3 0 0 0 0 6 0 0 0 0 0 28 0 0 0 0 29 0 0 15 0 0 0 0 0 0 0 4 8 
0 0 0 9 0 0 0 0 0 3 0 0 0 0 0 6 0 19 27 0 3 0 0 25 0 0 0 0 0 10 0 0 0 6 0 0 6 0 0 0 0 0 0 0 6 0 0 8 0 7 0 0 0 0 0 0 0 0 0 0 
15 0 0 0 0 0 7 0 0 0 0 0 26 0 0 0 0 0 0 0 0 0 8 0 0 0 17 10 0 21 10 0 0 11 0 0 0 0 0 0 0 0 0 0 0 16 0 0 9 0 0 0 0 0 0 7 25 0 0 0 
0 0 1 0 18 0 0 0 0 0 0 0 0 11 0 4 0 0 0 14 0 0 0 0 0 7 0 0 0 16 0 0 0 0 0 0 8 0 0 0 0 0 21 0 0 0 0 0 0 0 0 0 0 0 0 0 0 0 0 0 
0 0 5 0 0 0 0 0 0 0 0 0 0 0 0 0 0 0 0 0 0 0 0 0 0 0 0 0 0 0 0 24 0 0 10 0 0 0 0 0 0 0 0 24 0 10 0 0 0 0 0 0 0 15 26 0 0 5 0 0 
0 7 0 17 0 0 0 0 0 19 0 0 0 0 0 1 0 16 28 0 0 7 0 0 0 9 0 0 0 0 13 0 16 3 0 0 0 0 0 0 0 0 0 0 0 0 0 17 0 0 0 0 0 19 0 0 0 0 0 0 
0 2 17 0 0 0 14 0 0 0 0 23 0 0 0 0 0 0 0 21 0 0 0 15 0 0 0 0 2 0 0 0 0 0 0 0 0 0 0 0 0 0 0 17 0 0 0 0 0 3 0 8 0 0 0 0 0 0 0 0 
0 0 0 27 0 0 0 0 0 0 0 0 8 0 0 0 0 0 0 17 0 0 24 29 0 0 0 0 0 0 0 0 0 6 0 0 0 0 0 26 0 0 23 0 0 22 0 0 0 0 25 5 0 0 0 0 0 0 0 0 
10 0 0 2 0 17 0 0 0 0 0 0 0 0 11 0 0 0 7 0 0 0 0 0 0 29 0 0 23 0 0 8 0 0 13 0 0 0 0 0 2 0 0 0 0 0 4 5 4 0 18 0 0 8 15 0 0 0 0 0 
0 17 0 0 0 0 0 0 0 0 0 0 8 0 0 23 0 0 0 0 0 0 12 0 0 0 0 23 0 26 0 0 0 0 0 0 0 0 0 0 0 0 0 0 16 0 0 0 0 0 0 0 12 0 6 0 0 0 0 11 
13 0 0 0 0 0 0 13 3 0 0 25 16 0 0 0 0 25 0 0 0 0 0 0 19 0 0 0 0 0 0 20 0 26 0 0 0 0 0 0 0 0 0 0 0 0 29 0 0 13 0 0 0 0 0 25 0 0 0 24 
20 0 3 0 0 0 0 0 0 0 0 0 0 0 0 0 16 29 0 0 0 0 0 0 0 0 0 0 0 0 0 0 14 0 0 0 0 27 0 0 0 25 0 0 0 0 10 24 0 0 0 0 0 0 0 0 12 0 0 0 
0 0 0 0 0 0 19 0 0 0 0 0 0 6 0 0 0 0 0 0 0 0 14 0 0 0 0 0 0 29 0 0 0 3 0 9 0 0 0 16 29 16 0 0 0 5 0 0 0 28 0 0 0 0 0 0 0 29 0 0 
0 0 0 0 0 0 0 0 0 0 0 0 0 0 0 0 0 21 0 0 0 0 0 0 0 0 0 28 0 0 8 0 0 0 26 0 0 3 0 0 0 0 0 0 0 0 17 0 0 0 27 0 6 0 0 0 0 0 1 0 
0 0 0 0 0 0 0 0 23 0 5 0 0 0 0 29 0 0 0 0 0 0 0 0 0 0 0 6 0 0 0 0 0 0 0 0 0 0 0 0 0 0 0 0 0 0 0 9 0 0 0 0 0 15 6 0 0 0 0 8 
0 21 0 0 0 0 0 0 0 0 0 9 0 0 0 0 0 0 0 0 0 15 0 0 0 0 0 0 0 0 0 0 0 23 0 0 0 0 0 0 0 0 23 0 0 0 0 0 3 0 0 2 5 0 0 0 0 7 17 0 
0 0 0 0 0 0 0 0 20 0 0 4 0 0 0 0 8 0 0 0 0 0 0 0 0 0 0 0 19 0 0 0 0 8 0 0 0 0 24 0 0 0 0 0 0 0 21 0 0 0 0 0 2 0 11 0 0 0 8 0 
0 0 13 28 21 0 23 0 0 19 0 0 0 19 0 0 0 0 23 0 0 0 0 0 0 0 0 0 0 27 0 0 0 0 0 0 25 23 0 0 0 27 0 0 0 0 0 0 0 0 0 17 0 0 0 0 12 0 0 6 
0 12 0 9 0 0 0 0 0 0 0 0 25 0 0 0 18 0 0 0 0 9 19 22 0 7 0 0 0 0 6 0 25 0 0 10 0 0 0 0 0 21 11 0 0 17 0 0 1 0 0 0 0 0 0 12 0 0 0 0 
0 0 0 0 0 0 0 0 29 11 0 0 0 0 0 0 0 0 0 4 0 0 0 0 0 0 0 0 1 0 0 0 4 0 0 6 1 0 11 6 2 0 7 0 0 0 0 0 0 0 0 3 0 0 0 0 0 0 0 0 
0 0 0 0 10 0 0 0 0 0 0 14 0 0 0 0 0 9 0 0 21 7 0 0 14 0 0 20 0 0 0 0 29 0 0 0 0 0 22 0 24 0 25 0 1 0 0 0 0 0 0 3 0 27 0 0 0 0 0 0 
0 0 0 0 24 0 0 8 0 0 0 29 0 0 6 0 0 0 0 13 2 21 0 0 0 0 0 29 0 0 0 0 0 0 0 19 0 5 0 0 0 20 3 18 0 0 2 0 0 0 0 0 0 19 0 0 0 0 0 0 
25 0 15 0 0 7 0 0 0 0 0 0 27 0 0 0 18 2 0 0 19 0 0 0 0 0 0 0 0 0 0 0 0 0 2 23 0 0 0 0 0 0 0 3 0 12 0 0 0 0 12 0 28 0 0 0 0 0 12 0 
0 0 0 0 0 0 0 0 24 0 0 0 0 0 0 0 0 19 0 6 0 0 0 0 0 16 0 0 0 21 0 0 0 0 0 0 13 0 0 0 0 0 27 0 0 5 0 0 0 0 29 0 12 0 0 0 0 0 0 0 
0 0 0 0 0 0 2 0 0 11 0 0 0 0 0 0 0 17 0 9 0 0 0 0 0 6 0 0 0 0 12 0 0 3 7 0 0 12 0 0 0 0 0 0 0 0 0 18 0 0 0 0 2 0 0 0 0 0 0 26 
0 0 0 0 0 0 11 0 0 0 0 0 0 2 0 0 0 0 7 28 0 16 0 0 0 0 0 0 0 0 0 11 23 0 23 0 0 0 0 0 0 2 0 0 0 0 0 0 2 26 0 0 0 1 0 0 0 0 0 0 
0 0 0 0 0 0 23 0 0 0 0 0 16 0 0 0 0 0 29 0 15 14 9 10 29 0 0 0 0 0 29 0 0 16 0 0 0 0 5 12 0 0 0 11 0 0 0 0 8 0 0 0 0 0 0 0 0 3 0 0 
0 0 0 0 0 0 0 0 0 0 0 0 0 0 28 0 15 7 0 0 0 0 0 12 0 0 0 0 0 0 0 0 0 3 0 26 0 0 0 0 0 0 0 0 7 8 0 0 0 4 17 0 0 0 0 0 0 0 0 0 
0 0 28 0 24 0 4 12 0 0 0 0 0 0 0 16 0 0 0 0 0 0 22 0 0 0 0 0 1 19 0 0 0 0 0 0 0 1 10 0 0 0 0 7 0 0 0 0 0 0 0 0 0 0 0 4 18 0 0 0 
0 26 19 0 0 0 16 29 0 0 0 9 0 0 0 25 0 0 0 0 0 0 0 0 0 0 0 2 0 0 29 0 0 0 28 0 22 0 0 0 0 0 0 0 0 0 0 0 0 0 17 0 0 0 0 0 0 0 0 0 
20 0 0 0 0 0 0 0 0 0 0 0 0 29 0 0 0 0 0 0 1 0 0 8 0 0 0 0 0 3 0 0 0 0 0 0 3 0 0 26 23 0 0 0 0 0 0 0 0 0 0 0 10 0 0 0 0 0 9 0 
0 0 0 25 22 0 0 0 0 0 0 23 0 20 0 0 0 0 0 20 0 2 1 0 0 28 0 0 0 0 0 0 0 0 0 17 0 0 0 0 0 0 0 0 0 25 0 0 0 17 9 0 0 0 0 0 0 0 0 0 
0 0 0 0 0 0 26 0 10 0 0 0 0 0 0 0 0 0 0 0 0 0 0 0 4 0 21 0 10 0 0 0 0 0 0 24 0 24 0 0 0 0 0 0 0 0 0 12 0 0 0 0 0 0 0 0 0 0 0 0 
11 0 0 0 0 28 2 0 4 0 0 0 0 0 0 0 0 0 0 0 0 0 0 0 7 0 8 0 0 7 0 0 0 0 0 0 0 0 0 14 24 0 21 0 0 0 10 0 25 0 0 0 0 0 0 6 0 0 16 3 
0 0 0 0 0 17 0 21 0 28 0 0 0 3 0 0 0 0 0 0 7 24 0 0 0 0 0 0 0 26 0 0 6 0 0 0 0 0 24 23 0 21 4 0 0 0 0 0 29 0 28 0 0 0 0 0 0 0 2 0 
0 0 23 0 0 0 0 0 0 0 0 29 0 0 0 0 29 0 28 0 0 0 0 0 0 0 0 0 0 2 0 0 1 0 0 29 0 0 3 0 0 0 0 0 0 0 0 17 0 0 0 0 0 0 0 20 0 1 0 0 
0 0 20 0 0 0 7 0 0 20 21 0 0 0 14 0 0 0 0 0 0 0 0 0 0 0 0 5 0 0 0 0 0 0 18 0 0 0 0 4 26 0 0 13 10 0 19 0 0 0 0 0 0 0 0 0 0 0 1 0 
0 0 0 0 0 0 0 1 0 0 0 0 0 0 0 6 0 0 22 0 0 0 0 22 19 0 0 0 0 0 8 0 2 0 0 0 0 26 28 29 0 0 0 11 0 0 0 0 0 0 0 0 0 2 0 0 0 16 10 0 
0 0 0 0 0 0 3 0 0 5 0 0 3 0 25 7 0 0 0 0 0 0 0 14 0 0 0 0 0 12 29 19 0 0 0 0 16 0 0 0 0 0 0 0 7 0 0 0 0 0 1 0 0 7 0 0 0 0 19 0 
0 0 0 0 0 0 0 0 0 0 2 0 24 0 0 0 0 11 10 19 0 0 0 29 17 0 0 0 15 5 0 0 0 0 29 7 0 8 0 0 0 0 0 0 0 0 8 0 0 0 0 0 0 0 0 0 0 0 8 0 
26 22 0 11 0 8 0 14 3 0 2 0 0 0 0 0 28 0 0 0 0 0 17 0 0 0 0 3 0 0 0 0 25 6 0 22 0 0 23 0 16 5 0 0 0 13 2 6 0 0 0 0 0 0 26 0 0 0 0 0 
0 3 0 22 0 0 0 0 8 0 0 0 0 29 0 0 0 3 0 0 0 25 0 0 0 0 0 0 0 0 0 0 0 0 17 17 0 0 16 0 0 0 0 0 0 0 0 0 0 25 0 0 0 0 0 0 0 0 0 0 
0 13 0 0 0 0 0 0 0 7 0 0 29 0 0 15 0 0 0 0 0 0 0 0 0 17 0 0 0 0 0 0 0 0 0 0 3 0 1 0 0 0 13 0 0 15 0 0 0 0 0 0 0 0 0 8 0 13 16 0 
0 0 0 0 0 0 0 0 29 0 0 0 0 0 0 0 0 5 0 0 0 0 0 0 0 0 0 0 0 0 0 0 0 13 25 3 14 0 27 0 16 0 0 0 0 0 0 23 0 0 0 11 0 0 0 0 0 0 0 0 
0 0 0 0 0 0 20 0 0 5 24 0 0 0 0 28 0 0 0 0 0 29 0 0 0 0 10 0 0 7 0 19 0 0 21 0 26 0 0 27 0 0 22 0 0 0 28 0 13 0 0 0 0 0 0 0 0 0 10 0 
0 0 0 0 0 1 16 0 8 0 0 0 0 0 0 0 0 0 0 0 0 0 28 0 0 0 0 0 0 0 0 3 0 4 0 0 0 0 0 29 0 0 0 10 0 0 21 0 0 20 0 11 0 0 0 0 0 0 0 20 
0 0 0 0 0 0 0 0 0 0 0 0 0 4 0 3 0 0 0 12 0 0 0 0 0 0 25 0 0 0 0 0 0 9 0 0 0 0 0 29 0 0 0 0 0 0 0 0 0 0 20 0 16 10 0 21 0 0 0 0 
0 7 0 0 0 25 0 0 0 0 0 0 0 0 0 0 18 0 0 0 0 0 8 0 0 0 0 0 16 0 0 0 0 0 0 0 0 0 5 0 0 0 0 0 0 0 0 0 28 0 0 0 0 0 0 0 0 0 0 0 
0 0 4 0 0 0 12 0 0 0 0 0 0 0 0 0 0 0 0 16 0 22 0 0 7 0 13 0 18 5 0 0 0 14 0 0 0 0 0 18 0 0 0 0 0 0 0 0 0 0 14 0 0 0 0 1 0 0 18 0 
