60

0 1 1 0 0 1 1 1 1 1 1 0 1 1 1 1 1 1 1 1 1 1 1 1 1 1 0 1 0 0 1 1 1 1 1 1 1 1 1 1 1 1 1 1 0 1 1 1 1 1 1 1 1 1 1 1 1 1 0 1 
1 0 1 1 1 0 1 1 1 1 1 0 1 1 1 1 1 1 1 1 1 1 1 1 1 1 1 0 1 1 1 1 1 1 1 1 1 1 1 1 1 0 1 1 0 1 0 1 1 1 1 1 1 1 1 1 0 0 0 1 
1 1 0 1 1 1 1 1 1 1 1 1 1 1 1 1 1 1 1 1 1 1 1 1 1 1 1 1 1 1 0 1 1 0 1 1 1 1 1 1 1 1 1 1 1 1 1 1 1 0 1 1 1 1 1 0 1 1 1 1 
0 1 1 0 1 1 1 1 1 0 1 1 1 1 1 1 1 1 1 1 1 1 1 1 1 1 0 1 1 1 1 1 1 0 1 1 1 1 1 1 1 1 1 1 1 1 1 1 0 0 1 1 0 1 1 1 1 1 1 1 
0 1 1 1 0 1 1 1 1 1 1 1 1 1 1 1 1 1 1 1 1 1 0 1 1 0 1 1 1 1 0 1 1 1 1 1 1 1 0 1 1 1 1 1 1 1 1 1 1 1 1 1 1 1 1 1 1 1 1 0 
1 0 1 1 1 0 1 1 1 0 1 1 1 1 1 1 1 1 1 1 1 0 1 1 1 0 1 1 1 1 1 1 1 1 1 1 1 1 1 1 1 1 1 1 1 1 1 1 1 1 1 1 1 1 0 1 1 1 1 1 
1 1 1 1 1 1 0 1 1 1 1 1 1 1 1 1 1 1 1 1 1 1 1 1 1 1 1 1 1 1 1 1 1 1 1 1 1 1 1 1 1 1 1 1 1 1 1 0 1 1 1 1 1 1 1 1 1 1 1 1 
1 1 1 1 1 1 1 0 1 1 1 1 1 1 0 1 1 0 1 1 1 1 1 1 1 1 1 1 1 1 1 1 1 1 1 1 1 0 1 1 1 1 0 1 1 1 1 1 1 1 1 1 1 1 1 1 1 1 1 1 
1 1 1 1 1 1 1 1 0 1 1 0 1 1 1 1 1 1 0 1 1 1 1 1 1 1 1 1 1 1 1 1 1 1 1 1 1 1 1 1 0 1 1 1 1 1 0 1 1 1 0 1 0 1 1 1 1 1 1 1 
1 1 1 0 1 0 1 1 1 0 1 1 1 1 1 1 1 0 1 1 1 1 1 1 1 1 1 1 1 1 1 1 1 1 1 1 1 1 1 1 1 1 1 0 1 0 1 1 0 1 1 1 1 1 1 1 1 1 1 1 
1 1 1 1 1 1 1 1 1 1 0 0 1 1 1 1 1 1 1 1 1 1 1 1 1 1 1 1 1 1 1 1 1 1 1 1 1 1 1 1 1 1 1 1 1 1 1 1 1 1 1 1 1 0 1 1 1 1 1 1 
0 0 1 1 1 1 1 1 0 1 0 0 1 1 0 1 1 1 1 1 1 1 0 1 1 1 1 0 1 0 1 1 0 1 1 1 1 1 0 1 1 1 1 1 0 1 1 1 1 1 1 0 1 1 1 1 1 1 0 1 
1 1 1 1 1 1 1 1 1 1 1 1 0 1 1 1 1 0 1 1 1 1 1 0 1 1 1 1 1 1 1 1 1 1 1 1 1 1 1 1 1 0 1 1 1 1 1 1 1 1 1 1 1 1 1 1 0 1 1 1 
1 1 1 1 1 1 1 1 1 1 1 1 1 0 1 1 1 1 1 1 1 1 1 1 1 1 1 1 1 1 1 1 1 1 1 1 1 1 1 1 1 1 1 1 1 1 1 1 1 1 1 1 1 1 1 1 1 1 1 1 
1 1 1 1 1 1 1 0 1 1 1 0 1 1 0 1 1 1 1 0 1 1 1 1 0 1 1 1 1 1 1 1 1 1 1 1 1 0 0 1 1 1 1 1 1 1 1 1 1 1 1 1 1 1 1 1 1 1 1 1 
1 1 1 1 1 1 1 1 1 1 1 1 1 1 1 0 1 1 1 1 1 1 1 1 1 1 1 1 1 1 1 1 1 1 1 1 1 1 1 1 0 1 0 1 1 1 1 1 1 1 1 1 1 1 1 1 1 0 1 1 
1 1 1 1 1 1 1 1 1 1 1 1 1 1 1 1 0 1 1 1 1 1 1 1 1 1 1 1 1 1 0 0 0 0 1 1 1 0 1 1 1 1 1 1 1 1 0 1 1 1 1 1 1 1 1 1 1 1 1 1 
1 1 1 1 1 1 1 0 1 0 1 1 0 1 1 1 1 0 1 1 1 1 1 1 1 1 1 1 1 1 1 1 1 1 1 1 1 1 1 1 0 1 1 1 1 1 1 1 1 1 1 1 1 1 1 1 1 0 1 1 
1 1 1 1 1 1 1 1 0 1 1 1 1 1 1 1 1 1 0 1 0 1 1 1 1 0 1 0 0 1 1 1 1 0 1 0 1 0 1 1 1 1 1 1 1 1 1 1 1 0 1 1 1 1 1 1 1 1 1 1 
1 1 1 1 1 1 1 1 1 1 1 1 1 1 0 1 1 1 1 0 1 1 1 1 1 1 1 1 1 1 1 1 1 1 1 1 1 1 1 1 1 1 0 1 0 1 1 1 0 0 1 1 0 1 1 0 1 1 1 1 
1 1 1 1 1 1 1 1 1 1 1 1 1 1 1 1 1 1 0 1 0 1 1 1 1 1 1 1 1 1 1 1 1 1 1 1 1 1 1 1 1 1 1 1 1 1 1 1 1 1 1 1 1 1 1 0 0 1 1 1 
1 1 1 1 1 0 1 1 1 1 1 1 1 1 1 1 1 1 1 1 1 0 1 1 1 1 0 1 1 1 0 1 1 1 1 1 1 1 1 1 1 1 1 1 1 1 1 1 1 0 1 1 1 1 1 1 1 1 1 1 
1 1 1 1 0 1 1 1 1 1 1 0 1 1 1 1 1 1 1 1 1 1 0 1 1 1 1 1 1 1 1 1 1 1 0 1 0 1 1 1 1 0 1 1 1 1 1 1 1 1 1 1 1 1 1 1 1 1 1 1 
1 1 1 1 1 1 1 1 1 1 1 1 0 1 1 1 1 1 1 1 1 1 1 0 1 0 1 1 1 1 1 1 1 1 1 1 1 1 1 1 1 1 1 1 0 1 1 1 1 1 1 1 1 1 1 1 1 1 1 0 
1 1 1 1 1 1 1 1 1 1 1 1 1 1 0 1 1 1 1 1 1 1 1 1 0 1 1 1 1 1 1 1 0 1 1 1 1 1 1 0 1 1 1 1 1 1 1 0 1 1 1 1 1 0 1 1 1 1 1 1 
1 1 1 1 0 0 1 1 1 1 1 1 1 1 1 1 1 1 0 1 1 1 1 0 1 0 1 1 1 1 1 1 1 1 1 1 0 1 1 1 1 1 1 1 1 1 1 1 0 1 1 1 1 1 1 1 1 1 1 1 
0 1 1 0 1 1 1 1 1 1 1 1 1 1 1 1 1 1 1 1 1 0 1 1 1 1 0 1 1 1 0 1 1 1 1 1 1 1 1 1 1 1 0 1 1 0 1 1 1 1 1 1 1 1 1 1 0 1 1 1 
1 0 1 1 1 1 1 1 1 1 1 0 1 1 1 1 1 1 0 1 1 1 1 1 1 1 1 0 1 1 1 1 1 1 1 1 1 0 1 1 1 1 1 1 1 1 1 1 1 1 1 1 1 1 0 1 1 1 1 1 
0 1 1 1 1 1 1 1 1 1 1 1 1 1 1 1 1 1 0 1 1 1 1 1 1 1 1 1 0 1 1 1 1 1 1 1 0 1 1 0 0 0 1 1 1 1 1 1 1 1 1 0 1 1 1 1 1 0 1 1 
0 1 1 1 1 1 1 1 1 1 1 0 1 1 1 1 1 1 1 1 1 1 1 1 1 1 1 1 1 0 1 1 1 1 1 1 0 1 1 1 1 1 1 1 1 1 1 1 1 1 1 1 1 0 1 1 1 1 1 1 
1 1 0 1 0 1 1 1 1 1 1 1 1 1 1 1 0 1 1 1 1 0 1 1 1 1 0 1 1 1 0 1 0 1 1 1 1 1 1 1 1 1 1 1 1 1 0 1 1 1 1 1 1 1 1 1 1 1 0 0 
1 1 1 1 1 1 1 1 1 1 1 1 1 1 1 1 0 1 1 1 1 1 1 1 1 1 1 1 1 1 1 0 1 1 1 1 1 1 1 1 1 1 0 1 1 1 1 1 1 1 1 1 1 1 1 1 1 1 1 0 
1 1 1 1 1 1 1 1 1 1 1 0 1 1 1 1 0 1 1 1 1 1 1 1 0 1 1 1 1 1 0 1 0 1 1 1 1 0 0 0 1 1 1 0 1 1 1 1 1 1 1 1 1 1 1 1 1 1 1 0 
1 1 0 0 1 1 1 1 1 1 1 1 1 1 1 1 0 1 0 1 1 1 1 1 1 1 1 1 1 1 1 1 1 0 0 1 1 0 1 0 1 1 1 1 1 1 1 1 1 1 1 1 1 1 0 1 1 1 1 1 
1 1 1 1 1 1 1 1 1 1 1 1 1 1 1 1 1 1 1 1 1 1 0 1 1 1 1 1 1 1 1 1 1 0 0 1 1 0 1 1 1 0 1 1 0 1 1 1 1 1 1 1 1 1 1 1 0 1 1 1 
1 1 1 1 1 1 1 1 1 1 1 1 1 1 1 1 1 1 0 1 1 1 1 1 1 1 1 1 1 1 1 1 1 1 1 0 1 1 0 1 1 1 1 1 0 0 1 0 0 1 1 1 1 1 0 1 1 1 0 1 
1 1 1 1 1 1 1 1 1 1 1 1 1 1 1 1 1 1 1 1 1 1 0 1 1 0 1 1 0 0 1 1 1 1 1 1 0 0 1 1 1 0 1 1 1 1 1 1 0 1 1 0 1 1 1 0 1 1 1 0 
1 1 1 1 1 1 1 0 1 1 1 1 1 1 0 1 0 1 0 1 1 1 1 1 1 1 1 0 1 1 1 1 0 0 0 1 0 0 1 1 1 1 0 1 1 1 1 1 0 1 1 1 0 1 0 0 1 1 1 1 
1 1 1 1 0 1 1 1 1 1 1 0 1 1 0 1 1 1 1 1 1 1 1 1 1 1 1 1 1 1 1 1 0 1 1 0 1 1 0 1 0 1 1 1 1 1 1 1 0 1 1 1 1 1 1 1 1 0 1 1 
1 1 1 1 1 1 1 1 1 1 1 1 1 1 1 1 1 1 1 1 1 1 1 1 0 1 1 1 0 1 1 1 0 0 1 1 1 1 1 0 1 0 1 1 1 1 1 1 1 1 1 1 1 1 1 1 0 1 1 1 
1 1 1 1 1 1 1 1 0 1 1 1 1 1 1 0 1 0 1 1 1 1 1 1 1 1 1 1 0 1 1 1 1 1 1 1 1 1 0 1 0 1 1 1 1 0 1 1 1 1 1 1 1 1 1 1 1 1 1 1 
1 0 1 1 1 1 1 1 1 1 1 1 0 1 1 1 1 1 1 1 1 1 0 1 1 1 1 1 0 1 1 1 1 1 0 1 0 1 1 0 1 0 1 1 1 1 1 1 1 1 1 0 1 1 1 1 1 1 1 1 
1 1 1 1 1 1 1 0 1 1 1 1 1 1 1 0 1 1 1 0 1 1 1 1 1 1 0 1 1 1 1 0 1 1 1 1 1 0 1 1 1 1 0 1 1 1 1 1 1 0 1 1 1 1 1 1 1 1 1 1 
1 1 1 1 1 1 1 1 1 0 1 1 1 1 1 1 1 1 1 1 1 1 1 1 1 1 1 1 1 1 1 1 0 1 1 1 1 1 1 1 1 1 1 0 1 1 1 1 1 1 1 1 0 0 1 1 1 1 0 0 
0 0 1 1 1 1 1 1 1 1 1 0 1 1 1 1 1 1 1 0 1 1 1 0 1 1 1 1 1 1 1 1 1 1 0 0 1 1 1 1 1 1 1 1 0 1 1 0 1 1 1 1 0 1 1 1 0 1 1 1 
1 1 1 1 1 1 1 1 1 0 1 1 1 1 1 1 1 1 1 1 1 1 1 1 1 1 0 1 1 1 1 1 1 1 1 0 1 1 1 1 0 1 1 1 1 0 1 1 1 1 1 1 1 1 1 1 1 1 1 1 
1 0 1 1 1 1 1 1 0 1 1 1 1 1 1 1 0 1 1 1 1 1 1 1 1 1 1 1 1 1 0 1 1 1 1 1 1 1 1 1 1 1 1 1 1 1 0 1 1 1 1 1 1 1 1 0 1 1 1 1 
1 1 1 1 1 1 0 1 1 1 1 1 1 1 1 1 1 1 1 1 1 1 1 1 0 1 1 1 1 1 1 1 1 1 1 0 1 1 1 1 1 1 1 1 0 1 1 0 1 1 1 1 1 1 1 1 1 1 1 1 
1 1 1 0 1 1 1 1 1 0 1 1 1 1 1 1 1 1 1 0 1 1 1 1 1 0 1 1 1 1 1 1 1 1 1 0 0 0 0 1 1 1 1 1 1 1 1 1 0 1 1 1 0 1 1 1 1 1 1 1 
1 1 0 0 1 1 1 1 1 1 1 1 1 1 1 1 1 1 0 0 1 0 1 1 1 1 1 1 1 1 1 1 1 1 1 1 1 1 1 1 1 1 0 1 1 1 1 1 1 0 0 1 1 0 1 1 1 0 1 1 
1 1 1 1 1 1 1 1 0 1 1 1 1 1 1 1 1 1 1 1 1 1 1 1 1 1 1 1 1 1 1 1 1 1 1 1 1 1 1 1 1 1 1 1 1 1 1 1 1 0 0 1 1 1 1 1 1 0 1 1 
1 1 1 1 1 1 1 1 1 1 1 0 1 1 1 1 1 1 1 1 1 1 1 1 1 1 1 1 0 1 1 1 1 1 1 1 0 1 1 1 1 0 1 1 1 1 1 1 1 1 1 0 1 1 1 1 1 1 1 1 
1 1 1 0 1 1 1 1 0 1 1 1 1 1 1 1 1 1 1 0 1 1 1 1 1 1 1 1 1 1 1 1 1 1 1 1 1 0 1 1 1 1 1 0 0 1 1 1 0 1 1 1 0 1 1 1 1 1 1 1 
1 1 1 1 1 1 1 1 1 1 0 1 1 1 1 1 1 1 1 1 1 1 1 1 0 1 1 1 1 0 1 1 1 1 1 1 1 1 1 1 1 1 1 0 1 1 1 1 1 0 1 1 1 0 1 1 1 1 1 0 
1 1 1 1 1 0 1 1 1 1 1 1 1 1 1 1 1 1 1 1 1 1 1 1 1 1 1 0 1 1 1 1 1 0 1 0 1 0 1 1 1 1 1 1 1 1 1 1 1 1 1 1 1 1 0 1 1 1 1 1 
1 1 0 1 1 1 1 1 1 1 1 1 1 1 1 1 1 1 1 0 0 1 1 1 1 1 1 1 1 1 1 1 1 1 1 1 0 0 1 1 1 1 1 1 1 1 0 1 1 1 1 1 1 1 1 0 1 1 1 1 
1 0 1 1 1 1 1 1 1 1 1 1 0 1 1 1 1 1 1 1 0 1 1 1 1 1 0 1 1 1 1 1 1 1 0 1 1 1 1 0 1 1 1 1 0 1 1 1 1 1 1 1 1 1 1 1 0 1 1 0 
1 0 1 1 1 1 1 1 1 1 1 1 1 1 1 0 1 0 1 1 1 1 1 1 1 1 1 1 0 1 1 1 1 1 1 1 1 1 0 1 1 1 1 1 1 1 1 1 1 0 0 1 1 1 1 1 1 0 1 1 
0 0 1 1 1 1 1 1 1 1 1 0 1 1 1 1 1 1 1 1 1 1 1 1 1 1 1 1 1 1 0 1 1 1 1 0 1 1 1 1 1 1 1 0 1 1 1 1 1 1 1 1 1 1 1 1 1 1 0 1 
1 1 1 1 0 1 1 1 1 1 1 1 1 1 1 1 1 1 1 1 1 1 1 0 1 1 1 1 1 1 0 0 0 1 1 1 0 1 1 1 1 1 1 0 1 1 1 1 1 1 1 1 1 0 1 1 0 1 1 0 

0 0 0 0 0 0 17 0 0 0 0 0 0 6 29 0 0 0 0 21 21 0 0 0 0 0 0 0 0 0 0 20 0 0 0 0 7 8 7 0 0 0 0 0 0 5 0 0 0 0 0 0 0 0 0 0 12 0 0 0 
0 0 26 0 23 9 0 0 0 0 0 0 0 0 0 0 0 0 0 0 0 0 0 0 0 0 0 0 0 0 0 0 0 8 20 0 0 31 0 0 24 0 21 0 28 0 0 0 7 0 27 0 0 16 0 0 0 0 0 0 
0 0 0 0 0 31 0 0 0 0 0 0 0 0 0 0 0 0 0 0 0 0 0 11 0 15 0 11 0 0 0 23 0 16 0 5 0 26 0 0 0 0 0 5 0 0 0 0 21 25 5 0 0 0 0 0 25 0 0 0 
6 0 5 0 0 1 19 0 29 0 0 0 0 0 0 2 0 4 0 0 0 0 0 24 0 20 27 12 20 0 3 0 0 0 0 0 0 0 0 18 0 0 0 0 0 30 0 0 0 8 0 0 0 15 22 0 0 20 0 11 
15 0 0 0 0 0 0 0 0 0 0 0 0 0 0 0 0 0 30 0 0 0 0 0 0 7 0 13 0 28 8 0 2 0 0 27 8 0 0 0 0 0 0 10 0 0 0 0 0 0 0 15 0 0 0 0 21 0 0 0 
0 0 0 0 5 0 0 0 0 0 0 0 0 0 0 11 0 0 21 0 0 0 0 0 0 0 0 24 0 5 0 0 0 4 0 17 2 0 0 0 0 0 0 0 0 0 0 0 0 0 0 0 0 0 0 0 0 0 2 0 
0 0 0 0 0 0 0 18 0 0 0 0 18 0 0 0 0 29 8 0 13 26 8 0 0 0 0 0 0 0 0 0 0 0 0 0 0 0 0 0 0 0 0 0 0 26 0 0 0 0 0 0 0 0 0 0 0 0 0 3 
0 0 0 17 0 0 0 0 8 0 0 0 3 0 0 0 0 0 0 0 0 12 0 0 0 0 0 0 5 0 0 0 0 0 0 23 0 0 0 0 0 0 0 10 0 21 0 0 0 0 23 0 0 0 0 0 0 0 0 0 
27 0 0 0 0 10 0 0 0 0 20 0 0 0 0 0 0 0 8 0 0 0 0 0 0 0 0 26 14 0 0 0 0 1 0 0 0 0 0 0 26 0 0 0 0 0 0 0 0 0 0 0 0 0 0 25 0 0 0 0 
26 0 0 0 0 27 0 22 0 0 0 0 0 0 0 0 0 0 0 0 0 0 0 23 0 0 0 0 0 0 0 0 0 0 0 9 0 0 0 0 0 0 0 0 0 0 0 0 7 0 18 0 0 0 0 21 0 0 0 0 
0 0 0 0 0 0 0 0 0 0 0 0 11 0 0 0 0 0 0 0 0 0 0 0 0 0 0 0 2 0 27 0 0 0 0 0 0 0 0 0 14 0 0 4 0 0 10 0 0 0 0 0 0 0 0 25 7 13 0 0 
0 20 0 0 0 0 9 0 0 2 17 0 0 0 0 11 0 0 0 14 0 0 0 21 0 0 0 0 0 19 0 0 0 0 32 17 24 0 0 27 0 0 0 0 0 0 0 20 0 0 0 0 0 0 2 0 0 32 0 0 
3 0 0 0 0 0 0 10 30 0 0 2 0 0 4 0 0 0 0 0 0 0 0 0 0 0 0 1 0 0 0 0 0 0 0 0 0 7 0 0 0 0 0 0 10 0 0 17 0 0 0 0 0 0 0 0 0 0 0 0 
0 0 0 0 0 0 5 0 0 0 20 24 0 0 16 14 0 0 21 0 0 5 0 20 0 0 0 0 0 0 0 0 0 0 0 23 0 17 0 0 0 0 0 0 0 11 0 0 0 0 4 9 0 0 0 0 0 0 27 0 
11 0 0 0 0 27 14 3 0 0 14 0 0 0 0 0 0 0 0 3 3 0 0 0 1 0 0 0 0 0 0 0 0 0 0 0 0 24 0 0 30 0 19 0 0 0 0 14 15 0 0 0 0 0 28 0 0 28 19 27 
0 0 24 0 0 0 24 0 0 0 0 0 31 0 0 0 0 0 0 0 0 0 0 0 0 0 0 0 0 0 0 0 24 0 0 0 0 0 0 0 0 31 19 0 0 0 0 0 8 0 0 0 0 0 0 28 0 0 0 0 
30 0 0 0 0 0 0 0 0 0 12 0 0 0 0 0 0 9 0 0 0 0 0 0 0 0 0 0 0 0 0 0 0 0 0 0 0 0 0 0 10 0 0 0 1 8 3 0 0 0 0 0 0 0 0 0 0 0 0 0 
0 7 0 0 0 0 17 3 0 13 9 0 0 2 0 29 0 0 0 0 0 0 18 0 2 27 0 0 16 0 0 16 0 0 0 0 0 0 20 0 0 0 0 0 0 0 4 0 0 0 12 2 0 0 0 10 0 0 0 0 
0 19 0 0 0 0 0 0 18 0 0 0 0 0 0 10 0 0 0 0 0 0 18 0 0 0 0 0 0 0 0 0 0 12 0 0 0 0 3 0 0 0 0 0 0 0 0 0 29 0 0 0 0 0 0 0 0 0 7 0 
0 0 0 0 22 0 0 12 0 11 0 0 0 0 0 0 27 0 0 0 0 0 0 0 0 0 0 0 0 0 0 0 0 0 0 0 0 0 0 0 0 0 0 0 0 0 0 0 0 5 0 12 0 0 0 0 16 0 0 14 
0 0 15 11 10 0 8 0 0 0 0 0 0 0 0 0 1 0 0 26 0 0 0 0 0 0 0 0 0 15 0 0 0 0 0 0 0 0 26 0 0 0 0 23 0 21 0 0 18 0 28 0 0 0 0 0 0 0 0 26 
0 0 0 16 0 0 15 0 0 15 0 0 0 0 0 0 0 10 25 0 0 0 0 0 11 0 0 3 0 0 0 0 5 0 0 0 0 0 30 0 0 0 0 0 0 0 23 0 0 0 0 30 1 0 14 0 0 0 0 0 
0 0 0 0 0 2 0 0 0 0 8 0 0 0 0 0 0 0 0 0 0 0 0 2 0 0 0 0 0 0 25 0 0 0 14 0 0 0 18 31 0 0 0 20 0 0 0 30 0 0 8 0 19 0 0 0 0 0 0 23 
0 0 23 7 13 0 0 0 0 0 0 0 0 0 0 3 0 0 0 19 0 0 6 0 0 0 0 0 10 0 0 0 18 0 7 0 20 0 0 3 0 0 0 23 0 0 0 17 0 0 0 3 0 0 0 0 0 0 0 0 
0 10 0 0 0 28 23 0 0 19 0 0 0 0 0 0 0 0 0 0 0 0 0 0 0 0 0 23 0 0 0 0 0 0 0 0 0 0 0 0 0 15 0 26 5 17 29 0 0 0 0 0 0 0 0 0 0 0 0 0 
2 0 9 0 0 0 0 17 21 14 0 0 0 0 0 0 0 0 7 0 0 0 0 0 0 0 0 0 0 0 0 0 0 0 0 14 24 0 0 0 0 0 0 0 22 9 0 0 0 0 0 0 1 0 0 27 8 0 0 0 
0 6 0 0 7 0 0 0 0 0 8 0 0 0 16 0 16 22 0 0 0 8 0 0 0 0 0 0 1 0 0 0 0 18 0 0 24 0 0 26 0 0 0 0 0 22 16 0 24 0 0 13 0 0 0 0 0 0 0 0 
0 0 11 30 14 0 0 0 0 0 21 0 0 0 0 0 0 0 0 0 0 0 0 0 3 0 0 0 24 27 26 31 0 0 0 0 0 0 0 1 0 0 0 22 0 0 0 14 0 0 10 0 0 0 0 0 0 0 0 0 
0 0 29 19 0 0 20 0 0 0 0 0 16 0 0 0 0 0 0 0 0 0 0 0 17 26 23 0 0 0 0 0 0 0 13 0 0 0 0 0 0 0 0 0 0 0 0 0 0 0 0 27 0 0 0 0 0 13 0 0 
0 0 0 0 0 0 0 25 0 30 0 0 5 0 0 0 0 0 4 0 0 0 0 0 1 0 0 0 0 0 0 0 0 0 0 0 31 0 23 0 0 14 0 0 0 0 0 29 0 0 0 0 0 0 0 26 0 0 0 0 
0 0 0 0 0 0 0 0 0 0 0 0 0 0 0 0 18 0 0 18 0 0 0 0 0 0 0 0 0 0 0 29 1 0 0 0 0 0 2 0 0 0 0 0 0 0 19 11 0 0 20 0 0 0 0 0 0 0 0 29 
0 0 28 0 0 0 21 0 0 0 13 0 0 0 0 0 0 9 14 2 0 0 4 12 18 0 0 29 0 0 0 0 0 0 0 0 0 0 0 29 0 0 0 0 0 0 20 0 0 0 0 27 0 12 0 0 0 0 0 20 
0 0 0 0 0 0 0 0 0 5 0 3 2 0 0 0 0 0 0 0 0 16 0 0 0 0 0 0 0 29 30 0 0 0 0 0 0 17 0 0 0 0 19 0 5 0 0 15 0 0 0 0 0 12 0 0 0 0 2 0 
0 0 0 0 0 0 0 0 0 0 0 0 4 0 12 16 28 0 0 0 1 0 0 0 0 0 0 0 0 0 0 6 0 0 10 0 0 13 1 0 0 0 0 5 0 6 0 0 0 0 7 9 0 0 0 0 0 0 0 0 
29 0 0 0 0 7 0 0 0 0 25 0 5 29 1 20 0 0 0 0 2 20 0 0 0 0 0 0 0 0 0 0 0 11 0 0 0 8 0 0 23 0 0 0 14 26 0 0 0 0 8 0 17 0 0 0 19 0 5 0 
0 0 0 24 0 0 9 0 0 0 0 0 27 0 0 0 4 0 0 0 0 0 0 1 0 25 0 0 0 14 0 0 0 28 0 0 0 22 0 0 0 1 0 0 0 0 0 0 0 0 0 0 0 10 15 0 0 0 0 12 
0 25 0 4 0 17 18 0 18 0 0 0 0 0 0 0 0 0 15 0 0 0 0 7 0 0 0 0 0 0 0 0 22 0 0 0 0 3 0 0 0 0 0 0 0 0 0 0 0 0 0 0 0 0 0 0 0 0 0 0 
0 0 0 0 0 0 8 0 0 31 0 0 0 0 0 30 0 0 0 0 0 0 0 0 0 0 0 0 0 0 0 8 0 0 0 0 0 0 0 0 0 20 0 0 0 30 0 0 0 0 0 0 17 0 0 0 0 0 0 0 
0 9 0 0 21 1 0 15 15 26 0 0 0 17 0 0 0 0 0 0 27 0 0 8 0 0 0 19 0 0 0 0 0 0 0 1 0 0 0 0 27 18 0 0 0 25 0 0 0 0 29 26 0 0 0 27 0 0 0 0 
0 0 0 0 0 0 0 0 0 0 23 0 0 0 0 0 0 0 0 18 0 0 0 0 0 0 0 0 0 0 0 0 0 0 0 0 0 0 0 0 0 0 2 0 0 0 10 0 21 0 0 0 3 0 18 0 0 0 0 0 
0 0 13 0 0 0 0 0 0 0 0 0 0 0 0 0 0 0 0 0 0 0 0 0 0 0 0 6 0 5 0 0 0 0 0 0 11 0 0 0 0 0 0 0 6 0 0 0 0 0 0 0 0 0 0 0 0 0 0 0 
3 0 14 0 0 0 0 15 0 0 0 0 1 0 0 7 0 18 0 0 0 0 0 0 0 0 0 0 0 0 0 0 0 0 0 0 16 0 0 0 0 0 28 0 0 0 0 0 0 0 0 3 0 0 0 0 0 0 0 5 
0 0 0 9 0 0 0 0 0 0 11 0 0 25 17 0 0 0 0 0 0 0 0 0 0 0 28 0 20 0 0 13 0 0 0 0 9 0 17 0 0 0 0 0 0 20 0 0 0 0 0 0 0 0 0 0 0 0 0 0 
0 0 0 0 30 0 30 7 11 1 0 6 0 0 0 0 0 0 0 0 0 0 0 0 0 0 0 0 0 0 0 22 8 0 0 0 0 0 10 0 0 1 0 0 0 0 0 0 0 0 0 0 0 0 0 0 0 0 0 0 
0 0 0 13 9 6 0 0 4 0 0 0 0 0 0 9 0 0 0 0 0 0 0 0 29 0 0 0 23 3 0 20 0 0 0 0 0 8 16 0 0 0 0 0 0 0 0 0 0 0 0 0 0 0 0 0 0 0 1 0 
21 0 0 0 0 0 0 0 0 0 0 0 0 0 0 0 0 0 0 0 7 0 0 0 0 0 0 0 0 0 28 0 0 0 0 0 0 0 0 0 0 0 0 0 0 0 0 26 0 22 0 0 12 0 9 0 0 0 0 19 
22 30 14 0 0 0 0 0 0 16 0 0 0 0 0 0 0 0 0 0 0 0 0 0 0 23 0 0 23 0 0 0 0 0 0 0 0 0 0 31 0 19 0 0 0 0 0 0 9 0 0 0 0 0 18 0 0 0 0 0 
4 27 9 0 0 0 0 0 0 0 0 0 0 0 0 0 30 0 0 0 8 0 0 0 0 0 0 0 0 0 6 0 0 0 0 0 0 7 0 0 0 0 0 0 0 0 25 0 9 7 0 15 0 0 0 0 1 24 0 0 
0 0 0 6 16 0 0 0 0 0 0 0 3 0 0 0 0 11 0 0 21 0 0 0 25 0 0 0 0 0 0 0 0 0 0 0 10 4 0 0 0 0 0 0 0 0 0 0 0 0 0 0 16 0 0 0 0 0 26 0 
0 0 0 0 0 0 0 0 26 0 0 8 0 0 0 16 0 0 0 0 18 0 0 0 0 0 24 0 0 29 0 0 0 0 0 0 0 30 0 0 0 10 30 25 0 0 0 0 0 0 0 22 0 0 0 21 0 0 0 0 
0 0 0 3 0 26 0 25 0 0 0 10 0 0 0 0 1 0 12 0 0 0 0 0 0 0 0 0 3 0 0 0 29 0 0 0 0 0 28 0 0 5 0 0 0 0 0 0 0 0 0 0 0 0 0 0 0 0 0 2 
0 0 21 0 23 0 0 18 0 0 0 0 0 13 0 0 0 0 0 0 0 0 0 27 0 23 0 3 18 0 0 0 0 0 0 21 0 0 0 0 0 0 0 0 14 0 22 0 0 0 0 0 0 0 0 0 0 0 0 0 
28 0 0 22 0 0 0 0 0 12 0 13 0 0 22 0 0 0 29 0 12 0 8 0 25 0 22 0 26 0 22 0 12 0 0 0 0 0 0 0 0 17 19 24 0 22 0 0 0 0 0 4 0 0 0 0 1 0 0 0 
0 0 0 0 0 0 0 0 0 0 0 0 0 0 0 0 0 0 0 0 0 0 0 0 0 0 0 15 7 0 24 0 0 0 0 0 0 0 0 21 0 0 0 3 0 0 0 0 12 0 0 0 0 0 0 0 29 0 0 0 
0 0 0 0 3 7 0 0 0 0 0 23 0 0 0 0 14 0 0 0 0 0 0 0 0 0 2 5 0 0 0 0 0 0 0 0 0 0 0 0 0 0 0 25 0 0 0 0 0 0 0 0 0 0 0 0 0 0 0 0 
0 0 0 0 0 0 7 0 0 0 0 0 0 0 0 0 0 0 14 0 0 0 6 0 0 0 0 0 0 0 0 0 0 0 0 0 0 0 0 0 0 0 0 0 30 7 0 4 0 0 0 0 0 0 0 0 0 0 0 20 
0 0 0 0 0 0 0 28 0 0 0 11 0 0 9 0 0 0 0 0 0 0 0 0 0 0 13 0 0 0 0 0 0 0 0 0 0 23 21 0 0 0 8 0 0 0 0 0 23 23 0 10 0 0 25 0 0 0 0 0 
0 0 0 0 0 0 0 0 0 0 0 15 0 0 23 0 23 0 13 0 0 8 0 0 0 9 11 0 17 0 0 0 3 0 0 0 0 0 32 0 0 0 0 0 3 0 0 0 0 31 0 0 0 0 0 2 0 0 0 0 
11 5 26 0 0 0 0 0 0 0 10 0 0 10 0 0 0 0 0 20 0 0 0 26 0 0 0 9 28 0 0 19 0 0 0 0 0 0 0 27 0 0 0 0 28 0 0 0 4 0 0 11 0 0 0 0 25 0 0 0 
0 27 0 0 0 0 25 0 23 0 20 0 0 15 0 6 0 10 0 0 0 0 0 0 3 0 0 0 0 0 0 10 0 19 0 0 0 0 0 0 18 0 21 0 0 0 20 0 0 0 0 3 0 21 0 0 0 0 0 0 
