60

0 0 0 0 0 0 0 1 1 0 0 0 0 1 0 0 0 0 1 0 0 0 1 0 0 1 0 1 0 0 0 0 0 1 0 0 1 0 1 1 0 1 1 0 0 0 1 0 0 0 1 1 1 0 1 0 0 0 0 0 
0 0 1 1 0 0 1 0 0 1 0 1 0 0 1 1 0 0 1 1 0 0 0 0 1 0 0 1 0 1 0 1 1 0 0 0 1 0 1 1 1 1 0 0 0 0 0 1 0 1 0 1 0 0 1 0 1 0 1 1 
0 1 0 1 0 1 0 1 1 1 0 1 1 0 1 1 0 1 0 0 1 0 1 0 0 0 0 0 1 1 1 0 0 1 1 1 1 0 1 1 0 1 0 0 1 0 1 0 1 1 0 0 1 1 0 0 0 0 0 0 
0 1 1 0 0 0 0 0 1 1 1 0 1 1 1 1 1 0 1 0 1 0 0 0 0 1 0 0 0 1 0 0 0 1 0 0 1 1 0 1 0 1 1 0 1 0 1 0 1 1 1 0 0 0 0 1 1 1 0 0 
0 0 0 0 0 0 1 1 1 0 0 1 0 0 0 0 1 0 0 0 1 0 0 0 1 0 0 0 1 0 0 1 0 1 1 1 0 0 0 1 0 1 0 1 1 0 0 0 0 1 0 0 1 0 1 0 0 0 1 1 
0 0 1 0 0 0 0 1 0 0 1 1 0 0 1 0 0 1 0 1 1 0 1 0 0 0 0 1 1 1 0 1 0 0 0 0 0 0 1 0 1 0 0 1 0 1 1 1 0 0 1 0 1 1 0 0 0 0 0 1 
0 1 0 0 1 0 0 0 1 0 1 1 1 1 0 0 1 0 0 1 0 1 1 0 0 1 1 0 0 0 0 0 1 1 0 1 0 0 1 0 1 1 0 1 1 1 1 0 1 1 0 1 0 0 0 1 0 0 1 0 
1 0 1 0 1 1 0 0 0 0 0 1 0 0 0 1 0 1 1 1 0 0 0 0 0 0 0 1 1 1 1 0 1 1 0 0 1 1 0 0 0 1 0 0 1 0 1 0 0 1 0 0 0 1 1 0 1 0 1 0 
1 0 1 1 1 0 1 0 0 1 1 1 1 0 1 1 0 0 0 0 0 0 1 1 1 0 1 0 0 1 0 1 1 0 0 1 0 0 1 0 1 1 0 1 0 1 0 1 0 1 1 0 1 0 0 0 1 0 0 0 
0 1 1 1 0 0 0 0 1 0 0 0 0 1 0 1 0 1 1 1 0 1 1 0 0 0 0 1 0 0 1 0 0 0 0 0 1 1 0 1 0 1 0 0 0 0 0 0 1 0 0 1 1 0 1 0 1 1 1 1 
0 0 0 1 0 1 1 0 1 0 0 0 0 0 1 0 0 1 1 0 0 0 1 1 0 0 1 0 1 1 1 0 1 0 0 1 1 0 0 1 1 1 1 0 1 0 0 1 0 1 1 0 1 1 0 0 1 1 1 1 
0 1 1 0 1 1 1 1 1 0 0 0 1 1 0 1 0 0 1 1 1 0 0 0 0 0 1 0 0 0 0 1 1 1 0 1 1 1 1 0 1 0 0 1 0 1 1 1 1 0 1 0 0 1 1 0 1 1 1 0 
0 0 1 1 0 0 1 0 1 0 0 1 0 0 0 1 0 0 0 1 1 0 0 0 1 1 0 0 0 0 0 1 1 1 1 1 1 0 0 0 0 1 0 0 1 0 0 0 0 1 1 0 0 0 1 1 1 1 1 1 
1 0 0 1 0 0 1 0 0 1 0 1 0 0 0 0 0 1 0 1 0 0 1 0 0 1 0 1 0 1 0 0 1 0 1 0 1 0 1 1 0 0 1 0 0 1 0 0 1 0 1 0 0 1 0 1 1 0 1 0 
0 1 1 1 0 1 0 0 1 0 1 0 0 0 0 0 0 0 1 0 0 0 0 1 1 1 1 1 1 0 1 0 0 0 0 0 0 1 1 1 0 1 0 0 1 0 0 1 1 0 1 0 1 0 0 1 1 0 0 1 
0 1 1 1 0 0 0 1 1 1 0 1 1 0 0 0 0 0 1 1 1 1 1 1 0 0 0 0 1 0 0 1 0 0 0 0 0 0 1 1 0 0 0 0 0 0 1 0 0 1 1 1 0 1 0 1 1 1 1 1 
0 0 0 1 1 0 1 0 0 0 0 0 0 0 0 0 0 1 0 0 1 0 0 0 0 1 0 0 1 1 1 0 1 1 1 1 1 1 1 1 1 0 0 0 0 1 0 0 1 0 0 1 0 1 0 1 0 0 0 0 
0 0 1 0 0 1 0 1 0 1 1 0 0 1 0 0 1 0 1 0 1 0 1 0 1 0 1 1 0 0 0 1 0 0 0 1 1 1 1 1 1 0 0 1 0 1 0 1 1 0 0 0 1 1 1 0 1 1 1 1 
1 1 0 1 0 0 0 1 0 1 1 1 0 0 1 1 0 1 0 0 0 0 1 0 0 1 0 1 0 0 0 1 0 0 0 1 1 1 0 0 0 1 0 1 1 1 1 0 0 1 1 1 0 0 1 0 1 0 0 1 
0 1 0 0 0 1 1 1 0 1 0 1 1 1 0 1 0 0 0 0 0 1 1 0 0 1 0 1 0 0 1 1 1 0 1 0 0 1 0 0 1 0 0 1 1 1 1 1 0 0 0 0 0 0 0 1 0 0 0 0 
0 0 1 1 1 1 0 0 0 0 0 1 1 0 0 1 1 1 0 0 0 1 1 0 0 0 0 0 1 1 0 1 1 0 1 0 1 0 0 1 0 1 0 0 0 1 1 1 1 1 0 1 1 0 0 0 0 0 0 0 
0 0 0 0 0 0 1 0 0 1 0 0 0 0 0 1 0 0 0 1 1 0 1 0 1 0 0 0 1 1 0 0 1 0 0 0 0 1 1 1 0 0 1 0 1 0 1 1 0 0 1 0 0 0 0 0 0 0 0 0 
1 0 1 0 0 1 1 0 1 1 1 0 0 1 0 1 0 1 1 1 1 1 0 0 0 0 0 1 0 0 1 1 0 1 0 0 0 0 0 0 1 0 0 0 1 1 1 0 0 1 0 0 0 0 1 1 1 0 0 1 
0 0 0 0 0 0 0 0 1 0 1 0 0 0 1 1 0 0 0 0 0 0 0 0 0 0 0 1 0 1 0 0 0 0 1 0 1 1 0 0 0 0 0 0 1 1 0 0 1 0 0 0 1 0 0 0 1 1 0 0 
0 1 0 0 1 0 0 0 1 0 0 0 1 0 1 0 0 1 0 0 0 1 0 0 0 0 1 0 0 1 0 0 0 0 1 0 0 1 1 1 0 0 1 0 1 1 0 0 0 0 0 1 1 1 1 1 0 1 0 0 
1 0 0 1 0 0 1 0 0 0 0 0 1 1 1 0 1 0 1 1 0 0 0 0 0 0 1 0 1 0 0 0 0 0 1 1 1 0 0 1 1 1 1 0 1 1 0 1 1 1 1 1 0 1 0 0 0 0 0 0 
0 0 0 0 0 0 1 0 1 0 1 1 0 0 1 0 0 1 0 0 0 0 0 0 1 1 0 1 0 0 0 0 0 1 0 0 0 0 0 1 1 0 0 1 0 1 0 1 0 0 1 0 0 1 0 1 0 0 1 0 
1 1 0 0 0 1 0 1 0 1 0 0 0 1 1 0 0 1 1 1 0 0 1 1 0 0 1 0 0 0 1 0 1 0 0 0 0 1 1 1 0 0 0 1 0 1 0 0 0 0 0 0 0 0 1 1 1 1 1 1 
0 0 1 0 1 1 0 1 0 0 1 0 0 0 1 1 1 0 0 0 1 1 0 0 0 1 0 0 0 0 1 1 1 0 0 0 0 0 0 0 0 0 0 0 0 0 1 1 0 0 0 0 0 0 1 0 1 0 1 1 
0 1 1 1 0 1 0 1 1 0 1 0 0 1 0 0 1 0 0 0 1 1 0 1 1 0 0 0 0 0 1 1 0 0 0 1 1 0 0 0 1 0 1 0 0 1 0 1 1 1 1 1 0 1 1 1 0 0 0 1 
0 0 1 0 0 0 0 1 0 1 1 0 0 0 1 0 1 0 0 1 0 0 1 0 0 0 0 1 1 1 0 0 0 0 0 1 1 1 1 1 0 1 0 1 1 0 1 1 1 0 1 0 0 0 0 1 0 1 0 0 
0 1 0 0 1 1 0 0 1 0 0 1 1 0 0 1 0 1 1 1 1 0 1 0 0 0 0 0 1 1 0 0 1 1 1 0 0 0 1 0 0 0 0 0 1 1 0 0 0 1 1 0 0 0 1 0 0 1 0 0 
0 1 0 0 0 0 1 1 1 0 1 1 1 1 0 0 1 0 0 1 1 1 0 0 0 0 0 1 1 0 0 1 0 0 0 1 0 0 0 0 1 1 1 0 0 0 1 1 1 0 0 0 1 1 1 1 0 1 0 0 
1 0 1 1 1 0 1 1 0 0 0 1 1 0 0 0 1 0 0 0 0 0 1 0 0 0 1 0 0 0 0 1 0 0 1 0 1 0 0 1 1 0 0 0 1 0 0 0 0 0 0 0 0 0 0 0 0 1 0 1 
0 0 1 0 1 0 0 0 0 0 0 0 1 1 0 0 1 0 0 1 1 0 0 1 1 1 0 0 0 0 0 1 0 1 0 0 0 0 0 1 1 0 0 1 0 1 0 0 1 0 0 1 0 0 1 1 0 0 1 1 
0 0 1 0 1 0 1 0 1 0 1 1 1 0 0 0 1 1 1 0 0 0 0 0 0 1 0 0 0 1 1 0 1 0 0 0 0 1 0 0 1 1 0 0 0 0 0 1 0 0 1 1 0 0 0 1 0 0 0 0 
1 1 1 1 0 0 0 1 0 1 1 1 1 1 0 0 1 1 1 0 1 0 0 1 0 1 0 0 0 1 1 0 0 1 0 0 0 0 0 1 0 1 1 0 0 0 1 1 1 1 0 0 0 0 0 1 0 0 0 0 
0 0 0 1 0 0 0 1 0 1 0 1 0 0 1 0 1 1 1 1 0 1 0 1 1 0 0 1 0 0 1 0 0 0 0 1 0 0 0 0 0 0 0 0 0 0 0 1 1 0 1 0 1 1 0 0 1 1 0 0 
1 1 1 0 0 1 1 0 1 0 0 1 0 1 1 1 1 1 0 0 0 1 0 0 1 0 0 1 0 0 1 1 0 0 0 0 0 0 0 1 0 1 1 0 1 0 1 1 1 0 1 0 0 0 0 0 0 0 1 1 
1 1 1 1 1 0 0 0 0 1 1 0 0 1 1 1 1 1 0 0 1 1 0 0 1 1 1 1 0 0 1 0 0 1 1 0 1 0 1 0 0 0 1 0 0 0 0 1 1 1 0 0 0 0 1 1 1 0 0 0 
0 1 0 0 0 1 1 0 1 0 1 1 0 0 0 0 1 1 0 1 0 0 1 0 0 1 1 0 0 1 0 0 1 1 1 1 0 0 0 0 0 1 1 0 0 0 1 0 1 0 1 0 0 0 0 0 0 0 1 1 
1 1 1 1 1 0 1 1 1 1 1 0 1 0 1 0 0 0 1 0 1 0 0 0 0 1 0 0 0 0 1 0 1 0 0 1 1 0 1 0 1 0 0 1 0 0 1 1 0 0 0 1 0 1 0 1 1 0 1 0 
1 0 0 1 0 0 0 0 0 0 1 0 0 1 0 0 0 0 0 0 0 1 0 0 1 1 0 0 0 1 0 0 1 0 0 0 1 0 1 1 1 0 0 0 0 0 0 1 0 1 1 1 1 1 0 0 0 0 1 1 
0 0 0 0 1 1 1 0 1 0 0 1 0 0 0 0 0 1 1 1 0 0 0 0 0 0 1 1 0 0 1 0 0 0 1 0 0 0 0 0 0 1 0 0 1 0 1 1 0 0 0 1 1 0 1 0 0 1 0 1 
0 0 1 1 1 0 1 1 0 0 1 0 1 0 1 0 0 0 1 1 0 1 1 1 1 1 0 0 0 0 1 1 0 1 0 0 0 0 1 0 0 0 0 1 0 0 1 0 0 0 0 1 1 0 0 0 0 0 0 1 
0 0 0 0 0 1 1 0 1 0 0 1 0 1 0 0 1 1 1 1 1 0 1 1 1 1 1 1 0 1 0 1 0 0 1 0 0 0 0 0 0 0 0 0 0 0 0 0 0 0 0 1 0 1 0 0 1 0 0 0 
1 0 1 1 0 1 1 1 0 0 0 1 0 0 0 1 0 0 1 1 1 1 1 0 0 0 0 0 1 0 1 0 1 0 0 0 1 0 1 0 1 1 0 1 1 0 0 0 0 1 1 0 0 0 0 1 0 1 0 0 
0 1 0 0 0 1 0 0 1 0 1 1 0 0 1 0 0 1 0 1 1 1 0 0 0 1 1 0 1 1 1 0 1 0 0 1 1 1 1 1 0 1 1 1 0 0 0 0 1 0 0 0 1 0 0 0 0 1 1 0 
0 0 1 1 0 0 1 0 0 1 0 1 0 1 1 0 1 1 0 0 1 0 0 1 0 1 0 0 0 1 1 0 1 0 1 0 1 1 1 1 1 0 0 0 0 0 0 1 0 0 1 1 1 1 0 1 1 0 1 1 
0 1 1 1 1 0 1 1 1 0 1 0 1 0 0 1 0 0 1 0 1 0 1 0 0 1 0 0 0 1 0 1 0 0 0 0 1 0 0 1 0 0 1 0 0 0 1 0 0 0 1 1 1 1 1 0 0 0 0 1 
1 0 0 1 0 1 0 0 1 0 1 1 1 1 1 1 0 0 1 0 0 1 0 0 0 1 1 0 0 1 1 1 0 0 0 1 0 1 1 0 1 0 1 0 0 0 1 0 1 1 0 0 1 1 0 0 1 0 0 0 
1 1 0 0 0 0 1 0 0 1 0 0 0 0 0 1 1 0 1 0 1 0 0 0 1 1 0 0 0 1 0 0 0 0 1 1 0 0 0 0 0 1 1 1 1 1 0 0 1 1 0 0 0 1 1 0 0 1 0 1 
1 0 1 0 1 1 0 0 1 1 1 0 0 0 1 0 0 1 0 0 1 0 0 1 1 0 0 0 0 0 0 0 1 0 0 0 0 1 0 0 0 0 1 1 1 0 0 1 1 1 1 0 0 1 0 0 1 1 0 1 
0 0 1 0 0 1 0 1 0 0 1 1 0 1 0 1 1 1 0 0 0 0 0 0 1 1 1 0 0 1 0 0 1 0 0 0 0 1 0 0 0 1 1 0 0 1 0 0 1 1 1 1 1 0 0 1 0 1 1 0 
1 1 0 0 1 0 0 1 0 1 0 1 1 0 0 0 0 1 1 0 0 0 1 0 1 0 0 1 1 1 0 1 1 0 1 0 0 0 0 1 0 0 0 1 0 0 0 0 0 1 0 1 0 0 0 0 0 1 1 1 
0 0 0 1 0 0 1 0 0 0 0 0 1 1 1 1 1 0 0 1 0 0 1 0 1 0 1 1 0 1 1 0 1 0 1 1 1 0 0 1 0 1 0 0 0 0 1 0 1 0 0 0 0 1 0 0 0 1 0 1 
0 1 0 1 0 0 0 1 1 1 1 1 1 1 1 1 0 1 1 0 0 0 1 1 0 0 0 1 1 0 0 0 0 0 0 0 0 1 0 1 0 1 0 0 0 1 0 0 1 0 1 0 1 0 0 0 0 1 0 0 
0 0 0 1 0 0 0 0 0 1 1 1 1 0 0 1 0 1 0 0 0 0 0 1 1 0 0 1 0 0 1 1 1 1 0 0 0 1 0 0 0 0 0 1 0 0 1 1 0 0 0 1 1 1 1 1 1 0 0 1 
0 1 0 0 1 0 1 1 0 1 1 1 1 1 0 1 0 1 0 0 0 0 0 0 0 0 1 1 1 0 0 0 0 0 1 0 0 0 1 0 1 1 1 0 0 0 0 1 1 0 0 0 0 1 1 0 0 0 0 0 
0 1 0 0 1 1 0 0 0 1 1 0 1 0 1 1 0 1 1 0 0 0 1 0 0 0 0 1 1 1 0 0 0 1 1 0 0 0 1 0 1 0 1 1 1 0 0 0 1 1 0 1 1 0 1 1 0 1 0 0 

0 0 0 0 0 0 0 0 0 2 0 0 11 0 0 0 0 0 0 0 0 0 0 0 8 0 0 0 0 27 0 21 0 0 17 2 2 0 0 0 0 20 0 0 0 0 0 0 0 0 0 4 0 0 0 0 0 0 0 0 
0 0 2 0 0 21 0 0 0 0 0 0 0 14 0 0 0 0 21 0 10 0 0 0 0 0 0 14 23 0 0 0 0 0 0 0 0 4 20 0 0 0 0 0 0 0 0 0 0 0 0 0 0 0 4 0 0 0 0 0 
0 0 0 0 11 0 10 0 0 0 0 0 9 7 0 0 0 27 0 0 10 0 0 0 0 0 0 0 0 0 0 0 2 0 0 0 0 0 0 3 0 9 0 0 15 0 0 0 27 8 23 0 2 0 0 0 0 0 0 0 
8 0 0 0 26 0 1 0 0 0 0 20 0 0 0 0 0 0 0 0 0 0 0 0 0 0 0 0 0 0 0 3 0 0 0 0 0 0 0 0 0 0 0 0 0 0 4 0 19 0 11 18 0 0 0 0 0 0 0 0 
0 0 22 12 0 0 26 18 0 0 15 0 0 0 0 0 0 24 0 0 0 0 0 0 20 21 0 0 0 0 0 0 0 0 0 0 0 0 0 0 0 18 0 0 0 0 0 0 0 0 0 0 0 0 0 0 0 0 0 27 
0 0 0 0 0 0 0 0 4 0 0 10 0 17 25 9 0 0 0 0 0 0 0 0 21 0 0 14 17 0 0 0 0 0 0 0 4 0 11 0 13 0 0 0 0 0 0 0 0 0 22 20 0 0 0 0 16 0 22 5 
23 0 0 0 0 0 0 18 0 0 0 0 27 0 0 0 13 0 0 0 0 12 0 0 20 0 20 0 0 0 17 0 0 0 0 0 2 23 0 0 0 0 0 0 0 0 0 0 0 0 0 0 0 0 15 28 20 0 0 18 
0 0 0 0 0 0 0 0 9 0 28 0 0 0 0 0 0 27 0 22 0 0 0 0 0 0 0 0 0 0 0 0 0 0 18 0 0 0 0 0 0 0 0 0 14 0 0 0 0 0 0 11 0 0 0 0 0 0 0 17 
0 0 0 0 0 0 21 0 0 0 0 0 0 22 0 0 0 7 6 16 0 0 17 0 0 12 0 0 0 0 0 0 0 0 0 0 0 0 13 0 0 2 27 0 0 0 0 0 0 0 0 0 0 0 0 20 0 0 0 0 
0 0 0 11 0 0 0 0 0 0 4 0 14 0 11 0 16 0 0 0 27 18 10 0 0 0 0 23 0 15 0 0 0 0 0 0 0 0 0 0 0 15 22 25 0 0 0 0 0 7 0 0 0 0 0 20 0 0 0 0 
0 0 15 0 0 21 25 0 0 0 0 0 0 0 0 0 0 0 28 0 0 0 0 0 16 0 0 0 22 25 0 0 0 0 0 0 0 0 0 8 0 0 0 0 25 0 28 1 0 0 0 0 15 0 0 0 0 0 0 10 
0 0 0 0 0 0 0 0 18 1 0 0 0 0 0 0 0 0 0 0 21 0 0 0 0 0 0 0 0 0 0 0 0 0 0 27 0 0 0 27 0 11 8 0 0 0 0 13 0 0 0 0 0 0 0 10 0 18 0 0 
0 0 0 0 0 0 0 0 0 1 23 0 0 20 0 0 0 5 11 0 0 0 0 0 0 0 0 5 0 0 0 0 0 0 0 24 7 19 27 0 27 0 0 0 17 0 0 0 0 0 12 0 0 0 0 0 0 0 0 0 
0 0 0 0 0 12 0 0 0 0 0 0 24 0 0 0 0 0 0 0 0 0 0 0 0 0 0 0 0 6 0 0 0 0 0 0 0 0 0 0 0 0 0 0 0 0 20 8 0 0 7 0 18 0 22 0 20 24 0 0 
0 28 0 10 0 0 28 18 0 0 4 0 25 0 0 0 0 4 0 0 0 0 0 0 0 0 0 0 0 0 0 3 0 0 0 0 0 0 0 0 0 0 0 0 2 18 0 0 0 0 0 5 0 0 0 0 0 0 0 28 
0 0 0 0 6 0 0 0 0 0 0 0 21 27 0 0 0 0 0 0 0 0 0 0 0 0 26 0 0 0 7 0 0 0 7 0 0 0 0 0 0 0 0 13 0 0 0 0 0 0 22 0 0 0 19 0 0 27 0 11 
0 0 0 0 3 0 0 0 0 0 0 0 0 0 0 0 0 0 0 0 0 0 0 0 0 26 6 0 0 0 0 0 0 0 0 0 0 0 0 0 0 0 0 28 0 0 0 0 0 0 0 0 0 0 0 0 0 0 0 0 
12 4 11 0 3 0 0 0 0 20 29 0 25 0 0 15 0 0 0 0 4 0 0 0 0 0 0 0 0 0 0 0 0 0 0 0 2 0 0 0 0 0 0 0 0 0 0 0 0 15 0 0 0 0 0 0 0 0 0 0 
0 0 0 0 0 0 0 12 27 0 0 0 9 0 0 0 0 5 0 2 0 0 0 0 0 25 0 0 0 0 0 0 0 27 0 19 0 0 0 0 6 0 0 0 0 0 6 0 0 0 0 0 0 0 0 0 0 0 0 0 
9 0 0 0 6 0 0 0 14 0 0 0 21 23 26 0 0 0 0 0 0 0 0 0 17 0 0 0 0 0 0 0 0 0 14 20 0 0 0 0 0 0 0 0 0 19 3 0 0 0 0 27 26 8 0 0 0 0 0 0 
0 0 0 0 14 0 9 0 0 0 0 0 0 0 0 0 0 0 18 27 0 0 0 0 5 0 0 0 0 0 0 0 0 0 24 18 0 0 19 0 0 0 21 27 0 0 0 0 12 0 0 0 0 0 0 0 0 6 0 0 
0 0 0 0 0 0 4 29 0 9 0 0 0 0 0 1 16 0 16 0 1 0 0 0 0 0 9 0 0 0 0 12 0 27 0 0 0 10 0 0 0 0 0 0 0 0 0 0 0 0 0 0 0 0 5 0 0 0 4 0 
0 0 0 10 0 8 0 15 0 27 0 0 0 0 0 0 8 0 0 0 0 0 0 0 0 0 0 7 0 22 0 0 0 0 0 0 0 0 0 0 0 0 0 0 0 0 0 23 15 5 0 10 0 15 0 0 3 8 5 0 
6 0 0 0 0 0 0 0 16 0 0 0 0 0 0 0 0 0 17 0 0 0 0 0 0 0 0 0 0 0 0 4 0 0 22 0 0 0 0 0 24 0 0 13 0 0 0 1 10 0 0 0 0 26 0 0 2 0 0 0 
0 0 0 18 0 0 0 19 0 0 0 12 25 0 0 0 0 0 0 0 0 0 24 0 0 0 9 0 0 0 0 17 6 0 0 0 0 0 0 0 0 0 0 19 5 0 0 0 28 0 0 14 0 0 0 0 0 0 0 0 
0 0 0 16 0 0 23 0 0 0 0 0 0 16 15 0 0 22 0 0 0 0 13 0 27 0 0 15 27 20 26 6 0 0 16 9 0 0 0 0 0 0 0 26 22 0 0 0 0 0 2 0 13 0 16 0 0 0 13 0 
23 0 0 0 0 13 0 0 0 0 29 0 0 0 0 29 0 26 0 0 25 20 0 0 0 0 0 0 0 0 15 0 0 24 0 0 28 0 0 0 0 0 0 0 0 22 0 27 0 0 0 0 0 0 0 0 0 0 0 0 
0 0 0 16 0 0 0 0 0 0 0 0 0 0 0 0 8 0 0 0 29 0 0 0 12 5 12 0 0 0 0 0 0 0 0 0 0 0 0 0 0 0 0 23 0 0 7 7 0 0 0 0 0 0 0 0 0 16 0 0 
0 0 0 0 5 0 0 0 0 0 0 0 0 27 0 0 0 0 6 6 0 0 0 7 23 0 0 0 0 15 0 0 0 0 0 0 0 0 0 25 6 0 2 3 0 21 0 0 10 0 0 7 10 0 16 0 24 0 7 0 
0 0 0 0 0 0 0 20 0 0 0 0 0 0 0 0 0 0 12 0 0 0 0 0 0 18 0 0 0 0 0 0 0 0 0 0 0 0 0 0 0 25 26 0 12 0 0 0 0 0 11 0 0 0 25 5 0 21 0 0 
0 0 9 6 0 1 1 15 28 0 0 0 0 0 0 0 0 0 27 0 0 0 0 24 0 0 0 0 0 0 0 0 0 1 0 0 0 0 0 0 0 0 0 0 0 23 5 27 0 0 0 0 25 0 2 7 0 0 0 0 
29 23 0 0 0 0 0 8 0 3 0 0 0 0 0 21 0 0 11 0 27 0 2 0 0 0 0 0 0 2 0 0 10 0 0 0 0 0 0 0 0 0 0 0 14 0 0 0 9 6 0 0 0 26 0 23 13 8 0 0 
0 0 0 0 0 0 0 0 0 0 0 0 0 0 0 0 0 24 0 0 0 3 0 0 0 0 0 0 17 0 11 5 0 0 0 0 0 0 0 0 0 0 0 0 0 9 0 0 0 0 0 0 0 0 0 0 0 0 0 0 
0 7 18 0 0 0 0 0 0 0 0 0 24 0 0 0 0 10 0 21 15 0 0 0 0 23 0 23 0 10 14 0 0 0 0 0 14 0 0 23 14 0 0 0 5 0 0 0 0 27 0 0 0 0 0 0 17 5 0 0 
0 0 7 0 0 0 0 0 0 0 0 0 0 28 0 0 0 0 0 0 0 0 0 15 0 0 0 7 0 0 18 0 0 0 0 0 14 0 0 0 13 0 26 0 0 0 0 8 0 0 3 22 0 0 0 0 7 0 0 0 
0 0 0 0 0 0 0 0 0 1 0 0 0 7 0 0 0 0 0 0 20 23 23 0 0 0 0 0 0 0 0 0 0 0 0 0 0 0 0 18 0 0 0 0 0 0 0 1 5 0 21 0 0 0 0 0 0 0 0 10 
0 0 0 0 0 0 0 0 11 0 0 0 2 0 24 28 0 0 0 0 0 0 0 0 0 0 0 0 0 0 0 0 5 15 0 0 0 27 0 0 0 10 0 0 0 0 0 0 0 3 0 0 0 0 24 26 4 0 0 0 
0 0 0 9 0 0 16 0 9 0 0 0 0 0 0 0 0 0 0 0 0 0 0 0 0 0 0 0 0 0 21 0 0 0 5 0 13 0 0 0 0 0 13 0 4 10 0 0 0 0 0 0 0 0 16 18 0 1 23 16 
2 0 0 0 0 0 0 0 24 6 0 0 29 0 0 0 0 0 19 9 0 0 0 0 0 0 0 0 0 0 0 0 0 0 21 0 0 0 0 0 20 0 0 0 3 0 0 0 0 0 12 0 0 0 0 0 0 0 25 0 
0 0 0 0 0 12 0 0 0 0 0 0 0 23 0 0 0 0 0 0 0 0 8 22 0 0 14 0 0 0 0 0 14 0 0 0 0 0 0 0 0 3 12 0 0 0 19 0 0 7 0 0 0 0 6 0 0 26 0 0 
0 10 0 0 0 18 0 0 0 0 0 0 0 0 0 0 0 0 0 0 26 8 0 0 22 11 0 16 0 0 0 0 22 0 0 0 0 0 0 0 0 0 0 3 0 30 0 0 0 20 0 0 0 0 0 0 0 0 22 0 
23 27 19 16 0 0 0 0 4 0 0 0 0 0 0 0 0 0 0 0 27 0 0 0 0 0 0 0 0 0 0 0 8 7 0 0 17 0 0 0 0 0 6 19 0 0 0 0 0 15 3 0 0 0 0 0 0 0 0 0 
14 12 4 0 0 23 0 0 25 0 0 0 0 0 0 7 0 0 0 0 17 0 0 0 0 0 5 0 0 0 0 0 0 0 0 0 0 0 0 8 0 0 0 0 0 0 0 0 0 22 0 14 0 0 0 0 0 0 18 0 
0 0 0 0 0 0 0 0 0 0 0 0 0 28 0 0 0 0 0 0 17 0 0 0 0 0 0 0 0 0 0 0 18 0 0 0 0 0 0 0 0 0 0 0 0 0 0 22 0 0 0 0 0 0 2 0 0 0 10 2 
0 7 0 23 0 11 0 0 0 0 0 15 0 0 0 21 0 0 0 0 18 0 0 0 0 0 0 0 0 0 0 0 0 5 0 0 0 0 0 0 0 0 0 0 0 0 0 13 0 0 0 0 0 0 0 0 0 0 0 0 
7 26 0 15 26 0 6 0 0 0 0 0 21 0 10 0 0 0 0 1 0 4 20 0 0 22 13 0 25 0 22 1 1 0 0 0 21 0 0 0 0 0 0 0 13 0 0 0 0 0 0 0 0 0 0 11 14 10 24 0 
0 0 10 0 0 1 5 0 0 0 20 0 0 0 22 0 8 0 0 0 0 0 0 12 0 0 0 0 0 0 0 0 0 0 0 0 0 0 0 0 23 0 0 0 0 0 0 0 0 0 0 0 0 0 10 0 0 0 0 0 
0 0 0 0 3 4 0 0 0 8 0 0 0 0 0 0 0 0 0 0 5 0 0 0 0 0 0 0 19 0 0 0 0 0 11 4 0 0 0 0 0 0 14 0 0 4 17 0 0 0 0 0 9 0 0 7 16 0 0 0 
0 0 19 0 0 0 20 0 0 22 0 0 0 26 0 0 0 0 15 4 0 2 0 0 0 0 3 0 0 0 0 0 0 0 0 9 0 0 10 0 0 0 0 0 10 2 0 21 0 0 13 0 0 0 2 0 0 20 10 19 
0 0 0 0 0 0 0 0 0 0 23 0 0 26 0 0 0 0 0 0 0 0 0 0 22 23 0 0 0 28 0 0 0 0 2 0 12 0 0 0 0 29 0 24 0 0 1 0 0 0 0 16 0 0 0 0 0 0 0 21 
0 0 0 0 4 0 0 0 11 0 0 0 19 0 11 0 0 10 0 0 11 0 0 0 0 0 0 0 0 14 0 5 0 0 0 0 0 0 0 0 0 23 0 0 0 0 0 0 0 22 0 12 22 14 0 0 0 17 0 0 
0 13 5 0 24 0 0 0 3 0 0 0 0 0 0 0 0 25 0 0 0 0 28 0 0 0 0 0 0 12 0 0 0 0 13 19 0 0 0 0 21 0 0 0 0 0 0 0 0 0 0 0 0 0 4 0 4 0 0 0 
9 0 0 25 0 0 0 24 0 0 0 0 0 0 0 18 0 0 0 0 4 0 0 8 0 10 0 0 0 14 9 0 0 0 0 0 0 0 21 0 0 0 7 3 0 19 0 0 0 0 0 0 0 0 0 0 0 0 7 0 
0 0 0 0 0 26 0 4 0 0 22 6 0 0 0 0 0 0 0 0 0 0 0 0 0 0 6 0 0 0 21 0 0 0 25 0 0 0 0 0 15 0 0 0 0 0 0 0 18 0 0 0 0 0 0 0 7 23 0 0 
0 26 0 0 12 0 0 19 0 0 0 0 0 0 0 0 6 0 0 0 0 28 0 0 0 0 0 0 0 0 0 0 0 0 1 0 0 0 0 0 0 0 0 0 0 0 0 0 0 0 0 0 18 0 0 0 0 8 0 0 
15 0 0 7 0 0 0 0 0 0 9 11 0 0 27 0 0 0 0 0 0 12 5 0 0 0 0 13 0 10 0 11 0 0 0 1 0 0 14 0 9 0 0 0 0 0 0 22 0 0 0 0 11 0 0 0 0 20 17 0 
0 0 0 0 16 28 0 0 0 0 0 0 0 0 27 0 21 0 0 0 11 0 0 0 0 7 0 0 0 0 2 0 0 0 3 0 0 0 0 0 0 0 23 0 0 0 0 0 0 0 0 0 0 0 0 0 0 0 0 0 
0 19 0 0 23 0 0 0 0 0 0 0 0 0 16 0 0 0 0 0 0 0 0 0 0 0 0 0 0 0 0 0 0 0 18 0 0 0 0 0 0 0 17 0 0 0 1 0 0 0 0 0 4 0 0 18 0 0 8 0 
0 0 0 0 0 0 0 0 0 0 0 0 0 0 27 8 0 0 12 0 0 0 0 0 0 0 0 0 0 0 3 17 0 0 0 20 9 0 0 0 23 0 0 0 0 17 0 0 0 0 2 9 13 0 0 0 3 0 0 0 
0 0 0 0 0 16 17 0 9 0 0 0 0 0 0 18 0 0 3 0 0 0 0 18 0 0 0 0 0 0 0 0 0 0 0 0 0 12 0 0 0 16 0 0 18 0 0 0 0 0 0 0 23 0 0 0 0 0 0 0 
