60

0 1 1 0 0 0 0 1 0 1 0 1 1 1 1 0 0 0 1 1 0 1 1 0 0 1 1 1 0 1 0 0 0 1 1 1 0 0 1 0 0 1 1 1 0 1 1 0 1 1 0 1 0 0 1 0 1 0 0 0 
1 0 1 0 0 0 1 0 1 0 0 0 1 0 1 1 0 1 0 0 0 0 0 0 0 1 0 1 1 0 1 1 0 1 1 1 1 1 0 1 0 0 1 1 1 0 0 1 1 0 1 1 1 1 0 0 0 1 0 0 
1 1 0 1 1 0 0 1 0 0 1 0 1 0 0 1 0 0 1 0 0 1 1 0 1 0 0 1 0 0 0 0 1 0 0 1 0 1 0 0 0 0 0 1 0 0 1 0 1 1 0 0 0 1 1 1 1 0 0 1 
0 0 1 0 0 0 0 0 0 1 0 0 1 1 0 0 1 0 1 0 1 1 0 1 0 0 0 1 0 0 0 1 1 0 1 1 0 0 0 1 0 1 1 0 1 0 1 0 0 0 1 0 0 0 1 0 1 0 0 1 
0 0 1 0 0 1 0 1 0 1 1 1 0 1 0 0 0 0 0 0 0 0 1 1 1 0 0 0 0 0 0 0 1 1 1 0 1 0 0 1 0 0 1 1 1 0 0 0 0 1 1 1 0 0 0 1 1 1 0 0 
0 0 0 0 1 0 1 1 0 0 0 1 0 0 0 0 1 0 0 1 1 1 1 0 1 1 1 0 0 1 0 0 0 0 1 1 0 0 0 1 1 0 0 1 0 0 0 0 1 0 1 0 0 1 0 1 1 0 1 1 
0 1 0 0 0 1 0 0 0 0 1 0 0 0 1 0 1 1 0 1 0 1 0 0 0 0 1 1 0 1 0 1 1 0 1 1 0 1 0 1 1 0 1 0 1 1 1 0 1 0 0 1 1 0 1 1 1 0 1 0 
1 0 1 0 1 1 0 0 1 0 0 1 0 0 0 0 0 0 0 0 0 0 0 1 1 0 0 0 1 0 1 0 0 1 0 0 1 1 1 1 1 0 1 0 1 0 0 1 1 0 1 0 1 0 1 1 1 0 0 0 
0 1 0 0 0 0 0 1 0 1 1 1 0 1 1 0 1 0 0 1 0 0 0 0 1 0 1 0 0 0 1 1 0 0 1 1 0 0 0 1 1 1 0 0 0 1 0 0 1 0 1 1 1 0 1 1 1 0 0 0 
1 0 0 1 1 0 0 0 1 0 1 1 1 0 0 1 1 1 1 0 1 1 0 0 0 0 0 0 0 0 1 0 1 0 1 1 0 1 0 0 1 0 0 1 0 0 1 1 1 0 1 0 0 0 0 1 0 1 0 1 
0 0 1 0 1 0 1 0 1 1 0 1 0 1 1 0 0 0 0 1 1 0 1 0 0 1 0 1 0 1 0 0 1 0 1 1 1 0 0 1 1 0 0 1 0 0 1 1 1 0 1 1 0 0 0 0 0 1 1 1 
1 0 0 0 1 1 0 1 1 1 1 0 1 0 0 1 0 0 1 0 0 0 0 0 1 1 0 1 0 0 0 0 0 0 1 1 0 0 0 0 0 1 0 1 1 1 0 0 1 1 0 0 0 1 0 0 0 1 0 0 
1 1 1 1 0 0 0 0 0 1 0 1 0 0 0 1 0 0 1 0 1 0 0 0 0 1 0 0 1 0 0 1 1 1 1 1 0 1 0 0 1 1 0 0 0 0 0 1 1 0 0 1 0 0 0 0 1 1 0 0 
1 0 0 1 1 0 0 0 1 0 1 0 0 0 0 0 1 0 1 0 1 0 0 1 0 1 0 0 1 1 0 1 1 0 1 1 1 0 0 0 1 0 0 0 0 0 0 0 1 0 1 0 0 0 1 0 0 1 1 1 
1 1 0 0 0 0 1 0 1 0 1 0 0 0 0 1 1 0 0 1 0 0 1 0 0 0 0 1 1 1 1 1 0 1 0 0 0 0 0 0 0 0 0 0 1 1 1 0 0 0 1 1 1 1 0 1 1 0 1 0 
0 1 1 0 0 0 0 0 0 1 0 1 1 0 1 0 0 0 1 1 0 0 1 0 0 0 0 1 0 0 1 0 1 0 0 1 1 0 1 0 1 0 0 0 0 1 0 0 0 0 0 1 0 1 0 0 0 0 0 1 
0 0 0 1 0 1 1 0 1 1 0 0 0 1 1 0 0 0 0 1 0 0 1 0 0 0 0 1 0 0 0 0 1 1 0 0 0 1 1 0 0 0 1 0 0 1 1 1 0 0 0 0 0 0 0 0 1 0 0 1 
0 1 0 0 0 0 1 0 0 1 0 0 0 0 0 0 0 0 1 0 1 0 0 0 0 0 0 1 1 1 0 0 0 0 1 1 0 0 0 0 1 1 1 1 0 1 0 0 0 0 1 0 0 1 0 0 0 1 0 0 
1 0 1 1 0 0 0 0 0 1 0 1 1 1 0 1 0 1 0 1 0 0 0 1 0 1 1 0 1 0 0 1 0 0 1 0 1 0 1 0 0 1 1 0 1 0 0 0 0 0 1 1 1 0 0 0 1 0 0 0 
1 0 0 0 0 1 1 0 1 0 1 0 0 0 1 1 1 0 1 0 1 0 0 0 0 0 0 0 0 0 0 1 0 0 0 0 0 1 0 0 0 0 0 1 0 1 0 1 0 0 1 0 0 0 0 0 0 0 0 0 
0 0 0 1 0 1 0 0 0 1 1 0 1 1 0 0 0 1 0 1 0 0 0 0 0 0 0 0 0 0 1 0 1 0 1 0 0 1 0 1 0 1 0 0 1 0 1 0 1 1 0 0 0 0 1 0 0 0 0 0 
1 0 1 1 0 1 1 0 0 1 0 0 0 0 0 0 0 0 0 0 0 0 1 1 0 1 0 0 0 0 0 0 0 0 1 0 1 0 1 1 1 1 1 0 0 1 0 0 1 0 0 0 1 0 0 1 1 0 1 0 
1 0 1 0 1 1 0 0 0 0 1 0 0 0 1 1 1 0 0 0 0 1 0 1 1 0 0 0 0 0 0 0 1 1 0 1 0 1 0 1 0 0 1 0 0 1 0 1 0 0 0 1 0 1 0 1 0 1 1 0 
0 0 0 1 1 0 0 1 0 0 0 0 0 1 0 0 0 0 1 0 0 1 1 0 0 1 0 1 1 1 1 0 0 1 0 0 0 1 0 0 0 0 1 1 0 1 1 1 0 1 0 0 1 1 1 0 0 1 1 1 
0 0 1 0 1 1 0 1 1 0 0 1 0 0 0 0 0 0 0 0 0 0 1 0 0 0 0 0 0 0 1 1 1 0 0 0 0 1 1 0 1 1 0 0 0 1 0 1 1 0 0 1 1 1 0 0 0 0 0 0 
1 1 0 0 0 1 0 0 0 0 1 1 1 1 0 0 0 0 1 0 0 1 0 1 0 0 1 0 0 0 1 1 0 1 0 1 0 0 1 0 1 0 0 0 1 1 1 0 0 0 0 1 0 1 0 0 0 0 1 0 
1 0 0 0 0 1 1 0 1 0 0 0 0 0 0 0 0 0 1 0 0 0 0 0 0 1 0 1 1 0 0 1 1 1 0 0 0 0 1 0 0 0 0 1 1 1 0 1 1 0 0 0 0 1 0 0 0 0 1 1 
1 1 1 1 0 0 1 0 0 0 1 1 0 0 1 1 1 1 0 0 0 0 0 1 0 0 1 0 1 1 0 0 0 1 1 0 0 0 0 0 1 0 0 1 0 1 0 0 0 1 0 0 1 0 0 0 0 1 0 1 
0 1 0 0 0 0 0 1 0 0 0 0 1 1 1 0 0 1 1 0 0 0 0 1 0 0 1 1 0 0 1 0 0 0 0 0 1 0 0 0 0 1 1 0 0 1 1 0 0 0 0 1 0 0 1 1 1 1 0 1 
1 0 0 0 0 1 1 0 0 0 1 0 0 1 1 0 0 1 0 0 0 0 0 1 0 0 0 1 0 0 1 0 0 0 0 0 1 0 0 1 0 1 0 0 1 0 1 0 1 0 0 0 1 1 0 1 0 1 1 1 
0 1 0 0 0 0 0 1 1 1 0 0 0 0 1 1 0 0 0 0 1 0 0 1 1 1 0 0 1 1 0 0 0 0 0 0 0 0 0 0 1 0 1 0 1 0 0 1 0 1 1 0 0 1 1 1 1 0 0 0 
0 1 0 1 0 0 1 0 1 0 0 0 1 1 1 0 0 0 1 1 0 0 0 0 1 1 1 0 0 0 0 0 1 0 1 0 1 1 0 0 1 1 1 1 0 1 0 1 1 1 0 1 1 0 0 0 0 0 0 0 
0 0 1 1 1 0 1 0 0 1 1 0 1 1 0 1 1 0 0 0 1 0 1 0 1 0 1 0 0 0 0 1 0 1 0 1 1 1 1 0 0 0 1 0 0 0 1 1 0 0 0 1 0 0 0 1 0 1 0 1 
1 1 0 0 1 0 0 1 0 0 0 0 1 0 1 0 1 0 0 0 0 0 1 1 0 1 1 1 0 0 0 0 1 0 1 0 0 0 0 0 1 1 1 1 0 0 0 1 0 0 1 0 1 0 0 0 1 1 0 1 
1 1 0 1 1 1 1 0 1 1 1 1 1 1 0 0 0 1 1 0 1 1 0 0 0 0 0 1 0 0 0 1 0 1 0 0 1 1 0 0 1 1 0 1 1 1 1 0 0 0 1 0 1 0 1 0 0 0 0 1 
1 1 1 1 0 1 1 0 1 1 1 1 1 1 0 1 0 1 0 0 0 0 1 0 0 1 0 0 0 0 0 0 1 0 0 0 0 0 0 0 0 0 1 0 1 1 0 0 1 1 0 0 0 1 1 1 0 0 0 0 
0 1 0 0 1 0 0 1 0 0 1 0 0 1 0 1 0 0 1 0 0 1 0 0 0 0 0 0 1 1 0 1 1 0 1 0 0 0 1 0 0 0 0 1 0 0 0 1 0 0 0 0 1 0 1 0 0 1 0 0 
0 1 1 0 0 0 1 1 0 1 0 0 1 0 0 0 1 0 0 1 1 0 1 1 1 0 0 0 0 0 0 1 1 0 1 0 0 0 0 1 1 1 1 0 1 1 0 0 1 1 0 0 1 1 0 0 0 0 1 0 
1 0 0 0 0 0 0 1 0 0 0 0 0 0 0 1 1 0 1 0 0 1 0 0 1 1 1 0 0 0 0 0 1 0 0 0 1 0 0 1 1 1 0 1 1 0 0 0 0 0 1 1 0 0 0 0 0 0 0 0 
0 1 0 1 1 1 1 1 1 0 1 0 0 0 0 0 0 0 0 0 1 1 1 0 0 0 0 0 0 1 0 0 0 0 0 0 0 1 1 0 1 0 0 0 1 1 0 0 1 1 1 0 1 1 0 1 0 0 0 1 
0 0 0 0 0 1 1 1 1 1 1 0 1 1 0 1 0 1 0 0 0 1 0 0 1 1 0 1 0 0 1 1 0 1 1 0 0 1 1 1 0 0 0 0 0 1 0 0 1 0 1 0 1 1 1 1 0 0 0 0 
1 0 0 1 0 0 0 0 1 0 0 1 1 0 0 0 0 1 1 0 1 1 0 0 1 0 0 0 1 1 0 1 0 1 1 0 0 1 1 0 0 0 1 0 1 0 0 1 0 1 0 1 1 1 0 0 0 0 0 0 
1 1 0 1 1 0 1 1 0 0 0 0 0 0 0 0 1 1 1 0 0 1 1 1 0 0 0 0 1 0 1 1 1 1 0 1 0 1 0 0 0 1 0 1 0 0 0 1 0 1 1 1 0 0 0 0 1 0 1 0 
1 1 1 0 1 1 0 0 0 1 1 1 0 0 0 0 0 1 0 1 0 0 0 1 0 0 1 1 0 0 0 1 0 1 1 0 1 0 1 0 0 0 1 0 1 1 1 0 1 0 0 0 1 1 0 0 0 0 0 0 
0 1 0 1 1 0 1 1 0 0 0 1 0 0 1 0 0 0 1 0 1 0 0 0 0 1 1 0 0 1 1 0 0 0 1 1 0 1 1 1 0 1 0 1 0 0 1 1 0 0 0 0 1 0 0 0 1 1 0 1 
1 0 0 0 0 0 1 0 1 0 0 1 0 0 1 1 1 1 0 1 0 1 1 1 1 1 1 1 1 0 0 1 0 0 1 1 0 1 0 1 1 0 0 1 0 0 0 0 0 1 0 1 0 0 1 1 0 0 0 1 
1 0 1 1 0 0 1 0 0 1 1 0 0 0 1 0 1 0 0 0 1 0 0 1 0 1 0 0 1 1 0 0 1 0 1 0 0 0 0 0 0 0 0 1 1 0 0 1 0 0 0 1 1 1 1 0 0 1 0 1 
0 1 0 0 0 0 0 1 0 1 1 0 1 0 0 0 1 0 0 1 0 0 1 1 1 0 1 0 0 0 1 1 1 1 0 0 1 0 0 0 0 1 1 0 1 0 1 0 0 1 0 0 0 1 1 0 1 1 1 0 
1 1 1 0 0 1 1 1 1 1 1 1 1 1 0 0 0 0 0 0 1 1 0 0 1 0 1 0 0 1 0 1 0 0 0 1 0 1 0 1 1 0 0 1 0 0 0 0 0 1 0 0 0 0 1 0 0 1 0 0 
1 0 1 0 1 0 0 0 0 0 0 1 0 0 0 0 0 0 0 0 1 0 0 1 0 0 0 1 0 0 1 1 0 0 0 1 0 1 0 1 0 1 1 0 0 1 0 1 1 0 0 1 0 0 0 0 1 0 0 0 
0 1 0 1 1 1 0 1 1 1 1 0 0 1 1 0 0 1 1 1 0 0 0 0 0 0 0 0 0 0 1 0 0 1 1 0 0 0 1 1 1 0 1 0 0 0 0 0 0 0 0 1 1 1 0 0 1 1 1 0 
1 1 0 0 1 0 1 0 1 0 1 0 1 0 1 1 0 0 1 0 0 0 1 0 1 1 0 0 1 0 0 1 1 0 0 0 0 0 1 0 0 1 1 0 0 1 1 0 0 1 1 0 1 1 0 0 0 0 0 1 
0 1 0 0 0 0 1 1 1 0 0 0 0 0 1 0 0 0 1 0 0 1 0 1 1 0 0 1 0 1 0 1 0 1 1 0 1 1 0 1 1 1 0 1 1 0 1 0 0 0 1 1 0 0 0 0 1 0 0 0 
0 1 1 0 0 1 0 0 0 0 0 1 0 0 1 1 0 1 0 0 0 0 1 1 1 1 1 0 0 1 1 0 0 0 0 1 0 1 0 1 1 1 0 1 0 0 1 1 0 0 1 1 0 0 0 0 0 0 0 1 
1 0 1 1 0 0 1 1 1 0 0 0 0 1 0 0 0 0 0 0 1 0 0 1 0 0 0 0 1 0 1 0 0 0 1 1 1 0 0 0 1 0 0 0 0 1 1 1 1 0 0 0 0 0 0 1 0 1 0 0 
0 0 1 0 1 1 1 1 1 1 0 0 0 0 1 0 0 0 0 0 0 1 1 0 0 0 0 0 1 1 1 0 1 0 0 1 0 0 0 1 1 0 0 0 0 1 0 0 0 0 0 0 0 0 1 0 0 0 1 0 
1 0 1 1 1 1 1 1 1 0 0 0 1 0 1 0 1 0 1 0 0 1 0 0 0 0 0 0 1 0 1 0 0 1 0 0 0 0 0 0 0 0 1 0 1 0 0 1 0 1 1 0 1 0 0 0 0 0 0 1 
0 1 0 0 1 0 0 0 0 1 1 1 1 1 0 0 0 1 0 0 0 0 1 1 0 0 0 1 1 1 0 0 1 1 0 0 1 0 0 0 0 0 0 0 1 0 1 1 1 0 1 0 0 0 1 0 0 0 1 1 
0 0 0 0 0 1 1 0 0 0 1 0 0 1 1 0 0 0 0 0 0 1 1 1 0 1 1 0 0 1 0 0 0 0 0 0 0 1 0 0 0 0 1 0 0 0 0 1 0 0 1 0 0 0 0 1 0 1 0 0 
0 0 1 1 0 1 0 0 0 1 1 0 0 1 0 1 1 0 0 0 0 0 0 1 0 0 1 1 1 1 0 0 1 1 1 0 0 0 0 1 0 0 0 0 1 1 1 0 0 0 0 1 0 1 0 0 1 1 0 0 

0 14 0 0 0 0 0 0 0 0 0 0 0 11 4 0 0 0 0 4 0 0 20 8 0 0 0 9 0 0 0 0 0 4 18 0 18 0 0 0 0 14 0 0 21 17 0 0 0 0 0 0 9 0 0 8 0 0 0 2 
0 0 0 0 12 0 0 16 0 0 0 14 0 0 0 0 0 0 3 0 0 0 0 0 0 1 0 0 0 0 0 19 14 0 0 0 0 0 0 0 0 1 20 0 16 0 0 0 0 0 0 0 0 0 3 0 0 0 0 0 
0 0 0 0 0 0 0 15 20 0 0 0 0 0 0 14 2 0 0 0 0 5 0 0 15 0 0 0 0 0 0 0 21 0 0 0 2 15 16 0 0 0 0 0 0 0 0 0 0 10 0 0 0 0 0 0 0 0 0 7 
0 0 0 0 11 16 0 4 0 0 0 0 0 1 0 0 0 0 14 0 0 0 0 0 0 0 0 0 0 0 0 0 0 0 0 0 0 0 0 13 0 7 0 0 1 0 0 0 0 0 10 0 0 0 0 0 0 3 6 0 
0 0 0 0 0 0 0 20 0 0 0 0 21 0 0 0 10 0 18 7 0 0 0 0 0 0 0 10 0 0 0 0 0 18 0 3 0 0 0 0 0 0 0 0 20 0 0 15 0 0 0 0 0 6 0 8 0 0 0 0 
0 0 0 0 0 0 0 0 0 0 0 3 18 0 12 0 16 17 0 7 0 0 0 0 11 21 0 0 7 16 0 0 0 0 5 0 0 0 0 0 0 0 0 0 0 0 0 0 0 0 0 3 3 0 0 0 0 0 0 0 
0 0 0 9 0 0 0 0 14 21 0 0 1 0 0 0 7 0 0 15 0 0 5 22 0 0 0 0 0 0 0 0 0 0 0 0 0 0 0 0 0 0 0 0 13 0 7 0 0 0 0 0 0 0 0 8 9 0 0 0 
0 0 0 0 1 0 0 0 0 0 0 0 0 0 0 0 0 0 0 0 0 0 0 0 0 0 0 11 0 4 0 0 0 7 4 0 0 7 0 0 0 5 6 0 0 6 0 0 0 5 0 0 0 0 0 0 8 0 0 0 
5 6 0 0 7 0 12 0 0 0 0 0 22 0 0 9 0 0 0 0 0 0 0 0 0 0 0 0 0 0 0 1 0 1 0 0 21 0 10 0 0 0 0 0 0 0 0 0 21 0 9 0 7 0 0 13 0 1 0 0 
0 0 0 0 0 0 0 0 0 0 2 0 0 0 0 20 0 22 6 0 0 0 0 0 12 0 0 0 10 19 0 0 0 15 0 0 0 0 0 0 22 17 0 0 0 4 0 0 0 0 8 0 0 0 0 0 0 0 0 0 
0 8 0 13 0 0 0 7 0 10 0 0 0 0 0 0 0 10 0 6 6 4 0 0 0 0 0 0 0 0 21 2 0 1 0 9 0 0 14 0 14 0 0 0 8 0 0 0 1 0 0 0 0 0 5 0 15 10 0 6 
0 0 0 15 0 0 0 0 0 0 0 0 0 0 6 0 0 10 0 0 0 0 0 0 0 0 0 0 0 14 0 0 0 0 0 15 0 12 0 0 0 0 0 0 0 0 0 0 0 0 0 0 0 0 5 0 0 0 20 0 
0 0 0 0 0 0 5 18 0 0 0 0 0 0 0 2 0 0 0 0 0 0 2 0 0 0 0 0 0 0 0 0 0 0 0 7 0 0 20 14 0 18 0 0 0 0 0 0 9 0 0 0 5 0 0 0 0 0 0 0 
0 0 0 0 0 17 0 0 17 0 0 0 0 0 0 0 0 0 0 16 0 0 0 0 0 16 9 3 0 0 3 0 5 0 0 0 0 1 0 0 0 0 7 0 0 0 0 0 0 0 0 0 0 0 0 0 8 0 0 0 
0 15 0 0 0 10 0 0 0 0 0 1 0 0 0 0 0 0 2 0 0 0 0 0 0 0 0 0 0 0 0 0 0 0 0 0 0 0 0 0 0 0 0 0 0 0 8 2 13 10 0 0 0 0 0 0 0 0 0 0 
6 19 0 0 18 0 0 0 0 0 0 0 4 0 16 0 0 0 0 0 1 1 16 0 0 0 0 0 0 13 3 0 5 0 0 16 0 0 0 0 0 6 0 0 0 0 0 1 0 14 0 0 0 0 0 0 0 0 0 0 
18 10 0 19 0 0 0 0 4 0 2 0 0 0 0 8 0 0 0 0 0 0 0 0 20 0 13 21 0 0 4 15 2 0 0 0 0 0 0 0 0 0 10 21 0 0 0 7 0 0 0 0 20 0 14 0 0 0 0 13 
18 0 0 0 0 0 0 0 0 0 0 3 0 0 0 0 0 0 5 21 0 0 0 0 0 0 15 0 0 0 0 0 0 0 16 0 0 4 0 1 14 0 0 16 0 0 0 0 0 0 0 0 0 0 0 0 0 0 0 0 
1 0 3 0 0 0 13 0 0 0 0 0 0 0 16 21 0 0 0 0 13 0 0 7 0 0 12 0 0 0 0 0 0 12 0 0 19 0 0 0 0 0 0 19 0 0 0 0 0 0 0 0 0 0 10 0 0 0 14 0 
0 0 0 0 0 0 0 3 0 0 0 0 0 0 0 0 0 0 0 0 0 0 0 0 0 0 0 0 14 0 7 0 0 1 0 0 0 0 3 0 0 0 0 0 0 16 12 0 0 0 0 0 0 0 0 0 17 0 0 0 
0 0 0 0 0 0 0 0 0 0 0 0 0 13 0 4 0 0 13 0 0 0 0 0 13 0 0 0 5 21 9 0 0 10 0 0 0 9 5 0 0 0 0 0 0 0 0 0 0 0 0 0 0 0 0 0 21 0 0 0 
0 0 0 0 0 18 0 0 0 0 17 0 0 0 0 0 0 0 10 15 0 0 0 0 0 0 13 0 0 0 0 0 0 0 0 3 0 0 0 0 18 0 0 0 0 0 0 0 0 0 0 0 0 4 3 0 2 6 0 0 
0 0 3 0 0 0 0 0 0 0 11 16 0 21 0 0 0 0 0 0 0 0 0 0 14 0 0 13 0 0 0 0 0 11 5 0 0 0 0 0 0 0 0 5 0 0 0 0 12 0 0 0 0 0 0 0 0 0 0 0 
0 0 0 0 3 0 16 0 0 0 2 0 0 0 0 0 0 0 18 0 0 0 0 0 10 4 0 0 0 0 0 2 0 0 0 18 0 0 0 14 0 0 0 0 0 0 0 0 13 14 15 18 0 0 4 0 0 9 0 0 
0 0 0 0 0 0 0 0 0 0 0 0 0 0 5 0 19 0 0 0 0 0 0 13 0 0 0 0 0 6 0 0 0 0 0 0 0 0 0 0 1 0 0 0 0 0 2 0 15 0 0 0 0 1 0 0 16 0 0 0 
0 0 0 0 18 9 0 0 0 0 0 0 0 8 0 0 1 0 0 0 0 0 7 0 0 0 0 0 0 0 8 0 0 0 0 0 0 0 0 0 0 0 0 0 0 0 0 0 0 0 0 0 17 0 0 0 0 0 14 0 
0 0 0 1 10 0 0 0 16 0 0 0 0 0 0 12 2 0 10 0 0 14 0 0 0 3 0 2 0 0 0 0 0 0 0 0 1 0 20 3 16 0 7 0 21 0 2 18 0 0 0 11 0 0 0 0 0 0 16 8 
0 0 0 0 6 0 0 0 10 0 0 0 0 0 0 0 0 0 0 0 0 0 16 0 0 0 0 0 0 0 17 0 21 0 0 0 0 21 0 8 0 17 0 0 0 0 0 0 0 0 0 0 0 0 0 0 0 0 0 0 
0 0 2 3 0 12 0 0 0 0 0 18 0 0 17 1 0 0 0 0 0 0 0 7 0 0 0 0 0 11 0 0 0 0 0 0 0 0 7 0 0 0 4 0 0 0 0 0 0 1 0 0 0 0 0 12 0 0 0 0 
0 0 7 0 0 0 0 0 0 0 8 1 0 0 0 0 0 0 0 0 0 0 0 0 0 0 0 0 0 0 0 16 0 0 0 0 0 0 0 0 0 0 0 0 0 9 8 0 0 0 0 0 0 0 7 11 4 0 0 0 
0 0 15 6 0 0 0 0 0 0 0 0 0 0 0 0 0 0 0 1 0 0 0 0 0 0 0 19 0 10 0 0 0 0 8 0 0 0 0 14 0 0 0 0 0 0 8 0 0 0 0 19 0 0 7 0 1 0 0 0 
0 0 0 6 0 0 0 0 0 18 0 0 0 20 1 0 0 0 10 0 0 0 0 0 0 0 0 0 0 0 0 0 0 0 0 0 0 0 0 0 0 0 0 0 0 0 0 0 0 3 15 3 0 0 0 0 0 19 0 0 
0 0 6 0 0 11 9 0 0 0 0 0 0 1 0 0 0 13 0 0 0 13 0 0 0 0 0 17 0 0 0 17 0 0 0 0 0 0 8 0 0 0 0 0 0 0 0 0 11 0 0 1 0 17 0 0 11 0 0 0 
0 9 0 0 0 0 2 0 0 0 0 0 2 0 0 0 0 0 0 0 0 0 0 21 0 10 0 0 0 0 0 16 9 0 0 0 0 0 0 0 0 0 0 0 0 0 0 0 4 0 0 0 0 0 0 0 0 16 0 0 
0 0 0 0 0 0 0 0 0 0 0 9 0 0 0 17 0 0 19 2 0 0 0 0 0 0 18 3 16 0 0 0 0 0 0 0 0 11 0 0 3 14 4 0 0 0 0 0 15 0 0 6 0 0 0 0 0 0 0 9 
0 0 0 0 0 0 0 0 0 0 0 17 0 0 20 0 0 0 5 0 0 0 0 0 0 0 19 0 0 0 0 0 0 0 0 0 0 0 0 0 0 15 0 0 6 8 0 0 0 0 0 3 0 0 0 0 0 0 0 0 
0 0 0 0 12 0 0 0 0 0 0 0 0 0 0 0 8 0 0 0 2 0 15 0 0 0 0 0 0 0 0 7 0 0 0 17 0 0 18 0 0 0 0 0 0 0 0 2 0 0 0 0 0 19 0 0 0 0 0 18 
0 0 0 21 3 0 0 0 0 0 0 0 0 0 0 0 0 0 0 0 0 0 0 0 0 5 0 0 0 0 0 0 0 0 12 0 0 0 0 0 0 1 0 3 18 0 21 0 0 0 0 0 0 8 0 0 0 0 0 0 
0 0 0 0 0 0 0 0 0 0 0 0 0 8 0 0 0 0 0 0 0 2 0 0 6 20 0 12 0 0 0 0 0 11 0 0 0 0 0 2 1 0 0 0 20 0 18 0 13 0 0 0 0 0 0 0 16 15 0 0 
0 0 0 0 0 20 15 0 0 0 0 20 0 0 0 0 0 0 0 0 0 0 0 6 0 17 19 0 0 0 0 0 0 0 0 0 0 14 0 0 0 0 10 0 0 0 0 0 0 0 0 0 0 0 0 3 16 0 0 0 
0 18 0 6 0 17 0 0 0 0 0 0 0 0 0 0 12 0 0 0 0 0 0 0 2 0 0 0 0 0 0 0 0 0 0 5 0 0 0 0 0 0 3 0 0 0 0 16 0 0 0 0 0 0 0 0 0 0 0 0 
0 0 0 0 0 0 0 1 0 0 4 0 0 0 0 0 0 0 3 12 0 0 0 0 0 0 0 0 0 0 0 0 0 0 0 0 0 0 0 0 0 0 14 13 0 0 0 18 0 0 0 0 15 3 8 0 0 0 5 15 
0 0 0 0 0 0 0 0 0 0 5 0 20 0 0 0 0 0 0 1 0 0 0 0 0 18 0 0 13 2 0 0 7 0 0 0 0 0 0 0 0 0 0 0 0 0 0 0 0 0 1 0 0 18 0 0 13 21 0 0 
9 0 0 8 0 0 0 6 0 0 0 0 0 0 10 0 0 0 0 0 14 0 0 10 0 0 0 0 19 9 0 0 0 0 0 0 0 0 0 0 0 0 0 0 0 0 0 0 0 0 0 0 0 0 0 0 4 0 19 0 
0 0 0 0 0 1 0 0 0 0 0 0 0 0 0 0 0 0 0 0 0 0 0 0 1 15 0 0 0 0 0 0 0 0 0 0 0 0 0 0 0 10 0 0 0 0 0 18 0 0 0 0 0 0 0 0 0 0 0 0 
0 0 0 10 0 0 0 7 0 0 0 0 0 0 0 7 0 10 0 18 0 0 0 0 0 0 0 3 0 0 0 0 0 0 0 0 21 0 0 0 0 0 0 0 2 0 0 0 0 0 0 0 0 0 0 0 0 0 0 0 
0 0 3 17 0 0 16 14 0 0 0 15 0 4 0 0 0 0 0 0 0 0 0 0 0 0 0 0 0 0 0 0 14 0 0 0 0 0 0 0 0 0 16 0 0 0 0 0 0 0 9 0 0 14 0 0 0 0 0 0 
0 0 0 0 0 0 0 0 5 0 0 0 0 0 0 0 8 0 0 0 19 0 0 0 0 0 0 0 20 0 0 0 0 18 13 0 0 15 0 0 0 11 0 0 0 0 0 0 0 0 16 0 2 0 14 1 0 0 20 0 
0 3 0 0 0 0 0 0 0 0 0 0 0 0 15 0 0 0 0 0 0 0 0 0 0 0 2 1 0 15 0 6 0 0 0 0 0 0 21 0 0 0 0 13 0 0 0 0 0 0 14 9 0 0 0 0 0 0 11 0 
0 0 0 0 0 3 0 0 0 6 0 0 0 0 0 0 0 0 0 18 0 0 0 0 0 0 0 0 0 1 20 10 1 3 21 0 0 0 17 0 7 16 13 0 0 17 0 0 0 0 0 1 0 0 0 0 5 0 0 0 
11 0 3 0 0 0 0 0 0 0 0 0 0 7 0 0 0 0 0 0 0 0 9 0 0 0 0 0 14 0 4 0 0 0 0 0 0 0 0 0 0 0 0 0 3 0 0 0 0 0 0 7 0 3 0 0 21 4 0 0 
8 0 2 0 0 0 0 0 22 0 0 0 20 0 0 11 0 0 0 0 0 0 5 0 0 0 0 0 0 0 0 0 12 0 0 0 0 0 0 0 0 12 0 0 0 0 0 0 0 0 0 0 0 0 0 0 11 0 18 10 
7 0 0 0 6 0 0 0 0 18 0 0 5 0 0 0 0 0 0 0 0 0 0 0 0 0 0 0 0 0 0 0 0 0 0 1 0 0 0 0 15 0 0 13 0 13 0 0 2 0 0 17 0 4 0 0 0 13 0 0 
0 0 0 8 0 0 0 0 0 0 0 0 0 0 0 0 0 0 0 0 0 0 0 0 0 0 0 13 0 6 0 0 0 0 15 0 0 0 0 0 0 0 0 0 0 0 0 0 16 0 0 10 0 0 11 17 0 0 0 0 
0 0 0 0 0 0 0 0 0 0 0 0 0 0 0 0 0 0 0 0 0 20 0 0 0 0 0 0 10 14 0 0 0 11 0 9 0 0 0 0 0 0 19 0 0 0 0 0 0 18 9 11 5 0 0 0 0 0 0 0 
0 0 1 0 0 0 12 0 0 0 0 0 0 0 0 0 0 0 0 0 16 0 0 0 0 0 0 9 17 9 0 0 19 18 4 0 0 1 0 0 0 0 14 0 0 0 0 0 0 0 0 0 0 0 0 0 21 0 0 0 
0 0 0 0 0 0 0 18 0 0 0 0 6 0 0 0 0 0 0 0 0 0 0 0 0 0 0 0 18 0 0 0 0 0 0 0 0 0 14 0 13 0 0 0 0 2 0 18 3 0 0 0 0 0 0 0 0 0 21 0 
0 12 0 0 0 0 0 0 19 0 0 0 0 0 0 0 15 0 0 0 0 5 0 0 0 0 0 0 8 16 0 0 0 0 11 0 0 0 0 19 7 0 0 0 0 0 0 0 0 0 0 10 14 0 0 0 0 0 0 0 
0 13 4 0 0 0 0 0 0 0 0 2 0 0 0 0 14 0 0 0 0 0 0 10 0 0 0 9 0 10 0 0 2 0 1 0 4 0 0 0 20 0 0 0 0 0 10 0 0 22 5 3 0 0 0 0 0 7 0 0 
5 0 0 0 0 0 0 0 0 0 0 0 0 0 0 0 0 0 0 0 0 0 0 0 0 0 0 8 0 19 0 0 0 2 0 0 0 0 0 0 0 0 0 0 0 0 0 0 0 0 0 0 20 0 0 0 0 0 0 0 
