60

0 1 0 0 0 1 0 0 0 0 0 1 1 0 0 0 0 0 1 0 1 0 0 0 1 0 0 1 0 0 1 1 0 1 0 0 0 0 0 1 0 0 1 1 0 0 0 0 0 0 1 1 1 0 1 0 0 1 0 0 
1 0 1 0 0 1 0 1 1 1 0 0 1 0 1 0 1 0 1 0 0 1 0 0 0 1 0 0 0 1 0 1 0 0 0 1 1 1 1 1 0 0 0 0 0 0 0 0 0 0 0 0 0 1 0 0 0 0 0 1 
0 1 0 1 1 0 0 1 1 1 0 1 0 1 0 0 1 0 1 0 0 0 0 1 1 0 1 0 0 1 0 0 1 0 0 1 0 1 1 1 1 0 0 1 0 0 0 0 1 0 0 1 1 1 1 0 0 0 1 0 
0 0 1 0 1 0 1 0 0 0 0 1 1 1 0 0 0 0 0 1 1 0 0 0 0 0 0 1 0 1 1 0 0 0 0 1 1 1 0 1 0 1 1 0 0 0 1 0 0 1 0 1 0 0 0 0 0 0 0 0 
0 0 1 1 0 0 0 0 0 0 1 0 0 0 1 0 0 1 0 1 1 1 1 0 0 1 1 0 0 0 0 1 1 0 0 1 1 0 1 0 0 1 1 1 0 1 1 0 0 0 0 1 0 1 1 0 0 0 1 0 
1 1 0 0 0 0 0 0 1 0 0 0 1 0 1 0 0 1 0 1 0 0 0 0 0 0 1 0 0 0 0 0 1 0 0 0 0 1 0 1 0 0 0 0 1 1 1 0 0 1 0 1 0 1 0 0 0 1 1 0 
0 0 0 1 0 0 0 1 1 0 0 1 0 0 0 1 0 0 0 1 1 0 1 0 0 0 0 0 0 0 1 0 0 0 1 1 1 0 0 0 0 0 0 1 0 0 1 0 0 1 1 0 1 1 1 1 0 0 1 1 
0 1 1 0 0 0 1 0 0 1 1 0 0 0 0 1 1 0 0 0 0 0 0 0 1 1 0 0 1 0 0 1 0 0 0 1 1 1 1 0 0 0 0 0 1 0 0 1 1 0 1 0 0 0 0 0 1 0 0 1 
0 1 1 0 0 1 1 0 0 0 0 0 1 1 1 0 1 0 1 0 0 1 0 0 0 0 1 1 1 1 0 1 0 1 1 0 1 0 0 1 0 0 1 0 1 0 0 1 0 1 0 0 1 0 0 0 1 1 0 1 
0 1 1 0 0 0 0 1 0 0 0 0 0 0 1 0 0 1 0 1 0 0 0 1 1 0 1 1 0 0 0 0 0 1 0 1 0 0 0 0 1 0 0 1 1 1 0 0 1 0 1 1 1 0 1 1 1 1 0 0 
0 0 0 0 1 0 0 1 0 0 0 1 0 1 1 0 1 0 1 1 0 0 0 0 0 0 0 1 1 0 0 1 0 1 1 1 1 0 0 0 0 0 1 1 0 0 1 1 0 1 1 0 0 0 1 1 1 1 1 0 
1 0 1 1 0 0 1 0 0 0 1 0 0 0 1 0 0 1 1 1 1 0 0 0 0 1 0 1 1 1 0 1 0 1 0 0 1 1 0 0 0 0 1 0 0 1 0 0 0 0 1 0 0 1 1 0 0 0 1 0 
1 1 0 1 0 1 0 0 1 0 0 0 0 0 1 0 1 1 1 0 1 0 0 1 0 0 1 0 1 0 1 0 0 1 0 0 1 0 0 1 1 0 0 0 1 0 1 1 0 0 1 0 1 1 1 0 1 1 1 1 
0 0 1 1 0 0 0 0 1 0 1 0 0 0 0 0 1 0 0 1 0 0 0 1 0 0 0 0 0 1 0 0 0 1 0 1 1 0 0 1 0 0 0 0 1 1 0 1 1 1 1 0 1 0 0 0 1 1 0 0 
0 1 0 0 1 1 0 0 1 1 1 1 1 0 0 0 0 1 0 0 1 1 0 0 1 0 0 1 1 1 0 0 1 0 1 1 0 0 1 1 0 0 1 1 1 0 0 1 1 0 0 1 0 0 0 0 0 0 0 1 
0 0 0 0 0 0 1 1 0 0 0 0 0 0 0 0 0 0 0 1 1 1 1 0 1 1 0 1 1 1 1 0 0 1 0 0 1 1 1 0 0 0 1 0 1 0 0 1 0 1 1 1 0 0 1 0 0 0 1 0 
0 1 1 0 0 0 0 1 1 0 1 0 1 1 0 0 0 0 0 1 0 0 1 0 0 0 0 0 0 0 0 0 0 0 1 1 1 0 0 0 1 0 1 1 0 1 1 0 0 0 0 1 0 1 0 0 1 0 0 0 
0 0 0 0 1 1 0 0 0 1 0 1 1 0 1 0 0 0 1 0 1 0 0 0 0 0 0 1 0 1 0 0 0 0 0 0 0 1 0 0 0 0 1 1 0 0 0 0 0 0 1 0 1 0 1 0 1 0 0 0 
1 1 1 0 0 0 0 0 1 0 1 1 1 0 0 0 0 1 0 0 0 0 1 0 0 1 0 0 1 0 1 0 1 0 0 0 1 0 0 1 0 1 0 0 0 0 0 1 1 0 0 1 1 0 0 1 0 1 0 0 
0 0 0 1 1 1 1 0 0 1 1 1 0 1 0 1 1 0 0 0 0 0 1 0 0 0 0 1 1 0 1 0 1 1 0 0 0 0 0 1 0 1 1 1 1 1 1 1 1 0 0 0 1 0 0 0 0 0 0 1 
1 0 0 1 1 0 1 0 0 0 0 1 1 0 1 1 0 1 0 0 0 0 1 0 1 0 0 0 0 0 1 0 0 0 0 0 1 0 0 1 1 0 1 0 1 0 0 0 1 0 0 1 1 0 1 1 1 0 1 0 
0 1 0 0 1 0 0 0 1 0 0 0 0 0 1 1 0 0 0 0 0 0 0 0 0 0 0 0 1 0 0 0 1 1 0 1 0 0 1 0 0 1 1 0 0 0 0 0 0 0 0 0 1 1 1 0 0 0 1 0 
0 0 0 0 1 0 1 0 0 0 0 0 0 0 0 1 1 0 1 1 1 0 0 0 0 1 0 1 1 1 0 1 1 1 0 1 0 1 1 0 0 1 0 0 1 1 1 0 0 1 0 0 0 0 1 0 1 1 0 0 
0 0 1 0 0 0 0 0 0 1 0 0 1 1 0 0 0 0 0 0 0 0 0 0 1 1 0 0 1 0 0 0 1 0 0 0 0 0 0 0 0 1 1 1 1 0 0 0 0 0 1 0 0 0 0 0 1 1 0 1 
1 0 1 0 0 0 0 1 0 1 0 0 0 0 1 1 0 0 0 0 1 0 0 1 0 1 1 0 0 1 0 0 0 1 0 1 1 1 0 1 0 0 0 0 0 0 1 1 0 1 1 1 0 1 0 0 0 0 0 0 
0 1 0 0 1 0 0 1 0 0 0 1 0 0 0 1 0 0 1 0 0 0 1 1 1 0 1 0 0 0 0 0 0 1 0 0 1 0 0 1 0 0 1 1 0 0 0 1 0 1 1 1 0 1 1 1 0 0 0 0 
0 0 1 0 1 1 0 0 1 1 0 0 1 0 0 0 0 0 0 0 0 0 0 0 1 1 0 1 0 0 0 1 1 1 0 0 0 1 0 1 1 0 0 0 0 0 0 0 0 1 0 1 0 1 0 0 0 0 0 1 
1 0 0 1 0 0 0 0 1 1 1 1 0 0 1 1 0 1 0 1 0 0 1 0 0 0 1 0 0 0 0 0 1 1 0 1 0 1 1 1 0 1 0 0 0 0 0 1 1 0 0 1 1 1 0 1 0 0 1 0 
0 0 0 0 0 0 0 1 1 0 1 1 1 0 1 1 0 0 1 1 0 1 1 1 0 0 0 0 0 0 0 1 0 1 1 1 1 0 0 0 1 1 1 0 0 0 1 0 0 0 0 1 0 0 0 0 1 0 0 0 
0 1 1 1 0 0 0 0 1 0 0 1 0 1 1 1 0 1 0 0 0 0 1 0 1 0 0 0 0 0 0 0 0 1 1 0 1 0 1 0 0 0 1 1 1 1 0 1 1 0 0 1 0 0 1 0 0 0 1 1 
1 0 0 1 0 0 1 0 0 0 0 0 1 0 0 1 0 0 1 1 1 0 0 0 0 0 0 0 0 0 0 0 0 0 1 0 1 0 0 1 0 0 0 0 0 1 1 0 0 1 0 1 0 0 0 1 1 0 0 0 
1 1 0 0 1 0 0 1 1 0 1 1 0 0 0 0 0 0 0 0 0 0 1 0 0 0 1 0 1 0 0 0 0 0 0 1 1 0 0 0 0 1 0 1 1 1 0 0 0 0 1 0 0 1 0 0 1 1 0 0 
0 0 1 0 1 1 0 0 0 0 0 0 0 0 1 0 0 0 1 1 0 1 1 1 0 0 1 1 0 0 0 0 0 1 1 1 0 0 0 0 1 0 0 0 0 0 0 0 0 0 0 0 1 0 0 0 0 0 1 0 
1 0 0 0 0 0 0 0 1 1 1 1 1 1 0 1 0 0 0 1 0 1 1 0 1 1 1 1 1 1 0 0 1 0 0 1 1 0 0 0 0 1 0 0 0 0 0 0 1 1 1 1 0 0 1 1 1 0 1 0 
0 0 0 0 0 0 1 0 1 0 1 0 0 0 1 0 1 0 0 0 0 0 0 0 0 0 0 0 1 1 1 0 1 0 0 0 0 1 0 0 0 1 1 0 0 0 1 1 0 1 0 0 0 0 0 0 1 0 0 0 
0 1 1 1 1 0 1 1 0 1 1 0 0 1 1 0 1 0 0 0 0 1 1 0 1 0 0 1 1 0 0 1 1 1 0 0 0 0 0 1 0 1 0 0 0 0 0 1 1 0 0 0 1 0 1 0 0 1 0 0 
0 1 0 1 1 0 1 1 1 0 1 1 1 1 0 1 1 0 1 0 1 0 0 0 1 1 0 0 1 1 1 1 0 1 0 0 0 0 0 1 1 1 0 1 0 0 0 0 0 1 0 0 1 0 0 0 0 0 0 1 
0 1 1 1 0 1 0 1 0 0 0 1 0 0 0 1 0 1 0 0 0 0 1 0 1 0 1 1 0 0 0 0 0 0 1 0 0 0 0 1 0 0 1 0 0 1 0 0 0 0 1 1 1 0 0 0 0 0 0 0 
0 1 1 0 1 0 0 1 0 0 0 0 0 0 1 1 0 0 0 0 0 1 1 0 0 0 0 1 0 1 0 0 0 0 0 0 0 0 0 0 0 1 1 0 1 0 0 0 1 1 1 1 0 0 1 0 0 1 1 1 
1 1 1 1 0 1 0 0 1 0 0 0 1 1 1 0 0 0 1 1 1 0 0 0 1 1 1 1 0 0 1 0 0 0 0 1 1 1 0 0 1 0 1 1 1 1 0 0 1 0 0 0 0 0 1 0 0 1 0 1 
0 0 1 0 0 0 0 0 0 1 0 0 1 0 0 0 1 0 0 0 1 0 0 0 0 0 1 0 1 0 0 0 1 0 0 0 1 0 0 1 0 0 0 1 1 0 0 0 1 0 1 1 0 0 0 0 1 0 1 1 
0 0 0 1 1 0 0 0 0 0 0 0 0 0 0 0 0 0 1 1 0 1 1 1 0 0 0 1 1 0 0 1 0 1 1 1 1 0 1 0 0 0 1 0 1 0 0 0 1 1 1 0 1 1 0 1 0 0 1 0 
1 0 0 1 1 0 0 0 1 0 1 1 0 0 1 1 1 1 0 1 1 1 0 1 0 1 0 0 1 1 0 0 0 0 1 0 0 1 1 1 0 1 0 0 1 0 1 0 1 0 0 0 0 0 1 0 1 1 1 0 
1 0 1 0 1 0 1 0 0 1 1 0 0 0 1 0 1 1 0 1 0 0 0 1 0 1 0 0 0 1 0 1 0 0 0 0 1 0 0 1 1 0 0 0 1 0 1 1 0 1 1 0 0 0 0 1 0 0 0 0 
0 0 0 0 0 1 0 1 1 1 0 0 1 1 1 1 0 0 0 1 1 0 1 1 0 0 0 0 0 1 0 1 0 0 0 0 0 0 1 1 1 1 1 1 0 1 1 0 0 0 1 0 0 0 0 1 1 1 1 0 
0 0 0 0 1 1 0 0 0 1 0 1 0 1 0 0 1 0 0 1 0 0 1 0 0 0 0 0 0 1 1 1 0 0 0 0 0 1 0 1 0 0 0 0 1 0 0 1 1 0 1 1 1 0 0 0 1 0 0 1 
0 0 0 1 1 1 1 0 0 0 1 0 1 0 0 0 1 0 0 1 0 0 1 0 1 0 0 0 1 0 1 0 0 0 1 0 0 0 0 0 0 0 1 1 1 0 0 0 0 1 0 0 1 0 0 0 1 0 0 0 
0 0 0 0 0 0 0 1 1 0 1 0 1 1 1 1 0 0 1 1 0 0 0 0 1 1 0 1 0 1 0 0 0 0 1 1 0 0 0 0 0 0 0 1 0 1 0 0 0 0 1 1 0 1 0 1 0 0 0 0 
0 0 1 0 0 0 0 1 0 1 0 0 0 1 1 0 0 0 1 1 1 0 0 0 0 0 0 1 0 1 0 0 0 1 0 1 0 0 1 1 1 1 1 0 0 1 0 0 0 0 1 0 1 0 1 0 0 0 0 1 
0 0 0 1 0 1 1 0 1 0 1 0 0 1 0 1 0 0 0 0 0 0 1 0 1 1 1 0 0 0 1 0 0 1 1 0 1 0 1 0 0 1 0 1 0 0 1 0 0 0 0 1 1 0 1 0 0 0 1 0 
1 0 0 0 0 0 1 1 0 1 1 1 1 1 0 1 0 1 0 0 0 0 0 1 1 1 0 0 0 0 0 1 0 1 0 0 0 1 1 0 1 1 0 1 1 1 0 1 1 0 0 0 1 0 1 1 1 0 0 0 
1 0 1 1 1 1 0 0 0 1 0 0 0 0 1 1 1 0 1 0 1 0 0 0 1 1 1 1 1 1 1 0 0 1 0 0 0 1 1 0 1 0 0 0 0 1 0 1 0 1 0 0 1 0 1 1 0 1 1 0 
1 0 1 0 0 0 1 0 1 1 0 0 1 1 0 0 0 1 1 1 1 1 0 0 0 0 0 1 0 0 0 0 1 0 0 1 1 1 0 0 0 1 0 0 0 1 1 0 1 1 1 1 0 0 0 1 1 0 1 0 
0 1 1 0 1 1 1 0 0 0 0 1 1 0 0 0 1 0 0 0 0 1 0 0 1 1 1 1 0 0 0 1 0 0 0 0 0 0 0 0 0 1 0 0 0 0 0 1 0 0 0 0 0 0 1 0 1 0 1 1 
1 0 1 0 1 0 1 0 0 1 1 1 1 0 0 1 0 1 0 0 1 1 1 0 0 1 0 0 0 1 0 0 0 1 0 1 0 0 1 1 0 0 1 0 0 0 0 0 1 1 1 1 0 1 0 0 1 0 0 0 
0 0 0 0 0 0 1 0 0 1 1 0 0 0 0 0 0 0 1 0 1 0 0 0 0 1 0 1 0 0 1 0 0 1 0 0 0 0 0 0 0 1 0 1 1 0 0 1 0 0 1 1 1 0 0 0 0 1 0 0 
0 0 0 0 0 0 0 1 1 1 1 0 1 1 0 0 1 1 0 0 1 0 1 1 0 0 0 0 1 0 1 1 0 1 1 0 0 0 0 0 1 0 1 0 1 1 1 0 0 0 1 0 1 1 1 0 0 1 1 1 
1 0 0 0 0 1 0 0 1 1 1 0 1 1 0 0 0 0 1 0 0 0 1 1 0 0 0 0 0 0 0 1 0 0 0 1 0 0 1 1 0 0 1 0 1 0 0 0 0 0 0 1 0 0 0 1 1 0 1 1 
0 0 1 0 1 1 1 0 0 0 1 1 1 0 0 1 0 0 0 0 1 1 0 0 0 0 0 1 0 1 0 0 1 1 0 0 0 0 1 0 1 1 1 0 1 0 0 0 0 1 0 1 1 1 0 0 1 1 0 0 
0 1 0 0 0 0 1 1 1 0 0 0 1 0 1 0 0 0 0 1 0 0 0 1 0 0 1 0 0 1 0 0 0 0 0 0 1 0 1 1 1 0 0 0 0 1 0 0 1 0 0 0 0 1 0 0 1 1 0 0 

0 3 0 4 0 0 0 0 0 0 0 0 0 14 0 8 0 14 0 0 18 0 17 0 0 0 0 0 0 0 0 15 0 0 0 0 0 0 0 0 0 0 0 0 0 16 0 0 0 0 0 0 0 0 3 0 0 14 6 0 
0 0 0 13 1 0 15 0 0 0 4 12 0 0 0 0 0 0 0 0 0 0 12 0 0 17 0 0 0 0 0 0 0 0 9 13 0 0 0 0 0 0 0 0 8 0 16 0 0 3 0 1 0 0 0 0 0 17 0 3 
4 0 0 0 0 0 0 5 0 10 0 1 0 0 0 0 0 0 0 15 4 0 13 0 0 0 0 18 17 0 0 0 0 0 18 0 0 0 16 0 1 0 0 5 8 0 9 0 0 0 0 0 2 3 0 2 0 0 0 0 
0 0 0 0 6 0 4 0 0 8 0 0 0 0 0 0 0 0 0 5 3 0 0 0 16 0 0 0 0 0 0 0 0 19 0 0 0 0 4 0 0 19 0 0 0 0 0 16 0 0 0 0 0 0 0 0 17 0 0 0 
0 0 0 0 0 0 0 6 0 0 17 0 0 0 13 0 0 0 0 0 0 0 0 0 0 3 0 0 0 0 0 0 3 0 0 0 0 0 0 2 0 0 0 0 0 14 0 0 0 0 0 0 0 21 0 6 0 0 0 0 
0 0 0 0 0 0 0 0 0 13 0 10 0 0 0 0 0 0 0 0 0 0 0 4 0 0 0 0 0 0 0 0 0 5 15 0 0 0 7 0 0 0 0 0 0 0 0 0 0 0 0 0 0 0 0 0 0 0 0 0 
0 0 0 0 7 0 0 0 0 0 0 0 2 0 0 0 3 0 0 0 0 12 0 0 0 0 0 0 0 1 0 0 0 0 0 0 0 0 0 0 9 0 0 0 0 0 0 0 0 13 0 0 0 0 0 0 0 0 0 15 
0 0 0 0 0 0 0 0 0 2 0 6 0 0 0 14 0 0 0 0 2 11 0 0 0 0 0 12 0 0 13 0 0 0 0 0 0 0 0 0 0 0 0 0 0 0 0 0 0 7 0 11 9 17 0 0 0 0 0 0 
0 0 0 2 0 0 14 0 0 0 0 0 0 0 6 0 0 0 0 0 0 0 0 0 0 0 0 0 4 0 0 0 0 0 0 0 0 0 0 0 0 2 0 0 1 0 0 0 0 0 0 0 7 0 0 0 0 0 8 10 
0 14 11 0 0 18 0 0 0 0 0 0 12 0 0 2 0 5 0 0 17 6 0 0 0 0 0 0 0 0 0 0 1 0 0 0 0 0 0 0 0 15 0 0 0 4 0 0 18 0 0 0 0 9 0 0 0 0 0 0 
0 0 0 0 0 0 0 14 0 0 0 0 0 0 0 0 16 0 0 9 0 14 0 0 0 0 0 0 0 0 14 0 0 0 0 0 0 0 3 0 0 0 16 0 0 0 0 0 0 19 15 11 0 0 0 0 0 0 0 0 
2 0 0 0 0 0 4 1 0 0 0 0 0 0 0 1 0 6 6 0 0 0 0 0 0 0 0 7 3 10 12 0 0 4 0 4 0 0 0 0 0 16 0 0 15 0 0 0 0 0 0 0 0 0 0 12 0 0 0 0 
0 0 0 0 0 0 0 0 0 0 0 0 0 0 0 0 0 0 0 0 0 6 0 0 11 0 0 0 0 0 0 8 0 0 0 0 0 5 0 0 0 0 0 0 0 0 0 0 12 0 3 0 0 0 0 0 0 0 0 0 
19 13 7 0 0 0 0 0 0 5 21 11 0 0 0 0 0 0 0 0 0 14 0 0 0 0 0 15 0 0 0 16 0 0 0 0 0 13 5 0 7 0 0 0 0 0 10 0 0 0 0 0 0 0 14 0 0 0 0 14 
0 0 0 12 0 19 0 1 17 0 0 2 0 3 0 2 0 0 0 0 0 0 0 0 0 0 0 0 0 11 0 0 18 6 0 0 11 0 0 0 0 0 0 0 0 11 0 0 0 17 0 0 3 0 0 0 0 0 0 0 
0 14 15 1 0 19 0 0 0 0 0 0 0 0 0 0 2 0 17 0 0 0 0 0 0 0 0 0 0 0 1 0 0 0 0 0 0 0 0 15 0 0 12 0 0 0 0 0 0 1 0 0 0 1 0 0 11 0 0 0 
0 0 0 0 7 0 0 0 0 0 0 0 0 19 0 0 0 0 0 0 0 0 0 0 8 0 0 0 15 0 0 0 0 0 0 0 0 0 0 0 0 0 0 4 0 0 0 0 0 13 0 4 0 3 0 0 0 3 0 0 
6 0 15 13 0 0 0 0 0 11 0 9 7 0 0 0 11 0 18 2 0 0 0 14 0 0 0 0 0 0 8 0 13 0 0 0 0 0 9 17 0 0 5 0 11 1 0 0 0 0 0 0 0 0 14 0 18 7 0 0 
0 0 0 9 0 0 0 0 0 0 0 0 0 0 0 0 0 11 0 0 0 0 0 0 0 17 0 0 0 0 0 0 0 3 0 16 0 0 0 15 14 0 0 0 0 0 0 0 0 0 0 0 0 0 0 0 0 0 16 0 
17 0 0 0 0 0 8 6 0 10 1 16 0 6 2 0 0 0 0 0 0 15 7 0 0 0 10 11 0 16 0 0 0 0 0 0 12 2 14 0 0 0 12 0 17 0 0 0 15 0 0 10 0 0 0 0 0 0 0 0 
0 0 0 0 0 0 0 0 0 0 0 0 0 1 0 0 0 0 0 0 0 0 6 2 0 0 0 0 12 0 17 15 0 3 0 0 0 0 0 0 0 0 1 0 0 0 0 0 0 0 0 0 0 0 0 0 12 0 19 0 
1 0 0 16 6 0 0 0 0 0 0 0 0 0 0 0 0 0 3 0 1 0 12 0 0 0 0 6 0 0 1 0 0 0 0 0 0 0 11 0 0 0 20 0 0 11 0 0 0 0 7 0 2 0 18 0 3 0 0 16 
0 0 0 0 0 0 0 7 0 0 0 0 17 0 0 0 0 2 0 0 0 0 0 0 0 16 0 0 0 0 1 0 0 10 0 0 0 0 0 0 0 0 0 16 0 0 0 0 12 2 12 0 20 0 0 16 18 0 8 0 
0 0 0 0 0 0 0 10 1 0 0 0 17 0 0 0 0 17 8 0 0 0 0 0 0 2 0 0 0 0 3 0 0 0 0 0 0 7 0 0 0 0 20 0 0 5 0 0 0 0 0 0 0 8 0 0 0 0 0 0 
0 0 0 0 0 0 0 0 0 0 0 19 0 13 0 0 0 0 0 0 2 0 0 0 0 13 1 0 0 0 0 0 0 2 0 0 0 0 0 0 0 17 0 0 0 4 0 0 0 0 0 0 0 0 0 15 0 0 0 0 
0 0 0 10 11 0 0 6 0 0 9 5 5 0 0 0 0 0 0 0 0 18 0 0 0 0 0 10 0 0 0 12 17 0 0 0 0 0 0 0 0 0 0 0 0 0 5 3 4 5 0 16 0 0 5 0 0 0 0 13 
4 0 0 0 0 0 0 0 0 0 0 0 0 0 0 16 0 0 0 0 0 0 0 0 0 0 0 0 4 11 0 17 5 0 0 0 10 18 0 0 0 15 9 0 0 0 0 0 0 0 0 0 17 10 0 10 0 0 0 0 
0 0 0 0 15 0 6 0 0 0 0 0 0 2 0 0 0 0 18 0 0 0 19 0 0 0 14 0 0 0 0 0 0 0 0 0 2 12 0 0 12 0 0 0 0 12 0 0 0 5 0 0 0 0 0 0 0 0 11 0 
0 0 0 0 16 0 0 0 0 0 19 0 0 0 8 0 0 0 0 15 0 1 0 0 20 0 0 0 0 0 0 0 0 0 0 0 0 0 0 10 0 0 0 0 0 0 0 0 0 0 14 0 0 0 0 0 7 0 0 14 
0 0 0 0 0 0 0 0 0 14 0 6 0 0 0 0 0 0 0 0 0 0 0 0 0 0 11 0 0 0 0 18 0 0 0 0 16 0 9 0 0 0 0 0 0 0 0 0 0 0 0 0 10 0 0 3 0 0 10 18 
0 0 0 0 0 0 15 0 0 0 9 0 0 0 0 0 0 0 9 12 0 0 0 0 0 0 0 0 0 0 0 0 0 0 4 0 0 0 0 19 6 0 0 0 0 0 0 0 0 0 0 0 0 0 0 0 17 0 0 0 
9 0 0 0 6 0 0 17 15 7 0 10 0 4 12 0 7 0 0 0 0 0 0 0 0 0 0 0 0 0 0 0 0 0 0 0 0 0 0 0 0 0 0 0 0 0 0 0 0 0 0 0 0 15 0 5 6 0 0 4 
18 0 0 0 10 0 0 0 0 0 0 0 0 0 0 0 0 0 0 6 0 5 0 0 0 0 0 0 0 0 0 19 0 0 6 7 0 0 1 0 0 0 0 0 0 0 0 3 0 0 0 0 0 2 0 0 0 0 0 0 
11 0 0 0 0 0 0 0 0 0 0 0 0 0 8 0 0 14 0 19 0 0 13 0 9 4 0 0 0 0 0 0 0 0 0 0 8 0 3 12 0 0 0 0 0 0 0 0 9 0 0 0 0 0 0 0 0 0 0 0 
0 0 2 0 16 0 7 0 16 0 0 0 0 0 0 0 0 0 0 0 4 0 3 0 0 0 17 0 3 0 0 0 0 0 0 16 1 0 9 0 0 0 0 1 0 0 0 0 0 0 0 0 0 0 0 10 0 0 0 0 
0 0 0 11 0 0 0 14 0 0 18 0 0 0 0 0 0 0 0 0 0 0 7 0 0 0 9 0 0 0 0 0 0 1 0 0 0 13 0 0 0 0 0 11 0 0 0 11 0 0 9 0 0 0 0 0 0 0 0 0 
0 0 0 0 0 0 0 0 0 0 0 0 0 0 0 0 0 0 0 0 0 15 17 0 0 0 0 0 0 0 0 8 0 0 0 0 0 0 0 4 0 15 0 0 0 0 0 0 0 5 0 0 0 11 0 0 0 0 1 13 
10 0 0 0 15 0 0 0 0 0 0 0 0 0 0 10 4 18 0 0 0 1 0 0 6 0 0 13 0 0 0 0 12 1 15 0 0 0 0 6 10 5 0 0 2 14 0 0 2 0 4 0 0 0 0 13 0 0 0 1 
0 6 0 0 0 0 0 0 0 16 0 0 8 0 0 0 0 0 0 0 14 0 18 0 0 0 0 0 0 14 0 0 0 0 0 0 0 0 0 0 0 0 1 0 0 0 0 0 0 0 0 0 0 0 0 0 0 0 0 8 
0 0 0 18 0 0 0 0 0 0 0 0 0 0 0 0 0 0 1 0 0 0 0 2 0 0 10 0 0 0 0 0 0 0 0 0 0 20 0 0 0 0 0 0 0 0 0 0 7 0 0 0 0 0 0 19 0 0 0 0 
0 0 0 10 0 13 0 7 0 0 0 18 0 19 0 0 0 0 0 0 0 0 17 0 0 0 0 13 0 0 0 0 0 0 0 0 0 0 0 0 0 0 0 0 0 0 0 2 0 0 0 0 0 14 0 0 0 8 0 0 
0 0 0 0 0 0 0 0 0 0 0 5 0 0 0 0 0 0 0 0 16 12 0 6 0 0 0 0 0 0 0 5 0 0 0 0 0 0 0 12 0 0 0 0 0 0 16 0 9 0 0 0 0 0 0 0 18 0 0 13 
18 0 2 0 0 0 0 1 0 0 0 0 0 0 0 0 0 0 0 0 0 0 0 0 0 0 20 2 0 0 0 0 7 0 0 0 0 0 0 0 0 0 0 0 7 0 0 15 0 0 0 0 0 0 0 0 0 0 4 12 
0 0 0 0 1 0 0 14 0 4 0 0 0 0 0 19 0 0 0 0 0 0 0 0 0 9 0 0 0 0 0 0 0 11 15 7 14 0 13 0 10 0 0 0 0 0 0 14 0 0 0 5 0 0 8 0 0 3 0 9 
0 0 0 0 0 0 0 0 0 0 0 16 17 0 12 0 0 2 0 0 0 0 0 0 4 3 3 1 0 18 0 1 0 15 7 0 0 0 0 1 11 0 0 0 0 11 0 0 0 12 13 12 8 0 19 6 0 0 0 0 
0 0 0 15 0 2 0 0 0 0 19 18 0 10 0 14 0 0 11 0 0 0 17 0 0 0 0 0 0 0 0 0 0 0 0 0 11 16 0 3 0 0 0 0 0 0 0 0 7 0 0 17 0 0 0 0 10 0 0 0 
0 0 0 16 0 17 0 0 0 8 0 0 0 9 16 0 0 0 0 0 17 0 0 0 0 1 0 0 16 0 0 0 0 0 0 0 2 17 0 0 0 0 0 0 0 16 0 11 0 0 0 0 0 0 0 0 0 0 17 0 
0 0 0 14 17 0 0 19 0 0 0 0 0 0 0 0 0 0 0 0 0 6 17 10 0 0 0 0 10 0 11 0 0 0 0 0 0 7 15 5 8 0 0 17 14 0 0 0 0 0 12 0 0 0 0 0 0 0 0 17 
3 0 0 0 0 6 0 0 0 6 0 0 3 0 0 0 0 0 0 0 0 2 0 0 0 8 16 7 0 0 0 3 0 18 14 0 0 0 0 0 0 0 17 0 0 0 0 18 0 15 0 0 0 0 0 12 0 0 7 0 
0 19 0 0 0 19 0 0 1 0 0 0 0 17 0 0 0 0 0 0 0 0 0 0 19 1 0 0 0 0 12 0 0 0 0 0 0 0 0 0 0 0 13 0 0 11 0 0 0 0 0 0 0 0 1 0 0 7 0 0 
0 0 0 0 0 0 0 18 0 0 0 3 8 0 0 0 4 1 0 0 0 0 0 0 0 0 17 0 3 0 0 5 0 0 17 0 0 0 0 0 9 0 0 0 0 10 0 0 0 0 0 0 0 0 0 0 0 20 0 0 
0 17 0 1 0 0 0 0 3 0 0 0 0 0 0 0 0 0 0 0 0 0 0 15 0 0 0 0 0 0 0 0 0 0 3 0 0 0 0 0 0 0 0 0 0 0 0 9 0 6 0 0 0 0 0 0 13 0 0 0 
11 0 0 1 0 0 7 12 0 0 0 0 0 0 0 0 0 7 0 0 0 2 0 0 0 0 0 0 17 0 0 0 0 0 10 0 0 0 0 0 0 17 12 0 0 0 0 0 0 0 8 12 0 0 0 0 12 0 0 12 
0 0 0 0 0 0 0 0 9 0 0 0 0 0 0 0 20 0 0 0 0 0 0 0 0 0 0 0 0 0 0 13 0 0 0 0 0 0 14 0 0 0 0 0 0 0 0 0 0 0 0 0 0 0 0 0 0 8 0 0 
0 9 0 0 6 0 0 0 0 9 0 0 0 0 0 0 0 0 0 0 0 0 0 0 0 0 1 2 11 1 0 0 0 0 0 0 0 0 0 0 0 6 0 0 0 0 0 2 12 0 14 0 0 0 0 0 0 13 0 5 
0 0 3 0 14 3 0 0 0 0 0 0 0 0 0 14 0 0 0 0 3 0 3 0 0 0 0 0 4 2 0 0 0 0 0 0 15 0 11 0 1 0 16 0 0 18 0 3 0 0 3 0 0 0 7 0 0 0 0 0 
0 0 0 0 0 8 19 0 0 2 0 0 0 0 0 0 12 0 0 0 0 17 11 0 0 6 0 0 0 0 0 0 0 0 12 0 0 0 0 2 0 0 0 0 0 0 0 0 0 0 0 0 0 0 12 0 0 0 10 3 
0 0 0 0 0 0 0 0 0 0 0 0 0 0 4 8 0 0 0 0 0 0 0 0 0 6 0 0 0 0 0 0 0 0 0 0 0 0 0 0 0 16 0 0 0 0 0 12 0 0 0 2 0 0 0 0 14 0 0 0 
0 0 0 0 0 9 14 0 10 0 16 11 2 0 0 0 0 16 0 15 0 0 0 0 0 0 0 0 0 0 0 8 0 0 0 7 0 0 0 0 5 9 0 1 3 0 0 17 0 17 0 0 0 0 3 0 0 0 0 0 
22 0 0 0 0 0 0 0 0 0 0 0 0 0 0 0 0 0 0 0 17 0 9 0 0 0 0 0 0 0 0 0 0 0 0 0 0 6 0 0 0 0 0 12 16 0 2 0 0 0 0 0 4 0 0 0 0 0 0 0 
