60

0 1 0 0 1 0 0 0 1 0 1 0 0 1 0 1 0 1 0 0 0 1 0 0 0 0 0 0 1 0 0 0 0 0 0 0 0 1 0 0 0 0 0 0 0 0 0 0 0 0 0 0 1 0 0 0 1 0 1 0 
1 0 0 0 0 0 0 0 0 0 0 0 1 0 0 1 0 1 0 0 0 0 0 0 0 0 0 0 0 0 1 0 0 0 0 1 0 0 0 0 0 1 0 1 0 0 0 1 0 0 0 0 0 1 0 1 1 0 0 1 
0 0 0 0 1 0 0 0 1 0 0 1 0 0 0 0 0 0 0 1 0 0 0 0 0 0 0 1 0 1 0 0 0 0 0 0 0 0 0 0 0 0 0 0 1 0 0 0 0 0 1 0 0 0 0 0 0 1 0 0 
0 0 0 0 0 0 0 0 0 0 0 1 0 0 0 0 0 1 0 0 0 0 1 0 0 0 0 1 0 1 0 0 0 0 0 0 0 0 0 0 0 0 1 0 0 0 0 1 0 1 1 0 0 1 0 0 1 0 0 0 
1 0 1 0 0 1 0 1 1 0 0 0 0 1 0 0 0 0 0 0 0 1 1 0 0 0 0 1 0 0 1 1 0 1 1 0 1 0 0 1 0 1 0 1 0 0 0 1 0 1 0 0 0 0 0 0 1 0 0 0 
0 0 0 0 1 0 0 0 0 0 0 1 0 0 0 0 0 0 1 0 0 0 0 1 0 0 0 1 1 0 0 0 0 0 0 0 0 0 0 1 0 0 1 0 0 0 0 0 0 0 0 0 0 0 0 0 0 0 0 0 
0 0 0 0 0 0 0 0 0 1 1 1 0 0 0 0 1 0 0 0 0 1 0 0 0 0 0 1 0 0 0 0 0 1 1 0 1 1 1 0 0 0 0 0 0 0 1 0 1 0 1 0 1 0 0 0 1 0 1 0 
0 0 0 0 1 0 0 0 0 0 0 0 0 0 0 0 0 0 1 0 0 0 0 0 0 1 1 0 1 0 0 0 0 1 0 0 0 0 0 1 0 0 0 0 0 0 0 0 0 0 0 0 0 0 0 0 0 0 0 1 
1 0 1 0 1 0 0 0 0 0 1 0 1 0 0 1 0 0 0 0 1 0 0 0 1 1 0 0 0 0 0 0 0 0 0 0 0 0 1 0 1 1 0 0 1 0 0 0 0 0 0 0 0 0 0 0 0 1 0 1 
0 0 0 0 0 0 1 0 0 0 0 1 1 0 0 1 1 0 0 0 0 0 1 1 1 0 0 0 0 0 1 0 0 1 1 0 0 0 0 0 0 0 1 0 0 0 0 0 0 1 0 0 0 0 0 0 0 1 1 0 
1 0 0 0 0 0 1 0 1 0 0 0 1 0 1 0 0 1 0 0 1 1 0 0 1 1 1 0 0 0 1 0 0 1 1 0 0 0 0 0 1 0 0 0 0 0 0 0 0 0 0 0 0 0 0 1 1 0 1 0 
0 0 1 1 0 1 1 0 0 1 0 0 0 0 0 0 0 0 1 0 1 0 0 0 0 0 0 0 1 1 0 0 1 0 0 1 0 0 0 0 0 0 0 0 0 1 0 0 0 1 1 0 1 0 1 1 1 0 0 1 
0 1 0 0 0 0 0 0 1 1 1 0 0 0 1 0 0 1 0 1 0 0 0 0 0 0 0 0 0 1 0 0 0 1 0 0 0 0 0 0 0 0 0 0 0 0 1 0 0 0 0 1 0 1 0 0 0 0 0 0 
1 0 0 0 1 0 0 0 0 0 0 0 0 0 0 1 0 0 0 0 1 1 0 0 0 0 0 0 1 0 1 1 0 0 0 0 0 0 0 0 0 0 0 0 0 0 0 1 0 1 0 0 1 0 0 0 0 0 0 0 
0 0 0 0 0 0 0 0 0 0 1 0 1 0 0 0 0 0 1 0 0 1 0 0 0 0 1 0 0 0 1 1 0 0 1 0 0 0 0 0 0 1 0 1 0 0 0 0 0 0 1 0 0 0 0 1 0 0 0 0 
1 1 0 0 0 0 0 0 1 1 0 0 0 1 0 0 0 0 1 0 0 0 0 0 0 0 1 0 0 0 0 0 0 0 0 0 0 0 0 0 0 0 0 0 0 1 0 0 0 1 0 0 0 0 0 0 0 0 0 0 
0 0 0 0 0 0 1 0 0 1 0 0 0 0 0 0 0 0 0 0 0 0 0 0 0 1 0 0 0 0 0 0 1 0 1 0 0 1 0 0 1 0 0 0 0 1 0 0 1 0 0 0 1 1 1 0 0 0 0 0 
1 1 0 1 0 0 0 0 0 0 1 0 1 0 0 0 0 0 1 0 0 0 0 0 0 0 0 0 0 1 0 0 0 0 0 0 0 0 0 0 0 0 1 1 0 0 0 0 0 0 0 0 0 0 0 0 0 0 0 0 
0 0 0 0 0 1 0 1 0 0 0 1 0 0 1 1 0 1 0 1 0 0 0 1 0 0 0 0 1 0 0 0 0 0 0 0 1 0 0 0 0 1 0 0 0 0 0 0 0 0 0 0 0 0 1 0 0 0 0 0 
0 0 1 0 0 0 0 0 0 0 0 0 1 0 0 0 0 0 1 0 1 0 0 0 0 0 0 1 1 0 0 1 0 0 0 1 0 0 0 0 1 0 0 1 0 0 0 0 0 1 0 0 0 0 0 0 0 0 0 0 
0 0 0 0 0 0 0 0 1 0 1 1 0 1 0 0 0 0 0 1 0 0 1 0 1 0 1 0 0 0 0 0 0 0 0 0 0 0 0 0 0 1 0 0 0 0 0 0 1 0 0 0 0 0 0 1 0 0 0 0 
1 0 0 0 1 0 1 0 0 0 1 0 0 1 1 0 0 0 0 0 0 0 0 0 0 0 0 0 0 0 0 0 0 0 0 0 0 0 0 0 0 0 1 1 0 0 0 0 0 0 0 0 0 0 1 1 0 1 0 0 
0 0 0 1 1 0 0 0 0 1 0 0 0 0 0 0 0 0 0 0 1 0 0 0 0 0 0 0 1 1 0 0 0 0 1 0 0 1 0 0 0 0 1 0 1 0 0 1 0 0 0 1 0 0 0 1 0 0 0 0 
0 0 0 0 0 1 0 0 0 1 0 0 0 0 0 0 0 0 1 0 0 0 0 0 0 0 1 1 0 0 0 1 0 0 0 0 0 0 0 0 0 1 0 0 0 0 0 0 0 0 0 0 0 0 0 0 0 1 0 1 
0 0 0 0 0 0 0 0 1 1 1 0 0 0 0 0 0 0 0 0 1 0 0 0 0 0 0 0 1 1 1 1 0 0 0 0 0 0 0 1 0 0 0 0 0 1 0 0 0 0 0 0 0 1 0 0 1 0 0 0 
0 0 0 0 0 0 0 1 1 0 1 0 0 0 0 0 1 0 0 0 0 0 0 0 0 0 0 0 0 0 0 1 0 1 0 0 0 1 0 0 0 0 0 0 0 1 1 0 0 1 1 0 0 0 1 0 0 0 0 0 
0 0 0 0 0 0 0 1 0 0 1 0 0 0 1 1 0 0 0 0 1 0 0 1 0 0 0 0 0 0 0 0 0 1 1 0 0 0 1 1 0 1 0 1 0 0 0 0 0 0 0 1 0 1 0 0 0 0 1 0 
0 0 1 1 1 1 1 0 0 0 0 0 0 0 0 0 0 0 0 1 0 0 0 1 0 0 0 0 1 0 0 0 0 1 0 0 0 1 0 0 1 0 1 0 0 0 0 0 0 0 0 1 0 1 0 0 0 0 0 0 
1 0 0 0 0 1 0 1 0 0 0 1 0 1 0 0 0 0 1 1 0 0 1 0 1 0 0 1 0 0 0 1 0 0 0 1 0 0 0 1 0 0 0 0 1 0 0 0 0 0 0 1 0 0 1 0 0 1 1 1 
0 0 1 1 0 0 0 0 0 0 0 1 1 0 0 0 0 1 0 0 0 0 1 0 1 0 0 0 0 0 0 0 1 0 0 0 0 0 1 0 0 0 0 1 0 0 0 1 0 0 0 0 0 0 0 0 0 0 0 0 
0 1 0 0 1 0 0 0 0 1 1 0 0 1 1 0 0 0 0 0 0 0 0 0 1 0 0 0 0 0 0 0 0 0 0 0 0 0 0 0 1 0 0 0 0 1 0 0 0 0 0 0 1 0 0 1 0 0 0 0 
0 0 0 0 1 0 0 0 0 0 0 0 0 1 1 0 0 0 0 1 0 0 0 1 1 1 0 0 1 0 0 0 0 1 0 0 1 0 0 0 0 0 0 0 1 0 0 0 1 0 0 0 0 0 0 0 0 0 0 0 
0 0 0 0 0 0 0 0 0 0 0 1 0 0 0 0 1 0 0 0 0 0 0 0 0 0 0 0 0 1 0 0 0 0 0 0 0 0 0 0 0 0 0 0 0 0 1 0 0 0 0 0 1 0 0 0 0 1 0 0 
0 0 0 0 1 0 1 1 0 1 1 0 1 0 0 0 0 0 0 0 0 0 0 0 0 1 1 1 0 0 0 1 0 0 1 0 0 0 0 0 0 0 1 0 1 0 1 0 0 0 0 0 0 0 0 0 0 0 0 1 
0 0 0 0 1 0 1 0 0 1 1 0 0 0 1 0 1 0 0 0 0 0 1 0 0 0 1 0 0 0 0 0 0 1 0 0 0 0 0 0 0 0 0 1 0 0 0 1 1 0 0 0 0 1 0 1 0 0 0 0 
0 1 0 0 0 0 0 0 0 0 0 1 0 0 0 0 0 0 0 1 0 0 0 0 0 0 0 0 1 0 0 0 0 0 0 0 0 0 1 1 1 0 1 1 1 0 1 0 0 0 0 1 0 1 0 0 0 0 0 1 
0 0 0 0 1 0 1 0 0 0 0 0 0 0 0 0 0 0 1 0 0 0 0 0 0 0 0 0 0 0 0 1 0 0 0 0 0 0 1 0 0 0 0 0 0 0 0 1 0 0 0 1 0 0 1 0 1 1 1 1 
1 0 0 0 0 0 1 0 0 0 0 0 0 0 0 0 1 0 0 0 0 0 1 0 0 1 0 1 0 0 0 0 0 0 0 0 0 0 0 0 1 0 0 1 0 0 0 0 0 0 1 0 0 0 0 0 0 0 0 0 
0 0 0 0 0 0 1 0 1 0 0 0 0 0 0 0 0 0 0 0 0 0 0 0 0 0 1 0 0 1 0 0 0 0 0 1 1 0 0 0 0 0 0 0 0 1 1 0 1 0 0 0 0 0 0 0 0 0 0 1 
0 0 0 0 1 1 0 1 0 0 0 0 0 0 0 0 0 0 0 0 0 0 0 0 1 0 1 0 1 0 0 0 0 0 0 1 0 0 0 0 0 0 0 0 0 0 0 0 0 0 0 0 0 0 0 1 0 0 1 0 
0 0 0 0 0 0 0 0 1 0 1 0 0 0 0 0 1 0 0 1 0 0 0 0 0 0 0 1 0 0 1 0 0 0 0 1 0 1 0 0 0 0 0 0 1 0 0 0 0 0 1 0 1 1 1 1 0 0 0 0 
0 1 0 0 1 0 0 0 1 0 0 0 0 0 1 0 0 0 1 0 1 0 0 1 0 0 1 0 0 0 0 0 0 0 0 0 0 0 0 0 0 0 0 1 1 1 1 1 1 1 0 0 0 0 0 1 1 0 0 0 
0 0 0 1 0 1 0 0 0 1 0 0 0 0 0 0 0 1 0 0 0 1 1 0 0 0 0 1 0 0 0 0 0 1 0 1 0 0 0 0 0 0 0 0 0 0 0 1 0 0 0 0 0 0 1 0 1 0 0 0 
0 1 0 0 1 0 0 0 0 0 0 0 0 0 1 0 0 1 0 1 0 1 0 0 0 0 1 0 0 1 0 0 0 0 1 1 0 1 0 0 0 1 0 0 0 0 0 0 0 0 1 0 0 0 0 1 0 0 1 0 
0 0 1 0 0 0 0 0 1 0 0 0 0 0 0 0 0 0 0 0 0 0 1 0 0 0 0 0 1 0 0 1 0 1 0 1 0 0 0 0 1 1 0 0 0 0 0 0 1 0 1 0 0 1 0 0 0 0 0 1 
0 0 0 0 0 0 0 0 0 0 0 1 0 0 0 1 1 0 0 0 0 0 0 0 1 1 0 0 0 0 1 0 0 0 0 0 0 0 1 0 0 1 0 0 0 0 0 0 0 0 0 0 0 1 0 0 0 0 0 0 
0 0 0 0 0 0 1 0 0 0 0 0 1 0 0 0 0 0 0 0 0 0 0 0 0 1 0 0 0 0 0 0 1 1 0 1 0 0 1 0 0 1 0 0 0 0 0 0 0 0 1 0 0 0 0 0 0 1 0 0 
0 1 0 1 1 0 0 0 0 0 0 0 0 1 0 0 0 0 0 0 0 0 1 0 0 0 0 0 0 1 0 0 0 0 1 0 1 0 0 0 0 1 1 0 0 0 0 0 0 1 1 0 1 1 1 0 0 0 1 0 
0 0 0 0 0 0 1 0 0 0 0 0 0 0 0 0 1 0 0 0 1 0 0 0 0 0 0 0 0 0 0 1 0 0 1 0 0 0 1 0 0 1 0 0 1 0 0 0 0 1 0 0 0 0 0 0 0 1 0 1 
0 0 0 1 1 0 0 0 0 1 0 1 0 1 0 1 0 0 0 1 0 0 0 0 0 1 0 0 0 0 0 0 0 0 0 0 0 0 0 0 0 1 0 0 0 0 0 1 1 0 0 0 0 0 0 1 1 0 0 0 
0 0 1 1 0 0 1 0 0 0 0 1 0 0 1 0 0 0 0 0 0 0 0 0 0 1 0 0 0 0 0 0 0 0 0 0 0 1 0 0 1 0 0 1 1 0 1 1 0 0 0 0 0 1 0 0 1 0 0 0 
0 0 0 0 0 0 0 0 0 0 0 0 1 0 0 0 0 0 0 0 0 0 1 0 0 0 1 1 1 0 0 0 0 0 0 1 1 0 0 0 0 0 0 0 0 0 0 0 0 0 0 0 0 0 0 0 0 0 0 0 
1 0 0 0 0 0 1 0 0 0 0 1 0 1 0 0 1 0 0 0 0 0 0 0 0 0 0 0 0 0 1 0 1 0 0 0 0 0 0 0 1 0 0 0 0 0 0 1 0 0 0 0 0 0 0 0 0 0 0 0 
0 1 0 1 0 0 0 0 0 0 0 0 1 0 0 0 1 0 0 0 0 0 0 0 1 0 1 1 0 0 0 0 0 0 1 1 0 0 0 0 1 0 0 0 1 1 0 1 0 0 1 0 0 0 0 0 0 0 0 1 
0 0 0 0 0 0 0 0 0 0 0 1 0 0 0 0 1 0 1 0 0 1 0 0 0 1 0 0 1 0 0 0 0 0 0 0 1 0 0 0 1 0 1 0 0 0 0 1 0 0 0 0 0 0 0 0 0 0 0 0 
0 1 0 0 0 0 0 0 0 0 1 1 0 0 1 0 0 0 0 0 1 1 1 0 0 0 0 0 0 0 1 0 0 0 1 0 0 0 0 1 1 1 0 1 0 0 0 0 0 1 0 0 0 0 0 0 0 1 1 0 
1 1 0 1 1 0 1 0 0 0 1 1 0 0 0 0 0 0 0 0 0 0 0 0 1 0 0 0 0 0 0 0 0 0 0 0 1 0 0 0 0 1 1 0 0 0 0 0 0 1 1 0 0 0 0 0 0 0 0 0 
0 0 1 0 0 0 0 0 1 1 0 0 0 0 0 0 0 0 0 0 0 1 0 1 0 0 0 0 1 0 0 0 1 0 0 0 1 0 0 0 0 0 0 0 0 0 1 0 1 0 0 0 0 0 0 1 0 0 0 0 
1 0 0 0 0 0 1 0 0 1 1 0 0 0 0 0 0 0 0 0 0 0 0 0 0 0 1 0 1 0 0 0 0 0 0 0 1 0 0 1 0 0 0 1 0 0 0 1 0 0 0 0 0 0 0 1 0 0 0 0 
0 1 0 0 0 0 0 1 1 0 0 1 0 0 0 0 0 0 0 0 0 0 0 1 0 0 0 0 1 0 0 0 0 1 0 1 1 0 1 0 0 0 0 0 1 0 0 0 1 0 0 0 0 1 0 0 0 0 0 0 

0 0 0 0 0 3 0 0 0 2 0 0 0 0 0 0 24 0 0 5 6 0 0 0 0 0 0 0 0 0 0 0 0 0 0 25 0 0 0 0 0 0 0 23 23 0 0 1 0 0 0 0 0 0 0 0 0 0 0 0 
29 0 3 0 22 0 9 0 11 6 0 1 0 10 5 0 0 0 0 0 0 0 28 0 0 0 0 0 0 0 0 0 0 0 0 0 12 0 0 21 0 0 0 0 0 0 14 0 0 3 0 0 0 0 0 0 0 0 0 0 
0 0 0 0 0 0 0 0 0 0 0 0 0 0 0 0 23 0 21 28 0 0 22 0 0 0 6 0 15 28 0 0 0 0 0 0 0 0 0 0 0 0 0 0 0 0 0 0 11 25 0 0 0 0 12 0 17 9 0 0 
0 0 16 0 0 0 0 0 19 0 0 0 0 0 0 0 0 0 0 0 19 0 21 0 27 17 0 0 0 0 0 0 0 0 0 0 0 0 0 0 0 0 0 0 0 0 0 0 0 0 0 0 0 0 25 0 0 0 0 2 
0 0 1 0 0 15 0 0 0 6 0 0 12 0 13 0 11 0 0 0 0 0 0 0 3 0 0 0 0 0 20 0 0 0 0 0 0 0 0 0 0 0 0 24 0 0 0 0 0 0 0 0 0 20 0 26 0 0 23 25 
0 1 0 28 0 0 0 0 1 0 19 0 0 0 0 0 0 0 19 0 0 0 0 0 22 0 0 0 0 20 0 0 0 0 0 0 0 7 0 17 17 0 0 0 0 0 0 0 0 0 0 0 0 0 0 0 22 0 0 0 
0 28 0 12 0 0 0 0 0 0 5 0 0 0 0 23 0 0 0 0 0 0 12 20 0 0 0 19 0 0 0 0 0 0 0 0 0 0 0 0 0 27 0 0 0 0 0 25 0 13 0 0 0 2 1 0 0 0 0 0 
19 14 0 0 2 0 0 0 0 0 0 0 0 0 18 11 0 0 11 0 0 0 0 0 0 3 0 0 0 20 0 0 0 0 0 0 15 0 0 0 0 0 0 0 0 0 0 0 0 0 0 0 0 0 0 0 0 0 21 0 
0 0 0 0 6 0 0 0 0 0 1 1 0 20 0 0 0 29 0 0 0 0 0 0 0 0 0 0 0 0 7 0 0 0 7 0 0 0 0 16 0 0 0 0 0 0 19 0 7 0 0 0 0 0 0 0 0 4 12 0 
0 6 0 0 7 0 0 0 0 0 0 0 0 0 0 0 0 10 0 0 14 0 0 0 0 0 0 0 0 3 0 0 0 20 0 0 0 0 0 0 0 0 0 0 0 0 22 0 0 0 0 0 0 0 0 0 0 0 0 0 
0 3 0 0 0 0 0 0 0 0 0 0 5 0 0 0 22 0 0 0 0 0 17 0 0 0 0 0 27 0 0 13 0 0 0 0 0 17 0 0 15 0 0 0 0 0 0 0 0 0 24 0 0 27 0 0 0 5 0 21 
3 0 19 23 0 0 12 0 0 19 0 0 0 0 0 26 0 0 0 0 4 0 11 0 8 0 0 0 0 0 0 0 0 23 7 0 0 0 28 0 0 7 0 0 0 22 0 0 0 0 0 0 0 0 0 0 0 0 8 0 
0 0 0 2 0 0 0 0 0 0 0 0 0 25 0 0 0 0 0 0 0 0 0 2 0 0 0 0 0 0 0 0 0 0 0 5 0 0 0 0 0 0 0 0 0 0 0 0 12 0 0 0 0 10 0 0 0 0 0 0 
0 0 0 0 0 19 0 20 0 0 0 0 14 0 0 0 0 0 0 22 0 0 15 0 0 0 19 26 0 0 0 14 0 0 0 4 0 0 0 0 0 0 0 0 0 0 0 0 0 0 0 0 0 0 6 10 0 0 0 0 
0 9 0 0 0 0 0 0 0 0 28 0 0 0 0 0 0 0 0 0 0 0 0 0 0 0 0 0 0 0 0 0 0 0 11 0 0 29 0 20 0 0 0 0 0 0 0 0 0 0 29 22 0 0 0 0 0 0 0 0 
0 0 0 0 1 0 0 0 0 0 0 17 0 22 0 0 0 0 15 0 0 0 0 0 7 0 0 0 0 0 0 0 0 0 0 0 31 0 0 0 0 0 0 0 0 10 0 0 0 0 0 0 0 21 0 0 0 0 0 0 
0 25 0 15 0 0 0 0 0 0 0 0 0 0 0 0 0 0 0 0 0 0 0 0 0 10 0 0 9 0 0 0 12 0 0 0 0 0 25 29 0 0 0 20 0 0 0 0 13 28 18 0 0 1 0 0 28 0 0 0 
0 0 0 0 0 19 0 0 19 29 0 0 0 0 29 0 20 0 0 0 0 0 0 0 0 0 0 7 0 7 0 0 0 0 0 0 0 0 0 0 0 0 0 0 0 23 0 0 0 0 0 0 0 0 0 0 0 24 0 15 
0 0 0 0 20 0 0 0 8 0 0 0 0 0 0 21 0 0 0 0 0 0 0 0 0 0 0 0 20 0 3 1 0 0 0 0 0 15 0 8 0 0 0 0 0 0 0 0 0 0 0 26 5 0 2 2 24 0 0 0 
0 0 0 0 0 0 0 0 0 0 0 0 0 0 0 0 23 0 0 0 0 0 0 0 29 0 0 0 0 21 12 0 0 0 8 0 0 17 0 0 0 0 0 0 8 0 0 0 0 0 3 6 0 0 0 4 4 23 0 9 
0 0 0 0 0 0 0 0 0 0 0 0 0 0 0 0 23 0 0 0 0 0 0 0 0 0 0 0 0 0 0 27 0 0 22 0 0 0 0 0 0 0 0 0 18 0 0 0 0 0 0 0 0 0 0 0 0 0 0 0 
0 22 0 0 0 0 0 0 21 0 19 0 0 0 0 0 0 0 11 0 0 0 0 0 0 3 0 0 0 0 0 0 24 0 0 0 0 0 0 6 14 0 2 0 0 0 2 21 0 0 0 0 0 0 0 8 0 0 0 0 
0 0 0 9 0 0 0 0 0 0 0 0 0 0 27 0 0 22 0 0 0 0 0 0 0 0 0 22 0 0 0 0 29 0 0 0 0 28 0 0 0 0 0 0 11 0 0 0 0 0 17 0 0 0 0 1 0 0 0 0 
11 0 16 0 0 0 0 0 21 0 0 0 0 0 11 0 0 0 0 0 0 2 0 0 0 0 0 9 0 0 0 30 20 0 0 0 5 0 0 0 0 0 0 0 0 0 0 8 0 0 15 0 0 21 0 0 26 0 0 0 
0 0 0 0 0 20 0 0 29 0 31 0 0 0 4 0 0 0 7 0 0 0 0 0 0 0 16 0 0 0 24 0 0 0 0 0 0 0 0 0 22 15 9 0 1 0 0 21 0 21 12 0 0 0 0 20 0 25 0 8 
0 1 0 7 26 0 0 0 17 0 0 0 9 0 0 0 0 0 0 0 0 0 0 0 0 0 0 0 0 0 0 0 0 0 0 0 0 0 0 0 0 0 0 0 0 0 0 24 0 0 0 0 0 0 0 0 0 0 0 0 
0 0 0 0 0 0 24 0 0 0 23 0 0 0 0 0 0 0 0 0 0 0 29 0 0 0 0 0 0 0 0 0 0 0 0 0 0 0 0 0 0 0 0 0 4 0 0 0 0 0 0 0 0 13 0 0 18 20 6 23 
6 0 19 0 0 0 0 0 0 0 0 0 0 0 0 0 0 0 6 0 0 0 0 0 0 0 0 0 0 0 25 0 0 0 0 0 0 0 0 0 0 0 0 0 0 0 0 0 0 0 19 0 0 0 12 13 0 12 24 24 
0 0 5 0 13 22 0 13 0 0 0 0 1 0 0 21 0 0 0 0 0 12 0 0 0 0 0 0 0 0 0 0 0 0 0 1 0 0 0 0 0 0 20 0 0 0 0 0 17 0 0 0 0 0 15 18 0 2 0 0 
0 0 6 0 0 0 0 0 0 15 0 0 0 0 0 23 0 0 22 0 22 0 0 0 8 0 1 0 0 0 22 0 16 12 0 0 0 0 9 0 28 0 0 0 0 0 0 1 0 0 8 0 0 0 0 0 4 0 0 13 
0 0 0 0 0 0 0 0 0 0 25 21 0 0 6 0 8 16 27 0 0 0 0 0 0 0 0 0 0 0 0 0 0 21 8 0 0 10 0 0 0 0 0 0 0 3 11 0 0 0 0 0 0 24 11 0 0 19 0 15 
0 0 0 0 0 0 0 0 0 0 0 0 28 0 0 19 0 0 0 0 0 0 0 0 0 0 0 0 0 0 0 0 0 0 0 2 0 8 0 22 0 0 0 0 0 0 0 0 0 0 0 0 14 0 0 0 0 12 9 0 
30 0 0 0 0 0 0 0 0 0 0 0 0 0 0 0 0 0 0 0 0 0 0 0 16 0 0 0 0 0 0 0 0 0 0 0 24 0 0 0 0 0 0 0 0 0 0 13 0 0 23 0 0 0 0 3 22 0 0 8 
0 0 0 0 6 0 0 0 0 0 0 0 0 0 0 4 0 0 0 0 0 0 0 0 0 23 0 0 0 0 0 0 0 0 0 0 3 0 3 0 0 0 17 0 3 0 0 0 0 0 0 14 0 0 0 0 14 0 0 0 
20 0 0 0 0 0 0 0 0 0 1 0 0 1 0 0 0 0 23 22 0 0 0 0 0 10 0 0 0 0 0 0 0 0 0 23 16 0 0 0 0 0 0 0 0 0 27 0 0 0 17 1 0 0 0 23 0 0 0 16 
0 0 0 0 0 0 0 0 16 0 0 0 0 0 17 0 0 0 0 0 0 0 28 11 24 0 0 0 27 0 0 0 0 0 0 0 0 0 0 0 0 0 0 0 0 0 0 27 0 0 0 0 0 0 0 0 0 11 0 0 
0 0 23 0 0 0 0 0 0 0 0 0 0 0 0 27 0 7 0 24 0 4 0 0 0 0 0 0 0 15 3 0 0 0 0 0 0 0 0 0 0 0 0 0 0 0 0 0 0 0 20 0 14 0 0 0 23 0 0 0 
0 0 0 0 0 0 0 0 0 2 0 0 0 0 0 0 0 0 0 0 0 0 0 26 0 0 0 0 0 3 0 0 0 0 0 0 7 0 0 0 0 0 18 0 0 0 0 0 0 0 0 0 0 0 1 0 0 0 0 0 
15 0 21 0 0 0 0 3 24 0 0 0 4 15 23 0 0 0 23 0 0 15 0 0 0 27 9 0 0 0 0 0 19 0 0 0 0 0 0 22 0 0 25 0 0 0 0 0 0 0 0 0 14 0 0 0 0 0 2 0 
0 0 0 0 0 0 26 0 0 0 0 0 0 0 0 6 24 0 0 0 0 0 25 0 0 0 0 0 0 26 13 0 0 6 0 16 0 29 0 0 0 0 9 0 0 24 0 0 0 0 9 0 0 0 0 0 0 0 0 0 
0 19 12 0 0 0 0 9 0 15 0 0 0 0 0 0 0 0 4 22 19 0 0 0 11 0 0 0 2 0 0 29 0 0 29 21 0 0 0 0 0 0 0 0 0 0 0 0 0 0 0 0 23 1 0 2 7 25 0 0 
0 0 6 4 0 0 27 10 0 0 0 0 28 0 0 0 0 0 17 0 0 0 0 0 0 0 0 0 18 0 0 0 0 0 0 0 0 0 0 0 0 0 0 0 0 0 0 17 0 26 0 0 0 0 0 14 24 0 0 0 
0 0 0 0 0 0 0 0 0 0 0 0 0 0 0 22 0 0 10 0 0 0 22 13 16 0 21 0 22 0 0 0 0 0 0 0 0 0 0 10 0 0 0 19 0 0 28 0 0 4 0 0 21 0 0 0 0 0 0 13 
0 21 28 8 8 0 0 0 0 15 0 0 0 0 0 0 12 0 0 0 0 0 0 0 21 0 0 0 0 0 2 0 0 2 0 0 0 0 0 0 0 0 26 0 18 0 8 0 0 0 0 26 0 0 4 0 0 7 5 0 
0 0 0 0 0 0 17 22 0 0 16 0 0 17 21 0 0 0 0 17 0 0 0 0 0 0 0 2 0 0 0 0 18 0 18 0 0 0 0 0 0 25 0 0 0 0 0 0 0 0 0 0 0 0 0 0 0 28 10 0 
0 0 0 0 0 0 0 20 0 0 0 0 0 14 0 23 0 22 0 0 0 6 0 0 0 0 0 0 0 6 0 0 2 0 0 0 0 1 0 0 0 0 18 0 0 0 0 0 0 0 0 11 23 29 0 0 0 27 27 0 
0 0 0 0 0 0 0 0 0 0 26 0 0 0 0 0 0 0 0 11 0 0 0 2 9 0 0 0 0 0 0 0 0 0 0 0 22 0 0 0 21 0 0 13 0 0 0 0 0 8 0 0 0 0 28 19 0 0 26 0 
0 0 0 0 0 0 0 0 0 0 0 0 0 0 0 0 0 0 0 0 17 0 0 0 0 0 0 22 0 0 0 18 0 0 0 25 27 0 0 0 0 14 0 0 0 0 0 0 0 0 27 0 30 0 0 0 0 0 0 0 
0 0 16 19 0 5 0 0 4 0 0 0 10 0 0 0 20 0 0 0 0 5 0 0 0 0 17 0 9 0 0 0 0 0 0 0 14 0 0 0 24 0 0 0 0 0 0 0 0 0 0 0 2 14 0 0 0 0 27 0 
0 0 0 0 0 23 0 0 11 0 0 0 0 0 0 0 14 0 0 0 11 0 22 0 0 0 0 0 0 0 0 3 0 0 0 29 10 6 0 0 0 0 0 10 0 26 8 23 0 0 0 0 0 4 0 8 29 0 0 13 
0 0 17 26 0 0 0 21 0 0 0 0 0 0 17 0 0 0 7 0 0 0 0 1 0 0 0 11 0 0 0 0 0 21 0 0 0 0 0 0 0 0 0 0 0 0 0 0 0 0 0 0 0 0 0 0 0 0 0 29 
26 0 0 0 0 23 0 0 0 0 10 0 0 0 0 0 0 0 14 0 0 0 0 6 0 0 0 0 0 0 26 23 0 0 0 0 22 0 0 0 12 0 26 11 0 0 0 29 0 0 0 0 0 0 0 3 0 0 26 0 
0 3 0 0 0 0 20 30 9 0 0 0 0 0 0 0 0 0 19 0 6 7 0 15 0 0 0 0 15 0 23 0 0 0 25 28 11 0 0 0 0 0 0 17 25 0 2 30 0 0 23 0 0 0 16 0 0 0 17 1 
0 0 0 0 0 25 0 20 0 0 0 0 0 0 0 11 0 0 15 0 0 0 0 0 0 7 0 0 0 0 0 20 0 0 0 0 17 14 0 0 22 0 0 0 0 0 0 0 0 22 0 0 10 0 0 0 0 0 0 0 
0 19 0 0 10 0 0 0 8 0 0 0 26 0 0 0 0 0 0 11 25 19 0 0 0 0 0 0 0 10 29 8 0 0 20 0 0 0 0 0 0 0 0 0 21 0 17 0 0 0 0 0 29 22 0 0 0 3 28 0 
12 0 0 0 21 7 0 0 0 0 0 0 0 0 10 2 0 0 0 0 0 7 0 0 0 11 0 0 0 0 0 0 0 0 0 0 7 0 0 0 0 0 27 0 0 0 0 0 0 0 0 0 6 0 0 0 0 0 0 0 
0 29 0 0 0 0 0 0 0 19 0 0 0 4 0 0 0 0 0 0 0 0 0 0 0 0 14 28 0 7 0 0 0 0 0 0 0 0 0 0 0 0 0 21 0 5 0 0 0 0 7 0 0 0 0 0 0 0 0 1 
0 17 27 0 0 0 0 0 10 0 27 0 0 0 0 0 0 0 17 0 0 0 0 0 0 0 0 0 0 0 4 8 0 0 23 0 12 0 0 10 0 27 0 0 0 0 0 0 0 0 20 22 0 0 0 15 0 0 0 0 
0 21 24 0 0 0 0 0 0 0 0 0 0 0 0 0 0 0 0 29 0 16 7 0 0 0 0 12 0 0 0 0 0 0 6 0 11 0 0 1 0 0 0 0 0 0 0 0 0 0 0 0 0 9 1 0 0 14 0 0 
0 0 22 0 0 0 0 3 0 0 13 22 0 0 17 0 0 0 0 0 0 0 2 5 0 0 0 12 0 0 0 0 0 0 17 0 0 0 0 0 0 24 0 0 0 0 0 0 0 0 0 0 0 0 0 0 0 4 0 0 
