60

0 0 0 0 0 0 1 0 1 0 0 1 0 0 0 1 0 1 0 1 0 0 0 1 0 0 1 0 1 0 1 1 0 0 1 1 0 0 1 1 0 1 0 1 0 0 0 0 1 0 0 1 0 0 0 1 0 1 1 1 
0 0 0 1 1 0 0 0 0 0 0 0 0 1 0 0 0 0 0 1 0 0 0 0 1 0 1 0 0 0 0 0 1 1 1 0 0 0 0 0 0 0 0 1 0 0 0 0 0 1 0 0 0 1 0 0 1 0 0 1 
0 0 0 0 0 0 1 0 0 1 0 0 0 0 0 0 0 0 1 0 0 0 1 0 1 0 0 0 1 0 0 1 0 0 1 0 0 0 1 1 0 1 0 0 0 0 0 0 1 0 0 0 0 0 0 0 0 0 0 0 
0 1 0 0 0 0 0 0 0 1 0 0 0 0 0 0 0 0 0 0 1 0 1 0 0 1 0 0 0 0 0 1 0 0 0 1 0 1 0 0 0 0 1 1 1 0 1 0 0 1 0 0 0 1 1 1 0 0 1 0 
0 1 0 0 0 0 0 1 0 0 0 1 0 0 0 0 1 0 0 0 0 1 0 0 0 0 1 0 1 0 0 1 0 0 0 0 1 0 1 0 0 0 0 0 0 0 1 0 1 0 1 1 0 0 0 0 0 0 1 0 
0 0 0 0 0 0 0 1 0 0 0 1 0 0 0 0 1 1 0 0 0 0 0 0 0 0 1 1 0 0 0 0 1 0 0 1 0 1 1 0 1 0 1 0 1 0 0 1 0 0 0 0 0 0 1 0 0 1 1 0 
1 0 1 0 0 0 0 0 0 0 0 0 0 0 1 0 1 0 0 1 0 1 1 1 0 1 0 0 0 1 0 0 1 0 0 0 1 0 0 1 0 0 1 1 0 1 0 1 1 0 0 1 0 0 0 1 1 0 1 0 
0 0 0 0 1 1 0 0 1 1 1 0 1 1 0 0 1 0 0 0 0 0 0 0 1 0 0 0 1 0 0 1 1 0 1 0 1 0 0 0 0 0 0 1 0 1 0 0 1 0 0 0 1 1 1 0 0 1 0 1 
1 0 0 0 0 0 0 1 0 1 0 1 0 1 1 0 0 0 0 0 0 0 1 0 1 0 0 0 0 0 0 0 0 0 1 0 1 0 0 0 0 0 0 0 0 0 0 0 1 0 0 0 0 1 1 0 0 1 1 0 
0 0 1 1 0 0 0 1 1 0 1 1 0 1 0 0 0 0 0 0 0 0 0 0 1 0 1 1 0 1 1 0 0 1 0 0 1 0 0 0 0 1 1 0 1 0 0 1 0 1 0 0 1 0 0 1 0 0 1 0 
0 0 0 0 0 0 0 1 0 1 0 0 0 0 0 0 0 0 1 0 0 0 1 1 0 1 1 0 0 1 0 0 0 1 1 1 0 0 1 0 0 0 0 1 1 0 1 0 1 1 1 0 0 1 1 0 0 0 0 0 
1 0 0 0 1 1 0 0 1 1 0 0 0 0 0 0 1 1 1 1 0 0 0 1 1 1 0 0 0 0 0 1 0 0 0 0 1 0 0 0 0 0 0 0 0 0 0 1 1 0 0 1 1 0 1 1 0 0 0 0 
0 0 0 0 0 0 0 1 0 0 0 0 0 0 1 0 0 1 0 0 0 1 1 0 1 0 1 0 0 0 0 0 0 0 0 0 0 1 0 0 0 0 0 1 0 0 0 1 1 0 1 0 1 0 1 0 0 1 0 0 
0 1 0 0 0 0 0 1 1 1 0 0 0 0 1 0 0 0 0 0 1 0 0 1 0 0 0 0 0 0 0 0 0 0 0 0 0 0 0 1 1 0 1 0 1 1 1 1 1 0 0 0 1 0 0 0 0 0 0 1 
0 0 0 0 0 0 1 0 1 0 0 0 1 1 0 0 0 0 1 0 0 0 0 0 0 1 0 0 1 0 0 0 1 1 0 0 0 1 0 0 0 1 0 0 0 0 0 0 0 0 0 1 0 1 0 1 0 0 0 0 
1 0 0 0 0 0 0 0 0 0 0 0 0 0 0 0 0 1 1 0 0 1 0 0 0 0 0 0 0 1 0 0 1 0 1 0 0 0 0 0 0 1 0 0 0 0 0 0 0 0 1 0 1 0 0 0 0 0 0 0 
0 0 0 0 1 1 1 1 0 0 0 1 0 0 0 0 0 0 0 0 0 0 0 0 0 0 1 1 0 1 0 0 0 0 0 0 1 1 1 0 0 1 1 1 1 0 0 0 0 0 0 1 1 1 0 0 0 0 0 0 
1 0 0 0 0 1 0 0 0 0 0 1 1 0 0 1 0 0 0 1 0 1 0 0 0 1 0 1 0 1 1 0 0 0 0 0 0 0 0 1 1 0 0 0 0 0 1 1 0 1 0 0 1 0 0 1 0 0 0 0 
0 0 1 0 0 0 0 0 0 0 1 1 0 0 1 1 0 0 0 0 0 0 0 0 0 0 1 0 0 0 0 0 0 0 1 1 0 0 0 1 0 1 0 1 1 0 0 0 0 0 1 0 0 1 1 0 0 0 0 0 
1 1 0 0 0 0 1 0 0 0 0 1 0 0 0 0 0 1 0 0 0 0 0 1 0 0 1 0 0 0 1 0 0 0 1 1 0 0 0 0 0 1 0 0 0 0 1 0 0 0 0 0 0 0 0 0 1 0 0 1 
0 0 0 1 0 0 0 0 0 0 0 0 0 1 0 0 0 0 0 0 0 0 1 1 0 0 1 1 0 0 0 0 1 0 0 1 0 0 1 1 0 1 1 0 0 0 1 0 0 0 0 0 0 0 0 0 0 0 1 0 
0 0 0 0 1 0 1 0 0 0 0 0 1 0 0 1 0 1 0 0 0 0 0 1 1 0 0 0 0 0 1 0 0 0 1 0 1 0 0 0 0 1 1 0 0 0 0 1 1 0 0 1 0 0 1 1 1 0 0 0 
0 0 1 1 0 0 1 0 1 0 1 0 1 0 0 0 0 0 0 0 1 0 0 0 0 0 0 1 0 0 0 0 1 1 1 0 0 0 0 0 0 0 1 0 0 0 0 0 1 1 0 1 0 0 1 0 0 0 1 1 
1 0 0 0 0 0 1 0 0 0 1 1 0 1 0 0 0 0 0 1 1 1 0 0 0 1 0 1 0 0 1 0 0 0 1 0 0 0 1 1 1 1 0 0 1 1 1 0 1 0 0 1 0 1 1 1 1 0 0 0 
0 1 1 0 0 0 0 1 1 1 0 1 1 0 0 0 0 0 0 0 0 1 0 0 0 0 0 0 0 0 0 0 0 0 0 0 1 0 1 1 1 0 0 0 0 1 1 0 0 1 1 0 0 0 1 0 1 1 0 1 
0 0 0 1 0 0 1 0 0 0 1 1 0 0 1 0 0 1 0 0 0 0 0 1 0 0 0 0 0 0 1 1 1 0 1 1 0 0 0 0 0 0 0 1 0 1 0 1 0 0 0 0 1 0 0 0 0 0 0 0 
1 1 0 0 1 1 0 0 0 1 1 0 1 0 0 0 1 0 1 1 1 0 0 0 0 0 0 0 0 0 0 1 0 0 0 0 0 0 0 1 1 0 0 0 0 0 0 0 1 1 0 0 1 1 0 0 1 1 0 1 
0 0 0 0 0 1 0 0 0 1 0 0 0 0 0 0 1 1 0 0 1 0 1 1 0 0 0 0 1 1 0 0 0 1 0 0 0 1 0 0 0 1 0 1 1 0 0 1 0 0 0 0 1 1 1 1 0 0 0 0 
1 0 1 0 1 0 0 1 0 0 0 0 0 0 1 0 0 0 0 0 0 0 0 0 0 0 0 1 0 1 0 0 0 1 0 1 0 0 0 0 0 1 0 0 0 1 1 0 0 1 1 1 0 1 0 0 0 1 1 1 
0 0 0 0 0 0 1 0 0 1 1 0 0 0 0 1 1 1 0 0 0 0 0 0 0 0 0 1 1 0 1 1 0 1 0 1 0 0 0 0 0 1 1 0 0 0 0 0 1 0 1 0 0 0 0 0 0 0 0 0 
1 0 0 0 0 0 0 0 0 1 0 0 0 0 0 0 0 1 0 1 0 1 0 1 0 1 0 0 0 1 0 0 0 1 0 0 0 0 0 0 1 1 0 0 0 0 0 0 0 0 0 0 0 0 0 0 0 0 0 0 
1 0 1 1 1 0 0 1 0 0 0 1 0 0 0 0 0 0 0 0 0 0 0 0 0 1 1 0 0 1 0 0 0 0 0 0 0 1 0 0 0 0 0 1 0 0 0 0 0 0 0 0 1 1 0 1 0 0 0 0 
0 1 0 0 0 1 1 1 0 0 0 0 0 0 1 1 0 0 0 0 1 0 1 0 0 1 0 0 0 0 0 0 0 1 0 0 0 0 1 0 0 0 1 0 0 1 0 1 0 0 0 1 1 0 1 0 0 0 1 1 
0 1 0 0 0 0 0 0 0 1 1 0 0 0 1 0 0 0 0 0 0 0 1 0 0 0 0 1 1 1 1 0 1 0 1 0 1 0 1 0 1 0 0 0 0 0 0 0 1 0 0 1 0 0 1 0 0 0 0 1 
1 1 1 0 0 0 0 1 1 0 1 0 0 0 0 1 0 0 1 1 0 1 1 1 0 1 0 0 0 0 0 0 0 1 0 0 1 0 1 0 0 1 0 1 1 1 1 1 0 0 1 1 0 0 0 0 0 0 0 0 
1 0 0 1 0 1 0 0 0 0 1 0 0 0 0 0 0 0 1 1 1 0 0 0 0 1 0 0 1 1 0 0 0 0 0 0 1 0 1 0 1 0 1 0 0 1 0 0 0 0 0 0 1 0 1 0 0 0 1 0 
0 0 0 0 1 0 1 1 1 1 0 1 0 0 0 0 1 0 0 0 0 1 0 0 1 0 0 0 0 0 0 0 0 1 1 1 0 1 0 0 0 0 0 1 0 1 0 0 0 1 0 1 0 0 1 0 1 0 0 1 
0 0 0 1 0 1 0 0 0 0 0 0 1 0 1 0 1 0 0 0 0 0 0 0 0 0 0 1 0 0 0 1 0 0 0 0 1 0 1 0 0 1 0 0 0 0 0 0 1 0 0 0 0 0 1 0 0 1 0 0 
1 0 1 0 1 1 0 0 0 0 1 0 0 0 0 0 1 0 0 0 1 0 0 1 1 0 0 0 0 0 0 0 1 1 1 1 0 1 0 0 0 0 0 0 0 1 0 0 0 0 0 1 0 0 0 0 1 1 0 0 
1 0 1 0 0 0 1 0 0 0 0 0 0 1 0 0 0 1 1 0 1 0 0 1 1 0 1 0 0 0 0 0 0 0 0 0 0 0 0 0 1 1 0 0 0 0 0 1 0 0 0 1 1 1 1 0 1 0 1 0 
0 0 0 0 0 1 0 0 0 0 0 0 0 1 0 0 0 1 0 0 0 0 0 1 1 0 1 0 0 0 1 0 0 1 0 1 0 0 0 1 0 0 0 0 0 0 0 0 0 0 0 0 1 0 0 0 0 0 0 0 
1 0 1 0 0 0 0 0 0 1 0 0 0 0 1 1 1 0 1 1 1 1 0 1 0 0 0 1 1 1 1 0 0 0 1 0 0 1 0 1 0 0 0 1 0 1 0 1 1 0 0 0 0 0 0 0 1 1 1 0 
0 0 0 1 0 1 1 0 0 1 0 0 0 1 0 0 1 0 0 0 1 1 1 0 0 0 0 0 0 1 0 0 1 0 0 1 0 0 0 0 0 0 0 0 1 0 0 0 1 1 1 0 1 1 0 1 0 1 0 0 
1 1 0 1 0 0 1 1 0 0 1 0 1 0 0 0 1 0 1 0 0 0 0 0 0 1 0 1 0 0 0 1 0 0 1 0 1 0 0 0 0 1 0 0 0 0 0 0 0 1 0 0 0 0 0 1 0 0 0 1 
0 0 0 1 0 1 0 0 0 1 1 0 0 1 0 0 1 0 1 0 0 0 0 1 0 0 0 1 0 0 0 0 0 0 1 0 0 0 0 0 0 0 1 0 0 0 1 0 0 0 0 0 0 0 1 1 1 1 0 1 
0 0 0 0 0 0 1 1 0 0 0 0 0 1 0 0 0 0 0 0 0 0 0 1 1 1 0 0 1 0 0 0 1 0 1 1 1 0 1 0 0 1 0 0 0 0 0 1 1 1 1 0 0 1 0 0 0 0 0 0 
0 0 0 1 1 0 0 0 0 0 1 0 0 1 0 0 0 1 0 1 1 0 0 1 1 0 0 0 1 0 0 0 0 0 1 0 0 0 0 0 0 0 0 0 1 0 0 0 0 0 0 0 0 0 0 1 0 1 1 0 
0 0 0 0 0 1 1 0 0 1 0 1 1 1 0 0 0 1 0 0 0 1 0 0 0 1 0 1 0 0 0 0 1 0 1 0 0 0 0 1 0 1 0 0 0 1 0 0 0 0 1 0 0 1 0 0 1 0 1 0 
1 0 1 0 1 0 1 1 1 0 1 1 1 1 0 0 0 0 0 0 0 1 1 1 0 0 1 0 0 1 0 0 0 1 0 0 0 1 0 0 0 1 1 0 0 1 0 0 0 1 1 0 0 1 1 0 1 0 0 1 
0 1 0 1 0 0 0 0 0 1 1 0 0 0 0 0 0 1 0 0 0 0 1 0 1 0 1 0 1 0 0 0 0 0 0 0 1 0 0 0 0 0 1 1 0 1 0 0 1 0 0 1 0 1 0 1 1 0 1 0 
0 0 0 0 1 0 0 0 0 0 1 0 1 0 0 1 0 0 1 0 0 0 0 0 1 0 0 0 1 1 0 0 0 0 1 0 0 0 0 0 0 0 1 0 0 1 0 1 1 0 0 1 0 0 0 0 0 0 0 0 
1 0 0 0 1 0 1 0 0 0 0 1 0 0 1 0 1 0 0 0 0 1 1 1 0 0 0 0 1 0 0 0 1 1 1 0 1 0 1 1 0 0 0 0 0 0 0 0 0 1 1 0 0 0 0 0 1 0 0 0 
0 0 0 0 0 0 0 1 0 1 0 1 1 1 0 1 1 1 0 0 0 0 0 0 0 1 1 1 0 0 0 1 1 0 0 1 0 0 0 1 1 0 1 0 0 0 0 0 0 0 0 0 0 0 0 0 0 0 0 0 
0 1 0 1 0 0 0 1 1 0 1 0 0 0 1 0 1 0 1 0 0 0 0 1 0 0 1 1 1 0 0 1 0 0 0 0 0 0 0 1 0 0 1 0 0 1 0 1 1 1 0 0 0 0 0 1 0 1 0 1 
0 0 0 1 0 1 0 1 1 0 1 1 1 0 0 0 0 0 1 0 0 1 1 1 1 0 0 1 0 0 0 0 1 1 0 1 1 1 0 1 0 0 0 0 1 0 0 0 1 0 0 0 0 0 0 0 0 0 1 0 
1 0 0 1 0 0 1 0 0 1 0 1 0 0 1 0 0 1 0 0 0 1 0 1 0 0 0 1 0 0 0 1 0 0 0 0 0 0 0 0 0 0 1 1 1 0 1 0 0 1 0 0 0 1 0 0 0 0 0 1 
0 1 0 0 0 0 1 0 0 0 0 0 0 0 0 0 0 0 0 1 0 1 0 1 1 0 1 0 0 0 0 0 0 0 0 0 1 0 1 1 0 1 0 0 1 0 0 1 1 1 0 1 0 0 0 0 0 0 0 1 
1 0 0 0 0 1 0 1 1 0 0 0 1 0 0 0 0 0 0 0 0 0 0 0 1 0 1 0 1 0 0 0 0 0 0 0 0 1 1 0 0 1 1 0 1 0 1 0 0 0 0 0 0 1 0 0 0 0 0 1 
1 0 0 1 1 1 1 0 1 1 0 0 0 0 0 0 0 0 0 0 1 0 1 0 0 0 0 0 1 0 0 0 1 0 0 1 0 0 0 1 0 1 0 0 0 0 1 1 0 1 0 0 0 0 1 0 0 0 0 1 
1 1 0 0 0 0 0 1 0 0 0 0 0 1 0 0 0 0 0 1 0 0 1 0 1 0 1 0 1 0 0 0 1 1 0 0 1 0 0 0 0 0 0 1 1 0 0 0 1 0 0 0 0 1 0 1 1 1 1 0 

0 0 0 0 0 0 0 0 12 0 0 11 0 0 0 0 0 3 0 0 0 19 0 0 9 0 0 0 17 0 0 0 0 0 21 0 0 0 0 0 28 21 28 0 0 0 0 0 0 0 0 0 0 0 0 8 0 0 0 0 
0 0 0 0 0 0 0 0 0 17 0 0 0 0 0 18 0 0 17 0 0 0 0 22 21 0 0 24 0 0 0 0 0 0 0 0 0 0 0 0 0 15 0 0 0 0 0 24 0 12 0 0 0 0 0 0 0 0 29 0 
0 0 0 0 0 0 4 0 0 0 0 0 0 0 0 0 0 0 21 0 17 14 0 0 0 0 0 6 0 0 21 0 0 0 0 0 0 0 0 0 0 0 12 0 0 0 0 0 0 0 28 27 0 0 0 0 0 0 0 0 
0 0 0 0 0 22 25 13 11 0 0 0 0 0 0 22 0 0 22 7 30 0 0 10 0 0 0 0 0 0 0 2 0 0 0 0 0 0 0 0 26 0 0 0 3 0 17 0 0 0 0 0 0 0 1 0 0 0 0 20 
0 0 0 0 0 0 0 0 2 0 0 0 0 16 0 0 0 0 0 0 0 0 0 0 0 0 0 0 0 0 0 0 0 0 0 0 0 0 7 0 0 22 4 0 0 0 0 0 0 11 0 0 22 8 0 0 0 15 0 22 
29 16 0 0 0 0 0 0 17 0 0 0 0 0 11 0 0 22 0 0 0 0 20 0 0 0 5 0 0 0 10 0 0 0 0 0 0 26 0 0 0 0 0 0 0 7 0 16 0 0 0 19 0 0 0 0 23 0 0 0 
0 0 0 0 0 0 0 0 16 0 0 0 0 0 0 0 0 0 0 9 18 0 0 0 0 0 0 0 10 0 19 0 3 0 7 0 0 0 2 0 0 0 0 0 0 0 0 0 0 0 0 0 17 0 0 24 0 0 12 13 
0 0 0 0 0 0 0 0 22 0 0 0 0 0 28 10 0 0 0 5 24 0 0 5 11 0 0 0 0 0 0 0 0 0 0 0 0 0 0 0 0 19 0 0 0 0 0 3 0 0 1 0 0 0 28 22 28 0 0 0 
0 0 0 17 0 0 0 0 0 0 0 0 0 0 0 0 0 0 0 0 0 0 0 0 21 0 0 0 0 0 0 4 10 0 0 0 11 0 0 0 0 20 0 0 28 0 0 0 0 0 0 0 0 0 0 0 0 0 0 0 
0 0 26 0 0 26 0 0 0 0 0 0 0 0 0 0 0 12 14 3 0 21 0 0 0 0 1 0 0 0 0 0 0 0 0 0 0 26 4 23 0 0 0 0 0 10 26 0 0 0 0 0 0 7 30 0 0 6 0 0 
23 0 1 0 0 0 0 0 24 0 0 29 0 0 0 0 0 0 0 0 0 0 26 19 0 0 0 0 0 5 0 0 0 1 0 0 0 21 3 0 23 0 13 0 13 0 12 9 0 0 12 0 0 0 0 0 0 0 0 0 
19 0 0 15 26 19 0 0 0 18 0 0 0 0 0 0 0 0 0 28 0 0 0 0 12 0 15 14 0 0 0 0 0 0 0 0 0 8 26 0 0 20 0 0 0 0 0 0 0 0 0 0 0 0 0 0 0 0 0 0 
0 0 0 0 0 0 0 0 0 0 0 0 0 14 0 0 0 0 10 11 0 27 0 0 0 0 21 6 23 0 5 0 0 0 0 5 0 0 0 0 0 0 6 0 8 0 9 0 0 0 16 0 0 0 8 0 0 0 0 0 
22 0 0 0 0 0 0 0 0 0 4 0 7 0 0 0 0 0 0 0 0 0 18 0 0 0 5 0 0 0 0 0 0 0 1 0 0 0 0 0 7 0 0 0 0 0 0 0 28 0 0 0 0 0 3 0 28 0 0 18 
0 0 1 0 3 0 0 26 8 24 0 0 0 0 0 0 0 0 0 0 0 6 0 0 0 30 0 0 0 0 0 9 0 0 0 27 0 0 2 1 18 0 0 0 0 0 0 0 0 0 0 0 0 0 0 0 0 0 0 0 
0 3 0 0 14 0 0 0 0 0 0 0 0 0 0 0 0 0 0 0 0 0 0 0 0 14 22 0 0 0 24 0 0 0 0 16 0 14 0 0 0 0 2 0 0 0 0 0 0 22 0 0 0 3 0 0 17 10 0 17 
0 0 0 14 0 0 1 0 0 0 4 0 0 0 0 0 0 0 0 0 0 0 0 0 21 0 24 0 19 0 21 0 10 0 0 0 0 0 0 0 0 0 24 0 0 0 13 0 0 0 27 0 0 0 0 0 0 27 0 0 
0 0 0 12 0 9 0 0 0 19 0 0 0 0 0 15 0 0 0 20 0 8 4 0 0 0 0 0 0 9 0 0 0 0 0 0 27 0 28 29 24 0 0 0 0 0 19 0 0 0 8 0 0 0 0 0 16 0 0 0 
2 0 0 0 0 0 0 0 0 0 0 7 0 0 0 0 0 0 0 0 0 13 0 0 0 0 0 12 0 10 0 28 0 0 0 0 0 28 0 0 0 1 0 0 0 0 16 0 0 0 0 0 15 0 7 24 0 0 0 0 
0 0 0 0 0 0 0 0 0 3 0 0 7 0 0 0 23 0 0 0 0 0 0 0 0 16 0 0 0 0 24 0 0 0 0 0 0 0 0 0 0 0 0 0 0 0 0 0 0 0 0 0 0 0 13 19 0 0 0 0 
0 0 0 0 0 0 7 0 0 7 11 14 11 12 0 0 0 0 16 0 0 15 0 0 0 0 0 0 0 0 0 0 0 0 0 0 0 0 0 0 0 0 13 0 0 0 0 0 0 0 0 0 0 0 0 0 0 0 0 0 
0 12 0 0 0 15 1 0 0 0 0 11 0 0 0 0 25 1 0 0 0 0 0 0 0 0 0 0 0 12 13 0 0 20 0 28 7 0 0 5 0 0 0 0 0 0 25 0 0 0 0 0 23 0 0 0 3 0 0 0 
2 0 0 0 0 0 0 0 0 0 25 0 0 0 0 17 0 0 0 0 0 0 0 0 1 0 0 0 0 0 0 0 29 0 0 0 0 0 0 13 0 0 0 0 0 21 0 0 0 0 0 29 0 0 1 0 0 0 0 0 
0 0 0 0 0 16 0 0 0 0 5 0 0 0 0 0 0 0 14 0 0 0 0 0 0 9 12 13 18 20 19 0 0 0 4 0 0 0 17 0 0 4 0 28 0 0 23 0 0 26 0 0 13 0 0 0 0 0 0 27 
0 0 0 0 21 0 0 0 0 0 6 0 0 0 0 4 0 13 0 0 0 0 0 18 0 0 0 0 1 0 0 10 0 16 26 0 0 30 0 0 11 0 0 0 0 0 0 0 0 0 0 4 0 0 0 0 0 0 0 0 
0 0 0 0 20 0 8 0 27 0 0 0 0 28 0 0 0 0 0 0 0 27 0 0 0 0 0 0 0 0 0 0 27 0 7 8 9 0 19 0 0 0 20 0 0 0 0 0 0 0 0 0 0 3 0 19 0 29 0 0 
0 0 20 0 1 0 25 0 15 0 0 0 0 0 0 0 0 0 12 1 0 0 0 26 0 0 0 0 0 0 0 0 0 0 0 0 19 3 0 21 26 0 0 0 0 0 12 0 0 0 0 0 0 0 0 0 0 0 0 0 
12 0 0 13 8 0 0 0 0 0 0 0 0 0 0 0 0 0 0 0 0 3 0 0 0 23 0 0 0 0 2 0 0 0 0 0 0 0 0 5 0 0 0 0 0 0 1 0 0 0 0 0 28 6 0 0 9 0 5 0 
0 0 0 0 0 0 0 0 0 0 18 0 7 24 0 0 0 0 0 0 5 0 4 0 19 0 0 21 0 0 0 21 27 0 0 0 19 0 0 0 0 6 0 0 0 16 0 0 14 0 25 21 4 16 0 0 0 0 0 0 
0 0 7 0 0 0 29 0 7 0 0 0 20 0 0 0 0 0 0 0 19 0 11 0 0 0 0 0 28 0 0 12 12 0 5 27 17 1 0 0 0 0 0 1 0 0 0 0 0 0 0 0 0 0 0 2 26 0 0 0 
15 0 0 18 9 0 0 7 0 0 24 0 2 0 0 0 28 0 0 0 0 0 11 0 0 0 0 0 0 0 0 0 13 0 11 0 0 0 0 0 0 0 0 0 0 0 0 0 0 0 0 0 0 0 0 0 0 0 0 0 
0 0 0 0 0 0 0 0 0 0 0 0 0 0 0 25 0 0 15 0 0 0 9 0 0 0 0 26 0 0 0 0 0 0 0 0 2 0 0 0 0 0 0 14 0 0 0 0 14 0 0 0 0 5 0 4 0 0 0 0 
0 0 0 0 0 0 0 29 0 27 1 0 0 0 0 0 0 12 0 16 0 0 14 0 0 0 0 0 0 0 0 25 0 0 12 0 3 4 27 22 30 0 0 11 0 0 0 0 0 0 28 0 8 0 0 0 0 0 0 0 
0 4 0 0 0 0 0 0 0 0 0 0 1 0 0 0 0 0 0 0 0 0 0 1 0 0 0 0 0 0 0 0 0 0 0 0 0 0 0 0 0 0 0 0 0 0 0 0 0 0 0 22 0 0 0 0 0 0 0 0 
28 1 0 0 5 6 0 0 0 0 0 0 0 0 0 0 0 0 0 0 0 0 0 0 0 0 0 6 0 25 16 0 0 15 0 0 0 0 0 8 0 0 0 0 0 0 0 0 0 0 0 2 0 0 0 0 0 0 0 0 
0 0 0 5 0 0 20 0 14 27 0 0 0 0 13 0 0 0 1 28 1 0 0 0 0 0 0 0 0 27 0 0 0 0 0 0 22 0 19 0 0 0 0 0 0 0 0 11 0 0 0 0 0 0 29 0 0 0 22 0 
0 0 0 0 0 3 1 2 0 0 0 0 0 0 16 0 0 15 0 0 0 0 18 14 0 0 0 0 0 0 0 0 0 13 0 27 0 0 0 0 8 0 0 0 0 0 0 0 0 0 0 0 0 0 21 0 0 15 20 0 
0 0 0 0 0 0 0 0 10 3 0 0 0 0 0 0 0 30 0 0 1 0 0 0 0 0 0 0 0 0 0 0 26 0 0 0 0 0 0 0 0 0 0 0 0 0 0 0 0 0 0 28 7 0 1 0 0 0 0 0 
0 20 0 0 0 0 0 0 0 0 20 0 0 0 0 0 0 0 0 0 0 0 0 0 0 22 0 0 0 0 0 0 0 0 0 0 0 0 0 0 0 0 0 0 0 0 0 0 0 0 23 0 0 10 0 0 0 0 0 0 
26 7 0 0 0 0 0 0 0 13 0 0 0 0 0 0 12 0 0 0 16 0 0 0 0 0 0 0 12 0 24 0 0 4 0 0 0 0 2 0 0 0 0 0 19 0 0 0 0 0 0 0 0 0 0 8 23 0 0 21 
4 26 0 0 0 15 0 10 29 0 0 0 0 0 7 27 30 0 0 16 0 0 0 17 0 0 0 25 0 0 0 19 0 0 0 0 0 0 19 0 0 0 0 0 0 20 0 0 0 18 24 0 14 0 0 0 15 0 0 0 
12 2 7 0 0 0 0 22 0 0 0 0 0 1 0 0 0 0 0 0 0 0 0 0 0 0 0 0 0 9 0 0 0 0 24 20 0 0 19 0 0 0 7 0 0 0 0 0 0 0 0 0 0 5 0 0 0 14 0 15 
0 0 6 0 0 0 0 0 0 26 0 0 0 0 0 0 0 0 0 6 0 24 0 0 0 0 0 0 0 0 0 0 0 0 0 0 0 5 0 13 20 20 0 0 0 0 0 18 0 0 0 26 0 0 0 0 0 0 0 23 
0 0 2 0 0 0 0 0 0 0 0 12 0 0 0 0 0 0 18 18 24 0 0 0 0 0 0 0 0 0 0 0 15 6 0 0 0 0 0 0 0 0 0 0 0 0 10 0 0 0 18 0 0 0 0 0 0 0 0 0 
0 0 0 0 0 0 17 0 0 0 0 0 0 0 0 0 0 0 0 0 0 14 0 0 14 0 0 0 0 0 0 0 16 0 0 12 0 0 28 0 0 0 14 0 0 7 0 0 0 0 0 0 0 0 0 26 0 27 0 0 
0 0 17 0 0 0 2 0 0 0 0 0 0 0 0 11 0 0 0 11 26 0 0 0 0 0 0 0 0 1 0 0 0 0 0 0 0 16 0 0 0 0 0 0 0 0 0 0 0 13 3 0 27 0 16 0 0 0 0 0 
0 0 22 0 0 16 0 0 0 0 17 0 0 15 0 0 0 5 0 0 0 0 0 0 0 0 0 0 0 0 21 0 12 0 5 0 0 0 0 0 30 25 0 4 27 0 0 0 0 22 21 4 0 0 0 0 8 0 23 0 
0 0 0 8 0 0 0 0 0 0 0 0 0 0 0 0 0 0 18 0 0 11 0 0 0 0 0 30 0 0 1 17 28 0 16 0 0 0 0 0 0 0 0 0 25 27 0 0 0 0 0 0 0 29 0 15 0 0 19 0 
0 0 1 0 0 1 0 22 0 0 0 0 0 0 5 0 0 6 0 14 0 0 0 0 0 0 0 0 8 0 0 0 0 0 0 0 0 16 0 0 0 0 0 0 0 17 3 0 0 0 0 26 0 0 0 0 0 0 0 0 
0 8 22 0 0 0 0 0 0 0 0 0 10 0 27 22 2 0 0 5 0 0 30 10 0 0 5 0 1 22 0 0 0 0 0 0 0 0 0 25 0 0 0 14 23 0 0 0 2 0 25 0 1 0 20 4 0 0 0 0 
0 0 0 0 0 0 0 0 0 0 19 21 0 0 22 0 0 0 0 6 0 15 26 0 0 0 0 8 23 14 0 0 0 0 0 7 0 12 0 0 4 0 0 0 0 0 0 0 0 7 0 0 0 0 0 0 0 0 23 0 
20 13 0 0 0 9 0 0 0 0 0 0 7 0 0 0 0 0 0 0 0 0 0 0 0 0 0 0 0 0 0 0 1 0 0 0 0 0 0 0 0 0 0 9 0 0 0 0 23 0 0 0 11 0 0 0 0 0 0 0 
0 0 0 19 0 0 0 0 0 0 0 0 0 0 0 7 0 0 17 0 0 0 0 0 22 19 1 0 0 21 3 5 0 27 0 0 0 0 0 0 0 3 20 0 0 0 1 0 0 0 0 14 0 0 8 0 0 0 0 0 
0 0 2 1 0 0 0 0 0 0 0 7 0 0 18 24 0 0 0 28 0 0 0 0 0 0 0 0 2 0 0 0 0 0 0 0 0 0 0 0 0 0 19 0 0 0 0 24 0 0 0 0 0 0 13 0 0 0 0 0 
0 0 0 0 0 0 0 0 0 0 18 0 0 0 0 0 0 0 0 23 0 0 7 0 0 0 0 0 0 15 0 9 0 0 0 0 0 0 0 0 0 1 0 0 0 0 0 0 0 20 29 0 0 0 0 0 0 0 0 0 
0 13 0 4 0 0 0 0 0 2 0 0 0 0 0 0 5 0 13 25 0 28 22 0 9 0 11 0 0 0 0 27 0 0 20 21 0 0 0 18 0 27 0 0 0 0 0 7 23 0 5 2 11 0 0 0 0 0 27 0 
0 0 0 0 0 2 23 0 27 0 0 0 6 21 0 0 0 0 0 0 0 0 0 0 24 0 0 0 0 0 6 0 0 0 0 0 8 22 0 0 0 0 0 0 0 0 0 0 0 0 0 0 0 0 0 0 0 21 0 0 
0 0 0 11 13 0 0 0 0 0 0 0 0 0 0 0 0 0 0 0 0 0 0 0 0 0 0 0 0 0 0 0 0 0 0 4 3 0 0 1 0 0 0 0 0 0 0 0 0 0 0 0 0 0 0 0 27 0 0 0 
0 0 0 0 0 0 0 0 12 0 0 0 0 0 0 0 0 0 0 0 0 0 0 26 0 0 0 0 0 0 20 19 0 18 1 20 0 0 0 0 0 0 0 0 0 0 0 0 28 0 0 0 0 9 0 0 0 0 0 0 
0 0 5 0 27 0 0 0 0 0 0 0 0 0 0 26 0 0 0 0 0 0 0 0 14 0 3 0 0 0 27 0 0 0 0 0 0 19 0 0 0 0 0 0 0 0 0 0 3 0 0 0 0 4 0 0 0 0 17 0 
