70

0 0 0 0 0 0 0 1 1 0 0 0 0 0 1 0 1 1 0 0 0 1 0 0 0 0 0 0 0 1 0 0 0 0 1 1 1 0 0 0 0 0 0 0 0 0 0 0 0 0 0 0 0 1 0 0 0 0 1 0 0 0 1 0 0 1 0 0 0 0 
0 0 0 0 0 1 0 0 1 1 0 0 1 0 0 0 0 1 0 0 1 1 1 0 1 0 1 0 0 0 0 0 0 1 0 0 0 1 1 0 0 1 0 0 0 0 0 0 0 0 0 0 0 0 0 0 0 0 0 0 0 0 0 0 1 0 0 0 0 0 
0 0 0 0 0 1 0 0 1 0 0 0 0 0 0 0 0 0 0 1 1 0 0 1 1 0 1 0 0 0 0 0 1 0 0 1 1 1 0 1 0 0 1 0 0 0 0 1 0 0 0 0 1 0 0 1 0 0 0 1 1 0 1 0 0 0 0 1 0 0 
0 0 0 0 0 1 0 0 0 0 0 1 0 0 0 0 0 0 1 0 1 0 0 1 0 0 0 0 0 0 0 0 1 1 1 0 1 0 0 0 0 0 0 1 0 0 0 0 0 1 0 0 0 0 0 0 0 0 0 1 1 0 1 0 0 1 0 0 0 1 
0 0 0 0 0 1 0 0 0 0 0 0 0 0 1 0 0 0 0 0 1 0 0 1 1 0 1 0 0 0 0 0 0 1 1 0 0 0 0 0 1 0 0 0 0 0 0 0 1 1 0 0 0 0 0 0 0 0 0 0 0 0 0 1 0 0 0 0 0 0 
0 1 1 1 1 0 0 0 0 1 0 0 0 0 0 0 1 0 0 0 0 0 0 0 1 0 0 0 0 0 0 0 0 0 0 0 0 0 0 0 0 1 0 0 0 0 0 0 1 0 0 1 0 0 1 0 0 0 0 0 0 0 0 0 0 0 1 0 0 0 
0 0 0 0 0 0 0 0 0 0 0 0 0 0 0 0 0 1 0 0 0 0 1 0 0 1 1 0 0 0 0 1 1 1 0 0 0 0 0 1 0 0 1 1 0 1 0 0 0 0 1 0 0 1 0 1 1 0 0 1 0 1 1 0 0 1 0 0 0 0 
1 0 0 0 0 0 0 0 0 0 0 0 0 0 0 1 0 0 0 0 0 0 0 0 0 0 0 0 1 0 0 0 0 0 0 1 1 0 0 0 0 0 0 0 0 1 0 0 0 0 0 0 0 0 0 0 0 1 0 1 0 0 0 0 0 1 0 0 1 0 
1 1 1 0 0 0 0 0 0 0 0 1 0 0 0 0 0 1 0 1 0 0 0 0 0 0 0 1 0 0 0 0 1 0 0 0 0 0 0 0 0 0 0 0 0 0 1 0 0 0 1 0 0 1 0 0 0 0 0 0 0 1 0 0 0 1 0 0 0 1 
0 1 0 0 0 1 0 0 0 0 0 0 0 0 0 0 0 1 0 0 0 1 0 0 0 0 0 1 0 0 0 1 0 0 0 1 0 0 0 0 1 1 0 0 0 0 1 0 0 0 0 0 0 0 0 1 0 0 0 0 0 0 1 0 0 0 0 0 0 0 
0 0 0 0 0 0 0 0 0 0 0 0 0 0 1 0 1 0 0 0 1 0 1 0 0 0 1 0 0 0 0 0 0 0 0 0 0 0 0 0 0 0 0 1 1 0 0 0 0 0 1 0 1 1 1 0 0 0 0 0 0 0 0 0 0 0 1 0 0 0 
0 0 0 1 0 0 0 0 1 0 0 0 0 0 0 0 1 1 0 0 0 0 1 0 0 0 0 0 0 0 0 0 0 0 0 1 0 0 0 0 0 0 0 0 0 0 0 0 0 0 1 1 0 0 0 0 0 0 1 0 0 0 0 0 0 1 0 0 1 0 
0 1 0 0 0 0 0 0 0 0 0 0 0 0 0 0 1 0 0 0 0 1 0 0 0 1 0 0 0 1 0 1 1 0 0 0 0 1 0 0 0 0 0 1 0 0 0 0 0 0 0 0 0 0 1 0 0 0 0 0 1 0 1 0 0 1 0 0 0 0 
0 0 0 0 0 0 0 0 0 0 0 0 0 0 0 0 1 1 1 0 0 0 0 1 0 0 0 1 0 0 0 0 0 0 0 0 0 0 0 1 0 1 0 0 0 0 0 0 0 0 0 1 0 0 1 0 0 1 0 1 0 0 1 0 0 0 0 1 1 0 
1 0 0 0 1 0 0 0 0 0 1 0 0 0 0 0 1 0 0 0 0 0 0 0 1 0 0 0 0 1 1 0 0 1 0 1 1 0 0 0 0 1 0 0 0 0 1 0 0 0 0 1 0 0 0 0 0 0 1 0 0 0 0 0 0 0 0 0 0 0 
0 0 0 0 0 0 0 1 0 0 0 0 0 0 0 0 0 0 1 0 0 0 0 0 0 1 0 0 0 1 0 0 1 0 0 0 1 0 0 0 1 0 0 0 0 1 0 0 0 0 0 0 0 0 0 0 0 1 0 0 0 0 0 0 0 0 1 0 0 0 
1 0 0 0 0 1 0 0 0 0 1 1 1 1 1 0 0 0 0 1 0 0 0 0 1 1 0 1 0 0 0 0 0 0 0 0 0 0 0 1 0 0 0 0 0 0 0 0 1 0 0 0 0 0 1 1 0 0 0 0 0 0 1 0 0 1 0 0 1 0 
1 1 0 0 0 0 1 0 1 1 0 1 0 1 0 0 0 0 0 1 0 0 0 0 0 0 0 0 0 0 0 1 0 1 0 1 1 0 0 1 0 0 0 0 0 0 1 1 0 0 1 1 0 1 0 0 1 0 0 0 0 0 0 0 0 0 0 0 1 0 
0 0 0 1 0 0 0 0 0 0 0 0 0 1 0 1 0 0 0 1 0 0 0 1 0 0 0 0 0 0 0 0 0 1 0 0 0 0 0 0 0 0 0 0 0 0 0 1 0 1 0 1 0 0 0 0 0 0 0 0 0 0 0 0 0 0 1 0 0 0 
0 0 1 0 0 0 0 0 1 0 0 0 0 0 0 0 1 1 1 0 0 0 0 0 0 0 0 0 0 0 0 1 0 0 0 0 0 0 0 1 1 0 0 0 0 0 0 0 0 0 0 0 0 0 0 0 0 0 1 0 1 0 0 0 0 0 1 0 1 0 
0 1 1 1 1 0 0 0 0 0 1 0 0 0 0 0 0 0 0 0 0 0 0 1 0 0 1 1 0 0 0 1 0 0 0 0 0 0 0 0 0 1 0 1 0 1 0 0 0 0 0 0 1 1 1 0 0 0 0 0 0 0 0 0 0 0 1 0 0 0 
1 1 0 0 0 0 0 0 0 1 0 0 1 0 0 0 0 0 0 0 0 0 0 0 0 1 0 0 1 1 0 0 0 0 1 0 0 0 0 0 0 0 1 0 0 0 1 0 0 0 0 1 0 0 0 1 1 0 0 0 0 0 0 1 0 0 1 0 0 0 
0 1 0 0 0 0 1 0 0 0 1 1 0 0 0 0 0 0 0 0 0 0 0 0 1 0 0 0 0 0 0 0 0 0 1 0 0 0 1 1 0 0 1 0 0 1 0 0 0 0 0 0 1 0 0 0 0 0 1 1 0 0 0 1 1 1 0 1 0 0 
0 0 1 1 1 0 0 0 0 0 0 0 0 1 0 0 0 0 1 0 1 0 0 0 1 0 0 0 0 0 0 0 0 1 0 0 0 0 0 0 0 0 1 0 0 0 0 0 0 0 0 0 0 1 0 0 0 0 0 1 0 0 0 1 0 0 1 0 0 0 
0 1 1 0 1 1 0 0 0 0 0 0 0 0 1 0 1 0 0 0 0 0 1 1 0 0 0 0 0 0 1 0 0 0 0 1 1 1 0 1 0 1 0 0 0 0 1 0 0 1 1 0 0 0 0 0 0 0 0 0 0 1 0 0 1 0 0 0 0 0 
0 0 0 0 0 0 1 0 0 0 0 0 1 0 0 1 1 0 0 0 0 1 0 0 0 0 1 0 0 0 0 0 1 0 0 0 0 0 1 0 0 0 0 0 0 0 0 0 0 0 0 0 0 0 0 0 1 1 0 0 0 0 0 0 0 0 0 0 0 0 
0 1 1 0 1 0 1 0 0 0 1 0 0 0 0 0 0 0 0 0 1 0 0 0 0 1 0 0 0 0 1 0 0 0 0 0 0 0 0 0 0 0 0 0 0 0 0 0 0 0 0 0 0 0 0 0 0 0 0 0 0 0 0 0 0 0 1 0 0 0 
0 0 0 0 0 0 0 0 1 1 0 0 0 1 0 0 1 0 0 0 1 0 0 0 0 0 0 0 0 0 0 0 1 0 0 0 0 0 0 0 0 0 0 1 0 0 0 0 0 0 0 0 0 0 0 1 0 0 0 0 0 1 0 0 0 1 1 1 0 0 
0 0 0 0 0 0 0 1 0 0 0 0 0 0 0 0 0 0 0 0 0 1 0 0 0 0 0 0 0 1 0 0 1 0 0 0 1 1 1 0 0 0 0 0 0 0 0 0 0 0 0 0 0 0 0 0 0 0 0 0 0 0 1 1 0 0 1 0 0 0 
1 0 0 0 0 0 0 0 0 0 0 0 1 0 1 1 0 0 0 0 0 1 0 0 0 0 0 0 1 0 0 0 0 0 0 1 1 0 0 1 0 0 0 0 0 0 0 0 0 0 0 0 0 1 0 0 0 0 1 0 0 1 0 0 0 0 1 0 0 0 
0 0 0 0 0 0 0 0 0 0 0 0 0 0 1 0 0 0 0 0 0 0 0 0 1 0 1 0 0 0 0 1 0 1 0 0 0 0 0 0 0 0 0 0 0 0 0 0 0 1 0 0 0 0 0 0 0 0 0 0 1 0 0 0 0 0 0 0 0 0 
0 0 0 0 0 0 1 0 0 1 0 0 1 0 0 0 0 1 0 1 1 0 0 0 0 0 0 0 0 0 1 0 0 0 0 0 1 0 1 0 0 0 0 1 0 0 0 0 0 0 0 0 0 0 0 0 1 0 0 0 0 0 0 1 0 1 1 0 0 0 
0 0 1 1 0 0 1 0 1 0 0 0 1 0 0 1 0 0 0 0 0 0 0 0 0 1 0 1 1 0 0 0 0 0 0 0 0 0 1 0 0 1 1 1 1 0 0 0 0 0 0 0 0 0 1 0 0 0 0 0 1 1 1 0 0 0 0 0 0 0 
0 1 0 1 1 0 1 0 0 0 0 0 0 0 1 0 0 1 1 0 0 0 0 1 0 0 0 0 0 0 1 0 0 0 0 0 1 0 1 0 0 0 0 0 0 1 0 0 1 0 0 0 0 0 0 0 0 0 0 0 0 0 0 0 0 0 0 1 1 0 
1 0 0 1 1 0 0 0 0 0 0 0 0 0 0 0 0 0 0 0 0 1 1 0 0 0 0 0 0 0 0 0 0 0 0 0 0 0 0 0 0 0 0 0 0 0 0 0 0 0 0 1 0 1 0 0 0 0 0 0 0 0 0 0 1 0 1 0 0 0 
1 0 1 0 0 0 0 1 0 1 0 1 0 0 1 0 0 1 0 0 0 0 0 0 1 0 0 0 0 1 0 0 0 0 0 0 1 0 1 0 1 0 0 0 0 0 1 0 0 0 0 0 0 0 0 0 1 0 0 0 0 0 0 0 0 0 1 0 1 0 
1 0 1 1 0 0 0 1 0 0 0 0 0 0 1 1 0 1 0 0 0 0 0 0 1 0 0 0 1 1 0 1 0 1 0 1 0 0 0 0 1 0 0 0 0 0 0 0 0 0 1 0 0 0 0 0 0 0 0 0 0 0 0 1 0 0 0 0 0 0 
0 1 1 0 0 0 0 0 0 0 0 0 1 0 0 0 0 0 0 0 0 0 0 0 1 0 0 0 1 0 0 0 0 0 0 0 0 0 1 0 0 1 0 0 0 0 0 0 0 0 0 0 0 0 1 0 0 0 1 0 1 1 0 0 0 1 0 0 0 0 
0 1 0 0 0 0 0 0 0 0 0 0 0 0 0 0 0 0 0 0 0 0 1 0 0 1 0 0 1 0 0 1 1 1 0 1 0 1 0 0 1 0 0 0 0 1 0 0 0 1 0 0 1 0 0 0 0 1 0 1 0 0 0 0 0 0 1 0 0 0 
0 0 1 0 0 0 1 0 0 0 0 0 0 1 0 0 1 1 0 1 0 0 1 0 1 0 0 0 0 1 0 0 0 0 0 0 0 0 0 0 1 0 0 0 0 0 0 0 0 0 0 0 1 1 0 0 0 0 1 1 0 0 1 0 0 0 0 0 0 0 
0 0 0 0 1 0 0 0 0 1 0 0 0 0 0 1 0 0 0 1 0 0 0 0 0 0 0 0 0 0 0 0 0 0 0 1 1 0 1 1 0 1 1 0 0 0 1 0 0 0 1 0 0 1 0 0 0 0 1 0 0 1 0 1 0 0 0 1 1 0 
0 1 0 0 0 1 0 0 0 1 0 0 0 1 1 0 0 0 0 0 1 0 0 0 1 0 0 0 0 0 0 0 1 0 0 0 0 1 0 0 1 0 0 0 0 0 0 0 1 0 0 0 0 0 0 1 0 0 0 0 0 0 0 0 0 0 0 0 0 1 
0 0 1 0 0 0 1 0 0 0 0 0 0 0 0 0 0 0 0 0 0 1 1 1 0 0 0 0 0 0 0 0 1 0 0 0 0 0 0 0 1 0 0 0 1 0 0 0 1 0 0 0 0 0 0 0 1 0 1 1 0 1 0 0 0 1 1 1 0 1 
0 0 0 1 0 0 1 0 0 0 1 0 1 0 0 0 0 0 0 0 1 0 0 0 0 0 0 1 0 0 0 1 1 0 0 0 0 0 0 0 0 0 0 0 0 0 0 0 1 1 0 0 0 1 1 1 0 1 0 1 0 1 0 0 1 1 1 0 0 0 
0 0 0 0 0 0 0 0 0 0 1 0 0 0 0 0 0 0 0 0 0 0 0 0 0 0 0 0 0 0 0 0 1 0 0 0 0 0 0 0 0 0 1 0 0 0 0 0 0 0 0 0 0 0 0 0 0 0 0 0 0 0 0 0 0 1 0 0 0 0 
0 0 0 0 0 0 1 1 0 0 0 0 0 0 0 1 0 0 0 0 1 0 1 0 0 0 0 0 0 0 0 0 0 1 0 0 0 0 1 0 0 0 0 0 0 0 0 1 0 0 0 0 0 0 0 1 0 0 0 0 0 0 0 0 0 1 0 0 0 0 
0 0 0 0 0 0 0 0 1 1 0 0 0 0 1 0 0 1 0 0 0 1 0 0 1 0 0 0 0 0 0 0 0 0 0 1 0 0 0 0 1 0 0 0 0 0 0 0 0 0 0 0 0 0 0 1 0 1 0 1 1 0 0 0 0 0 0 0 1 0 
0 0 1 0 0 0 0 0 0 0 0 0 0 0 0 0 0 1 1 0 0 0 0 0 0 0 0 0 0 0 0 0 0 0 0 0 0 0 0 0 0 0 0 0 0 1 0 0 0 0 0 0 0 0 0 0 1 0 1 0 0 0 1 0 0 1 0 0 0 0 
0 0 0 0 1 1 0 0 0 0 0 0 0 0 0 0 1 0 0 0 0 0 0 0 0 0 0 0 0 0 0 0 0 1 0 0 0 0 0 0 0 1 1 1 0 0 0 0 0 0 0 0 1 0 1 1 1 1 0 0 0 0 1 0 0 1 0 1 0 0 
0 0 0 1 1 0 0 0 0 0 0 0 0 0 0 0 0 0 1 0 0 0 0 0 1 0 0 0 0 0 1 0 0 0 0 0 0 0 1 0 0 0 0 1 0 0 0 0 0 0 1 0 1 0 1 0 0 0 0 0 0 0 1 1 0 0 1 0 0 0 
0 0 0 0 0 0 1 0 1 0 1 1 0 0 0 0 0 1 0 0 0 0 0 0 1 0 0 0 0 0 0 0 0 0 0 0 1 0 0 0 1 0 0 0 0 0 0 0 0 1 0 0 0 0 0 0 1 0 1 0 0 0 0 0 0 1 1 1 0 0 
0 0 0 0 0 1 0 0 0 0 0 1 0 1 1 0 0 1 1 0 0 1 0 0 0 0 0 0 0 0 0 0 0 0 1 0 0 0 0 0 0 0 0 0 0 0 0 0 0 0 0 0 0 1 0 1 0 0 0 0 1 0 0 1 0 0 0 0 0 0 
0 0 1 0 0 0 0 0 0 0 1 0 0 0 0 0 0 0 0 0 1 0 1 0 0 0 0 0 0 0 0 0 0 0 0 0 0 0 1 1 0 0 0 0 0 0 0 0 1 1 0 0 0 0 0 0 0 0 0 0 0 0 0 0 0 1 0 0 0 0 
1 0 0 0 0 0 1 0 1 0 1 0 0 0 0 0 0 1 0 0 1 0 0 1 0 0 0 0 0 1 0 0 0 0 1 0 0 0 0 1 1 0 0 1 0 0 0 0 0 0 0 1 0 0 0 0 0 1 0 0 0 0 0 0 0 0 0 1 0 0 
0 0 0 0 0 1 0 0 0 0 1 0 1 1 0 0 1 0 0 0 1 0 0 0 0 0 0 0 0 0 0 0 1 0 0 0 0 1 0 0 0 0 0 1 0 0 0 0 1 1 0 0 0 0 0 0 0 0 1 0 0 0 0 1 0 0 0 0 0 0 
0 0 1 0 0 0 1 0 0 1 0 0 0 0 0 0 1 0 0 0 0 1 0 0 0 0 0 1 0 0 0 0 0 0 0 0 0 0 0 0 0 1 0 1 0 1 1 0 1 0 0 1 0 0 0 0 0 1 0 0 0 0 0 0 1 1 0 0 0 1 
0 0 0 0 0 0 1 0 0 0 0 0 0 0 0 0 0 1 0 0 0 1 0 0 0 1 0 0 0 0 0 1 0 0 0 1 0 0 0 0 0 0 1 0 0 0 0 1 1 0 1 0 0 0 0 0 0 0 0 0 1 0 1 0 0 1 0 0 0 0 
0 0 0 0 0 0 0 1 0 0 0 0 0 1 0 1 0 0 0 0 0 0 0 0 0 1 0 0 0 0 0 0 0 0 0 0 0 0 1 0 0 0 0 1 0 0 1 0 1 0 0 0 0 1 0 1 0 0 1 1 0 0 0 0 0 1 0 0 1 0 
1 0 0 0 0 0 0 0 0 0 0 1 0 0 1 0 0 0 0 1 0 0 1 0 0 0 0 0 0 1 0 0 0 0 0 0 0 1 0 1 1 0 1 0 0 0 0 1 0 0 1 0 0 0 1 0 0 1 0 0 0 1 0 0 1 0 0 0 0 0 
0 0 1 1 0 0 1 1 0 0 0 0 0 1 0 0 0 0 0 0 0 0 1 1 0 0 0 0 0 0 0 0 0 0 0 0 0 0 1 1 0 0 1 1 0 0 1 0 0 0 0 0 0 0 0 0 0 1 0 0 0 0 1 0 1 0 1 0 0 0 
0 0 1 1 0 0 0 0 0 0 0 0 1 0 0 0 0 0 0 1 0 0 0 0 0 0 0 0 0 0 1 0 1 0 0 0 0 1 0 0 0 0 0 0 0 0 1 0 0 0 0 1 0 0 0 0 1 0 0 0 0 0 0 0 0 0 0 0 1 0 
0 0 0 0 0 0 1 0 1 0 0 0 0 0 0 0 0 0 0 0 0 0 0 0 1 0 0 1 0 1 0 0 1 0 0 0 0 1 0 0 1 0 1 1 0 0 0 0 0 0 0 0 0 0 0 0 0 0 1 0 0 0 0 0 0 0 0 0 0 0 
1 0 1 1 0 0 1 0 0 1 0 0 1 1 0 0 1 0 0 0 0 0 0 0 0 0 0 0 1 0 0 0 1 0 0 0 0 0 0 1 0 0 0 0 0 0 0 1 1 1 0 0 0 0 0 0 1 0 0 1 0 0 0 0 0 1 0 0 0 0 
0 0 0 0 1 0 0 0 0 0 0 0 0 0 0 0 0 0 0 0 0 1 1 1 0 0 0 0 1 0 0 1 0 0 0 0 1 0 0 0 1 0 0 0 0 0 0 0 0 1 0 1 0 0 1 0 0 0 0 0 0 0 0 0 0 0 0 0 1 0 
0 1 0 0 0 0 0 0 0 0 0 0 0 0 0 0 0 0 0 0 0 0 1 0 1 0 0 0 0 0 0 0 0 0 1 0 0 0 0 0 0 0 0 1 0 0 0 0 0 0 0 0 0 0 0 1 0 0 1 1 0 0 0 0 0 0 0 0 0 0 
1 0 0 1 0 0 1 1 1 0 0 1 1 0 0 0 1 0 0 0 0 0 1 0 0 0 0 1 0 0 0 1 0 0 0 0 0 1 0 0 0 0 1 1 1 1 0 1 1 0 1 0 1 0 0 1 1 1 0 0 0 0 1 0 0 0 0 0 0 0 
0 0 0 0 0 1 0 0 0 0 1 0 0 0 0 1 0 0 1 1 1 1 0 1 0 0 1 1 1 1 0 1 0 0 1 1 0 0 1 0 0 0 1 1 0 0 0 0 0 1 1 0 0 0 0 0 0 0 0 1 0 0 0 0 0 0 0 0 0 0 
0 0 1 0 0 0 0 0 0 0 0 0 0 1 0 0 0 0 0 0 0 0 1 0 0 0 0 1 0 0 0 0 0 1 0 0 0 0 0 0 1 0 1 0 0 0 0 0 1 0 1 0 0 1 0 0 0 0 0 0 0 0 0 0 0 0 0 0 0 0 
0 0 0 0 0 0 0 1 0 0 0 1 0 1 0 0 1 1 0 1 0 0 0 0 0 0 0 0 0 0 0 0 0 1 0 1 0 0 0 0 1 0 0 0 0 0 1 0 0 0 0 0 0 0 0 0 0 1 0 0 1 0 0 1 0 0 0 0 0 1 
0 0 0 1 0 0 0 0 1 0 0 0 0 0 0 0 0 0 0 0 0 0 0 0 0 0 0 0 0 0 0 0 0 0 0 0 0 0 0 0 0 1 1 0 0 0 0 0 0 0 0 0 0 0 0 1 0 0 0 0 0 0 0 0 0 0 0 0 1 0 

0 13 0 0 0 0 17 17 0 0 0 0 0 0 0 0 0 0 0 0 0 0 0 0 0 0 0 0 0 0 16 0 0 0 0 0 0 0 0 0 0 0 12 7 7 0 0 6 0 0 0 0 0 0 16 0 0 0 0 0 0 0 7 0 0 0 0 0 0 0 
0 0 3 0 0 0 0 0 0 9 0 0 0 0 0 0 0 16 0 0 0 0 19 0 0 0 0 0 0 5 18 0 14 0 0 0 13 0 0 0 5 0 0 0 0 0 0 0 0 0 0 0 0 0 0 0 0 2 0 0 0 0 0 19 0 0 0 8 0 0 
0 6 0 7 5 0 0 0 2 4 17 0 0 0 15 3 0 18 0 14 0 2 0 0 0 7 10 0 11 0 0 0 0 0 5 0 0 9 0 0 0 0 0 0 0 0 0 17 15 0 0 0 0 9 2 0 0 0 9 4 10 0 0 0 0 9 0 0 0 17 
0 0 0 0 0 0 0 13 0 0 5 0 0 13 0 0 1 0 14 0 0 13 0 0 0 0 0 0 3 0 0 0 0 0 0 0 0 0 0 13 0 16 0 17 0 0 0 0 0 0 0 0 0 1 0 0 3 0 0 0 0 0 0 0 5 0 2 10 0 11 
18 18 12 0 0 15 0 0 0 0 0 0 0 6 0 0 0 0 0 0 13 0 0 15 0 0 0 0 0 0 17 0 0 0 0 0 0 0 0 0 0 0 0 6 0 0 0 4 0 14 0 0 0 0 7 18 0 0 0 0 0 0 0 0 0 0 0 0 0 8 
0 0 2 0 0 0 0 0 11 0 0 0 0 2 0 0 0 0 0 0 0 0 6 4 0 1 13 0 0 0 15 11 0 0 17 0 9 0 0 0 0 13 0 0 0 0 0 0 0 0 0 1 0 0 0 0 0 10 0 0 0 0 0 0 17 0 0 0 0 0 
0 13 0 0 12 0 0 0 0 0 0 0 0 0 13 0 3 0 0 0 0 2 0 0 0 0 0 0 0 0 0 7 0 0 3 11 12 0 0 18 0 0 0 0 0 2 2 0 0 19 0 0 0 0 4 0 0 13 4 0 0 0 6 0 0 0 0 0 0 0 
9 3 0 0 0 4 0 0 0 0 2 0 0 13 0 0 0 6 0 0 0 0 0 0 0 0 8 0 19 0 0 0 17 0 0 0 0 11 0 4 0 0 0 0 0 0 3 0 4 0 18 0 0 0 0 0 0 0 0 0 0 0 0 0 0 0 3 0 0 7 
2 0 14 0 0 0 0 0 0 0 3 0 0 15 0 0 16 0 0 17 0 0 0 0 0 0 0 0 0 0 5 0 0 0 15 0 6 0 4 0 0 0 10 0 0 0 0 0 0 0 0 0 0 0 0 0 0 0 0 12 0 0 10 0 0 0 0 0 0 0 
0 0 0 0 0 0 0 0 0 0 8 0 0 0 0 1 4 0 0 0 0 0 0 0 11 0 15 0 0 0 0 0 0 0 0 0 0 0 0 0 0 2 0 0 3 0 0 11 0 0 0 0 0 12 14 0 10 0 0 0 0 9 0 0 0 10 0 0 0 0 
0 0 0 0 0 3 0 0 0 0 0 0 0 0 0 0 0 0 0 0 0 0 0 1 0 10 0 0 0 0 0 0 0 0 0 0 0 10 14 0 1 0 0 0 15 0 0 0 0 0 8 0 11 0 0 0 0 2 0 0 0 0 0 0 0 0 2 0 0 0 
0 0 0 0 6 0 0 12 11 0 0 0 0 0 17 0 2 0 6 0 0 0 0 10 3 0 0 19 0 0 0 11 18 19 0 0 0 0 0 0 0 0 0 0 16 0 15 5 0 0 0 18 0 0 0 0 6 0 0 0 0 0 15 7 0 0 0 2 11 0 
0 19 0 0 0 0 5 0 0 0 0 0 0 18 0 0 0 0 0 5 7 0 5 0 0 0 9 8 0 0 0 0 0 0 2 18 18 0 0 0 0 0 0 0 0 0 0 19 0 1 0 0 0 0 16 0 0 0 0 0 0 13 0 0 0 0 0 0 0 0 
0 0 0 0 0 19 0 0 0 0 0 0 0 0 0 15 9 0 0 0 0 0 0 0 0 12 0 0 0 0 0 0 0 0 0 0 0 0 0 0 14 0 0 12 0 0 0 16 0 0 0 13 0 0 0 0 0 0 0 0 0 0 0 0 0 0 0 0 0 0 
0 17 0 0 0 0 0 0 0 0 0 0 0 0 0 9 0 0 0 0 0 0 0 0 3 8 0 0 0 9 0 0 0 0 0 0 0 0 20 0 0 0 0 0 0 0 0 0 0 0 0 0 0 0 0 0 0 0 0 0 0 0 0 4 0 0 0 11 0 0 
19 0 0 10 0 18 0 0 3 0 0 0 0 0 0 0 19 0 0 0 0 16 0 0 0 0 0 0 0 10 0 0 0 0 0 15 13 10 0 13 13 0 0 0 11 0 0 0 0 16 0 0 0 5 0 0 0 0 0 0 0 0 6 0 0 0 0 20 0 0 
0 0 12 0 0 0 16 0 0 0 11 0 0 0 0 16 0 12 17 0 0 0 0 0 0 0 0 14 0 0 0 0 0 15 3 0 0 0 0 0 0 0 0 0 0 0 0 0 0 0 0 0 13 0 0 17 15 11 0 0 0 0 0 0 0 0 0 0 0 10 
0 0 15 0 7 0 0 0 0 0 0 0 0 0 0 13 0 0 8 0 0 0 0 0 13 0 0 0 0 0 0 10 0 0 0 0 0 0 0 0 0 13 0 5 0 17 0 0 0 0 5 0 0 0 19 15 0 0 0 17 0 0 0 0 0 0 0 0 0 0 
0 0 19 0 0 0 12 0 0 0 0 0 0 0 0 0 0 0 0 0 0 0 0 0 0 0 0 0 0 0 0 0 13 0 0 0 0 0 0 0 1 10 0 0 0 0 0 0 0 0 0 0 0 0 0 0 0 0 0 0 10 0 0 0 0 0 5 2 0 0 
0 0 0 0 0 0 0 0 0 13 19 0 0 0 0 0 0 0 0 0 0 18 0 18 0 0 8 0 0 0 18 0 0 0 0 0 0 12 0 1 0 0 0 0 0 0 0 0 0 0 0 0 0 0 0 0 12 0 0 12 0 7 0 5 0 0 0 1 0 16 
9 0 0 2 7 0 8 0 0 4 0 0 0 0 0 6 0 0 0 15 0 0 0 6 0 0 0 0 0 0 0 0 0 0 0 0 4 0 8 0 0 17 0 0 0 0 0 0 0 0 0 0 14 0 0 0 0 0 0 0 0 0 0 0 0 0 12 0 0 0 
2 0 0 0 0 18 0 0 9 0 0 0 0 0 0 15 0 0 0 0 0 0 0 0 0 0 0 14 0 0 0 0 0 0 0 0 0 0 0 2 0 0 0 14 0 0 0 3 0 0 0 0 0 0 0 0 0 0 0 0 0 0 0 0 0 0 0 0 0 0 
2 19 20 0 0 0 0 0 0 0 0 4 0 0 0 0 0 0 0 0 0 0 0 0 0 0 0 0 0 0 0 16 0 0 0 0 5 0 2 0 0 0 0 0 0 18 0 6 0 0 0 0 0 0 0 0 0 1 4 0 0 0 0 4 0 0 0 0 2 15 
15 0 0 0 0 9 0 0 0 0 0 17 0 10 0 2 4 0 0 0 0 0 0 0 0 0 0 0 0 0 0 0 0 0 0 0 0 0 0 19 0 0 0 0 0 0 0 0 0 0 0 5 0 11 0 0 0 0 16 0 0 0 0 0 9 6 0 6 0 0 
0 0 15 0 15 0 5 0 17 0 0 0 0 2 0 0 0 0 0 11 0 0 9 7 0 0 0 0 0 17 0 0 6 0 0 0 16 0 12 0 0 0 0 0 0 9 0 0 0 0 0 9 1 0 0 0 0 0 0 0 0 0 0 0 0 0 0 0 14 0 
0 0 3 0 0 0 0 0 0 0 0 11 15 15 0 0 0 0 0 0 0 0 2 0 0 0 0 4 0 0 0 15 0 0 0 0 0 0 0 13 0 12 0 0 0 0 0 0 0 0 0 0 0 0 9 0 0 1 0 0 0 3 10 0 0 0 0 15 0 0 
0 0 15 0 0 11 0 0 0 0 0 0 0 0 0 0 4 0 0 0 0 6 0 0 0 4 0 0 0 0 0 0 2 0 6 0 0 0 0 0 0 0 0 8 0 16 0 0 0 0 5 0 8 0 0 0 0 0 12 0 0 5 0 0 0 0 0 0 0 0 
0 0 0 3 0 0 0 0 0 0 0 18 0 8 10 0 0 0 0 0 0 0 0 0 17 0 0 0 0 0 0 0 4 0 0 0 17 0 0 0 0 0 18 8 0 0 0 0 0 0 19 0 0 6 2 0 0 2 0 0 0 0 0 12 0 16 0 0 15 1 
0 0 0 0 13 0 0 19 0 6 0 0 0 17 0 0 4 0 0 2 19 0 0 0 0 0 8 0 0 0 0 0 0 0 0 0 0 0 0 0 0 0 0 0 0 0 0 0 0 0 0 0 0 0 0 0 0 9 0 16 0 0 0 0 0 0 0 0 0 0 
0 2 0 0 0 0 14 14 0 0 10 0 0 0 0 14 11 0 0 8 0 0 3 0 0 8 0 0 0 0 0 0 0 0 4 0 0 0 0 20 0 0 2 0 0 0 0 0 0 0 0 0 0 0 0 0 0 0 0 0 0 0 0 0 13 0 0 0 0 0 
0 0 0 0 0 0 0 0 0 0 0 0 0 8 0 9 18 0 9 0 0 16 0 0 0 0 0 12 4 0 0 0 0 0 0 0 0 18 0 0 0 0 2 10 0 0 0 0 0 7 0 0 0 0 0 0 0 0 0 0 14 0 0 0 0 17 0 0 0 0 
0 0 0 0 0 16 0 0 11 0 0 0 0 0 0 0 0 0 0 0 0 0 0 0 0 0 0 0 0 0 0 0 0 0 0 8 18 0 0 0 0 1 0 0 0 0 9 0 13 0 0 2 0 12 0 0 0 0 0 0 0 0 12 0 0 0 0 0 0 0 
9 0 0 13 0 0 0 19 0 0 0 0 20 0 0 17 16 0 0 6 0 0 0 0 0 11 0 0 0 7 15 0 0 0 0 0 0 0 0 0 0 0 0 0 0 15 0 0 0 0 0 0 0 0 2 0 0 3 0 0 0 18 0 0 0 0 0 3 0 0 
0 0 0 0 0 0 0 0 0 0 3 0 0 0 0 0 0 0 0 19 0 4 0 0 0 17 0 0 0 0 0 0 0 0 0 0 0 12 0 13 0 17 0 3 0 0 5 0 0 0 0 0 0 0 0 0 0 0 0 0 0 18 0 0 0 0 0 0 0 0 
0 0 0 0 0 0 0 0 0 0 0 0 0 0 0 0 0 0 0 0 0 0 0 0 0 13 10 18 0 0 6 0 0 0 0 16 0 0 0 11 5 0 0 0 0 0 0 0 0 0 0 15 0 0 0 0 0 0 0 17 0 0 0 0 0 12 0 17 0 0 
0 0 0 0 10 0 13 0 0 0 0 0 0 0 0 0 12 0 0 0 0 0 0 0 0 0 0 0 0 0 0 0 0 1 0 0 4 0 13 0 5 0 0 0 0 9 0 0 0 0 4 2 0 18 8 0 0 13 0 0 0 0 0 16 0 0 0 0 0 0 
0 2 0 0 0 0 0 4 0 0 0 0 13 0 0 0 0 11 9 0 0 0 0 11 0 0 0 0 5 13 0 3 0 18 2 0 0 0 0 0 0 0 6 0 0 0 0 0 10 0 0 6 0 0 0 10 0 0 0 0 0 0 0 0 0 0 0 0 6 0 
0 0 0 15 0 3 0 0 0 0 0 0 0 0 0 0 15 0 0 16 0 0 0 4 0 0 13 0 0 0 0 0 0 0 0 0 0 0 0 0 0 0 0 17 8 14 0 0 14 0 0 0 0 0 0 0 0 19 0 0 1 0 1 0 0 0 0 5 0 0 
0 3 0 0 0 0 16 0 0 0 0 1 0 0 0 0 0 5 0 0 0 0 0 0 0 0 0 0 0 6 0 16 0 0 0 0 0 10 0 14 5 14 0 0 0 0 0 0 0 0 0 0 2 0 0 0 0 20 0 0 0 5 0 13 0 0 0 0 0 16 
0 0 0 7 0 0 0 0 0 0 0 0 15 0 0 0 0 12 0 15 0 0 0 3 0 0 0 0 0 0 0 0 0 0 0 0 7 0 0 0 0 6 0 0 0 0 0 0 7 0 0 18 0 0 12 1 0 0 0 0 8 4 0 2 12 11 0 0 16 12 
0 0 0 0 0 0 0 0 0 0 0 7 0 0 13 0 0 0 0 15 0 0 0 0 0 0 0 0 0 0 0 0 4 0 0 0 10 18 0 4 0 13 0 0 0 6 0 9 0 0 0 0 0 0 0 16 0 0 0 20 0 0 0 0 0 0 0 18 0 1 
0 0 0 0 0 0 0 0 15 0 0 0 0 12 0 0 11 0 17 0 4 0 3 0 0 0 1 0 0 0 0 0 0 0 12 0 0 0 0 0 0 0 0 0 0 0 0 0 0 16 12 0 0 14 12 17 12 0 0 0 8 5 0 19 0 0 0 0 6 15 
0 0 0 0 0 0 0 0 0 0 0 0 0 0 0 0 0 0 0 0 7 0 0 0 0 0 19 0 0 0 0 0 0 16 0 0 0 0 0 0 0 0 0 0 11 10 0 0 9 0 0 0 0 0 0 0 0 0 0 0 0 0 0 0 2 0 1 0 0 5 
0 0 0 15 0 0 0 9 0 0 19 0 0 5 10 0 0 0 0 0 0 0 0 0 0 12 0 0 0 0 0 0 10 0 0 0 0 0 19 0 0 0 3 0 0 0 0 13 11 19 0 3 15 0 0 0 0 0 12 0 0 0 0 0 0 0 3 6 0 0 
13 0 3 0 0 0 15 12 0 0 0 0 0 0 0 0 3 12 8 0 0 0 5 0 0 0 0 8 0 0 0 13 0 0 16 3 0 0 0 0 0 0 0 0 0 0 0 0 0 9 0 0 2 0 0 0 0 0 0 15 0 0 0 0 0 0 0 0 0 0 
0 0 0 0 14 0 0 0 0 8 0 0 3 0 10 0 0 0 12 0 0 20 0 12 0 0 0 16 8 0 0 0 0 0 0 0 0 0 0 1 0 0 0 0 2 0 0 0 0 0 0 0 0 0 0 0 12 0 0 0 0 0 0 0 0 0 0 0 0 0 
0 0 0 0 0 0 0 0 0 4 0 0 0 0 0 0 0 0 14 0 0 0 0 0 18 0 0 0 3 0 0 0 3 0 0 0 0 3 0 0 0 6 14 1 0 0 0 0 0 18 0 0 0 0 0 4 0 0 0 0 0 13 0 19 0 0 0 0 13 0 
0 19 0 0 0 16 3 15 0 0 0 0 0 0 0 0 0 0 0 0 0 12 0 0 0 0 0 0 0 0 0 0 0 0 0 0 0 0 0 0 0 0 0 0 0 7 0 0 0 0 0 3 0 0 0 0 0 16 0 0 0 0 0 0 3 0 15 0 5 0 
14 0 0 0 0 0 0 0 0 13 3 5 0 0 7 0 0 18 6 0 0 0 0 6 0 0 0 0 14 0 0 0 0 0 0 0 0 2 0 0 0 0 0 0 0 0 3 0 0 0 0 0 0 0 0 0 0 14 8 0 0 0 0 0 0 0 15 0 0 0 
0 0 0 16 0 0 0 0 0 17 6 0 0 0 0 0 0 0 0 0 0 0 0 0 0 17 1 0 0 13 0 0 0 11 0 0 7 0 0 0 9 0 0 0 0 0 0 0 0 0 0 14 0 0 0 0 0 2 0 0 0 0 0 0 0 0 0 0 8 0 
2 0 0 6 0 12 0 16 3 0 0 0 0 0 0 0 0 0 18 0 0 0 8 4 0 0 0 0 0 0 19 0 6 0 0 0 0 15 0 0 0 0 0 0 0 0 2 0 19 0 0 0 0 0 0 0 0 0 0 0 16 0 0 0 0 0 0 12 0 0 
0 0 0 0 0 12 12 0 0 0 0 0 0 6 0 0 0 1 0 0 0 0 9 0 0 0 0 3 0 2 0 0 0 0 0 0 0 10 0 0 0 0 0 16 0 0 0 0 0 0 0 0 0 0 0 0 0 15 0 0 0 14 0 0 0 0 0 0 0 0 
0 0 0 8 2 0 0 0 0 0 5 0 0 0 0 0 4 20 0 0 0 0 0 0 0 0 0 0 0 0 0 16 0 0 0 18 8 0 0 0 0 0 0 0 0 4 0 7 18 0 0 10 0 0 0 0 0 0 8 0 0 1 0 0 0 10 9 14 0 10 
0 0 0 0 0 0 0 0 0 0 0 0 0 0 0 17 0 0 0 0 0 0 8 0 19 0 8 0 0 0 0 0 0 0 0 0 0 0 0 0 0 0 0 9 0 0 19 0 0 11 0 0 0 0 0 0 0 0 0 0 0 0 18 6 3 0 0 0 12 3 
14 0 0 0 5 0 0 0 0 0 0 0 18 0 0 19 0 0 3 0 0 1 0 0 0 0 0 0 0 0 15 0 6 0 0 0 0 0 17 0 0 0 0 0 0 0 0 3 0 0 1 17 8 0 0 0 0 0 15 9 0 19 0 0 0 0 0 0 0 0 
0 0 0 0 15 2 0 14 0 0 0 0 0 0 0 0 0 0 0 17 0 0 0 0 0 0 0 0 0 0 17 0 0 0 0 0 0 0 12 0 0 0 0 0 2 0 0 2 0 0 0 0 0 0 0 0 0 0 0 13 0 2 0 0 0 8 0 0 0 0 
0 3 0 0 0 0 2 0 0 0 0 0 5 0 0 0 9 0 0 6 8 18 0 4 0 0 0 0 20 0 0 13 0 0 0 8 0 0 0 10 20 0 0 16 0 0 0 0 0 0 0 0 13 0 0 4 0 16 0 0 0 0 0 0 0 0 16 0 0 0 
0 0 1 0 0 0 0 0 0 3 0 0 0 0 0 13 0 0 18 0 0 0 0 0 0 0 0 0 0 0 0 10 0 0 0 0 4 0 7 0 13 3 0 10 0 0 0 14 0 17 9 0 0 0 0 0 0 0 0 0 0 0 0 0 0 0 4 0 0 0 
0 0 0 11 0 0 0 1 2 0 0 0 0 0 12 0 0 0 19 0 0 0 5 0 0 11 0 12 0 0 0 0 0 0 0 0 0 10 0 1 0 0 16 0 0 0 0 0 0 0 19 11 0 0 0 0 0 0 0 0 0 0 2 0 0 0 0 0 0 0 
0 11 0 0 13 0 0 0 0 0 0 19 0 18 3 0 0 0 15 4 0 0 7 0 0 0 0 0 8 0 0 0 0 0 0 0 0 0 0 0 0 0 0 0 0 0 0 0 18 0 8 13 16 0 0 4 19 0 0 0 1 0 0 0 0 0 0 0 0 0 
0 0 13 19 0 5 0 0 0 0 0 0 0 0 0 0 0 1 0 2 0 0 0 14 0 0 0 0 18 0 0 0 0 0 0 0 0 10 3 0 0 0 0 0 6 0 0 0 0 0 0 0 0 0 0 0 0 0 5 0 0 0 0 0 0 0 0 0 0 0 
0 0 13 0 0 0 0 0 15 0 15 0 0 0 0 0 7 0 0 0 0 0 0 0 0 9 0 0 8 0 0 0 19 0 0 0 0 0 0 0 0 0 0 0 0 0 2 0 0 0 17 0 0 0 0 0 11 0 0 0 0 0 7 0 8 3 0 0 0 0 
0 0 0 0 0 0 0 0 0 0 5 0 11 0 15 0 0 0 0 0 0 0 0 0 0 7 0 0 0 0 0 0 0 0 0 6 6 0 0 0 0 0 0 0 0 0 0 0 0 0 0 1 1 0 18 0 0 0 13 0 0 0 0 17 8 0 0 0 0 0 
0 0 0 0 0 0 0 0 0 0 0 0 0 0 0 12 0 0 0 19 0 0 0 0 0 0 12 0 0 16 0 0 0 0 0 0 0 0 0 7 0 3 12 0 0 17 0 0 0 0 0 0 0 0 0 0 0 1 0 11 0 0 1 0 13 0 0 0 0 0 
2 0 0 0 0 8 13 0 0 0 0 0 4 11 0 0 0 14 0 0 0 0 0 0 0 3 0 0 19 1 0 12 0 0 0 2 0 0 0 0 0 14 0 0 0 0 2 0 0 0 0 0 0 0 7 19 0 7 6 0 0 0 0 0 0 0 0 0 0 4 
0 11 0 0 0 6 0 0 0 0 0 0 0 0 0 0 14 9 0 10 0 0 0 0 0 0 16 0 0 0 14 0 0 0 0 0 12 13 0 0 18 0 0 0 2 0 0 0 0 17 0 0 1 0 0 0 0 0 0 0 0 0 0 0 0 0 9 0 0 0 
0 0 1 18 0 17 7 0 0 0 0 0 13 0 0 0 2 0 0 0 17 13 0 0 0 0 0 0 0 0 0 5 10 0 0 0 0 0 0 0 0 17 18 0 0 0 0 0 0 0 0 17 10 0 0 0 0 0 0 7 0 0 0 0 15 18 0 2 0 1 
0 3 0 0 13 16 1 0 0 0 0 0 16 0 0 0 0 0 0 0 0 0 5 0 0 9 3 0 0 0 0 0 0 0 0 15 0 0 0 0 0 0 0 1 1 14 0 2 0 15 0 0 8 0 2 7 7 0 0 0 0 0 0 0 0 2 0 0 0 16 
0 0 0 0 0 0 0 0 0 0 0 0 0 0 0 0 0 0 3 0 0 0 0 0 0 0 0 12 0 0 0 0 0 0 0 0 0 0 0 0 0 4 0 0 0 0 0 0 1 0 0 0 0 0 4 0 18 17 12 9 0 0 0 0 0 0 3 0 0 0 
0 0 0 0 0 0 0 0 8 4 0 0 0 0 0 0 0 0 0 16 0 0 5 0 0 0 0 0 4 0 0 0 0 0 0 0 15 3 14 0 0 0 0 9 0 0 0 0 3 0 0 0 0 0 0 0 0 0 0 0 0 0 0 0 2 6 0 8 0 0 
