70

0 0 0 1 1 1 1 1 0 1 1 1 1 0 1 1 0 1 1 1 1 0 1 1 1 0 1 1 0 0 1 0 0 1 1 1 1 1 1 1 0 0 1 0 1 0 1 0 0 1 1 1 0 0 1 0 1 0 0 0 0 1 1 0 0 0 1 0 1 0 
0 0 0 0 0 0 1 1 1 0 1 0 0 1 1 0 0 0 1 1 1 0 1 1 0 1 1 0 0 0 1 0 0 1 0 0 0 1 0 1 0 1 0 0 0 0 0 0 1 1 0 1 0 0 1 1 1 0 0 0 0 0 1 0 1 1 1 1 0 1 
0 0 0 0 1 1 1 0 1 1 0 0 1 0 1 0 0 0 1 1 1 1 0 1 0 0 1 0 0 0 1 1 0 0 1 1 0 0 1 1 0 1 0 0 1 1 1 1 1 0 0 0 0 1 0 0 0 1 1 1 0 0 1 1 0 1 1 1 1 0 
1 0 0 0 1 0 1 1 0 1 0 0 0 0 1 0 0 1 1 1 1 0 1 0 0 0 1 0 1 1 0 1 0 0 0 1 1 1 1 0 1 0 1 1 0 0 0 0 0 0 1 0 0 1 0 1 0 1 0 1 1 0 0 1 0 1 0 1 0 0 
1 0 1 1 0 0 0 0 0 1 0 0 1 1 0 1 1 0 0 0 1 1 0 1 1 0 1 0 0 0 1 0 0 1 0 1 0 0 1 0 0 1 0 0 0 0 0 0 1 1 1 1 1 0 0 0 0 1 1 0 1 1 1 1 0 0 1 0 1 1 
1 0 1 0 0 0 0 0 0 0 1 0 0 0 1 0 0 0 1 1 1 1 1 1 0 1 0 0 0 1 0 1 0 1 1 1 0 0 1 1 0 1 1 0 1 1 1 1 1 1 1 1 0 0 0 1 1 1 1 0 1 0 1 0 0 0 1 0 1 0 
1 1 1 1 0 0 0 1 0 0 0 1 0 1 1 0 1 0 1 1 1 0 1 0 1 0 1 1 1 1 0 1 1 0 1 1 1 0 1 0 0 1 1 1 1 0 1 1 1 1 0 0 1 1 1 1 0 0 1 0 1 1 0 1 0 1 0 1 0 1 
1 1 0 1 0 0 1 0 1 0 1 1 0 0 1 0 1 1 0 1 0 0 0 1 0 0 0 1 0 0 1 0 1 0 1 1 0 1 1 1 0 1 1 1 1 1 0 1 1 0 1 1 1 1 1 0 1 1 1 1 0 1 1 1 0 1 0 0 0 0 
0 1 1 0 0 0 0 1 0 0 1 0 1 0 0 0 0 1 1 1 1 1 1 1 1 0 0 0 0 1 0 1 1 1 0 0 1 1 0 0 1 1 1 0 1 1 1 0 1 0 0 1 1 1 1 0 0 0 0 0 1 0 0 1 1 1 1 1 1 0 
1 0 1 1 1 0 0 0 0 0 0 1 1 1 1 0 1 0 0 0 1 0 1 1 0 0 0 1 0 1 0 0 0 1 1 0 1 0 1 1 0 0 1 1 1 1 0 0 1 1 1 1 1 1 1 1 0 1 1 1 0 0 0 0 0 0 0 1 0 1 
1 1 0 0 0 1 0 1 1 0 0 1 0 1 0 0 1 0 0 0 1 1 1 0 0 1 0 0 0 0 1 0 0 1 1 0 1 0 0 1 0 1 1 0 1 1 1 0 0 0 1 0 0 1 1 0 0 0 0 1 1 0 1 0 0 1 1 1 1 1 
1 0 0 0 0 0 1 1 0 1 1 0 0 1 1 0 1 1 0 0 0 1 0 1 0 0 0 0 1 1 1 0 0 0 0 0 1 0 0 0 0 0 1 1 0 1 1 1 1 0 0 1 1 1 0 1 0 0 0 0 0 1 0 0 1 0 1 1 0 0 
1 0 1 0 1 0 0 0 1 1 0 0 0 1 0 1 0 1 1 1 1 1 1 1 0 1 1 0 1 0 0 1 0 0 1 1 1 0 1 0 1 0 1 1 0 0 1 0 0 0 1 0 0 0 1 0 0 1 0 1 1 0 1 0 0 0 1 0 1 0 
0 1 0 0 1 0 1 0 0 1 1 1 1 0 0 1 1 1 0 0 1 1 1 0 1 0 1 1 1 0 0 0 1 1 0 1 1 0 1 1 0 0 0 1 0 1 1 1 0 1 0 0 1 1 1 0 0 1 1 1 1 1 0 0 1 1 1 0 1 1 
1 1 1 1 0 1 1 1 0 1 0 1 0 0 0 0 0 0 1 1 1 1 0 0 1 1 0 1 1 0 1 1 1 1 1 1 1 1 0 1 0 0 0 0 0 0 0 1 0 0 1 1 0 0 1 1 1 1 0 0 0 0 1 1 1 0 0 0 1 1 
1 0 0 0 1 0 0 0 0 0 0 0 1 1 0 0 0 1 1 0 0 0 0 0 0 1 0 1 1 1 0 1 0 1 1 1 0 0 1 0 0 1 1 1 0 1 1 0 1 0 1 0 1 0 1 0 0 1 0 1 0 0 0 1 1 0 1 1 0 0 
0 0 0 0 1 0 1 1 0 1 1 1 0 1 0 0 0 0 1 0 0 1 0 1 1 1 0 0 0 1 1 1 0 1 0 0 1 1 1 0 0 0 1 1 0 1 0 0 1 0 0 1 0 0 0 1 0 1 1 0 1 1 0 1 1 0 1 0 0 0 
1 0 0 1 0 0 0 1 1 0 0 1 1 1 0 1 0 0 1 0 0 0 0 1 0 0 1 1 0 0 0 1 1 0 0 1 1 0 1 1 1 0 0 0 0 0 0 0 0 1 0 0 1 0 1 0 1 1 0 0 1 1 1 1 1 1 1 0 1 0 
1 1 1 1 0 1 1 0 1 0 0 0 1 0 1 1 1 1 0 0 1 0 0 0 1 1 0 1 1 1 1 0 1 0 0 0 1 0 0 1 1 1 0 0 1 0 0 1 1 0 0 1 1 0 0 0 0 1 0 0 0 0 0 0 1 0 1 0 1 1 
1 1 1 1 0 1 1 1 1 0 0 0 1 0 1 0 0 0 0 0 1 0 0 0 0 0 0 1 1 1 0 1 1 0 1 1 0 1 0 1 1 1 0 0 0 1 1 1 0 0 1 1 0 1 0 1 1 0 1 1 1 1 1 0 1 0 1 1 1 1 
1 1 1 1 1 1 1 0 1 1 1 0 1 1 1 0 0 0 1 1 0 1 0 0 1 1 0 1 1 0 1 1 1 1 0 1 0 1 0 0 1 1 1 1 1 1 1 0 0 0 0 1 0 1 1 1 1 1 0 0 0 1 0 0 1 0 1 0 1 1 
0 0 1 0 1 1 0 0 1 0 1 1 1 1 1 0 1 0 0 0 1 0 1 1 0 0 1 1 1 1 1 0 0 0 0 0 0 0 0 1 1 0 0 1 1 0 0 1 0 0 1 1 1 1 1 1 0 1 0 1 0 1 1 1 1 1 1 0 1 0 
1 1 0 1 0 1 1 0 1 1 1 0 1 1 0 0 0 0 0 0 0 1 0 0 0 1 1 0 1 1 1 1 0 1 0 1 0 0 0 1 1 1 1 0 0 1 0 1 1 0 0 0 1 1 0 1 1 1 1 1 1 0 0 1 1 0 0 0 1 0 
1 1 1 0 1 1 0 1 1 1 0 1 1 0 0 0 1 1 0 0 0 1 0 0 1 1 0 0 1 0 1 0 1 1 0 0 1 0 1 1 1 0 1 0 1 0 0 1 1 1 0 1 0 0 1 0 0 0 1 1 1 0 1 0 1 1 0 0 0 0 
1 0 0 0 1 0 1 0 1 0 0 0 0 1 1 0 1 0 1 0 1 0 0 1 0 0 1 0 0 1 1 1 1 1 0 1 0 1 0 1 0 1 0 0 1 1 0 0 0 0 1 1 1 0 0 1 0 1 0 1 1 1 0 0 1 1 1 0 0 1 
0 1 0 0 0 1 0 0 0 0 1 0 1 0 1 1 1 0 1 0 1 0 1 1 0 0 1 1 0 1 0 1 1 1 1 1 1 0 1 0 0 1 0 0 1 0 1 0 0 0 0 0 1 0 0 0 1 1 1 0 1 0 0 1 0 0 1 0 1 1 
1 1 1 1 1 0 1 0 0 0 0 0 1 1 0 0 0 1 0 0 0 1 1 0 1 1 0 0 0 0 0 1 0 0 1 0 1 1 1 1 0 0 0 1 1 0 0 0 0 0 1 0 0 0 0 1 0 0 1 1 0 0 0 1 1 0 0 0 1 1 
1 0 0 0 0 0 1 1 0 1 0 0 0 1 1 1 0 1 1 1 1 1 0 0 0 1 0 0 1 0 1 0 1 1 0 0 1 0 0 1 0 0 0 1 1 1 0 1 1 1 0 0 1 0 0 0 1 1 0 1 0 1 0 1 0 1 1 1 1 0 
0 0 0 1 0 0 1 0 0 0 0 1 1 1 1 1 0 0 1 1 1 1 1 1 0 0 0 1 0 0 1 1 0 1 1 1 1 1 1 0 1 0 1 0 1 0 1 1 0 0 0 0 0 1 0 1 0 0 1 1 0 0 1 1 1 0 0 0 0 0 
0 0 0 1 0 1 1 0 1 1 0 1 0 0 0 1 1 0 1 1 0 1 1 0 1 1 0 0 0 0 0 0 0 1 0 0 0 0 1 0 0 0 1 1 1 1 0 1 1 1 0 1 0 0 1 0 0 0 0 0 1 0 0 0 1 0 1 1 0 0 
1 1 1 0 1 0 0 1 0 0 1 1 0 0 1 0 1 0 1 0 1 1 1 1 1 0 0 1 1 0 0 1 0 1 0 0 1 0 0 1 1 0 1 0 0 0 1 1 1 1 0 0 0 1 1 0 1 0 0 1 0 1 1 1 1 0 0 1 1 0 
0 0 1 1 0 1 1 0 1 0 0 0 1 0 1 1 1 1 0 1 1 0 1 0 1 1 1 0 1 0 1 0 0 0 0 1 1 1 0 0 0 1 0 1 1 1 0 1 1 1 0 0 0 0 1 0 0 0 1 1 1 1 0 0 0 0 0 0 1 0 
0 0 0 0 0 0 1 1 1 0 0 0 0 1 1 0 0 1 1 1 1 0 0 1 1 1 0 1 0 0 0 0 0 0 1 0 1 1 1 1 0 1 1 1 0 1 1 1 0 1 1 1 0 1 1 1 1 0 1 1 1 1 1 1 0 0 1 0 1 1 
1 1 0 0 1 1 0 0 1 1 1 0 0 1 1 1 1 0 0 0 1 0 1 1 1 1 0 1 1 1 1 0 0 0 0 1 1 0 1 1 1 0 1 0 0 1 1 1 0 0 1 0 0 0 1 1 1 0 0 0 1 0 1 1 0 0 1 1 1 1 
1 0 1 0 0 1 1 1 0 1 1 0 1 0 1 1 0 0 0 1 0 0 0 0 0 1 1 0 1 0 0 0 1 0 0 0 1 0 1 1 1 1 1 0 1 1 0 0 0 1 1 0 0 1 1 0 0 0 1 0 1 0 1 0 0 1 1 1 0 1 
1 0 1 1 1 1 1 1 0 0 0 0 1 1 1 1 0 1 0 1 1 0 1 0 1 1 0 0 1 0 0 1 0 1 0 0 1 0 0 1 0 1 1 0 0 1 0 0 1 1 0 1 0 1 0 1 1 0 1 0 0 0 1 0 1 0 1 0 0 0 
1 0 0 1 0 0 1 0 1 1 1 1 1 1 1 0 1 1 1 0 0 0 0 1 0 1 1 1 1 0 1 1 1 1 1 1 0 0 0 0 0 1 0 1 1 0 0 0 0 0 1 0 1 1 1 0 0 1 0 1 1 0 1 1 0 1 0 0 1 1 
1 1 0 1 0 0 0 1 1 0 0 0 0 0 1 0 1 0 0 1 1 0 0 0 1 0 1 0 1 0 0 1 1 0 0 0 0 0 0 1 1 0 1 1 0 0 0 0 0 1 0 1 0 1 0 1 0 1 1 1 1 0 0 1 0 1 0 1 1 1 
1 0 1 1 1 1 1 1 0 1 0 0 1 1 0 1 1 1 0 0 0 0 0 1 0 1 1 0 1 1 0 0 1 1 1 0 0 0 0 0 1 1 1 1 1 1 0 0 0 1 0 0 0 1 1 0 1 0 1 0 1 0 0 0 0 1 1 0 1 0 
1 1 1 0 0 1 0 1 0 1 1 0 0 1 1 0 0 1 1 1 0 1 1 1 1 0 1 1 0 0 1 0 1 1 1 1 0 1 0 0 1 0 1 1 1 0 1 1 1 0 1 0 0 0 1 1 0 1 1 0 0 1 0 1 1 0 1 1 1 0 
0 0 0 1 0 0 0 0 1 0 0 0 1 0 0 0 0 1 1 1 1 1 1 1 0 0 0 0 1 0 1 0 0 1 1 0 0 1 1 1 0 1 0 1 0 1 1 0 0 0 0 1 0 1 0 0 0 0 1 0 0 0 0 0 0 0 1 0 1 1 
0 1 1 0 1 1 1 1 1 0 1 0 0 0 0 1 0 0 1 1 1 0 1 0 1 1 0 0 0 0 0 1 1 0 1 1 1 0 1 0 1 0 0 1 1 1 0 0 0 0 0 1 1 0 1 1 1 0 1 0 0 1 0 0 0 0 1 0 1 0 
1 0 0 1 0 1 1 1 1 1 1 1 1 0 0 1 1 0 0 0 1 0 1 1 0 0 0 0 1 1 1 0 1 1 1 1 0 1 1 1 0 0 0 1 0 1 0 0 1 1 0 0 1 0 0 0 0 0 0 0 0 1 0 1 0 0 1 0 0 1 
0 0 0 1 0 0 1 1 0 1 0 1 1 1 0 1 1 0 0 0 1 1 0 0 0 0 1 1 0 1 0 1 1 0 0 0 1 1 1 1 1 1 1 0 1 1 1 0 1 0 1 1 0 0 0 1 1 0 1 1 1 1 0 0 1 1 1 1 0 1 
1 0 1 0 0 1 1 1 1 1 1 0 0 0 0 0 0 0 1 0 1 1 0 1 1 1 1 1 1 1 0 1 0 0 1 0 1 0 1 1 0 1 0 1 0 1 0 1 0 0 0 0 0 0 0 1 1 0 0 0 1 1 0 0 0 0 1 0 1 1 
0 0 1 0 0 1 0 1 1 1 1 1 0 1 0 1 1 0 0 1 1 0 1 0 1 0 0 1 0 1 0 1 1 1 1 1 0 0 1 0 1 1 1 1 1 0 0 0 1 1 1 1 0 1 0 0 0 1 0 0 1 1 1 0 1 1 0 0 0 0 
1 0 1 0 0 1 1 0 1 0 1 1 1 1 0 1 0 0 0 1 1 0 0 0 0 1 0 0 1 0 1 0 1 1 0 0 0 0 0 1 1 0 0 1 0 0 0 1 1 0 1 0 1 1 1 0 1 0 1 1 1 1 0 1 0 0 0 0 1 1 
0 0 1 0 0 1 1 1 0 0 0 1 0 1 1 0 0 0 1 1 0 1 1 1 0 0 0 1 1 1 1 1 1 1 0 0 0 0 0 1 0 0 0 0 1 0 1 0 1 1 1 0 1 0 0 0 1 1 0 0 0 1 1 1 1 0 0 0 0 1 
0 1 1 0 1 1 1 1 1 1 0 1 0 0 0 1 1 0 1 0 0 0 1 1 0 0 0 1 0 1 1 1 0 0 0 1 0 0 0 1 0 0 1 1 0 1 1 1 0 1 0 1 1 0 1 1 0 1 0 1 1 1 1 0 1 0 1 0 1 0 
1 1 0 0 1 1 1 0 0 1 0 0 0 1 0 0 0 1 0 0 0 0 0 1 0 0 0 1 0 1 1 1 1 0 1 1 0 1 1 0 0 0 1 0 0 1 0 1 1 0 1 1 0 1 0 0 1 0 0 0 1 0 1 0 0 1 0 1 0 0 
1 0 0 1 1 1 0 1 0 1 1 0 1 0 1 1 0 0 0 1 0 1 0 0 1 0 1 0 0 0 0 0 1 1 1 0 1 0 0 1 0 0 0 1 0 1 1 1 0 1 0 1 0 0 1 1 1 0 0 1 1 0 0 1 0 1 0 0 1 1 
1 1 0 0 1 1 0 1 1 1 0 1 0 0 1 0 1 0 1 1 1 1 0 1 1 0 0 0 0 1 0 0 1 0 0 1 0 1 0 0 1 1 0 1 0 1 0 0 1 1 1 0 1 0 1 1 0 1 1 1 1 1 0 1 1 1 0 0 0 1 
0 0 0 0 1 0 1 1 1 1 0 1 0 1 0 1 0 1 1 0 0 1 1 0 1 1 0 1 0 0 0 0 0 0 0 0 1 0 0 0 0 1 1 0 0 0 1 1 1 0 0 1 0 1 0 1 0 1 0 0 1 0 1 0 0 1 0 1 1 1 
0 0 1 1 0 0 1 1 1 1 1 1 0 1 0 0 0 0 0 1 1 1 1 0 0 0 0 0 1 0 1 0 1 0 1 1 1 1 1 0 1 0 0 0 0 1 1 0 0 1 0 0 1 0 0 0 1 0 0 1 1 1 1 1 0 0 0 0 0 0 
1 1 0 0 0 0 1 1 1 1 1 0 1 1 1 1 0 1 0 0 1 1 0 1 0 0 0 0 0 1 1 1 1 1 1 0 1 0 1 1 0 1 0 0 0 0 1 0 1 0 1 1 0 0 0 1 1 0 0 0 1 0 1 0 0 0 0 0 0 1 
0 1 0 1 0 1 1 0 0 1 0 1 0 0 1 0 1 0 0 1 1 1 1 0 1 0 1 0 1 0 0 0 1 1 0 1 0 1 0 1 0 1 0 1 1 0 0 0 1 0 1 1 1 0 1 0 0 0 0 0 1 0 0 0 0 1 0 0 0 1 
1 1 0 0 0 1 0 1 0 0 0 0 0 0 1 0 0 1 0 1 1 0 1 0 0 1 0 1 0 0 1 0 1 1 0 1 0 0 1 0 0 1 0 1 1 0 1 1 0 1 1 0 0 1 1 0 0 1 1 0 1 1 0 0 0 1 1 0 0 1 
0 0 1 1 1 1 0 1 0 1 0 0 1 1 1 1 1 1 1 0 1 1 1 0 1 1 0 1 0 0 0 0 0 0 0 0 1 1 0 1 0 0 0 0 0 1 0 1 1 0 0 1 1 0 0 0 1 0 1 1 1 1 1 0 0 1 0 0 1 0 
0 0 1 0 1 1 1 1 0 1 0 0 0 1 0 0 1 0 0 1 0 0 1 1 0 1 1 0 1 0 0 1 1 0 1 1 0 1 1 1 1 1 0 1 0 0 1 0 0 0 0 1 0 0 0 0 1 1 0 0 0 0 0 1 1 1 1 1 0 0 
0 0 1 1 0 0 0 1 0 1 1 0 1 1 0 1 0 0 0 1 0 1 1 1 1 0 1 1 1 0 1 1 1 0 0 0 1 1 0 0 0 0 0 1 0 0 1 0 1 0 1 1 0 1 0 0 0 1 0 0 1 1 0 0 0 1 1 0 1 1 
0 0 0 1 1 1 1 0 1 0 1 0 1 1 0 0 1 1 0 1 0 0 1 1 1 1 0 0 0 1 0 1 1 1 1 0 1 1 1 0 0 0 0 1 1 1 1 0 1 1 1 1 1 1 1 1 1 1 0 1 0 0 1 0 0 0 1 0 0 1 
1 0 0 0 1 0 1 1 0 0 0 1 0 1 0 0 1 1 0 1 1 1 0 0 1 0 0 1 0 0 1 1 1 0 0 0 0 0 0 1 0 1 1 1 1 1 1 1 1 0 0 1 0 1 0 0 1 1 0 1 0 0 0 0 0 1 0 1 1 1 
1 1 1 0 1 1 0 1 0 0 1 0 1 0 1 0 0 1 0 1 0 1 0 1 0 0 0 0 1 0 1 0 1 1 1 1 1 0 0 0 0 0 0 0 0 1 0 1 1 1 0 0 1 1 1 0 0 1 0 0 1 0 0 1 0 1 0 0 0 0 
0 0 1 1 1 0 1 1 1 0 0 0 0 0 1 1 1 1 0 0 0 1 1 0 0 1 1 1 1 0 1 0 1 1 0 0 1 1 0 1 0 0 1 0 0 0 1 1 0 0 1 1 0 1 0 0 0 0 1 0 0 0 1 0 1 1 0 1 0 0 
0 1 0 0 0 0 0 0 1 0 0 1 0 1 1 1 1 1 1 1 1 1 1 1 1 0 1 0 1 1 1 0 0 0 0 1 0 0 0 1 0 0 0 1 0 1 0 1 1 0 0 1 0 0 0 0 0 0 1 0 0 0 0 1 0 1 0 1 0 0 
0 1 1 1 0 0 1 1 1 0 1 0 0 1 0 0 0 1 0 0 0 1 0 1 1 0 0 1 0 0 0 0 0 0 1 0 1 1 1 0 0 0 0 1 0 1 0 0 0 1 1 1 1 0 0 1 1 1 1 1 0 1 1 1 1 0 0 1 1 0 
1 1 1 0 1 1 0 0 1 0 1 1 1 1 0 1 1 1 1 1 1 1 0 0 1 1 0 1 0 1 0 0 1 1 1 1 0 0 1 1 1 1 1 1 1 0 0 0 1 0 0 0 0 0 0 0 1 0 1 1 1 0 0 0 0 0 0 0 1 0 
0 1 1 1 0 0 1 0 1 1 1 1 0 0 0 1 0 0 0 1 0 0 0 0 0 0 0 1 0 1 1 0 0 1 1 0 0 1 0 1 0 0 0 1 0 0 0 0 0 1 0 0 1 0 0 0 0 0 1 0 0 1 0 1 1 1 0 0 0 0 
1 0 1 0 1 1 0 0 1 0 1 0 1 1 1 0 0 1 1 1 1 1 1 0 0 1 1 1 0 0 1 1 1 1 0 0 1 1 1 1 1 1 0 0 1 0 1 0 1 0 1 0 1 0 0 0 0 1 0 1 0 1 0 0 0 1 1 0 0 1 
0 1 0 0 1 0 1 0 0 1 1 0 0 1 1 0 0 0 1 1 1 0 0 0 1 1 1 0 0 0 0 0 1 1 1 0 1 1 0 0 1 0 1 1 1 0 1 1 0 0 1 1 1 0 1 1 1 0 0 1 1 1 0 0 0 0 0 0 1 0 

0 0 0 0 0 0 0 0 11 0 0 15 0 25 0 11 0 0 0 0 28 0 0 0 16 0 0 0 0 0 0 0 0 0 0 31 0 22 0 0 0 0 0 0 0 0 0 0 0 0 0 0 10 0 0 0 0 0 0 0 0 0 0 0 0 0 0 0 0 0 
0 0 0 0 0 0 0 0 1 0 0 0 22 0 0 29 0 0 0 0 0 26 18 0 0 0 0 0 0 23 0 0 0 0 9 0 25 0 12 0 0 13 4 17 0 0 17 0 0 0 0 0 0 0 0 0 0 16 0 0 0 0 0 0 0 0 0 0 6 0 
0 0 0 0 0 0 0 0 0 0 2 0 14 0 0 0 0 0 0 0 0 0 0 0 0 0 17 13 0 0 0 0 0 0 0 0 0 0 0 0 0 0 0 0 15 0 0 0 0 0 16 0 0 0 0 0 0 0 28 0 0 0 0 0 0 0 0 0 0 0 
0 0 0 0 20 0 0 25 0 13 0 18 0 7 0 0 5 0 0 0 0 0 0 0 0 0 0 0 0 0 25 0 24 0 9 3 0 0 0 0 1 0 0 0 0 12 0 0 17 0 0 0 0 3 0 0 0 7 0 0 16 24 0 0 0 0 29 0 0 20 
0 0 0 0 0 0 0 0 0 0 24 0 0 0 0 11 4 0 22 0 0 0 0 0 0 0 0 0 0 6 23 0 0 4 0 0 0 0 0 0 0 30 20 0 0 0 0 0 0 0 0 0 0 0 0 0 0 0 0 0 0 0 0 0 0 0 24 0 0 0 
0 26 0 0 0 0 0 11 0 0 0 0 3 0 0 0 0 0 0 0 0 19 11 28 0 0 1 0 26 2 0 0 6 0 0 26 0 0 0 0 0 0 0 27 28 0 0 0 0 0 0 0 15 0 0 0 0 19 12 0 20 0 18 0 19 0 0 0 0 0 
0 0 0 0 0 0 0 0 0 0 0 17 0 6 0 0 0 25 0 0 0 0 0 0 21 0 0 0 0 0 0 15 0 0 6 0 6 0 0 0 0 19 0 0 0 0 0 0 0 0 29 0 0 0 0 0 0 0 0 0 0 0 0 0 0 17 0 0 0 0 
0 0 0 1 0 0 0 0 10 0 0 0 0 0 13 0 0 2 0 0 0 5 0 19 0 0 0 0 2 5 0 0 0 0 6 0 18 0 0 0 0 0 23 1 0 0 0 0 0 0 0 22 0 0 0 0 4 0 0 28 0 0 0 20 0 25 0 4 10 29 
0 0 0 0 0 10 1 0 0 0 0 0 0 0 12 3 0 0 0 0 0 29 0 0 0 0 30 0 0 23 0 13 0 0 0 0 0 0 28 0 0 0 0 0 0 0 0 0 13 4 1 26 27 0 0 0 0 0 0 0 0 20 13 0 0 13 0 0 0 0 
0 0 0 0 15 0 0 0 0 0 15 0 0 0 0 0 0 20 0 0 0 0 0 0 0 0 0 0 0 31 0 24 8 0 0 0 0 27 0 0 0 0 0 0 22 0 0 0 0 0 2 0 0 0 0 0 0 0 0 0 0 0 0 0 16 0 0 11 0 0 
5 0 0 0 0 0 0 22 0 18 0 0 0 0 11 0 9 0 0 0 0 26 4 0 0 0 0 0 0 0 0 0 0 0 0 0 0 0 9 0 0 0 0 2 0 0 0 0 0 0 8 0 0 23 0 0 0 1 29 0 22 0 25 0 0 0 0 29 0 20 
9 0 0 0 0 0 0 0 0 29 0 0 0 0 9 0 12 11 0 0 0 0 0 21 9 2 0 0 0 0 0 0 0 0 0 0 0 24 0 2 0 0 16 0 0 0 10 0 0 0 0 0 8 0 0 0 0 0 0 0 0 0 0 0 0 0 0 0 27 0 
0 0 0 0 0 29 0 0 0 7 0 17 0 0 0 0 5 0 0 0 0 0 29 0 0 0 0 0 0 0 0 13 0 0 13 0 0 0 11 0 0 15 0 0 4 0 0 0 0 26 0 0 0 10 0 4 0 0 25 0 19 0 0 0 16 0 0 0 0 0 
0 0 29 0 0 0 0 0 0 0 1 10 0 0 0 0 0 9 0 11 0 0 7 0 2 0 0 29 0 28 17 0 0 0 0 0 0 12 0 0 0 25 0 0 0 0 0 0 0 0 0 0 0 0 0 0 19 0 3 0 5 20 0 0 0 0 28 0 0 0 
0 0 0 5 0 0 0 18 3 0 0 0 0 13 0 0 0 0 0 0 21 0 0 0 0 0 18 14 0 2 0 0 0 0 16 0 17 0 0 0 6 0 0 0 0 0 0 0 0 0 8 24 0 0 0 0 0 0 0 0 0 5 4 0 0 0 0 0 26 0 
0 0 0 0 0 0 0 0 0 0 0 0 25 0 10 0 0 23 0 0 0 0 0 27 0 0 0 0 0 0 0 0 0 0 0 0 0 28 0 0 0 0 0 0 0 0 0 0 0 0 0 0 0 0 3 0 0 0 0 0 0 0 0 0 19 0 0 0 0 0 
17 0 0 0 0 0 0 0 0 0 0 0 0 0 0 0 0 0 0 0 0 0 0 0 0 0 0 0 0 0 0 4 0 0 0 0 0 0 0 19 0 0 0 0 0 0 2 0 0 0 0 0 0 0 0 0 0 13 6 0 16 0 0 0 0 0 0 0 4 0 
0 0 0 0 0 0 0 11 0 0 0 0 0 0 0 0 0 0 0 0 0 0 0 0 11 17 0 0 0 0 0 0 0 0 0 0 0 0 0 0 0 0 7 8 0 0 0 0 0 0 0 0 0 0 13 0 3 19 21 0 0 12 0 0 0 0 0 0 0 0 
0 0 0 10 0 0 0 0 0 0 19 0 8 0 0 0 0 0 0 0 0 0 0 0 0 0 0 0 0 0 0 0 0 0 13 0 0 0 0 0 0 0 12 0 0 0 5 0 22 0 0 0 0 19 23 0 9 0 2 0 0 0 3 0 22 11 0 0 0 0 
0 0 0 0 0 0 0 0 0 0 12 0 6 16 14 0 0 0 0 0 0 0 0 0 25 0 0 25 0 0 0 0 30 0 0 0 0 0 22 2 0 2 0 0 0 0 0 0 0 0 0 0 0 0 0 0 0 0 0 0 29 4 0 0 0 15 23 0 0 0 
22 21 0 0 17 18 0 11 0 0 0 0 0 1 3 0 1 0 0 0 0 0 0 0 24 0 0 0 0 19 7 0 0 0 20 0 0 23 0 13 0 28 0 0 0 0 0 0 20 11 0 0 0 0 0 0 0 0 0 0 24 0 0 0 9 0 0 0 0 0 
0 0 0 5 0 18 0 0 22 0 7 0 3 0 0 0 10 0 0 0 0 0 14 0 1 0 0 0 0 0 0 0 0 0 0 20 0 0 27 28 26 17 2 0 0 0 0 0 0 27 0 0 18 0 0 0 0 0 0 0 0 0 0 0 27 0 0 0 0 0 
0 0 0 0 0 0 0 0 0 0 0 0 0 10 0 0 0 0 19 0 19 0 0 11 11 0 0 0 7 0 5 0 0 0 5 0 0 0 0 0 0 0 0 11 0 0 0 0 0 0 0 0 0 0 0 9 0 0 0 0 19 8 0 0 8 0 31 25 0 0 
0 13 20 15 0 0 0 0 0 0 0 0 0 0 0 0 0 0 0 6 0 0 0 0 0 0 0 0 0 0 0 0 0 0 0 3 0 0 0 0 15 0 0 0 10 0 0 0 0 0 0 0 0 0 0 0 0 0 0 24 0 0 3 0 0 0 0 0 0 1 
0 0 0 14 0 0 0 0 23 0 0 0 0 0 0 0 0 0 0 29 22 0 0 0 0 11 0 0 0 0 0 0 0 0 15 0 11 0 0 0 0 0 0 0 0 6 0 26 0 0 0 27 0 24 0 1 0 24 0 0 0 0 0 0 3 0 0 0 0 0 
0 9 0 0 25 0 0 10 0 18 0 0 1 0 0 0 29 0 26 0 29 0 0 0 26 0 0 0 0 0 0 0 4 0 0 0 0 0 0 0 0 0 0 0 0 17 0 0 0 19 4 0 4 3 0 0 0 0 0 0 0 0 9 0 0 0 0 0 0 0 
0 0 0 0 0 0 1 6 0 0 0 0 0 0 29 0 0 0 0 0 0 15 0 0 0 0 0 0 0 0 0 0 0 0 11 0 0 0 0 0 0 0 0 0 0 15 2 0 0 0 0 0 15 0 0 0 0 0 0 0 0 11 0 28 0 0 0 0 0 3 
0 0 2 26 0 0 0 0 0 16 0 0 0 0 0 5 0 0 0 0 29 0 0 0 0 0 23 0 0 7 0 0 28 0 0 0 0 0 4 0 0 0 0 25 0 0 0 0 0 0 0 28 1 15 0 0 0 0 12 0 0 2 0 0 18 20 0 0 0 0 
0 0 0 12 0 0 0 0 1 0 0 0 0 0 0 0 0 0 0 24 0 0 0 0 0 0 0 0 0 0 0 0 0 0 0 0 0 0 0 0 2 9 0 0 0 0 0 0 0 1 0 8 0 30 0 0 0 0 0 15 0 0 8 0 12 0 15 0 0 0 
0 0 0 3 0 0 0 0 0 0 0 0 0 0 0 28 0 0 0 0 0 27 0 0 0 0 0 0 0 0 1 0 0 0 0 0 0 0 0 26 0 0 0 0 0 7 0 14 0 24 0 0 13 22 0 0 0 0 0 0 22 0 0 0 11 0 18 0 0 0 
0 0 0 0 0 0 0 18 18 0 0 0 0 0 7 0 29 0 0 0 0 0 0 0 2 9 0 0 0 0 0 0 17 0 0 0 0 9 12 0 0 0 0 14 0 0 0 0 0 0 0 9 0 14 0 0 0 9 0 0 0 0 0 8 0 0 23 0 22 3 
0 0 0 0 5 0 0 0 0 16 0 29 0 0 0 0 0 12 13 0 0 26 0 0 0 0 0 0 26 26 0 0 0 0 0 0 0 0 0 0 7 0 0 0 8 0 0 0 0 30 26 0 0 0 0 0 0 0 0 0 0 0 0 0 0 16 0 0 0 0 
0 0 0 20 0 0 27 0 0 26 19 27 25 0 0 0 0 0 0 0 11 0 0 0 9 0 0 21 0 0 0 0 0 25 7 0 0 8 0 28 0 0 3 0 0 0 0 0 0 0 0 0 0 4 0 0 0 0 0 0 0 0 0 0 0 0 0 0 0 9 
0 0 0 0 0 0 0 0 25 0 0 0 0 0 0 0 0 0 0 0 0 0 0 0 0 0 11 0 0 0 0 0 0 0 0 0 14 0 0 0 0 0 0 0 3 0 0 0 0 0 0 0 0 9 0 0 0 0 0 0 30 0 10 0 0 17 13 0 11 0 
0 0 0 0 0 0 0 5 0 0 0 0 0 0 7 0 3 9 1 0 0 0 0 0 0 0 0 4 0 0 26 17 0 0 0 0 0 0 0 9 21 0 22 0 15 0 0 0 0 0 0 0 0 0 0 0 0 0 0 0 2 0 4 0 0 0 0 1 0 0 
0 0 19 0 0 13 0 0 0 0 0 22 17 0 0 0 0 0 0 7 0 0 0 0 0 0 0 0 0 10 1 19 0 0 0 0 0 0 0 16 0 0 0 0 0 0 0 1 0 0 0 0 0 0 0 0 0 17 9 0 11 0 0 0 0 0 16 0 20 3 
0 0 0 0 0 0 0 0 0 0 0 0 0 26 7 0 0 0 0 0 0 0 0 0 0 0 0 0 0 0 0 0 0 0 0 0 0 26 0 0 0 19 0 0 0 0 0 0 0 0 0 0 0 0 0 0 0 0 0 0 1 0 0 24 0 0 0 0 3 28 
1 0 0 0 0 0 0 22 11 0 29 0 0 0 0 0 0 0 0 0 0 0 0 0 7 0 0 0 0 0 0 0 0 0 0 0 0 0 0 0 0 0 0 0 15 0 0 17 0 25 0 0 0 0 25 0 0 15 0 0 0 0 0 0 0 0 22 0 0 0 
0 0 0 0 16 0 0 0 0 0 0 0 0 0 0 17 0 0 0 0 28 0 0 0 11 0 2 0 0 0 0 0 1 0 0 0 14 0 0 19 0 12 16 0 0 0 1 0 0 20 0 0 0 0 0 0 0 0 0 0 15 19 15 0 19 0 1 0 0 0 
0 0 0 0 0 0 0 0 0 0 0 26 0 0 0 0 0 0 0 0 0 0 0 0 0 0 0 0 0 0 0 0 0 2 0 0 0 0 22 0 0 0 0 0 0 0 0 0 0 24 0 0 10 1 0 0 0 0 0 0 12 0 2 0 21 0 0 0 0 0 
0 0 0 0 0 0 0 0 0 0 0 0 0 0 0 0 0 0 0 0 0 0 0 0 0 8 17 24 0 0 0 0 0 0 22 0 0 27 0 0 0 23 0 0 0 0 0 0 0 0 0 0 0 0 0 0 0 0 0 0 0 0 0 0 8 0 0 14 0 0 
15 0 0 15 0 0 0 0 0 0 0 0 0 0 0 0 0 13 0 17 0 0 0 0 0 0 25 0 10 0 11 11 0 0 8 0 0 0 9 27 0 0 0 0 0 0 0 0 0 0 0 0 0 0 15 15 0 0 0 10 19 2 0 0 29 0 0 0 0 0 
0 0 0 0 2 0 0 7 27 16 14 0 0 24 0 0 17 0 0 0 0 0 26 25 0 0 0 0 0 0 13 0 0 0 0 0 0 0 0 0 0 1 0 0 0 29 0 0 0 0 22 0 14 26 0 13 0 0 0 0 0 21 15 0 0 3 0 0 0 0 
0 0 14 0 11 0 0 0 9 0 0 25 0 0 0 0 0 0 14 0 0 0 0 0 0 0 0 0 12 0 25 0 0 0 0 0 0 0 0 0 0 0 26 0 0 2 17 22 0 0 0 0 0 0 0 0 0 0 0 0 27 0 0 0 0 0 0 0 0 7 
22 0 0 0 0 0 0 0 0 0 30 0 0 0 0 0 0 0 0 0 0 0 27 1 4 6 0 0 0 0 0 0 0 0 0 0 0 0 8 0 0 0 18 0 0 0 16 0 0 0 0 0 0 0 0 0 0 0 0 0 0 0 0 0 0 0 0 6 0 0 
0 13 0 0 0 2 0 0 0 17 0 0 14 0 0 0 0 0 0 27 0 0 3 0 0 0 22 0 0 0 0 0 0 0 0 0 0 0 0 0 0 0 0 4 0 0 2 0 0 1 6 0 0 1 0 0 11 0 0 0 0 0 0 28 0 0 0 0 29 1 
11 0 16 0 3 0 8 26 17 0 0 0 0 0 0 21 0 0 0 0 0 0 0 0 0 18 0 0 0 0 0 0 0 0 0 14 0 6 0 0 14 0 24 27 0 16 0 0 0 0 0 20 0 0 0 0 0 0 15 0 0 0 0 0 2 0 0 0 0 0 
0 0 0 0 2 0 0 0 0 0 0 0 20 7 29 0 0 0 0 0 24 0 0 0 0 0 0 0 0 15 0 0 7 0 0 0 0 0 1 0 1 0 0 0 0 0 0 0 0 13 0 0 0 0 0 0 0 0 0 0 0 0 0 0 0 0 0 0 0 0 
0 0 0 19 0 0 0 0 10 0 0 0 0 0 0 23 0 0 0 0 0 0 0 24 0 10 0 0 0 0 9 0 0 0 0 0 0 24 0 0 2 0 0 0 0 0 0 23 0 1 7 25 0 14 0 0 0 0 29 0 0 8 0 0 0 0 0 0 0 0 
0 0 0 0 0 0 0 0 0 23 0 0 4 0 0 0 7 5 0 0 23 0 21 5 0 25 0 0 0 0 0 0 0 0 0 0 0 0 0 0 0 0 0 19 20 0 1 0 0 0 0 0 0 0 0 0 19 0 0 0 21 0 0 0 0 0 0 0 0 0 
0 0 0 0 0 0 0 0 0 0 4 0 9 0 0 5 0 0 0 27 0 0 0 0 0 0 9 0 0 0 0 0 10 12 0 0 1 0 0 4 0 8 0 0 0 0 0 0 21 0 0 0 0 0 0 19 0 0 22 25 0 19 0 0 0 0 0 0 0 0 
0 0 0 13 0 0 0 0 20 0 0 0 3 0 0 0 0 0 0 26 15 0 0 20 0 0 0 0 8 0 0 0 0 0 0 0 18 0 0 0 0 0 22 0 0 0 0 3 0 0 0 0 0 0 0 0 0 0 0 0 0 0 0 7 5 0 7 0 0 0 
0 0 25 0 0 29 0 0 0 0 0 0 0 1 0 0 0 0 0 0 0 0 0 0 0 0 19 0 0 0 0 0 0 0 0 0 23 0 0 28 0 22 0 7 5 16 0 0 0 0 3 23 0 0 0 21 2 0 13 4 0 0 0 0 0 0 8 0 0 0 
0 0 0 0 0 0 10 0 0 3 0 0 0 8 0 0 0 0 0 26 27 29 0 0 0 0 0 5 0 0 0 0 0 0 13 0 0 0 0 0 26 18 0 0 19 26 0 0 0 6 9 0 0 0 0 0 0 0 25 0 0 0 0 0 0 0 0 0 0 0 
0 0 0 0 0 0 0 0 28 23 0 16 0 0 0 0 0 0 0 0 5 0 0 26 17 0 0 0 0 0 6 0 0 0 0 0 0 0 0 0 0 0 0 0 9 0 0 0 0 0 0 0 0 0 0 18 5 0 16 10 0 0 0 0 0 7 0 1 0 19 
0 0 0 0 0 0 12 0 0 0 0 0 0 0 7 0 0 1 0 0 0 0 0 0 0 3 17 0 22 0 0 0 0 0 0 0 0 0 9 21 0 0 11 0 0 0 0 0 0 1 0 0 0 0 0 0 0 0 25 0 0 0 0 0 0 28 0 0 28 0 
0 0 16 0 6 0 0 0 28 0 0 0 0 0 0 0 1 0 0 0 12 0 0 0 0 0 0 0 0 0 24 0 26 0 9 0 0 16 0 0 0 0 17 0 15 0 0 0 0 0 0 0 0 0 0 16 0 0 0 0 0 0 14 0 25 0 22 0 0 0 
29 0 0 0 0 0 10 0 0 30 0 0 0 0 0 20 25 0 0 20 20 0 0 12 17 0 0 0 0 0 0 0 0 0 0 0 0 0 0 0 0 23 0 4 5 0 0 0 0 0 0 0 0 16 0 0 0 0 0 0 1 0 0 0 0 0 0 0 8 0 
0 0 2 0 0 8 0 0 9 12 0 0 0 0 24 0 0 0 0 0 0 0 0 0 0 0 0 20 0 12 0 2 0 1 0 0 0 0 0 0 0 0 0 18 0 0 0 0 0 0 20 0 0 0 25 0 0 0 0 0 0 22 0 0 11 0 0 0 0 0 
15 0 0 0 0 23 0 0 14 0 0 0 0 29 17 0 0 0 0 0 0 0 0 0 24 0 26 0 0 0 0 0 0 16 24 0 0 0 0 12 0 0 0 0 0 29 0 0 0 0 0 0 0 0 10 0 0 0 22 0 24 0 0 0 0 0 0 0 30 0 
0 0 0 0 0 0 0 0 0 0 0 3 0 6 0 0 0 0 0 0 0 0 0 0 0 1 0 0 0 0 24 28 0 0 0 0 0 0 27 0 11 20 0 0 0 0 0 1 29 21 24 0 0 0 0 0 0 0 0 0 0 16 0 16 0 0 0 0 0 0 
0 0 0 0 0 5 0 21 14 0 0 0 0 0 0 0 0 0 0 0 0 0 0 20 0 0 18 0 0 0 0 0 0 0 0 0 0 0 0 0 0 0 0 10 2 0 0 0 0 0 0 0 0 0 0 0 0 0 0 17 0 0 0 18 0 0 0 0 0 0 
0 0 0 0 3 0 0 0 0 0 16 0 9 0 0 0 0 0 0 0 0 0 20 0 0 14 0 0 0 0 27 0 0 0 0 0 0 0 0 0 0 0 0 6 0 0 0 0 0 0 0 0 0 0 9 0 29 0 12 0 0 28 0 0 0 21 0 0 0 21 
0 0 20 0 0 0 0 19 7 29 0 0 0 0 0 0 0 23 0 0 0 0 16 0 6 0 0 0 0 0 18 0 0 0 0 28 26 0 0 0 0 2 0 0 0 27 9 0 0 13 0 8 0 0 12 0 0 0 0 9 26 0 0 0 0 0 0 0 0 0 
16 24 0 0 0 23 0 0 0 3 0 0 0 0 0 0 0 0 0 0 16 0 0 0 10 0 0 18 0 0 0 0 0 29 23 0 0 0 0 0 0 0 0 0 0 0 0 0 16 4 6 0 0 0 16 0 0 0 25 0 0 0 0 0 0 0 9 0 0 17 
0 0 0 0 0 28 0 0 0 0 0 0 0 24 0 0 0 0 0 0 16 0 0 10 2 0 0 9 0 17 0 0 0 0 0 0 0 9 15 0 0 0 0 23 17 0 0 0 22 16 0 0 0 10 0 0 0 0 0 0 0 9 0 0 0 0 0 0 0 0 
3 0 0 0 0 5 0 0 0 0 0 24 7 0 0 0 0 19 0 28 0 0 0 0 0 0 0 0 0 0 0 0 0 0 0 14 0 0 0 0 1 0 0 1 0 0 0 0 0 3 13 0 0 20 0 0 8 0 25 15 0 0 0 0 0 0 0 0 0 0 
0 18 0 0 0 0 0 0 0 0 0 15 0 0 0 0 29 25 0 0 0 0 0 18 0 25 9 0 0 0 1 0 22 0 0 0 9 0 0 0 3 0 0 0 0 0 12 0 0 22 0 0 0 0 0 0 12 20 0 0 0 26 0 0 0 0 0 0 0 10 
0 0 0 23 0 0 0 0 0 5 0 0 0 0 0 0 0 2 1 0 17 0 0 0 0 0 0 0 0 13 0 0 20 4 0 0 0 0 0 0 0 0 0 0 0 0 2 0 0 3 0 0 0 0 0 0 0 9 0 0 0 12 0 0 0 0 0 0 0 0 
0 0 0 0 1 0 0 0 0 19 0 0 0 0 0 26 0 26 0 0 0 15 0 0 12 0 0 0 0 0 0 0 13 0 0 14 0 0 0 0 18 0 0 0 0 24 26 0 0 15 0 0 0 0 0 28 0 0 0 29 3 0 0 0 11 0 0 0 0 0 
