70

0 0 1 1 1 0 0 1 1 1 1 1 0 0 0 0 0 1 0 1 1 0 1 0 0 1 1 0 0 0 0 1 1 1 0 1 0 0 1 0 0 1 1 0 0 1 0 0 1 0 0 0 0 0 1 0 1 0 1 0 1 1 0 0 0 1 1 0 0 0 
0 0 0 0 1 0 1 0 1 0 1 0 0 0 0 1 0 1 0 1 1 0 0 0 0 0 0 0 1 0 0 1 0 0 0 0 0 0 0 1 0 0 0 0 1 0 0 0 0 1 1 0 0 0 0 1 0 0 0 0 0 0 1 1 1 1 0 0 0 1 
1 0 0 0 1 0 1 0 1 0 0 0 1 1 1 0 0 0 0 1 0 1 1 0 0 0 1 1 0 0 0 0 0 0 0 0 0 1 1 1 0 0 0 0 1 1 0 0 1 1 0 1 0 0 0 0 1 0 1 1 0 0 0 1 0 0 1 1 0 1 
1 0 0 0 0 1 0 1 1 0 0 0 0 0 0 0 0 0 0 0 1 0 0 1 0 0 0 1 0 0 0 0 1 0 0 1 0 0 0 0 0 1 1 0 0 1 1 0 0 0 1 0 1 0 0 1 0 0 0 1 0 1 0 0 0 0 0 0 0 0 
1 1 1 0 0 1 0 1 0 0 0 0 0 1 0 0 1 0 0 0 0 0 0 0 1 0 0 1 0 0 1 0 0 0 0 0 0 0 0 1 0 0 0 1 0 1 0 1 0 0 0 1 0 1 1 1 1 0 0 0 0 1 0 0 0 0 1 0 0 0 
0 0 0 1 1 0 0 0 0 0 0 0 1 0 1 1 1 0 1 1 0 1 0 1 0 0 1 0 0 0 1 1 0 0 0 0 1 0 0 1 1 1 0 0 0 0 0 0 0 1 0 1 1 1 1 0 0 1 0 0 0 0 0 1 0 0 0 0 0 0 
0 1 1 0 0 0 0 1 1 0 0 1 0 1 0 0 1 1 1 1 0 0 0 0 0 1 0 1 0 0 0 0 0 1 1 0 0 1 0 0 0 0 0 1 0 1 0 0 0 0 1 0 0 0 1 0 0 0 0 0 0 0 0 0 0 0 0 0 0 0 
1 0 0 1 1 0 1 0 0 0 0 0 0 1 0 0 0 0 0 0 1 0 1 0 0 0 0 0 1 1 0 0 0 0 1 0 0 0 0 0 1 1 1 0 0 0 1 1 0 0 0 0 0 1 0 0 0 0 1 0 0 1 0 1 0 0 1 1 0 0 
1 1 1 1 0 0 1 0 0 0 1 1 1 0 1 1 0 0 0 0 0 0 0 0 0 0 0 0 0 0 0 0 0 0 1 0 1 0 1 0 1 1 0 0 1 0 1 0 1 0 0 0 0 0 1 0 1 0 1 0 1 0 0 1 1 0 0 0 1 0 
1 0 0 0 0 0 0 0 0 0 1 1 1 1 0 0 1 1 1 1 0 1 0 0 1 0 0 1 1 1 0 1 0 0 0 1 0 0 1 0 1 0 0 0 0 1 0 1 0 1 1 0 0 1 0 0 0 0 0 0 0 0 0 0 0 0 1 0 0 0 
1 1 0 0 0 0 0 0 1 1 0 0 1 1 1 0 0 0 0 0 0 1 1 0 0 1 1 0 0 1 0 0 0 1 0 1 1 0 0 0 0 1 0 1 1 0 1 1 0 1 0 0 1 1 0 0 0 0 1 0 0 0 0 0 0 0 0 0 1 0 
1 0 0 0 0 0 1 0 1 1 0 0 0 0 1 0 1 1 0 1 0 0 0 0 0 0 1 0 1 1 1 0 1 1 0 1 0 1 1 1 0 0 1 1 1 0 0 0 0 0 0 0 1 1 0 0 0 0 1 0 0 1 0 1 1 0 0 1 0 0 
0 0 1 0 0 1 0 0 1 1 1 0 0 1 0 0 0 0 1 1 1 0 0 1 0 0 1 0 1 0 0 0 1 1 0 0 1 0 0 0 0 0 0 0 0 0 0 0 1 1 0 0 0 0 0 0 0 0 0 1 0 0 0 0 0 0 0 1 1 0 
0 0 1 0 1 0 1 1 0 1 1 0 1 0 0 0 0 0 0 0 0 0 0 0 0 0 0 0 0 0 0 1 0 0 0 0 0 0 0 0 0 1 0 0 0 0 0 1 0 1 0 1 0 0 1 1 0 1 1 1 0 1 0 1 0 0 0 1 0 0 
0 0 1 0 0 1 0 0 1 0 1 1 0 0 0 0 0 0 1 0 0 0 0 0 0 0 0 0 0 1 1 0 0 0 0 0 0 0 1 1 0 1 0 0 0 0 1 0 0 0 0 0 0 0 0 0 0 0 1 0 0 1 0 0 1 0 0 0 1 1 
0 1 0 0 0 1 0 0 1 0 0 0 0 0 0 0 0 1 1 0 1 0 1 0 0 0 0 0 1 0 0 0 0 0 1 1 1 0 1 0 0 1 1 1 1 0 0 0 1 0 0 1 0 0 1 0 0 1 0 0 1 0 0 0 1 1 1 0 0 0 
0 0 0 0 1 1 1 0 0 1 0 1 0 0 0 0 0 0 1 0 0 0 0 0 1 0 0 1 0 0 1 0 0 0 1 0 1 1 0 1 0 1 1 1 0 1 0 0 0 1 0 0 0 0 0 0 0 1 1 0 1 0 0 0 0 1 0 1 0 0 
1 1 0 0 0 0 1 0 0 1 0 1 0 0 0 1 0 0 0 0 1 1 1 0 0 0 1 0 0 1 0 0 0 0 0 1 1 1 1 0 0 1 0 1 0 0 0 0 1 0 0 0 1 0 0 0 0 0 0 0 0 0 0 0 0 0 0 0 0 0 
0 0 0 0 0 1 1 0 0 1 0 0 1 0 1 1 1 0 0 0 0 0 1 0 0 0 0 0 0 0 0 1 0 0 0 1 0 0 0 1 1 0 0 0 0 0 1 1 1 0 1 0 0 1 0 0 0 0 1 0 0 1 0 0 1 1 1 0 0 0 
1 1 1 0 0 1 1 0 0 1 0 1 1 0 0 0 0 0 0 0 0 0 1 0 1 0 0 0 0 0 0 1 1 0 0 0 0 1 1 0 0 0 1 1 0 0 1 0 0 0 1 0 1 1 1 0 0 0 1 0 0 0 0 1 0 0 0 0 1 0 
1 1 0 1 0 0 0 1 0 0 0 0 1 0 0 1 0 1 0 0 0 0 0 0 0 0 0 0 0 0 0 0 0 0 0 0 0 0 0 0 1 0 1 0 0 1 0 0 0 0 1 0 0 0 0 1 1 0 1 0 1 0 0 0 0 0 1 0 0 0 
0 0 1 0 0 1 0 0 0 1 1 0 0 0 0 0 0 1 0 0 0 0 0 1 0 0 0 0 1 1 1 0 0 0 0 0 1 0 0 1 1 1 1 0 1 0 0 0 0 0 1 0 1 0 0 0 0 1 1 0 0 1 0 0 1 1 1 0 1 0 
1 0 1 0 0 0 0 1 0 0 1 0 0 0 0 1 0 1 1 1 0 0 0 0 1 1 1 0 0 1 1 1 1 1 0 1 0 0 0 0 0 0 0 0 1 0 0 1 1 0 0 0 0 0 1 1 1 0 0 0 1 0 1 1 0 0 0 0 0 1 
0 0 0 1 0 1 0 0 0 0 0 0 1 0 0 0 0 0 0 0 0 1 0 0 0 1 0 1 1 0 1 0 0 1 0 1 0 0 1 0 0 1 1 0 0 0 1 0 1 0 1 0 0 0 0 0 0 1 0 0 0 0 1 0 1 0 0 0 0 1 
0 0 0 0 1 0 0 0 0 1 0 0 0 0 0 0 1 0 0 1 0 0 1 0 0 1 0 0 0 1 1 0 0 0 0 1 0 0 0 0 1 0 0 0 1 1 0 0 0 0 0 1 1 1 1 1 1 0 0 1 1 0 0 1 0 0 0 0 0 0 
1 0 0 0 0 0 1 0 0 0 1 0 0 0 0 0 0 0 0 0 0 0 1 1 1 0 0 0 0 0 0 0 0 0 0 0 1 1 0 0 0 0 1 0 0 0 1 0 0 1 0 0 0 0 0 0 0 1 0 1 0 1 0 0 0 0 0 1 0 0 
1 0 1 0 0 1 0 0 0 0 1 1 1 0 0 0 0 1 0 0 0 0 1 0 0 0 0 0 0 0 0 0 0 0 0 1 1 0 0 0 0 1 0 0 0 0 1 0 1 0 0 0 0 0 0 0 0 0 0 1 1 0 0 1 0 0 0 1 1 1 
0 0 1 1 1 0 1 0 0 1 0 0 0 0 0 0 1 0 0 0 0 0 0 1 0 0 0 0 1 0 0 0 0 1 0 0 0 0 0 0 0 1 0 0 0 0 0 0 0 1 0 0 0 0 0 1 0 0 0 0 1 0 1 0 0 1 0 1 0 0 
0 1 0 0 0 0 0 1 0 1 0 1 1 0 0 1 0 0 0 0 0 1 0 1 0 0 0 1 0 0 0 0 1 0 0 0 1 0 1 1 0 0 0 1 0 0 0 0 1 1 0 0 0 0 0 0 0 0 0 0 0 0 0 1 0 0 1 0 0 1 
0 0 0 0 0 0 0 1 0 1 1 1 0 0 1 0 0 1 0 0 0 1 1 0 1 0 0 0 0 0 0 0 0 0 0 0 1 0 0 0 1 1 0 0 0 1 0 0 0 0 0 0 0 0 0 0 1 0 1 1 0 0 0 1 0 1 0 1 1 0 
0 0 0 0 1 1 0 0 0 0 0 1 0 0 1 0 1 0 0 0 0 1 1 1 1 0 0 0 0 0 0 0 0 0 0 0 0 0 0 0 1 1 0 0 0 1 1 0 0 0 0 1 0 0 1 0 1 0 0 1 0 1 0 0 0 0 0 1 0 0 
1 1 0 0 0 1 0 0 0 1 0 0 0 1 0 0 0 0 1 1 0 0 1 0 0 0 0 0 0 0 0 0 0 0 0 0 0 0 1 0 0 0 0 0 0 1 0 0 0 1 1 0 1 0 0 0 0 1 0 0 0 0 0 0 0 0 1 0 0 0 
1 0 0 1 0 0 0 0 0 0 0 1 1 0 0 0 0 0 0 1 0 0 1 0 0 0 0 0 1 0 0 0 0 0 0 0 1 1 1 1 1 1 1 0 1 1 0 0 1 0 0 0 1 1 1 1 0 0 0 0 0 0 1 0 1 0 1 0 0 0 
1 0 0 0 0 0 1 0 0 0 1 1 1 0 0 0 0 0 0 0 0 0 1 1 0 0 0 1 0 0 0 0 0 0 0 0 1 0 0 0 1 0 1 1 0 1 0 1 0 1 0 0 1 0 1 0 1 0 0 1 1 0 0 0 0 0 1 0 1 0 
0 0 0 0 0 0 1 1 1 0 0 0 0 0 0 1 1 0 0 0 0 0 0 0 0 0 0 0 0 0 0 0 0 0 0 0 1 1 1 0 0 0 0 0 0 0 1 0 1 0 0 0 0 1 0 0 0 1 0 0 0 0 0 0 1 1 0 1 1 1 
1 0 0 1 0 0 0 0 0 1 1 1 0 0 0 1 0 1 1 0 0 0 1 1 1 0 1 0 0 0 0 0 0 0 0 0 0 0 0 1 0 0 0 1 0 1 0 0 1 1 0 0 1 0 0 0 0 0 1 0 0 0 1 0 0 0 1 0 0 0 
0 0 0 0 0 1 0 0 1 0 1 0 1 0 0 1 1 1 0 0 0 1 0 0 0 1 1 0 1 1 0 0 1 1 1 0 0 1 0 1 0 0 1 0 0 0 0 1 0 0 0 0 1 0 0 0 0 0 0 0 1 0 0 0 0 0 0 1 0 0 
0 0 1 0 0 0 1 0 0 0 0 1 0 0 0 0 1 1 0 1 0 0 0 0 0 1 0 0 0 0 0 0 1 0 1 0 1 0 0 0 0 0 0 0 1 0 0 0 1 1 0 0 0 0 0 0 0 0 0 0 0 1 0 0 0 1 0 1 0 1 
1 0 1 0 0 0 0 0 1 1 0 1 0 0 1 1 0 1 0 1 0 0 0 1 0 0 0 0 1 0 0 1 1 0 1 0 0 0 0 0 1 1 0 0 0 1 0 0 0 1 0 1 0 1 1 0 1 1 0 0 1 0 0 0 0 0 0 0 0 0 
0 1 1 0 1 1 0 0 0 0 0 1 0 0 1 0 1 0 1 0 0 1 0 0 0 0 0 0 1 0 0 0 1 0 0 1 1 0 0 0 0 0 0 0 0 1 0 1 0 0 0 0 1 0 0 1 0 0 0 0 1 0 0 0 0 1 0 0 1 1 
0 0 0 0 0 1 0 1 1 1 0 0 0 0 0 0 0 0 1 0 1 1 0 0 1 0 0 0 0 1 1 0 1 1 0 0 0 0 1 0 0 0 0 0 0 0 0 0 1 0 0 0 1 0 0 1 1 0 0 0 1 0 0 0 0 0 1 0 0 0 
1 0 0 1 0 1 0 1 1 0 1 0 0 1 1 1 1 1 0 0 0 1 0 1 0 0 1 1 0 1 1 0 1 0 0 0 0 0 1 0 0 0 1 0 0 0 0 0 0 1 1 1 0 0 0 0 1 1 0 0 1 0 1 1 0 1 1 0 0 1 
1 0 0 1 0 0 0 1 0 0 0 1 0 0 0 1 1 0 0 1 1 1 0 1 0 1 0 0 0 0 0 0 1 1 0 0 1 0 0 0 0 1 0 0 1 1 0 0 0 0 0 1 1 0 0 0 1 0 1 0 0 0 0 0 1 0 0 0 1 1 
0 0 0 0 1 0 1 0 0 0 1 1 0 0 0 1 1 1 0 1 0 0 0 0 0 0 0 0 1 0 0 0 0 1 0 1 0 0 0 0 0 0 0 0 0 1 0 1 0 0 0 0 0 0 0 0 0 1 0 0 1 1 1 1 0 0 0 0 0 0 
0 1 1 0 0 0 0 0 1 0 1 1 0 0 0 1 0 0 0 0 0 1 1 0 1 0 0 0 0 0 0 0 1 0 0 0 0 1 0 0 0 0 1 0 0 0 1 0 1 0 0 1 0 0 0 0 0 0 0 1 0 1 0 0 0 0 1 1 0 1 
1 0 1 1 1 0 1 0 0 1 0 0 0 0 0 0 1 0 0 0 1 0 0 0 1 0 0 0 0 1 1 1 1 1 0 1 0 0 1 1 0 0 1 1 0 0 1 0 0 1 0 1 0 0 1 0 0 0 0 0 0 0 0 0 0 0 1 0 0 0 
0 0 0 1 0 0 0 1 1 0 1 0 0 0 1 0 0 0 1 1 0 0 0 1 0 1 1 0 0 0 1 0 0 0 1 0 0 0 0 0 0 0 0 0 1 1 0 1 1 1 0 0 1 1 1 0 0 0 1 0 0 0 0 0 0 0 0 0 0 1 
0 0 0 0 1 0 0 1 0 1 1 0 0 1 0 0 0 0 1 0 0 0 1 0 0 0 0 0 0 0 0 0 0 1 0 0 1 0 0 1 0 0 0 1 0 0 1 0 0 0 0 1 1 0 0 0 0 1 1 1 1 1 0 0 0 1 1 0 1 1 
1 0 1 0 0 0 0 0 1 0 0 0 1 0 0 1 0 1 1 0 0 0 1 1 0 0 1 0 1 0 0 0 1 0 1 1 0 1 0 0 1 0 0 0 1 0 1 0 0 0 0 0 0 0 0 0 0 1 0 0 0 0 1 0 1 1 0 0 0 0 
0 1 1 0 0 1 0 0 0 1 1 0 1 1 0 0 1 0 0 0 0 0 0 0 0 1 0 1 1 0 0 1 0 1 0 1 0 1 1 0 0 1 0 0 0 1 1 0 0 0 1 0 0 0 0 1 0 1 1 0 0 1 1 0 0 0 0 0 0 0 
0 1 0 1 0 0 1 0 0 1 0 0 0 0 0 0 0 0 1 1 1 1 0 1 0 0 0 0 0 0 0 1 0 0 0 0 0 0 0 0 0 1 0 0 0 0 0 0 0 1 0 0 0 0 0 0 1 0 0 0 0 0 0 0 1 1 0 1 1 0 
0 0 1 0 1 1 0 0 0 0 0 0 0 1 0 1 0 0 0 0 0 0 0 0 1 0 0 0 0 0 1 0 0 0 0 0 0 0 1 0 0 1 1 0 1 1 0 1 0 0 0 0 0 0 0 0 1 0 1 0 0 0 0 0 0 0 1 1 1 1 
0 0 0 1 0 1 0 0 0 0 1 1 0 0 0 0 0 1 0 1 0 1 0 0 1 0 0 0 0 0 0 1 1 1 0 1 1 0 0 1 1 0 1 0 0 0 1 1 0 0 0 0 0 0 0 0 0 0 0 1 0 0 1 0 0 0 0 1 1 0 
0 0 0 0 1 1 0 1 0 1 1 1 0 0 0 0 0 0 1 1 0 0 0 0 1 0 0 0 0 0 0 0 1 0 1 0 0 0 1 0 0 0 0 0 0 0 1 0 0 0 0 0 0 0 1 0 1 1 0 0 0 0 0 0 1 0 1 1 0 1 
1 0 0 0 1 1 1 0 1 0 0 0 0 1 0 1 0 0 0 1 0 0 1 0 1 0 0 0 0 0 1 0 1 1 0 0 0 0 1 0 0 0 0 0 0 1 1 0 0 0 0 0 0 1 0 0 0 0 1 1 0 1 0 0 0 1 0 0 0 1 
0 1 0 1 1 0 0 0 0 0 0 0 0 1 0 0 0 0 0 0 1 0 1 0 1 0 0 1 0 0 0 0 1 0 0 0 0 0 0 1 1 0 0 0 0 0 0 0 0 1 0 0 0 0 0 0 0 0 0 0 0 1 1 1 0 0 1 1 0 0 
1 0 1 0 1 0 0 0 1 0 0 0 0 0 0 0 0 0 0 0 1 0 1 0 1 0 0 0 0 1 1 0 0 1 0 0 0 0 1 0 1 1 1 0 0 0 0 0 0 0 1 1 0 1 0 0 0 0 0 0 1 0 0 0 1 0 1 0 0 0 
0 0 0 0 0 1 0 0 0 0 0 0 0 1 0 1 1 0 0 0 0 1 0 1 0 1 0 0 0 0 0 1 0 0 1 0 0 0 1 0 0 1 0 1 0 0 0 1 1 1 0 0 0 1 0 0 0 0 0 0 0 0 0 0 1 0 0 0 1 0 
1 0 1 0 0 0 0 1 1 0 1 1 0 1 1 0 1 0 1 1 1 1 0 0 0 0 0 0 0 1 0 0 0 0 0 1 0 0 0 0 0 0 1 0 0 0 1 1 0 1 0 1 0 0 1 0 0 0 0 1 0 1 1 0 0 0 0 0 1 0 
0 0 1 1 0 0 0 0 0 0 0 0 1 1 0 0 0 0 0 0 0 0 0 0 1 1 1 0 0 1 1 0 0 1 0 0 0 0 0 0 0 0 0 0 1 0 0 1 0 0 0 0 1 0 1 0 0 0 1 0 1 0 1 0 0 1 0 0 0 1 
1 0 0 0 0 0 0 0 1 0 0 0 0 0 0 1 1 0 0 0 1 0 1 0 1 0 1 1 0 0 0 0 0 1 0 0 1 0 1 1 1 1 0 1 0 0 0 1 0 0 0 0 0 0 0 0 1 0 0 1 0 0 0 1 0 1 0 1 1 1 
1 0 0 1 1 0 0 1 0 0 0 1 0 1 1 0 0 0 1 0 0 1 0 0 0 1 0 0 0 0 1 0 0 0 0 0 0 1 0 0 0 0 0 1 1 0 0 1 0 1 0 0 0 0 1 1 0 0 1 0 0 0 1 0 1 0 0 1 0 0 
0 1 0 0 0 0 0 0 0 0 0 0 0 0 0 0 0 0 0 0 0 0 1 1 0 0 0 1 0 0 0 0 1 0 0 1 0 0 0 0 0 1 0 1 0 0 0 0 1 1 0 0 1 0 0 1 0 0 1 1 0 1 0 1 1 0 1 0 0 0 
0 1 1 0 0 1 0 1 1 0 0 1 0 1 0 0 0 0 0 1 0 0 1 0 1 0 1 0 1 1 0 0 0 0 0 0 0 0 0 0 0 1 0 1 0 0 0 0 0 0 0 0 0 0 0 1 0 0 0 0 1 0 1 0 0 0 1 0 0 0 
0 1 0 0 0 0 0 0 1 0 0 1 0 0 1 1 0 0 1 0 0 1 0 1 0 0 0 0 0 0 0 0 1 0 1 0 0 0 0 0 0 0 1 0 0 0 0 0 1 0 1 0 0 1 0 0 1 1 0 0 0 1 1 0 0 0 0 0 0 0 
1 1 0 0 0 0 0 0 0 0 0 0 0 0 0 1 1 0 1 0 0 1 0 0 0 0 0 1 0 1 0 0 0 0 1 0 0 1 0 1 0 1 0 0 0 0 0 1 1 0 1 0 0 0 1 0 0 0 0 1 1 0 0 0 0 0 0 0 1 1 
1 0 1 0 1 0 0 1 0 1 0 0 0 0 0 1 0 0 1 0 1 1 0 0 0 0 0 0 1 0 0 1 1 1 0 1 0 0 0 0 1 1 0 0 1 1 0 1 0 0 0 1 0 1 0 1 1 0 0 0 0 0 1 1 0 0 0 1 0 0 
0 0 1 0 0 0 0 1 0 0 0 1 1 1 0 0 1 0 0 0 0 0 0 0 0 1 1 1 0 1 1 0 0 0 1 0 1 1 0 0 0 0 0 0 1 0 0 0 0 0 1 1 1 1 0 1 0 0 0 0 1 1 0 0 0 0 1 0 0 0 
0 0 0 0 0 0 0 0 1 0 1 0 1 0 1 0 0 0 0 1 0 1 0 0 0 0 1 0 0 1 0 0 0 1 1 0 0 0 0 1 0 0 1 0 0 0 0 1 0 0 1 1 1 0 0 0 0 1 1 0 1 0 0 0 0 1 0 0 0 0 
0 1 1 0 0 0 0 0 0 0 0 0 0 0 1 0 0 0 0 0 0 0 1 1 0 0 1 0 1 0 0 0 0 0 1 0 0 1 0 1 0 1 1 0 1 0 1 1 0 0 0 1 0 1 1 0 0 0 0 1 1 0 0 0 0 1 0 0 0 0 

0 0 0 0 2 0 0 19 0 0 0 0 4 0 0 0 0 0 0 11 0 0 0 0 0 0 0 0 0 0 0 8 0 0 0 0 0 0 2 0 0 0 0 0 0 0 0 6 0 0 0 0 0 0 0 0 0 0 0 0 0 0 12 0 0 0 0 0 0 4 
0 0 0 7 0 0 0 0 0 0 0 0 0 0 0 0 0 0 0 0 0 0 0 0 0 0 7 0 5 5 0 0 0 0 0 5 0 0 0 0 0 0 0 4 9 14 0 0 0 13 0 3 0 0 0 0 15 0 0 0 0 0 0 0 0 6 19 18 9 0 
0 0 0 0 0 0 0 0 0 15 0 0 0 13 0 0 0 0 8 0 9 17 0 0 0 2 0 0 0 0 0 0 0 0 0 0 12 0 0 0 0 0 0 7 0 0 19 0 0 0 0 0 16 5 0 0 1 0 0 10 0 0 13 7 0 0 0 1 0 6 
4 6 0 0 0 0 0 0 0 0 0 0 13 0 0 7 0 0 0 18 0 0 0 0 0 0 0 0 0 0 8 0 0 2 0 0 0 0 0 1 0 0 0 0 0 0 0 0 0 0 16 0 0 0 0 6 7 0 0 10 0 0 0 15 0 0 0 0 0 0 
0 0 0 0 0 0 0 0 0 0 18 0 19 0 0 0 13 0 7 0 14 1 0 0 0 0 19 18 0 0 0 0 19 5 10 0 0 0 0 0 0 0 0 0 0 0 0 8 0 0 0 0 0 0 9 0 0 0 0 8 6 0 15 0 0 0 0 4 0 0 
0 0 0 0 21 0 14 0 0 0 0 0 0 0 1 0 0 11 11 0 0 0 11 0 0 7 0 0 0 0 0 1 0 0 0 0 0 0 0 0 9 0 0 10 6 0 0 0 0 0 0 0 17 0 0 8 18 0 0 0 9 0 0 0 0 7 0 0 0 0 
15 0 0 0 0 0 0 0 0 0 0 0 0 2 0 0 0 5 0 0 0 0 0 9 0 0 0 0 0 0 0 0 6 0 2 0 0 14 16 0 7 0 0 0 14 0 0 0 0 7 0 2 17 10 0 0 0 0 4 15 0 6 0 0 0 0 8 0 0 0 
0 0 0 0 0 0 0 0 0 0 0 0 15 0 0 0 0 15 0 0 0 0 0 0 0 0 0 0 0 16 0 0 0 0 0 0 0 3 0 0 0 0 0 0 0 0 0 0 16 0 0 0 0 0 3 0 0 0 0 4 0 0 0 0 0 0 0 0 0 0 
0 0 14 7 0 0 0 20 0 0 0 0 0 0 19 0 19 11 0 0 0 0 0 14 0 0 0 19 0 10 0 0 0 2 0 0 0 0 0 0 0 0 0 0 0 0 0 0 0 9 0 1 0 0 0 0 0 20 6 0 0 0 5 0 0 0 0 9 0 0 
0 0 0 0 0 0 0 0 0 0 0 0 0 0 0 21 0 0 0 0 0 7 4 0 0 0 0 1 0 0 0 0 9 12 0 0 0 0 0 0 0 0 0 0 0 0 0 1 0 0 0 0 0 0 0 4 0 0 4 0 0 0 0 0 0 3 0 0 0 0 
0 0 0 15 5 0 0 0 0 0 0 0 0 0 0 0 0 0 0 0 0 3 0 0 0 0 0 0 0 0 0 0 0 15 12 17 0 0 0 0 0 0 0 0 0 11 0 0 0 18 2 0 0 7 0 0 3 0 0 12 3 0 0 0 0 0 0 17 0 0 
0 15 0 0 0 0 0 0 0 0 0 0 0 0 0 0 1 0 0 0 0 0 0 0 7 14 0 0 0 0 0 0 0 0 0 0 0 0 0 0 0 0 0 0 0 2 0 17 0 0 14 0 0 0 0 6 15 0 0 0 0 0 0 0 0 9 11 0 2 15 
15 0 0 0 0 0 0 0 1 0 0 4 0 0 0 0 0 0 0 0 0 0 0 11 0 0 0 0 0 0 0 0 0 0 0 0 0 0 0 0 18 0 10 20 0 0 0 0 0 0 0 0 0 0 0 0 0 0 0 0 0 0 0 0 0 19 6 13 0 0 
0 0 0 0 0 0 0 6 0 0 0 0 0 0 0 0 14 0 5 0 14 0 20 2 0 0 0 0 1 0 0 0 2 0 0 0 0 0 0 0 0 0 0 8 1 0 0 14 24 0 0 0 0 0 0 0 8 0 0 0 16 0 5 0 0 0 17 0 0 6 
0 0 19 0 0 6 0 0 0 0 0 0 0 0 0 0 0 0 0 0 0 18 0 0 0 0 0 0 6 0 8 0 0 0 0 0 10 0 0 2 0 0 0 0 1 0 0 0 14 0 12 0 0 0 0 0 0 0 0 0 0 0 0 0 0 0 0 0 0 0 
0 0 0 0 0 0 0 0 3 0 0 0 14 0 0 0 0 19 0 0 0 0 0 0 0 0 0 0 0 0 0 0 0 0 21 0 0 0 0 0 4 0 0 18 0 0 0 15 5 0 0 0 0 0 0 19 0 17 0 11 0 14 3 0 4 0 0 0 0 0 
0 15 0 0 0 6 19 0 0 0 0 0 0 0 13 0 0 0 3 0 0 5 4 2 0 0 15 0 0 0 0 0 0 0 0 0 9 0 17 0 0 0 0 0 0 0 0 0 0 14 0 0 0 0 0 0 12 2 0 17 0 0 0 0 0 0 0 0 0 0 
0 0 0 0 0 0 0 0 0 0 0 0 20 0 0 3 0 0 0 0 0 0 16 0 3 0 0 0 0 2 3 0 13 0 0 16 0 0 0 0 0 0 0 0 0 0 9 0 0 0 0 0 0 0 0 0 0 0 0 0 0 0 0 0 15 0 0 0 2 0 
0 0 0 0 0 0 0 0 0 3 0 0 9 0 0 0 0 0 0 0 0 0 0 0 0 17 0 0 0 0 0 0 0 0 0 0 0 11 0 0 0 0 0 0 11 0 0 0 0 0 11 0 0 15 0 0 0 0 0 0 0 0 20 0 0 0 0 0 0 0 
0 0 0 0 14 0 0 6 0 0 0 0 10 0 0 0 0 0 14 0 14 0 0 0 0 9 0 0 0 0 0 0 0 0 0 0 0 0 0 0 0 0 13 0 0 0 8 0 0 0 0 0 0 19 2 0 18 0 0 0 19 0 0 20 0 0 0 0 0 0 
17 0 0 0 0 0 0 0 0 0 0 11 0 0 0 0 0 0 0 0 0 0 17 2 0 0 0 0 0 0 0 0 0 0 0 0 0 0 0 0 0 0 0 0 0 16 0 0 20 0 0 0 0 0 0 0 0 0 0 11 0 0 0 7 0 0 0 10 15 0 
0 0 5 0 0 3 0 0 0 14 0 0 0 0 0 15 0 13 0 5 0 0 0 0 0 0 0 0 0 0 0 0 0 0 7 0 0 0 0 0 0 0 0 0 0 0 0 0 11 0 0 0 0 15 11 0 0 0 0 5 0 0 0 0 0 8 0 6 0 0 
0 0 0 0 0 0 0 0 0 0 0 0 0 0 0 0 0 0 0 0 0 8 0 0 20 0 0 4 0 0 0 6 1 0 0 0 0 0 0 15 2 0 0 0 0 0 0 0 0 0 0 0 0 0 15 0 8 5 0 19 7 0 0 0 0 0 0 0 0 9 
0 0 0 17 0 0 0 0 0 0 0 18 0 0 0 0 0 0 0 0 9 5 0 0 0 10 0 0 3 0 0 0 0 13 0 0 0 17 0 6 0 2 0 0 0 1 0 0 0 17 0 0 0 0 0 0 0 0 17 0 0 2 0 14 0 0 0 0 0 0 
10 7 14 0 0 14 5 9 0 17 0 0 0 0 0 0 0 0 16 0 0 0 0 13 0 0 0 0 0 5 0 0 0 3 0 0 0 0 0 8 0 0 16 8 0 0 0 10 9 0 17 0 0 0 0 0 0 0 17 14 12 0 0 0 0 0 0 17 0 4 
16 0 5 0 4 0 0 2 0 0 8 0 0 0 0 0 0 0 0 0 0 0 20 0 0 0 0 0 0 0 0 0 0 0 0 0 0 0 0 0 0 0 0 0 0 0 0 0 0 3 0 0 0 0 15 0 0 0 0 0 0 0 13 0 0 0 0 16 0 0 
0 2 0 0 13 0 0 0 0 0 0 0 0 0 0 0 0 0 14 0 0 0 0 0 0 0 0 0 0 3 0 0 0 0 0 0 0 18 0 0 0 0 0 0 0 0 0 0 0 0 0 16 0 0 0 0 0 0 0 0 0 0 0 1 0 5 0 1 8 0 
0 0 0 0 0 0 11 0 0 15 0 0 0 0 0 0 12 0 4 14 0 0 0 0 0 0 0 0 11 0 5 0 0 0 0 0 0 0 13 0 0 0 0 4 0 0 0 18 0 16 0 0 0 11 0 0 12 0 0 0 0 0 7 11 0 0 0 0 0 0 
0 0 0 0 0 0 0 0 0 0 0 0 0 0 0 0 0 0 0 0 0 0 0 0 0 11 0 0 0 0 0 18 0 0 0 0 0 10 0 0 0 0 0 9 0 0 0 0 8 0 0 0 2 0 0 0 0 12 2 0 2 0 0 0 0 8 0 10 0 3 
0 0 0 0 0 0 19 0 0 0 0 0 17 19 0 5 0 0 0 0 0 0 0 0 0 0 0 0 0 0 0 0 0 0 1 0 0 0 0 0 0 0 0 16 0 0 16 0 0 17 0 0 0 0 0 6 0 16 0 0 0 5 0 0 0 0 0 0 10 0 
0 8 0 0 0 0 0 0 18 0 17 0 0 0 0 0 9 0 0 0 0 0 0 16 16 0 9 2 0 0 0 0 0 1 0 0 0 14 0 0 0 5 0 17 8 0 0 0 0 0 16 0 0 0 0 7 0 19 0 0 5 0 0 0 0 9 0 12 0 0 
14 0 0 0 0 0 0 0 0 19 0 0 0 0 0 15 0 0 0 0 0 1 0 0 0 1 0 0 12 0 0 0 0 0 8 0 20 0 0 0 0 0 0 0 3 19 0 0 0 0 20 18 0 0 0 0 0 0 0 0 0 0 5 0 13 0 0 0 11 0 
16 0 11 0 0 0 0 12 6 0 0 0 0 21 0 0 0 0 0 0 4 7 0 0 0 0 8 0 0 0 0 0 0 14 3 0 0 0 0 0 0 0 9 0 0 0 0 0 0 13 0 0 7 0 0 0 0 0 0 0 0 0 14 0 0 3 0 0 0 0 
0 0 0 0 14 0 0 0 0 11 0 10 0 13 0 13 15 0 0 5 6 8 0 0 0 0 0 0 0 0 5 0 0 0 0 0 0 2 14 0 0 0 1 0 0 0 0 0 0 20 0 0 0 0 0 0 0 0 0 0 0 0 0 0 0 0 0 0 0 0 
0 0 9 0 0 0 0 0 0 1 0 0 0 0 16 0 0 0 0 0 19 5 0 0 0 0 0 0 0 1 0 0 18 0 0 0 0 0 1 18 0 0 0 5 0 0 0 0 0 0 0 0 0 0 0 0 0 0 0 0 0 0 0 0 1 0 10 0 7 0 
0 0 0 0 0 0 0 0 8 0 0 0 0 16 16 20 0 17 0 0 0 0 0 0 16 0 0 0 0 0 0 0 2 0 0 0 0 0 0 0 0 13 0 0 0 0 0 0 0 0 0 0 0 0 0 0 0 9 0 0 0 0 0 0 0 0 19 0 0 0 
7 0 0 0 1 0 0 0 0 0 2 0 0 0 0 4 0 0 0 0 0 0 0 16 0 0 0 0 0 6 0 0 20 0 0 0 0 5 0 15 0 13 0 0 0 1 1 0 0 0 0 0 0 0 4 0 0 0 0 0 0 0 0 0 0 0 0 0 0 20 
0 0 0 15 0 0 0 0 15 20 0 13 0 0 0 0 0 0 0 2 0 0 0 0 0 0 10 9 0 0 0 0 0 0 0 0 0 0 0 0 18 0 9 0 0 15 0 0 7 0 7 0 10 6 19 14 0 0 0 7 0 12 0 3 0 0 0 0 0 0 
7 0 0 0 0 0 0 0 8 0 19 22 4 0 0 0 0 1 0 0 0 0 0 0 11 0 0 0 0 0 6 0 0 0 0 0 0 0 0 0 0 0 6 0 0 1 17 0 0 0 0 0 0 0 0 0 0 3 0 16 0 1 8 3 0 0 16 0 0 21 
0 0 0 0 1 0 0 17 0 0 0 0 0 15 0 14 4 0 19 0 0 1 0 0 0 0 0 0 0 10 0 0 0 8 0 12 0 16 2 0 15 0 0 0 0 0 0 4 0 0 20 0 19 0 0 0 0 0 0 0 0 0 0 0 0 0 0 14 0 17 
0 0 0 0 0 0 0 10 3 0 0 0 0 0 0 0 5 0 11 0 0 0 0 0 7 0 0 7 0 0 0 0 0 2 0 0 0 0 0 0 0 0 0 0 0 12 0 20 13 0 0 0 0 0 19 0 0 0 17 0 0 0 19 0 0 0 6 0 0 0 
0 2 0 16 0 0 0 0 3 0 0 0 0 0 18 17 4 0 15 1 16 0 0 0 0 0 14 0 0 0 0 0 13 1 0 0 0 0 0 13 0 0 0 0 0 0 0 9 0 0 0 0 0 0 0 0 0 9 0 0 0 0 0 0 0 0 14 0 0 0 
0 0 0 15 0 0 0 0 0 0 13 0 0 2 1 13 0 0 0 0 14 2 1 0 0 0 0 0 15 0 0 0 0 0 0 0 0 0 5 0 0 0 0 0 0 0 0 0 0 0 10 19 0 0 0 15 0 0 0 0 10 0 0 0 0 0 0 0 0 0 
0 0 0 17 0 20 0 0 0 0 0 0 0 0 0 0 16 0 0 0 0 0 14 0 0 8 0 0 0 14 0 0 0 0 0 0 20 0 0 0 0 0 0 0 0 0 0 0 0 0 20 0 0 0 7 18 11 0 0 0 0 0 0 0 0 0 0 0 9 0 
21 0 0 0 0 0 0 0 0 0 0 0 0 12 11 0 0 0 0 11 0 0 0 0 20 1 0 5 0 0 0 0 18 0 7 0 2 0 0 6 1 0 0 0 0 0 12 0 0 0 0 3 0 0 0 0 0 0 3 0 0 0 0 0 0 0 0 6 0 0 
14 0 5 0 0 0 0 0 0 0 0 0 0 0 16 0 8 0 0 0 0 18 0 0 0 19 0 0 0 0 22 0 0 0 0 0 0 0 0 0 13 8 17 0 3 0 0 0 0 0 0 0 0 2 0 0 4 13 0 9 0 15 0 0 0 12 0 0 0 0 
0 0 0 0 0 12 0 0 0 0 0 0 0 0 0 0 0 0 0 0 0 0 0 0 0 0 0 0 0 0 16 0 0 0 0 19 0 18 0 0 0 0 0 0 0 8 0 0 21 0 0 0 0 13 0 0 0 0 0 0 0 0 0 0 0 0 0 0 0 0 
0 0 0 0 0 0 8 0 0 0 0 0 0 0 0 0 0 0 0 0 0 14 0 0 0 0 0 0 0 0 0 16 0 0 0 0 0 0 0 0 0 0 0 0 0 0 0 0 11 0 0 0 0 0 16 0 0 0 0 0 0 0 0 0 0 0 0 0 0 0 
0 0 0 0 0 0 0 11 18 0 0 11 0 0 0 0 0 15 0 0 0 16 2 0 0 0 0 0 0 0 0 0 0 0 0 0 0 0 0 0 0 0 7 0 0 0 0 0 0 3 0 0 0 0 4 13 0 0 0 6 0 0 0 0 0 13 0 0 0 0 
0 0 1 10 0 8 0 16 16 0 0 0 6 14 0 10 0 0 0 0 0 2 0 0 0 8 0 0 0 0 0 19 0 0 0 20 0 7 11 0 0 0 0 12 0 2 0 0 16 0 0 0 0 0 0 0 0 0 0 0 0 0 0 3 0 0 12 0 0 0 
0 0 0 0 0 0 0 0 3 0 0 0 0 0 0 18 0 0 0 0 0 0 0 0 0 18 0 0 0 10 0 0 0 12 0 0 17 0 11 0 0 0 0 0 4 0 0 0 0 0 0 0 0 0 0 0 0 0 0 0 0 0 0 0 0 1 0 0 0 0 
0 0 0 0 0 0 0 0 0 0 0 0 14 0 16 0 0 0 0 0 0 0 0 0 0 17 0 0 0 0 0 11 20 0 0 20 0 0 0 0 0 0 17 0 1 0 0 6 0 0 0 0 17 0 1 0 0 0 0 0 0 0 0 0 0 0 0 0 0 0 
0 0 0 0 0 0 0 0 0 0 0 13 0 0 0 0 0 0 0 0 0 0 0 0 19 15 0 16 0 0 0 0 0 0 0 0 0 0 0 0 14 0 0 0 0 0 0 0 0 0 0 0 0 0 0 14 0 0 0 0 0 0 15 0 0 0 0 0 0 9 
12 18 0 14 0 1 0 0 0 0 0 0 0 0 15 11 0 0 0 0 0 0 20 0 0 0 0 10 0 0 0 0 0 0 0 0 0 0 0 8 0 0 0 0 19 0 0 12 0 0 0 0 0 0 0 0 0 0 0 0 0 0 0 0 0 0 0 0 0 0 
0 0 0 0 0 0 0 0 0 0 0 0 0 0 0 0 1 0 0 17 4 0 0 0 0 0 0 18 0 0 0 0 0 0 0 0 0 0 0 0 0 13 0 0 0 0 0 0 0 21 0 0 0 0 0 0 0 3 0 0 0 0 0 0 0 0 3 0 0 0 
0 0 0 8 0 0 0 0 0 0 0 0 0 0 0 0 2 0 2 0 0 0 0 0 0 0 0 0 0 0 4 0 1 0 0 0 16 13 0 0 0 3 5 0 0 0 0 0 0 0 0 0 0 0 0 0 0 0 0 0 0 0 0 0 0 0 0 0 14 0 
16 0 0 0 0 0 0 0 0 0 0 0 0 0 0 0 0 12 0 0 0 0 0 0 0 0 0 0 0 0 0 0 0 6 0 0 0 0 0 0 0 0 0 0 0 0 0 0 0 0 8 0 4 0 0 0 0 0 0 0 0 0 0 0 0 0 0 0 0 0 
2 0 20 0 0 0 0 0 0 0 0 0 0 0 0 3 0 0 0 0 0 0 0 2 0 0 0 0 0 17 0 0 0 0 0 0 0 0 0 0 0 8 0 0 0 0 9 0 0 0 7 0 14 12 0 5 0 0 0 0 13 0 20 0 0 0 17 0 6 0 
0 0 0 0 15 0 0 17 0 0 1 0 0 0 0 0 0 0 0 0 19 3 0 0 0 0 0 0 8 0 11 0 0 12 0 0 0 0 0 0 0 0 0 0 0 8 0 0 0 0 15 0 0 7 0 0 0 0 0 0 0 10 0 0 0 0 0 16 0 0 
0 0 0 0 10 0 0 0 0 0 0 10 21 7 0 5 0 7 0 0 0 12 8 0 0 0 0 0 0 0 0 0 0 0 0 0 0 0 0 0 0 0 0 17 0 0 0 12 7 0 16 0 0 0 0 0 3 0 0 0 0 0 0 0 0 0 0 0 0 0 
0 7 13 0 0 0 11 0 0 0 0 7 8 0 0 0 0 0 0 0 0 7 0 16 0 0 0 0 11 0 0 17 0 0 0 0 0 0 14 0 0 0 0 0 0 0 0 0 0 0 0 0 10 0 0 0 0 0 0 0 0 17 2 0 16 0 0 4 0 13 
0 0 0 4 0 0 0 0 0 0 19 0 0 17 0 0 18 14 20 0 0 0 0 10 0 0 18 1 0 0 0 0 8 0 0 0 0 0 0 0 2 0 0 16 0 0 0 9 0 0 0 10 0 0 0 0 0 19 0 0 0 0 19 11 0 0 5 0 0 0 
0 0 0 0 0 0 0 0 0 0 0 15 3 0 4 0 0 0 0 0 0 0 1 0 0 0 0 0 0 0 16 0 0 17 0 2 0 0 0 0 5 1 0 5 0 0 0 0 0 0 0 0 0 16 9 0 0 0 0 0 0 2 0 0 19 0 11 5 0 0 
0 0 0 20 0 4 0 0 0 0 0 0 22 8 15 4 20 5 0 0 0 0 0 0 17 4 0 1 0 0 0 0 14 0 0 0 0 0 2 10 0 0 0 0 0 0 13 5 0 0 0 0 19 0 0 0 0 0 0 0 0 0 6 0 0 0 17 8 0 0 
0 5 0 0 21 0 20 0 16 7 0 10 0 0 0 0 0 0 0 0 0 0 2 0 0 0 10 0 0 0 0 0 0 17 0 0 0 0 0 0 0 0 0 0 0 0 2 0 0 0 0 0 0 0 0 0 0 2 0 0 0 0 0 0 0 0 0 0 6 0 
0 0 0 0 0 0 0 0 19 0 0 1 0 0 0 0 0 0 0 0 0 0 20 0 11 0 5 0 0 0 0 0 0 10 0 0 0 0 0 0 0 10 9 0 0 0 0 0 0 0 0 15 0 18 0 0 0 11 12 0 0 2 0 0 0 0 0 0 0 0 
11 0 0 0 0 0 0 0 3 0 0 0 5 0 0 0 0 0 6 0 0 0 0 0 0 1 5 0 0 0 0 0 0 0 0 0 11 0 8 0 0 0 0 0 17 0 0 0 14 0 0 20 0 0 0 0 0 0 0 0 0 0 0 0 0 0 0 1 0 0 
0 0 0 0 0 4 0 12 0 0 0 0 0 2 0 0 0 0 0 0 8 0 0 0 0 0 20 20 0 0 0 0 0 0 0 0 16 0 0 13 0 0 0 0 0 0 14 0 0 0 0 0 0 0 0 0 0 6 0 0 0 8 4 0 7 0 0 0 0 0 
0 0 0 0 0 0 0 0 0 0 0 8 0 0 0 2 0 0 0 0 0 0 0 0 0 14 15 0 0 0 0 0 19 0 0 0 15 2 0 0 0 0 0 0 0 0 0 10 0 16 0 0 0 0 0 0 0 0 0 0 0 0 0 0 0 0 0 0 0 0 
0 1 0 0 17 0 0 1 0 0 0 12 0 0 9 0 0 0 0 0 0 0 8 0 19 0 4 0 0 0 0 1 0 0 0 0 0 0 13 0 0 0 0 0 0 8 0 0 0 0 0 0 0 0 0 0 18 0 0 0 0 0 0 0 0 0 20 15 0 0 
