70

0 0 1 1 1 1 1 1 1 0 1 1 1 1 1 1 1 1 1 1 0 1 0 1 1 1 1 1 1 1 1 1 1 0 0 1 1 1 1 1 1 1 1 1 1 1 1 1 1 1 0 1 1 1 1 1 1 1 1 1 1 1 0 1 0 1 0 1 1 1 
0 0 1 1 1 1 1 1 1 1 1 1 1 1 1 1 1 1 1 1 1 1 1 1 1 0 1 1 1 1 0 1 1 1 1 1 0 1 1 1 1 1 1 1 1 1 1 1 1 0 1 1 1 1 1 1 1 1 1 1 1 1 1 1 1 1 1 1 1 1 
1 1 0 1 1 1 1 1 1 1 1 1 1 0 1 1 1 1 1 1 1 1 1 1 1 1 1 1 1 0 1 1 1 1 1 1 1 1 1 1 1 1 0 1 1 1 1 0 1 1 1 1 1 1 1 1 1 1 1 1 1 1 1 0 1 1 1 0 1 1 
1 1 1 0 0 1 1 1 0 1 0 0 1 1 1 1 1 1 1 1 1 0 1 1 1 1 0 1 1 1 1 1 1 1 1 1 1 1 1 1 1 1 1 1 1 1 1 1 1 1 1 1 1 1 1 1 1 1 0 1 1 1 1 1 1 0 1 0 1 1 
1 1 1 0 0 1 1 1 0 1 1 1 1 1 1 0 1 1 1 1 1 1 1 1 1 1 1 1 1 1 1 1 1 1 1 1 1 1 1 0 0 1 1 1 1 1 1 1 0 1 1 1 1 1 1 1 1 1 1 1 1 1 1 1 1 1 1 1 1 1 
1 1 1 1 1 0 1 1 1 1 1 1 1 1 1 1 1 1 1 1 1 1 1 1 1 1 1 1 1 1 1 1 1 1 1 1 1 1 1 1 1 1 1 1 1 1 1 1 1 1 1 1 1 1 1 1 1 1 1 1 1 1 0 1 0 1 0 1 1 1 
1 1 1 1 1 1 0 1 1 1 1 1 1 1 0 1 1 1 1 1 1 1 1 1 0 1 1 1 0 0 1 1 1 1 1 1 1 1 1 1 1 1 1 1 1 0 1 1 1 1 1 1 1 1 1 1 0 1 1 1 1 1 1 1 1 1 1 1 1 1 
1 1 1 1 1 1 1 0 1 1 1 1 1 1 1 1 1 1 1 1 1 1 1 1 1 1 1 1 1 1 1 1 0 1 1 1 1 1 1 1 1 1 1 0 1 1 1 1 1 1 1 1 1 1 1 1 1 1 1 1 1 1 1 1 1 1 1 1 1 1 
1 1 1 0 0 1 1 1 0 1 1 1 1 1 1 1 1 0 1 1 1 0 1 1 1 1 1 1 1 1 1 1 1 1 1 1 1 1 1 1 0 1 1 1 1 1 0 1 1 1 0 1 1 1 0 0 1 1 1 1 1 1 1 1 1 1 1 1 1 1 
0 1 1 1 1 1 1 1 1 0 1 1 1 1 1 1 1 1 1 1 1 1 1 1 1 0 1 1 1 1 1 1 1 1 1 1 1 1 1 1 1 1 1 1 0 1 1 1 1 1 1 1 1 1 1 1 1 1 1 1 1 1 1 0 1 1 0 1 1 1 
1 1 1 0 1 1 1 1 1 1 0 1 1 1 1 1 1 1 1 1 1 1 1 1 1 0 1 1 0 1 1 1 1 1 1 1 1 1 1 1 1 1 1 1 1 1 0 1 1 1 1 1 1 1 1 1 1 0 1 1 1 1 1 1 1 0 1 1 1 1 
1 1 1 0 1 1 1 1 1 1 1 0 1 1 1 1 1 1 1 1 1 1 1 1 0 1 1 1 1 1 1 1 1 1 1 1 1 1 1 1 1 1 1 1 1 1 1 1 1 1 1 1 1 1 0 1 1 1 0 1 1 1 1 1 1 0 1 1 0 1 
1 1 1 1 1 1 1 1 1 1 1 1 0 1 1 1 1 1 1 1 1 1 1 1 1 1 0 1 1 1 1 0 1 1 1 1 1 1 1 1 1 1 0 1 1 1 1 1 1 1 1 1 0 1 1 1 1 1 1 1 1 1 0 1 1 1 0 1 1 1 
1 1 0 1 1 1 1 1 1 1 1 1 1 0 1 1 1 1 1 1 1 1 1 1 1 1 1 1 1 1 1 0 1 1 1 1 1 1 1 1 1 1 1 1 1 1 1 1 1 1 1 1 1 1 0 1 1 1 1 1 1 1 1 1 1 1 1 1 1 1 
1 1 1 1 1 1 0 1 1 1 1 1 1 1 0 1 1 1 1 1 1 1 1 1 1 1 1 1 1 1 1 0 1 1 1 1 1 0 1 1 1 1 1 1 1 1 0 1 1 1 1 1 1 1 1 1 1 1 1 1 1 0 1 1 1 1 1 1 1 1 
1 1 1 1 0 1 1 1 1 1 1 1 1 1 1 0 1 1 0 1 1 1 0 1 1 1 1 1 1 1 1 0 0 1 1 1 1 1 1 1 1 1 1 1 1 1 1 1 1 0 1 1 1 1 1 1 1 0 1 1 1 1 1 1 1 1 0 1 1 1 
1 1 1 1 1 1 1 1 1 1 1 1 1 1 1 1 0 1 1 0 1 1 1 1 1 1 1 0 1 1 1 1 1 1 1 1 1 1 1 1 0 1 1 0 1 1 1 1 1 1 1 1 1 1 0 1 1 1 1 1 1 1 1 1 1 1 1 1 1 1 
1 1 1 1 1 1 1 1 0 1 1 1 1 1 1 1 1 0 1 1 1 1 1 1 1 0 1 1 1 1 1 1 1 1 1 1 1 1 1 1 1 1 1 1 1 1 1 1 1 1 1 1 1 1 1 1 0 1 1 1 1 1 1 0 1 1 1 1 1 1 
1 1 1 1 1 1 1 1 1 1 1 1 1 1 1 0 1 1 0 1 1 0 1 1 1 1 1 1 1 1 1 1 1 1 0 1 1 1 1 1 1 1 1 1 1 1 1 1 1 1 1 1 0 1 1 1 1 1 1 1 0 1 1 1 1 0 1 1 1 1 
1 1 1 1 1 1 1 1 1 1 1 1 1 1 1 1 0 1 1 0 1 1 1 1 1 1 0 1 1 1 1 1 1 1 1 1 1 1 1 1 1 1 1 1 1 1 1 1 1 1 1 1 0 1 1 1 1 0 1 1 1 1 1 0 1 1 1 1 1 1 
0 1 1 1 1 1 1 1 1 1 1 1 1 1 1 1 1 1 1 1 0 1 0 1 1 1 1 1 1 1 1 1 1 1 1 1 1 0 1 1 0 1 1 1 1 1 1 1 1 1 1 1 1 1 1 1 1 1 1 1 1 1 1 1 1 1 1 1 1 1 
1 1 1 0 1 1 1 1 0 1 1 1 1 1 1 1 1 1 0 1 1 0 1 1 1 1 1 1 1 1 1 1 1 1 1 1 1 1 1 1 1 1 0 1 1 1 1 0 1 1 1 1 1 0 1 0 1 0 1 1 1 1 1 1 1 1 0 1 1 0 
0 1 1 1 1 1 1 1 1 1 1 1 1 1 1 0 1 1 1 1 0 1 0 1 1 1 1 1 1 1 1 1 1 1 0 1 0 1 0 1 1 1 1 1 1 0 1 1 1 1 1 1 1 1 0 1 1 1 1 1 1 1 1 1 1 1 1 1 1 1 
1 1 1 1 1 1 1 1 1 1 1 1 1 1 1 1 1 1 1 1 1 1 1 0 1 1 1 1 1 1 1 1 1 1 1 0 0 1 1 1 1 1 1 1 1 1 1 1 1 1 0 1 1 1 1 1 1 1 1 1 1 1 1 1 1 1 0 1 1 1 
1 1 1 1 1 1 0 1 1 1 1 0 1 1 1 1 1 1 1 1 1 1 1 1 0 1 1 1 1 1 1 1 1 1 0 1 1 1 1 1 1 1 1 1 0 1 1 1 1 1 1 1 1 1 1 0 1 1 1 1 1 0 1 1 1 1 1 1 1 1 
1 0 1 1 1 1 1 1 1 0 0 1 1 1 1 1 1 0 1 1 1 1 1 1 1 0 1 1 1 1 0 1 1 1 1 1 1 0 1 1 1 1 1 0 0 1 1 1 1 1 0 1 0 1 1 1 1 1 1 1 1 1 1 1 1 1 1 1 1 1 
1 1 1 0 1 1 1 1 1 1 1 1 0 1 1 1 1 1 1 0 1 1 1 1 1 1 0 1 1 1 1 1 1 1 1 1 1 1 1 1 1 1 1 1 1 1 1 1 1 1 1 1 1 1 1 1 1 1 1 1 1 0 1 1 1 1 1 1 1 1 
1 1 1 1 1 1 1 1 1 1 1 1 1 1 1 1 0 1 1 1 1 1 1 1 1 1 1 0 1 1 1 1 1 0 1 1 1 1 1 1 0 1 1 1 1 1 1 1 1 1 1 1 1 1 1 1 1 1 1 1 1 1 1 1 1 1 1 1 1 1 
1 1 1 1 1 1 0 1 1 1 0 1 1 1 1 1 1 1 1 1 1 1 1 1 1 1 1 1 0 0 1 1 1 1 1 1 1 1 1 1 1 1 0 1 1 1 1 0 1 1 0 1 1 1 1 1 1 1 1 1 1 1 1 1 0 1 1 0 1 1 
1 1 0 1 1 1 0 1 1 1 1 1 1 1 1 1 1 1 1 1 1 1 1 1 1 1 1 1 0 0 1 1 1 1 1 1 1 1 1 1 1 1 1 1 1 1 1 1 1 1 1 1 1 1 1 1 1 1 1 1 1 1 1 1 0 1 1 1 1 1 
1 0 1 1 1 1 1 1 1 1 1 1 1 1 1 1 1 1 1 1 1 1 1 1 1 0 1 1 1 1 0 1 1 1 1 1 1 1 1 1 1 1 1 1 1 1 1 1 1 0 1 1 1 1 1 1 1 0 1 1 1 1 1 0 1 1 1 0 1 1 
1 1 1 1 1 1 1 1 1 1 1 1 0 0 0 0 1 1 1 1 1 1 1 1 1 1 1 1 1 1 1 0 1 0 1 1 1 1 1 1 1 1 1 1 0 1 1 0 1 1 1 1 1 1 1 1 1 1 1 1 1 1 1 1 1 1 1 1 1 1 
1 1 1 1 1 1 1 0 1 1 1 1 1 1 1 0 1 1 1 1 1 1 1 1 1 1 1 1 1 1 1 1 0 1 1 1 1 1 1 1 1 1 1 1 1 1 1 1 1 1 1 1 1 1 1 1 1 1 0 1 1 1 1 1 1 1 1 1 1 1 
0 1 1 1 1 1 1 1 1 1 1 1 1 1 1 1 1 1 1 1 1 1 1 1 1 1 1 0 1 1 1 0 1 0 0 1 1 1 1 1 1 0 1 1 1 1 1 1 1 0 1 1 1 0 1 1 1 1 1 1 1 1 0 1 1 1 1 1 0 1 
0 1 1 1 1 1 1 1 1 1 1 1 1 1 1 1 1 1 0 1 1 1 0 1 0 1 1 1 1 1 1 1 1 0 0 0 1 1 1 1 1 1 1 1 0 1 1 1 1 0 1 1 1 0 1 1 1 1 1 1 1 1 1 1 1 0 1 1 1 1 
1 1 1 1 1 1 1 1 1 1 1 1 1 1 1 1 1 1 1 1 1 1 1 0 1 1 1 1 1 1 1 1 1 1 0 0 1 1 1 1 1 1 1 1 0 1 1 1 1 1 1 0 1 1 1 1 1 1 1 1 1 1 1 1 1 1 1 0 1 1 
1 0 1 1 1 1 1 1 1 1 1 1 1 1 1 1 1 1 1 1 1 1 0 0 1 1 1 1 1 1 1 1 1 1 1 1 0 1 1 1 1 1 1 1 1 1 1 1 1 1 1 1 0 1 1 1 1 1 1 1 1 1 1 0 1 1 1 1 1 1 
1 1 1 1 1 1 1 1 1 1 1 1 1 1 0 1 1 1 1 1 0 1 1 1 1 0 1 1 1 1 1 1 1 1 1 1 1 0 1 1 1 1 1 1 1 1 1 1 1 1 1 1 1 1 1 1 1 1 1 1 1 1 1 0 1 1 1 1 1 1 
1 1 1 1 1 1 1 1 1 1 1 1 1 1 1 1 1 1 1 1 1 1 0 1 1 1 1 1 1 1 1 1 1 1 1 1 1 1 0 1 1 1 1 1 0 1 1 1 1 1 1 1 1 1 0 1 1 1 1 1 1 1 0 1 1 1 1 1 1 1 
1 1 1 1 0 1 1 1 1 1 1 1 1 1 1 1 1 1 1 1 1 1 1 1 1 1 1 1 1 1 1 1 1 1 1 1 1 1 1 0 1 1 1 0 1 1 1 1 1 1 1 1 1 1 1 1 1 1 1 1 1 1 0 1 1 1 0 0 1 1 
1 1 1 1 0 1 1 1 0 1 1 1 1 1 1 1 0 1 1 1 0 1 1 1 1 1 1 0 1 1 1 1 1 1 1 1 1 1 1 1 0 1 1 0 1 1 1 1 1 1 1 1 1 1 1 1 1 1 1 1 1 1 1 1 1 1 0 1 1 1 
1 1 1 1 1 1 1 1 1 1 1 1 1 1 1 1 1 1 1 1 1 1 1 1 1 1 1 1 1 1 1 1 1 0 1 1 1 1 1 1 1 0 1 1 1 1 1 1 0 1 1 1 1 1 1 1 1 1 0 1 1 1 1 1 1 1 1 0 1 1 
1 1 0 1 1 1 1 1 1 1 1 1 0 1 1 1 1 1 1 1 1 0 1 1 1 1 1 1 0 1 1 1 1 1 1 1 1 1 1 1 1 1 0 1 1 0 1 1 1 1 1 1 0 1 0 0 1 1 1 1 1 1 1 1 1 1 1 1 1 1 
1 1 1 1 1 1 1 0 1 1 1 1 1 1 1 1 0 1 1 1 1 1 1 1 1 0 1 1 1 1 1 1 1 1 1 1 1 1 1 0 0 1 1 0 1 1 1 1 1 1 1 1 1 1 1 1 0 1 1 1 0 1 1 1 1 1 1 0 1 1 
1 1 1 1 1 1 1 1 1 0 1 1 1 1 1 1 1 1 1 1 1 1 1 1 0 0 1 1 1 1 1 0 1 1 0 0 1 1 0 1 1 1 1 1 0 1 1 1 1 1 1 1 1 1 1 1 1 1 1 1 1 1 1 1 1 1 1 1 1 1 
1 1 1 1 1 1 0 1 1 1 1 1 1 1 1 1 1 1 1 1 1 1 0 1 1 1 1 1 1 1 1 1 1 1 1 1 1 1 1 1 1 1 0 1 1 0 1 1 1 0 1 1 1 0 0 1 1 1 0 1 1 1 1 1 1 1 1 1 1 1 
1 1 1 1 1 1 1 1 0 1 0 1 1 1 0 1 1 1 1 1 1 1 1 1 1 1 1 1 1 1 1 1 1 1 1 1 1 1 1 1 1 1 1 1 1 1 0 1 1 1 1 1 1 1 1 1 1 0 1 1 1 1 1 1 0 1 1 1 1 1 
1 1 0 1 1 1 1 1 1 1 1 1 1 1 1 1 1 1 1 1 1 0 1 1 1 1 1 1 0 1 1 0 1 1 1 1 1 1 1 1 1 1 1 1 1 1 1 0 1 1 1 1 1 1 1 1 1 0 0 1 1 1 1 1 1 1 1 1 1 0 
1 1 1 1 0 1 1 1 1 1 1 1 1 1 1 1 1 1 1 1 1 1 1 1 1 1 1 1 1 1 1 1 1 1 1 1 1 1 1 1 1 0 1 1 1 1 1 1 0 1 1 1 1 1 1 1 1 1 1 1 0 1 1 1 1 1 1 0 1 1 
1 0 1 1 1 1 1 1 1 1 1 1 1 1 1 0 1 1 1 1 1 1 1 1 1 1 1 1 1 1 0 1 1 0 0 1 1 1 1 1 1 1 1 1 1 0 1 1 1 0 1 1 1 1 1 1 0 1 1 1 1 1 1 1 1 1 0 1 1 1 
0 1 1 1 1 1 1 1 0 1 1 1 1 1 1 1 1 1 1 1 1 1 1 0 1 0 1 1 0 1 1 1 1 1 1 1 1 1 1 1 1 1 1 1 1 1 1 1 1 1 0 1 1 1 1 1 1 1 1 1 1 1 1 1 1 1 0 1 1 1 
1 1 1 1 1 1 1 1 1 1 1 1 1 1 1 1 1 1 1 1 1 1 1 1 1 1 1 1 1 1 1 1 1 1 1 0 1 1 1 1 1 1 1 1 1 1 1 1 1 1 1 0 1 1 1 1 1 1 1 1 1 1 1 0 0 1 1 1 1 1 
1 1 1 1 1 1 1 1 1 1 1 1 0 1 1 1 1 1 0 0 1 1 1 1 1 0 1 1 1 1 1 1 1 1 1 1 0 1 1 1 1 1 0 1 1 1 1 1 1 1 1 1 0 1 0 1 1 1 0 1 1 1 1 1 1 1 0 1 1 1 
1 1 1 1 1 1 1 1 1 1 1 1 1 1 1 1 1 1 1 1 1 0 1 1 1 1 1 1 1 1 1 1 1 0 0 1 1 1 1 1 1 1 1 1 1 0 1 1 1 1 1 1 1 0 1 0 1 1 1 1 1 1 0 1 1 1 1 1 1 1 
1 1 1 1 1 1 1 1 0 1 1 0 1 0 1 1 0 1 1 1 1 1 0 1 1 1 1 1 1 1 1 1 1 1 1 1 1 1 0 1 1 1 0 1 1 0 1 1 1 1 1 1 0 1 0 1 1 1 0 1 1 1 1 1 1 1 1 1 1 1 
1 1 1 1 1 1 1 1 0 1 1 1 1 1 1 1 1 1 1 1 1 0 1 1 0 1 1 1 1 1 1 1 1 1 1 1 1 1 1 1 1 1 0 1 1 1 1 1 1 1 1 1 1 0 1 0 1 1 1 1 1 0 1 1 0 1 1 1 1 1 
1 1 1 1 1 1 0 1 1 1 1 1 1 1 1 1 1 0 1 1 1 1 1 1 1 1 1 1 1 1 1 1 1 1 1 1 1 1 1 1 1 1 1 0 1 1 1 1 1 0 1 1 1 1 1 1 0 1 1 1 1 1 1 1 1 1 1 1 1 1 
1 1 1 1 1 1 1 1 1 1 0 1 1 1 1 0 1 1 1 0 1 0 1 1 1 1 1 1 1 1 0 1 1 1 1 1 1 1 1 1 1 1 1 1 1 1 0 0 1 1 1 1 1 1 1 1 1 0 1 1 1 0 1 1 1 1 1 1 1 0 
1 1 1 0 1 1 1 1 1 1 1 0 1 1 1 1 1 1 1 1 1 1 1 1 1 1 1 1 1 1 1 1 0 1 1 1 1 1 1 1 1 0 1 1 1 0 1 0 1 1 1 1 0 1 0 1 1 1 0 1 1 0 1 1 1 1 1 1 1 1 
1 1 1 1 1 1 1 1 1 1 1 1 1 1 1 1 1 1 1 1 1 1 1 1 1 1 1 1 1 1 1 1 1 1 1 1 1 1 1 1 1 1 1 1 1 1 1 1 1 1 1 1 1 1 1 1 1 1 1 0 1 1 1 1 1 1 1 0 1 1 
1 1 1 1 1 1 1 1 1 1 1 1 1 1 1 1 1 1 0 1 1 1 1 1 1 1 1 1 1 1 1 1 1 1 1 1 1 1 1 1 1 1 1 0 1 1 1 1 0 1 1 1 1 1 1 1 1 1 1 1 0 1 0 1 1 0 1 1 1 1 
1 1 1 1 1 1 1 1 1 1 1 1 1 1 0 1 1 1 1 1 1 1 1 1 0 1 0 1 1 1 1 1 1 1 1 1 1 1 1 1 1 1 1 1 1 1 1 1 1 1 1 1 1 1 1 0 1 0 0 1 1 0 1 1 1 1 1 1 1 1 
0 1 1 1 1 0 1 1 1 1 1 1 0 1 1 1 1 1 1 1 1 1 1 1 1 1 1 1 1 1 1 1 1 0 1 1 1 1 0 0 1 1 1 1 1 1 1 1 1 1 1 1 1 0 1 1 1 1 1 1 0 1 0 1 1 1 1 1 1 1 
1 1 0 1 1 1 1 1 1 0 1 1 1 1 1 1 1 0 1 0 1 1 1 1 1 1 1 1 1 1 0 1 1 1 1 1 0 0 1 1 1 1 1 1 1 1 1 1 1 1 1 0 1 1 1 1 1 1 1 1 1 1 1 0 1 1 0 1 1 1 
0 1 1 1 1 0 1 1 1 1 1 1 1 1 1 1 1 1 1 1 1 1 1 1 1 1 1 1 0 0 1 1 1 1 1 1 1 1 1 1 1 1 1 1 1 1 0 1 1 1 1 0 1 1 1 0 1 1 1 1 1 1 1 1 0 1 1 1 1 1 
1 1 1 0 1 1 1 1 1 1 0 0 1 1 1 1 1 1 0 1 1 1 1 1 1 1 1 1 1 1 1 1 1 1 0 1 1 1 1 1 1 1 1 1 1 1 1 1 1 1 1 1 1 1 1 1 1 1 1 1 0 1 1 1 1 0 0 1 1 1 
0 1 1 1 1 0 1 1 1 0 1 1 0 1 1 0 1 1 1 1 1 0 1 0 1 1 1 1 1 1 1 1 1 1 1 1 1 1 1 0 0 1 1 1 1 1 1 1 1 0 0 1 0 1 1 1 1 1 1 1 1 1 1 0 1 0 0 0 1 1 
1 1 0 0 1 1 1 1 1 1 1 1 1 1 1 1 1 1 1 1 1 1 1 1 1 1 1 1 0 1 0 1 1 1 1 0 1 1 1 0 1 0 1 0 1 1 1 1 0 1 1 1 1 1 1 1 1 1 1 0 1 1 1 1 1 1 0 0 1 1 
1 1 1 1 1 1 1 1 1 1 1 0 1 1 1 1 1 1 1 1 1 1 1 1 1 1 1 1 1 1 1 1 1 0 1 1 1 1 1 1 1 1 1 1 1 1 1 1 1 1 1 1 1 1 1 1 1 1 1 1 1 1 1 1 1 1 1 1 0 1 
1 1 1 1 1 1 1 1 1 1 1 1 1 1 1 1 1 1 1 1 1 0 1 1 1 1 1 1 1 1 1 1 1 1 1 1 1 1 1 1 1 1 1 1 1 1 1 0 1 1 1 1 1 1 1 1 1 0 1 1 1 1 1 1 1 1 1 1 1 0 

0 0 17 12 0 0 0 0 11 7 0 9 0 0 8 0 7 0 0 0 19 0 0 0 0 11 7 0 0 0 0 2 0 0 13 0 0 0 3 0 0 0 0 1 0 0 2 0 0 0 0 0 0 7 0 0 0 0 0 0 0 10 0 0 0 0 0 0 0 0 
9 0 0 0 0 2 0 0 0 0 0 0 13 0 12 0 0 0 0 0 0 5 0 11 0 0 0 4 0 0 2 0 8 0 6 0 0 0 0 0 0 0 0 0 13 0 0 0 18 0 0 0 0 18 5 0 0 0 0 0 0 0 2 0 0 0 7 0 0 0 
0 18 0 10 1 0 0 0 8 0 0 0 0 2 0 14 0 9 15 0 0 0 17 0 0 0 0 1 0 3 0 0 0 0 12 0 0 0 0 0 0 0 0 3 0 0 0 18 0 16 6 0 0 0 0 0 0 0 0 0 2 0 0 0 0 0 0 0 0 11 
0 0 0 0 0 0 10 8 0 0 17 0 0 0 8 11 0 0 0 9 0 0 0 18 0 0 0 0 0 0 0 7 0 0 0 0 0 5 10 0 12 0 0 0 0 0 0 0 0 0 0 0 0 10 0 17 3 0 0 0 0 0 0 0 0 0 4 15 0 0 
9 14 10 0 0 0 2 0 7 0 0 0 0 0 0 0 0 0 0 13 0 0 0 0 5 0 9 0 0 0 0 0 0 0 0 0 0 0 0 0 0 0 0 0 0 0 0 0 0 0 1 0 0 3 0 18 0 0 0 10 0 0 0 0 15 12 0 0 0 17 
0 0 7 0 0 0 0 0 0 0 13 5 0 0 11 0 10 0 0 0 10 9 0 0 0 7 0 0 0 0 0 6 0 0 0 0 0 0 0 0 0 0 0 0 0 0 17 0 0 0 0 0 0 16 0 0 0 0 7 0 0 0 0 0 0 12 0 0 1 0 
0 0 0 0 0 0 0 0 0 0 0 0 0 0 0 0 0 0 0 0 0 0 0 2 0 10 0 0 0 0 0 0 0 0 0 0 0 0 0 0 6 10 0 3 10 0 0 0 0 0 0 0 0 0 15 0 18 0 0 14 0 0 0 14 0 0 0 0 0 19 
0 0 0 0 0 0 0 0 5 0 0 6 1 0 0 0 0 0 15 0 0 0 0 0 0 0 0 0 0 0 19 0 0 0 0 0 0 0 0 0 0 0 1 0 0 5 0 0 0 0 14 0 0 0 5 0 2 1 0 0 0 14 0 0 0 0 0 2 0 0 
0 0 18 0 7 0 0 0 0 0 10 0 0 0 0 0 0 0 0 0 0 0 0 0 0 0 20 15 0 0 0 0 0 0 0 0 0 0 10 0 0 0 0 0 0 0 0 0 0 0 0 0 0 0 16 0 0 0 0 2 0 0 0 0 0 0 0 0 0 18 
0 0 8 0 0 4 15 0 0 0 0 0 0 7 17 0 10 0 0 0 0 0 0 0 0 0 2 0 0 0 0 0 0 0 0 0 1 0 0 0 0 0 0 0 0 18 0 11 0 10 0 0 0 0 12 6 0 0 0 0 0 0 0 0 0 0 0 7 0 0 
1 0 12 7 0 0 7 0 15 0 0 0 0 0 0 0 0 0 0 0 0 20 1 0 0 9 5 7 12 0 0 0 0 13 0 0 0 0 0 0 8 0 0 1 0 9 0 16 0 0 0 0 0 0 0 15 0 0 12 0 0 0 0 0 0 19 0 0 0 0 
0 0 0 0 0 0 0 0 1 0 0 0 0 0 0 0 13 0 0 0 0 0 0 0 0 1 0 0 0 2 0 0 0 0 0 6 0 0 0 0 0 0 0 0 0 0 12 0 0 0 18 0 0 12 0 0 0 0 0 0 0 0 0 0 0 11 0 9 0 0 
0 0 0 0 0 0 0 0 0 0 0 0 0 0 0 0 9 0 0 0 0 0 0 15 10 0 0 0 0 0 0 0 0 0 0 0 9 0 2 0 0 0 0 0 0 0 0 0 0 0 0 0 0 0 0 11 10 0 8 0 0 10 0 1 0 0 1 0 0 0 
0 0 0 0 0 0 0 0 0 0 0 0 0 0 0 0 0 0 0 0 0 0 3 0 18 0 0 18 0 0 0 0 0 0 0 0 0 0 0 0 0 0 0 0 0 0 0 0 0 0 0 0 0 12 0 0 14 6 20 0 0 0 0 0 0 0 11 0 0 0 
17 7 0 0 6 0 0 18 0 17 13 16 0 0 0 0 0 0 0 0 0 11 0 0 0 0 0 0 14 0 0 0 0 0 0 18 0 0 0 0 19 0 0 0 0 12 0 0 0 0 10 0 0 0 0 0 0 0 6 0 0 0 6 13 20 0 0 0 0 0 
0 2 0 0 0 0 14 0 0 0 0 0 0 0 2 0 0 0 0 0 0 0 0 0 4 0 0 0 0 11 0 0 0 0 4 0 0 18 0 0 0 0 0 17 0 0 0 4 0 0 0 0 0 0 0 4 0 0 0 0 0 0 0 0 0 0 4 0 0 0 
0 14 0 0 0 0 0 0 0 0 0 0 0 0 0 0 0 0 1 0 0 0 0 0 11 18 0 0 0 0 0 0 0 0 0 0 0 0 0 0 0 0 0 19 0 0 0 2 0 0 0 0 0 0 0 0 0 0 2 0 14 0 0 0 0 0 0 0 0 0 
12 0 17 16 0 0 9 0 0 0 0 0 0 0 17 11 0 0 0 0 0 0 0 0 0 0 0 11 0 0 0 1 0 0 14 13 0 0 0 0 0 16 12 0 0 16 0 0 0 0 9 0 0 0 0 0 0 0 0 0 0 0 17 1 0 0 0 0 0 0 
0 0 0 0 0 2 0 0 0 0 0 0 0 12 0 0 0 0 0 0 7 0 0 0 0 0 0 0 11 0 0 13 0 0 2 0 0 0 0 0 0 5 0 0 18 0 0 0 0 0 12 0 18 0 0 0 0 0 0 0 11 0 0 0 0 0 0 0 0 16 
0 0 0 0 0 0 0 0 0 0 0 0 0 0 0 0 0 0 0 0 0 19 0 0 0 6 0 0 0 0 0 0 0 0 0 0 0 0 4 15 11 16 0 0 0 0 0 0 0 0 0 0 0 0 0 0 0 4 11 0 0 0 0 7 15 10 0 0 0 0 
0 0 18 0 0 12 0 0 0 0 0 0 0 0 0 0 18 0 0 0 0 0 0 15 0 18 0 1 0 0 0 0 0 0 1 0 0 0 0 0 0 6 0 0 6 11 0 0 0 0 0 0 0 0 0 0 11 0 0 6 0 0 0 0 3 0 1 0 15 0 
0 0 0 0 0 0 0 0 0 0 0 13 0 0 0 0 3 0 18 0 9 0 0 5 0 0 0 0 0 0 0 0 0 15 0 0 0 0 0 0 0 0 14 0 0 0 1 0 0 0 18 0 0 0 0 1 0 0 0 16 0 0 0 0 0 0 4 6 18 0 
0 17 0 0 0 0 10 0 0 17 13 1 0 0 0 0 0 0 0 0 0 0 0 0 0 0 1 0 6 0 16 0 0 0 0 6 0 0 4 0 0 0 0 0 0 0 0 0 0 0 0 0 0 0 3 0 0 0 0 0 0 0 0 0 0 0 13 0 0 0 
19 0 0 0 0 0 8 0 0 0 0 0 0 0 15 0 0 0 9 0 0 0 0 0 0 0 0 0 0 0 0 0 0 0 0 0 0 0 10 0 0 0 0 0 8 0 0 0 0 0 0 0 0 0 0 0 0 0 0 0 0 11 0 1 0 0 0 0 0 2 
15 0 8 0 0 0 0 0 0 16 0 0 0 3 0 0 0 0 7 0 0 0 6 0 0 0 0 0 0 11 7 0 0 0 0 0 0 0 0 14 0 0 0 0 0 16 0 0 0 0 0 0 0 13 5 13 0 0 5 0 0 0 0 2 0 1 0 0 5 0 
5 0 16 0 10 0 0 0 0 0 0 0 0 0 0 0 13 2 0 0 0 0 0 17 0 0 0 0 0 0 0 0 0 0 0 0 0 0 13 0 0 0 8 0 0 0 17 2 16 0 18 0 5 0 0 15 0 0 0 0 0 10 0 0 0 0 0 0 0 12 
0 0 0 5 0 0 11 0 0 0 0 0 0 0 0 18 0 0 5 0 14 0 2 0 0 4 0 0 0 0 0 0 0 0 0 0 0 0 0 0 17 0 17 0 0 11 17 10 0 0 0 18 17 0 0 0 0 0 4 0 0 0 0 0 8 0 0 19 0 0 
0 3 0 0 0 0 5 0 0 0 0 0 0 0 0 0 0 7 5 0 0 7 0 0 0 0 0 0 0 0 0 0 0 16 0 13 0 0 0 2 0 0 0 0 0 19 0 0 0 0 0 16 11 0 0 0 0 0 0 0 18 0 0 0 11 0 0 0 0 0 
14 0 0 0 0 0 0 0 0 0 0 0 0 0 0 0 0 8 0 0 14 0 13 14 0 0 7 0 0 0 0 18 0 19 0 1 0 0 0 0 0 7 0 12 0 0 0 0 0 0 15 4 0 12 0 0 0 0 0 0 0 0 0 0 0 9 12 0 0 0 
0 0 0 10 0 0 0 0 0 2 0 0 0 0 0 0 8 0 0 0 0 5 0 0 3 0 5 0 2 0 0 0 0 0 0 9 0 0 0 0 0 0 6 0 7 0 0 0 0 13 5 0 0 0 0 0 0 0 0 0 0 15 0 0 0 0 0 0 0 0 
0 6 0 0 0 0 0 0 13 0 0 0 0 10 0 0 0 0 0 0 0 0 0 0 0 0 0 0 0 0 0 0 0 14 0 0 9 12 0 5 0 12 0 0 0 0 0 0 0 0 0 0 0 0 0 0 5 0 0 0 0 7 0 0 0 0 0 0 16 2 
4 0 0 5 0 0 0 10 0 0 2 13 8 0 0 0 0 0 0 10 0 0 0 0 10 0 0 18 0 0 0 0 9 0 0 0 0 0 0 17 1 0 0 0 0 0 2 0 16 8 0 0 13 0 0 0 0 17 0 0 0 0 0 0 14 9 0 0 0 6 
0 0 0 0 0 0 0 12 0 0 0 0 0 19 0 12 0 0 0 0 0 0 0 0 0 0 0 0 14 0 11 0 0 0 0 0 1 0 0 0 13 0 0 0 0 0 0 0 0 0 18 0 10 8 3 0 0 0 0 0 0 0 0 0 17 14 5 0 0 0 
0 0 0 0 18 0 0 1 0 0 1 0 0 0 0 0 5 0 10 0 0 12 0 0 0 0 0 0 0 0 0 8 7 0 0 0 0 0 0 0 0 0 0 1 6 0 0 0 0 0 0 0 7 0 14 0 0 0 0 0 0 0 0 17 18 0 0 0 0 0 
6 0 0 0 0 11 0 0 0 17 0 0 9 0 0 0 0 0 0 0 14 0 0 0 0 0 9 0 0 0 10 0 14 6 0 0 0 0 0 0 0 5 0 0 0 16 0 0 20 0 0 0 0 0 0 1 0 17 0 0 0 1 0 0 0 0 3 0 2 0 
0 0 3 9 0 0 10 0 0 0 0 5 0 0 5 0 0 0 0 15 3 18 0 0 4 0 0 0 0 0 0 0 1 0 0 0 2 0 0 0 4 0 0 0 0 0 0 0 0 0 0 0 0 0 16 0 0 16 0 0 15 0 0 0 12 0 0 0 0 0 
0 0 0 6 0 0 0 0 0 0 0 0 0 0 5 8 0 1 0 0 0 0 0 12 0 0 0 11 0 0 0 0 0 0 0 0 0 0 1 0 0 2 0 0 0 0 17 0 0 0 20 0 0 0 0 0 0 0 0 0 0 0 3 5 0 4 0 0 12 5 
0 0 0 0 12 0 0 0 0 0 0 0 3 0 10 0 0 0 0 0 0 0 0 0 0 0 6 0 8 0 0 8 13 0 2 0 0 0 4 2 0 0 0 0 0 0 8 0 0 0 0 2 0 0 0 0 0 0 0 0 0 0 0 16 0 0 1 0 0 0 
0 0 0 4 0 9 0 0 0 0 0 14 0 0 0 18 0 0 0 6 0 0 0 0 0 0 14 16 0 0 9 0 0 0 0 0 0 0 0 0 0 0 0 16 0 19 0 0 0 0 0 0 0 0 16 0 0 2 0 0 0 9 0 0 0 0 0 0 0 0 
0 0 0 0 13 0 0 0 0 3 18 0 0 0 0 0 0 0 0 0 0 0 0 0 0 0 0 0 0 0 0 0 0 0 0 12 0 0 0 0 0 0 0 0 2 1 0 0 0 9 0 0 0 0 0 0 0 4 0 0 15 15 0 0 10 0 0 0 0 0 
0 0 13 0 0 0 0 0 0 0 10 11 0 11 2 6 0 7 0 0 0 0 0 0 0 0 0 14 0 0 0 0 0 0 6 0 0 0 0 0 0 10 0 0 0 0 0 0 0 0 0 4 0 0 0 0 13 0 0 6 0 0 0 0 0 0 5 0 0 0 
0 0 0 0 0 0 10 0 0 0 0 0 0 0 0 0 0 0 13 0 0 0 13 0 7 0 0 7 1 5 0 0 1 0 0 0 0 11 0 14 0 0 0 16 0 19 0 0 0 11 0 0 0 0 18 0 3 6 0 0 0 0 0 0 5 0 0 18 0 13 
0 0 0 0 0 12 0 0 0 0 0 0 10 0 0 0 0 0 0 9 0 0 0 0 0 0 0 0 0 0 0 4 14 0 0 0 12 5 0 3 3 0 0 8 0 2 0 0 14 0 0 0 1 14 0 18 0 0 12 0 0 0 1 0 0 7 0 0 0 0 
17 0 1 0 0 0 0 0 0 0 0 0 14 0 0 0 0 0 0 0 0 0 0 0 0 0 0 0 0 20 0 0 0 0 0 0 0 0 3 0 0 0 0 0 0 0 0 0 0 0 0 5 0 0 0 0 10 0 0 10 0 0 0 0 0 0 4 0 0 0 
0 0 0 0 0 0 0 0 14 0 0 0 0 0 19 0 0 8 16 0 0 0 0 0 19 1 0 9 0 0 0 0 0 0 0 0 16 0 0 0 0 0 0 12 0 0 0 0 0 4 0 0 0 0 12 0 0 0 0 0 0 0 0 0 0 11 0 0 0 0 
0 6 0 0 0 0 19 0 0 0 0 10 0 4 0 0 0 0 0 0 0 0 0 0 0 0 7 0 9 0 0 0 0 9 0 0 0 0 0 0 5 0 0 0 0 0 0 0 0 0 0 0 15 0 0 0 3 0 0 0 0 0 14 0 0 0 0 0 10 0 
0 0 0 0 0 0 0 0 0 0 0 0 0 0 0 0 16 12 0 0 0 16 0 17 0 0 0 15 0 16 0 0 5 0 15 4 4 0 0 0 0 15 0 0 0 0 0 0 0 0 0 0 0 0 0 0 0 7 0 0 0 0 0 0 0 0 10 0 0 0 
0 0 0 15 13 10 0 0 0 0 14 0 0 0 0 0 0 8 0 0 0 0 0 0 0 0 0 0 16 0 0 0 0 0 0 0 6 0 0 0 0 0 8 18 0 0 0 0 11 0 7 9 10 0 0 0 0 0 0 5 0 0 2 0 0 0 0 0 0 0 
0 0 0 0 0 0 8 0 0 0 0 0 0 0 0 0 0 0 0 0 6 16 0 0 0 0 0 0 0 0 0 0 0 0 0 0 0 0 0 0 0 5 0 3 0 0 0 13 0 0 0 18 0 0 0 1 0 0 0 0 0 19 0 0 0 3 0 0 13 0 
10 0 16 0 0 0 16 0 0 0 0 0 0 0 0 0 0 6 0 0 0 0 0 0 0 0 0 0 0 0 0 0 0 0 0 0 19 0 0 0 13 0 0 0 0 0 0 0 0 0 0 0 11 4 0 9 12 19 0 0 0 1 9 0 0 0 0 8 0 0 
0 6 0 18 0 0 11 0 0 0 2 0 0 0 0 0 0 0 0 0 0 0 0 0 0 0 0 0 18 0 0 0 0 0 18 0 0 0 19 6 0 0 0 0 0 0 0 0 0 0 0 0 0 3 0 0 0 0 0 0 0 0 17 0 0 0 13 0 0 0 
0 0 0 0 0 14 14 0 0 0 0 14 0 0 0 0 0 0 0 0 0 0 0 0 0 2 0 0 0 10 6 0 3 0 0 0 13 0 0 11 0 0 0 12 2 0 0 0 0 0 0 0 10 0 0 0 12 0 6 0 0 0 7 0 0 9 0 0 9 0 
11 0 0 0 0 0 0 0 0 0 0 20 0 0 0 0 0 0 0 0 0 10 13 0 15 0 0 10 0 0 0 0 0 0 0 0 0 16 4 0 0 0 17 13 0 0 1 0 0 0 0 0 0 3 0 0 0 0 0 0 0 2 0 0 0 0 0 13 0 15 
0 18 0 0 0 0 0 0 0 0 0 0 0 0 8 0 0 0 0 0 0 0 0 20 0 0 18 0 0 0 0 18 13 0 0 0 0 14 0 0 0 15 0 2 0 4 0 0 0 0 0 0 0 0 0 11 0 0 0 0 0 0 0 0 0 2 0 0 20 0 
0 5 18 6 0 0 0 0 0 0 0 0 17 0 12 0 0 0 13 0 5 0 0 0 0 0 0 0 0 13 10 0 0 0 0 0 0 6 0 0 1 0 0 0 16 0 20 0 5 19 0 0 7 0 0 0 0 13 17 0 0 0 2 5 0 7 0 0 8 0 
0 0 0 13 0 0 6 0 0 0 0 0 7 0 0 0 0 0 0 0 0 1 0 6 0 4 0 0 18 0 0 0 0 0 0 0 0 0 0 16 0 0 0 0 9 0 0 0 0 0 0 0 0 0 0 0 0 0 0 0 18 0 7 0 0 0 0 17 2 0 
0 0 0 0 0 0 8 0 6 0 0 0 0 0 0 18 0 0 0 0 0 8 0 0 2 0 0 0 12 13 2 0 11 0 0 0 0 0 0 0 0 0 0 0 0 0 2 0 12 5 0 0 0 0 0 0 0 18 0 0 8 0 4 0 0 0 0 0 17 0 
0 0 0 0 9 0 0 7 0 0 5 0 0 0 0 0 3 0 0 0 0 0 0 7 0 0 0 11 0 9 0 0 0 3 0 0 0 0 0 0 0 0 0 14 0 0 0 0 0 0 0 0 0 0 0 11 0 0 0 0 0 0 0 0 0 0 0 0 9 6 
0 0 0 0 0 0 0 0 0 0 0 0 0 0 0 4 6 0 0 19 11 13 0 2 0 0 0 0 0 13 0 0 0 0 0 0 9 0 0 0 0 0 0 0 0 9 0 10 0 0 0 0 0 2 18 0 0 0 0 0 0 0 1 0 0 0 0 0 0 9 
19 0 0 0 13 5 0 0 0 1 0 0 0 0 0 7 6 0 0 0 0 2 0 0 0 0 0 0 0 0 0 0 0 0 0 0 0 0 0 0 0 0 0 13 0 0 0 0 3 18 0 0 16 0 0 0 0 0 5 0 0 0 0 10 0 10 0 0 0 0 
0 0 0 0 0 0 0 0 0 0 6 0 0 0 0 9 0 0 2 0 14 0 0 2 0 0 0 0 8 0 0 0 0 0 0 5 3 0 0 0 0 10 0 0 9 11 0 0 0 11 15 3 0 0 0 0 16 16 0 0 0 0 4 6 0 0 0 0 0 0 
0 5 0 0 0 4 0 0 0 0 0 0 11 0 0 0 6 10 0 0 12 9 19 0 0 5 1 0 0 0 2 0 0 0 0 0 0 0 0 0 7 0 3 0 0 1 0 0 0 0 0 16 0 0 3 0 0 0 0 0 0 0 0 0 0 0 0 0 7 14 
0 0 13 0 0 0 0 0 0 6 0 0 2 0 0 0 0 0 0 13 18 0 0 0 0 0 0 0 18 0 0 0 0 19 0 0 0 0 0 0 0 0 0 0 0 0 0 0 16 14 0 0 8 14 0 0 17 0 10 0 0 0 0 9 4 0 0 0 0 0 
0 16 8 0 0 14 0 0 0 0 0 5 14 13 0 0 18 0 0 0 16 0 19 12 0 0 0 0 0 0 0 0 13 0 0 0 16 0 10 0 0 0 0 0 0 0 0 13 0 0 0 0 0 0 15 0 0 0 0 0 0 0 0 0 12 0 0 0 0 0 
0 0 0 0 14 0 0 11 0 0 6 0 0 0 0 0 6 0 0 0 0 0 0 11 15 0 18 0 0 0 0 0 0 0 2 0 0 0 0 0 14 0 0 0 0 0 0 0 0 0 13 0 0 6 0 0 0 0 0 0 0 0 0 8 0 0 0 0 0 0 
0 0 0 0 2 0 0 0 0 0 0 12 0 0 13 1 17 0 0 0 0 0 0 0 0 0 0 0 17 0 0 0 0 0 0 0 0 0 0 0 5 0 19 0 15 13 5 0 0 0 0 0 0 0 7 0 0 18 0 0 0 0 0 0 18 0 0 0 0 0 
0 0 0 0 0 16 0 14 0 0 0 18 0 0 0 10 0 0 0 0 0 0 0 9 0 0 12 0 0 0 0 4 0 18 0 13 0 4 0 0 0 0 0 0 0 0 0 0 0 0 0 0 0 0 0 2 0 0 0 0 0 0 0 0 0 0 0 0 0 0 
0 0 0 0 0 5 8 0 0 0 0 0 5 0 0 0 0 0 0 7 0 0 7 0 0 8 16 0 0 0 0 0 0 0 0 0 0 0 0 0 0 7 15 0 0 0 0 0 0 4 0 0 0 0 0 0 0 2 0 0 0 12 0 15 5 0 0 0 0 0 
0 0 0 0 0 0 0 0 11 0 13 0 0 0 0 2 0 0 0 0 0 0 17 7 0 0 0 0 0 0 0 0 16 0 0 0 0 9 15 12 0 0 0 9 0 0 0 0 0 0 0 0 0 2 0 0 0 0 18 0 0 0 0 0 9 0 0 0 0 15 
7 0 12 0 0 0 0 0 0 0 0 0 0 12 3 0 0 0 7 0 0 0 16 0 0 0 0 0 0 0 0 0 0 11 0 3 0 0 0 0 0 11 0 0 0 0 0 0 12 0 0 0 0 0 7 0 0 1 0 0 0 0 0 0 19 0 0 0 0 0 
