70

0 0 0 1 1 0 0 1 1 1 1 1 0 1 0 0 1 1 1 1 0 0 1 1 0 0 1 1 1 0 0 0 0 1 1 1 1 0 0 1 1 0 1 1 1 1 0 0 0 1 1 1 1 0 1 1 1 0 1 0 1 1 0 1 0 1 1 1 0 1 
0 0 1 0 1 1 1 0 0 1 1 1 0 1 0 1 1 1 1 1 0 1 1 1 1 1 1 0 1 1 1 1 1 1 0 1 1 1 0 0 1 0 1 0 1 1 0 0 1 1 1 0 1 1 0 1 1 0 1 0 0 1 1 1 1 0 0 1 1 1 
0 1 0 0 1 1 1 1 1 1 1 1 0 1 1 1 0 1 1 1 0 1 1 0 1 1 0 1 0 1 0 0 1 0 1 1 1 1 1 0 1 0 1 1 0 1 1 1 0 0 1 1 1 1 1 1 0 1 1 0 1 1 0 1 1 1 1 0 1 1 
1 0 0 0 1 0 1 1 0 1 1 1 1 0 1 1 1 1 1 1 1 1 1 0 1 0 0 1 1 1 1 0 1 1 1 0 1 1 0 1 0 0 1 0 1 1 1 1 1 1 0 1 1 1 1 1 0 0 1 0 1 0 0 0 0 0 1 1 0 1 
1 1 1 1 0 1 0 1 0 1 1 1 1 0 1 0 1 0 1 1 1 1 1 1 0 1 1 1 0 1 0 1 0 1 1 0 1 0 1 0 1 1 1 0 1 1 0 1 0 1 0 1 1 1 0 0 0 0 1 1 1 0 1 1 1 0 1 1 1 0 
0 1 1 0 1 0 0 0 1 0 1 1 1 1 1 0 0 1 1 1 1 1 1 1 1 1 1 1 1 1 0 1 1 1 1 1 1 0 1 0 1 1 1 0 1 1 1 1 1 1 0 1 1 1 1 1 1 1 0 0 0 1 1 1 1 0 1 1 0 0 
0 1 1 1 0 0 0 1 1 0 0 1 1 1 1 1 1 1 1 0 0 1 1 0 1 0 1 1 1 1 1 1 1 0 1 1 1 1 1 1 1 1 1 0 1 1 1 1 1 1 1 0 1 1 1 1 0 1 0 1 0 1 1 1 1 1 1 0 1 1 
1 0 1 1 1 0 1 0 1 1 1 1 0 1 1 1 0 0 0 0 1 1 1 0 1 1 1 1 1 1 0 1 1 1 1 1 1 1 1 0 0 1 1 0 1 1 1 0 0 1 1 0 1 1 1 1 1 1 1 1 1 1 1 1 0 1 1 1 1 1 
1 0 1 0 0 1 1 1 0 0 1 1 0 1 1 0 1 0 0 0 1 1 1 0 1 1 1 1 0 0 1 1 1 1 1 1 1 1 1 0 1 1 1 1 1 0 1 0 1 1 1 0 1 0 1 1 0 1 0 1 1 1 1 1 1 0 1 1 0 1 
1 1 1 1 1 0 0 1 0 0 0 1 1 1 0 1 1 0 1 1 1 1 1 1 1 1 0 0 0 1 1 1 1 1 0 0 1 0 0 1 1 1 0 0 1 1 1 1 1 1 1 1 1 0 0 0 1 0 1 0 1 1 1 1 0 0 0 0 1 1 
1 1 1 1 1 1 0 1 1 0 0 1 1 1 1 1 1 1 1 1 1 0 1 1 1 0 1 1 0 1 1 1 1 1 1 1 1 1 1 1 1 0 0 1 1 1 1 1 1 1 1 1 1 0 1 1 1 1 0 0 1 0 1 1 1 1 1 1 1 1 
1 1 1 1 1 1 1 1 1 1 1 0 0 0 0 1 1 1 1 1 1 1 1 1 1 1 0 0 1 0 1 1 1 1 0 0 1 0 1 1 1 1 1 1 1 0 1 1 1 1 1 1 0 0 1 0 1 0 0 0 0 0 0 1 1 0 1 1 1 1 
0 0 0 1 1 1 1 0 0 1 1 0 0 0 1 1 0 1 0 0 0 1 1 0 0 0 1 1 0 1 1 1 1 0 1 1 1 0 0 0 1 0 0 1 1 1 1 1 1 1 0 1 0 1 0 0 0 1 1 1 1 1 1 1 1 1 1 0 1 0 
1 1 1 0 0 1 1 1 1 1 1 0 0 0 1 0 1 1 1 1 0 0 0 1 1 1 0 1 1 1 1 1 1 1 1 0 1 0 1 1 1 1 1 1 0 0 1 1 1 1 1 1 0 1 1 1 1 1 1 0 1 1 1 1 1 0 1 1 0 1 
0 0 1 1 1 1 1 1 1 0 1 0 1 1 0 1 1 1 0 1 1 0 1 0 1 1 1 1 1 1 1 0 1 1 1 1 1 0 0 1 1 0 1 0 1 1 0 0 1 1 1 1 1 1 0 1 0 1 1 0 1 1 1 1 1 0 0 0 1 0 
0 1 1 1 0 0 1 1 0 1 1 1 1 0 1 0 1 0 1 1 1 1 1 1 0 0 0 1 1 1 1 1 0 1 0 1 1 0 1 1 1 0 1 1 0 1 1 1 1 0 1 1 1 1 1 1 1 1 1 0 0 0 1 1 1 1 0 1 1 0 
1 1 0 1 1 0 1 0 1 1 1 1 0 1 1 1 0 0 1 0 1 0 1 1 1 1 0 1 1 0 1 1 1 1 0 0 1 1 1 1 1 0 1 1 0 0 1 0 1 0 0 1 1 1 1 1 1 1 1 1 1 1 1 1 0 1 1 1 1 1 
1 1 1 1 0 1 1 0 0 0 1 1 1 1 1 0 0 0 0 1 1 1 1 1 0 0 1 1 1 1 1 0 1 0 1 1 1 0 1 1 0 1 0 1 0 0 1 1 1 1 1 1 1 0 1 1 0 0 0 1 1 0 0 0 1 1 1 1 1 1 
1 1 1 1 1 1 1 0 0 1 1 1 0 1 0 1 1 0 0 1 1 0 0 1 0 1 1 1 0 1 0 1 0 1 1 1 0 0 1 0 1 1 1 1 1 1 1 1 0 1 1 1 0 0 1 1 1 1 1 0 1 1 1 1 1 0 1 1 0 0 
1 1 1 1 1 1 0 0 0 1 1 1 0 1 1 1 0 1 1 0 0 0 1 1 1 1 1 0 0 1 1 1 1 0 1 0 1 1 1 1 0 0 1 0 1 1 1 1 1 0 0 1 1 1 0 0 1 1 1 1 1 1 1 1 1 1 1 0 1 1 
0 0 0 1 1 1 0 1 1 1 1 1 0 0 1 1 1 1 1 0 0 1 1 1 1 1 1 0 1 0 0 0 1 0 1 1 1 0 1 0 0 1 0 0 0 1 1 1 1 1 1 1 1 1 0 1 1 0 1 1 1 0 1 1 1 1 1 1 1 1 
0 1 1 1 1 1 1 1 1 1 0 1 1 0 0 1 0 1 0 0 1 0 1 1 0 1 1 0 0 0 1 1 1 0 1 1 1 0 1 1 0 0 1 0 0 0 0 0 1 0 1 0 1 1 1 0 1 1 1 1 0 1 1 1 0 0 1 1 1 0 
1 1 1 1 1 1 1 1 1 1 1 1 1 0 1 1 1 1 0 1 1 1 0 1 1 1 1 0 1 1 0 1 1 1 1 1 0 1 1 1 1 1 1 0 1 1 0 1 1 0 0 0 1 1 1 1 1 1 1 1 0 1 1 1 0 1 1 1 0 1 
1 1 0 0 1 1 0 0 0 1 1 1 0 1 0 1 1 1 1 1 1 1 1 0 1 1 1 1 0 1 1 1 1 0 1 1 1 1 1 1 1 1 1 1 0 0 0 0 1 1 0 1 1 1 1 1 1 1 0 0 1 1 1 1 0 1 1 1 1 1 
0 1 1 1 0 1 1 1 1 1 1 1 0 1 1 0 1 0 0 1 1 0 1 1 0 1 1 0 0 0 1 1 1 0 1 0 1 1 1 1 1 0 1 1 0 1 1 1 1 1 1 1 1 1 0 1 0 1 1 0 1 1 1 1 0 0 1 1 1 1 
0 1 1 0 1 1 0 1 1 1 0 1 0 1 1 0 1 0 1 1 1 1 1 1 1 0 1 1 1 1 0 1 1 1 1 1 0 1 1 1 1 0 0 1 1 1 0 0 1 0 0 1 1 1 1 1 1 1 0 1 1 1 1 1 1 1 1 0 1 1 
1 1 0 0 1 1 1 1 1 0 1 0 1 0 1 0 0 1 1 1 1 1 1 1 1 1 0 0 1 0 1 1 1 1 0 1 1 0 1 1 1 0 0 1 1 0 1 1 1 1 1 0 1 0 0 0 1 1 1 1 0 1 1 1 1 0 1 0 1 1 
1 0 1 1 1 1 1 1 1 0 1 0 1 1 1 1 1 1 1 0 0 0 0 1 0 1 0 0 1 1 1 1 1 0 0 1 1 0 0 0 1 1 1 1 0 0 1 1 0 1 1 1 1 1 1 1 1 0 1 1 1 1 0 1 0 0 1 0 1 1 
1 1 0 1 0 1 1 1 0 0 0 1 0 1 1 1 1 1 0 0 1 0 1 0 0 1 1 1 0 0 0 0 0 0 0 1 1 1 0 1 1 0 0 1 1 1 1 0 1 1 1 0 0 1 1 1 0 1 0 0 0 1 1 0 1 1 1 1 0 1 
0 1 1 1 1 1 1 1 0 1 1 0 1 1 1 1 0 1 1 1 0 0 1 1 0 1 0 1 0 0 1 1 1 0 0 0 1 0 1 1 0 1 1 1 0 1 1 1 0 1 1 1 1 1 1 1 1 0 0 1 0 1 1 0 1 1 1 0 1 0 
0 1 0 1 0 0 1 0 1 1 1 1 1 1 1 1 1 1 0 1 0 1 0 1 1 0 1 1 0 1 0 0 0 1 1 0 0 1 1 0 0 1 0 0 1 0 1 1 1 1 0 0 0 0 1 0 0 1 0 1 1 1 0 1 0 1 0 1 1 1 
0 1 0 0 1 1 1 1 1 1 1 1 1 1 0 1 1 0 1 1 0 1 1 1 1 1 1 1 0 1 0 0 1 0 1 1 1 1 1 1 1 1 0 1 1 1 0 1 1 1 1 0 0 0 1 1 1 0 1 0 1 0 1 0 1 0 0 1 1 0 
0 1 1 1 0 1 1 1 1 1 1 1 1 1 1 0 1 1 0 1 1 1 1 1 1 1 1 1 0 1 0 1 0 1 1 1 1 1 1 0 1 1 1 1 1 1 1 1 0 0 1 0 1 1 0 1 1 0 0 1 1 1 1 1 0 1 0 1 0 1 
1 1 0 1 1 1 0 1 1 1 1 1 0 1 1 1 1 0 1 0 0 0 1 0 0 1 1 0 0 0 1 0 1 0 1 0 0 1 0 0 1 1 1 1 1 1 1 1 1 1 1 0 1 1 1 0 1 1 0 1 1 1 1 0 0 0 0 1 1 1 
1 0 1 1 1 1 1 1 1 0 1 0 1 1 1 0 0 1 1 1 1 1 1 1 1 1 0 0 0 0 1 1 1 1 0 1 0 1 1 1 1 1 1 1 1 1 0 1 1 1 1 1 1 1 1 1 1 1 1 1 1 1 1 1 1 1 0 1 0 0 
1 1 1 0 0 1 1 1 1 0 1 0 1 0 1 1 0 1 1 0 1 1 1 1 0 1 1 1 1 0 0 1 1 0 1 0 1 1 1 1 0 1 0 1 0 1 0 1 0 1 1 0 1 1 1 1 1 1 1 0 1 1 0 1 1 1 1 1 1 1 
1 1 1 1 1 1 1 1 1 1 1 1 1 1 1 1 1 1 0 1 1 1 0 1 1 0 1 1 1 1 0 1 1 0 0 1 0 0 1 1 0 0 1 1 1 0 1 1 1 0 0 1 1 1 1 0 1 0 1 1 0 1 1 1 1 1 1 1 1 1 
0 1 1 1 0 0 1 1 1 0 1 0 0 0 0 0 1 0 0 1 0 0 1 1 1 1 0 0 1 0 1 1 1 1 1 1 0 0 1 1 0 0 1 1 1 0 1 1 1 1 1 0 1 1 1 0 1 1 1 0 0 1 1 1 0 1 1 0 1 1 
0 0 1 0 1 1 1 1 1 0 1 1 0 1 0 1 1 1 1 1 1 1 1 1 1 1 1 0 0 1 1 1 1 0 1 1 1 1 0 1 1 1 1 1 1 0 1 1 1 1 1 1 1 1 1 0 1 0 1 1 0 0 1 0 1 1 0 0 0 0 
1 0 0 1 0 0 1 0 0 1 1 1 0 1 1 1 1 1 0 1 0 1 1 1 1 1 1 0 1 1 0 1 0 0 1 1 1 1 1 0 1 0 1 0 1 0 1 1 0 1 0 1 1 1 1 0 1 0 1 1 0 0 1 1 1 1 0 1 1 1 
1 1 1 0 1 1 1 0 1 1 1 1 1 1 1 1 1 0 1 0 0 0 1 1 1 1 1 1 1 0 0 1 1 1 1 0 0 0 1 1 0 0 1 1 1 1 1 1 0 0 1 0 1 1 1 1 1 1 0 1 1 1 1 0 0 0 0 0 0 1 
0 0 0 0 1 1 1 1 1 1 0 1 0 1 0 0 0 1 1 0 1 0 1 1 0 0 0 1 0 1 1 1 1 1 1 1 0 0 1 0 0 0 1 1 1 1 0 1 1 1 0 1 1 1 0 0 1 1 1 1 0 1 0 0 0 1 1 0 1 1 
1 1 1 1 1 1 1 1 1 0 0 1 0 1 1 1 1 0 1 1 0 1 1 1 1 0 0 1 0 1 0 0 1 1 1 0 1 1 1 1 1 1 0 1 1 1 0 0 1 0 0 1 1 1 1 0 0 1 1 0 0 1 0 0 1 1 0 1 0 0 
1 0 1 0 0 0 0 0 1 0 1 1 1 1 0 1 1 1 1 0 0 0 0 1 1 1 1 1 1 1 0 1 1 1 1 1 1 1 1 0 1 1 1 0 0 1 1 1 0 1 1 1 1 1 0 0 0 1 1 1 1 0 1 1 1 1 1 1 0 1 
1 1 0 1 1 1 1 1 1 1 1 1 1 0 1 0 0 0 1 1 0 0 1 0 0 1 1 0 1 0 1 1 1 1 1 0 1 1 1 1 1 1 1 0 0 0 1 1 1 1 0 1 1 0 1 0 1 0 1 1 0 1 1 1 1 1 0 1 0 1 
1 1 1 1 1 1 1 1 0 1 1 0 1 0 1 1 0 0 1 1 1 0 1 0 1 1 0 0 1 1 0 1 1 1 1 1 0 0 0 0 1 1 1 1 0 0 0 1 0 1 1 0 0 1 1 1 1 0 1 1 1 1 1 1 1 1 1 1 1 0 
0 0 1 1 0 1 1 1 1 1 1 1 1 1 0 1 1 1 1 1 1 0 0 0 1 0 1 1 1 1 1 0 1 1 0 0 1 1 1 1 1 0 0 1 1 0 0 1 0 1 1 0 0 0 0 0 1 0 0 1 1 1 0 1 0 1 1 1 1 1 
0 0 1 1 1 1 1 0 0 1 1 1 1 1 0 1 0 1 1 1 1 0 1 0 1 0 1 1 0 1 1 1 1 1 1 1 1 1 1 1 1 1 0 1 1 1 1 0 1 0 1 1 1 1 1 1 1 0 1 1 1 0 1 1 1 1 1 0 1 1 
0 1 0 1 0 1 1 0 1 1 1 1 1 1 1 1 1 1 0 1 1 1 1 1 1 1 1 0 1 0 1 1 0 1 1 0 1 1 1 0 0 1 1 0 1 0 0 1 0 0 0 0 1 1 0 1 0 1 1 1 0 0 1 1 1 0 1 1 1 1 
1 1 0 1 1 1 1 1 1 1 1 1 1 1 1 0 0 1 1 0 1 0 0 1 1 0 1 1 1 1 1 1 0 1 1 1 0 1 1 1 0 1 0 1 1 1 1 0 0 0 1 1 1 1 1 0 1 1 1 0 1 1 0 1 0 0 1 1 0 1 
1 1 1 0 0 0 1 1 1 1 1 1 0 1 1 1 0 1 1 0 1 1 0 0 1 0 1 1 1 1 0 1 1 1 1 1 0 1 1 0 1 0 0 1 0 1 1 1 0 1 0 0 0 1 1 0 1 0 1 0 1 1 1 1 1 1 0 1 1 1 
1 0 1 1 1 1 0 0 0 1 1 1 1 1 1 1 1 1 1 1 1 0 0 1 1 1 0 1 0 1 0 0 0 0 1 0 1 0 1 1 0 1 1 1 1 0 0 1 0 1 0 0 1 1 0 1 0 1 1 1 1 1 0 1 1 1 1 1 1 1 
1 1 1 1 1 1 1 1 1 1 1 0 0 0 1 1 1 1 0 1 1 1 1 1 1 1 1 1 0 1 0 0 1 1 1 1 1 1 1 1 1 1 1 1 1 0 0 1 1 1 0 1 0 1 0 0 1 1 0 1 1 1 1 1 1 0 0 1 1 1 
0 1 1 1 1 1 1 1 0 0 0 0 1 1 1 1 1 0 0 1 1 1 1 1 1 1 0 1 1 1 0 0 1 1 1 1 1 1 1 1 1 1 1 1 0 1 0 1 1 1 1 1 1 0 1 0 0 0 1 1 1 1 1 0 1 0 1 1 0 0 
1 0 1 1 0 1 1 1 1 0 1 1 0 1 0 1 1 1 1 0 0 1 1 1 0 1 0 1 1 1 1 1 0 1 1 1 1 1 1 1 1 0 1 0 1 1 0 1 0 1 1 0 0 1 0 1 1 0 1 0 0 0 0 1 1 1 1 1 1 1 
1 1 1 1 0 1 1 1 1 0 1 0 0 1 1 1 1 1 1 0 1 0 1 1 1 1 0 1 1 1 0 1 1 0 1 1 0 0 0 0 1 0 0 0 0 1 0 1 1 0 0 1 0 0 1 0 1 1 1 1 1 1 1 1 0 1 0 1 0 0 
1 1 0 0 0 1 0 1 0 1 1 1 0 1 0 1 1 0 1 1 1 1 1 1 0 1 1 1 0 1 0 1 1 1 1 1 1 1 1 1 1 1 0 0 1 1 1 1 0 1 1 0 1 0 1 1 0 1 1 0 1 1 1 1 1 1 0 1 1 1 
0 0 1 0 0 1 1 1 1 0 1 0 1 1 1 1 1 0 1 1 0 1 1 1 1 1 1 0 1 0 1 0 0 1 1 1 0 1 0 0 1 1 1 1 0 0 0 0 1 1 0 1 1 0 0 1 1 0 1 1 1 1 0 1 1 1 1 1 1 1 
1 1 1 1 1 0 0 1 0 1 0 0 1 1 1 1 1 0 1 1 1 1 1 0 1 0 1 1 0 0 0 1 0 0 1 1 1 1 1 1 0 1 1 1 1 1 0 1 1 1 1 1 0 1 1 1 1 1 0 1 1 1 1 1 1 0 0 1 1 1 
0 0 0 0 1 0 1 1 1 0 0 0 1 0 0 0 1 1 0 1 1 1 1 0 0 1 1 1 0 1 1 0 1 1 1 0 1 0 1 1 1 1 0 1 1 1 1 1 1 0 0 1 1 1 0 1 0 1 1 0 0 0 0 1 0 1 1 1 1 0 
1 0 1 1 1 0 0 1 1 1 1 0 1 1 1 0 1 1 1 1 1 0 0 1 1 1 0 1 0 0 1 1 1 1 1 1 0 0 0 0 1 0 0 1 0 1 1 1 0 1 1 1 1 1 0 1 1 1 1 0 0 1 1 1 0 0 1 1 1 1 
1 1 1 0 0 1 1 1 1 1 0 0 1 1 1 0 1 0 1 1 0 1 1 1 1 1 1 1 1 1 1 0 1 1 1 1 1 1 0 0 1 1 1 0 1 1 1 0 0 1 1 1 1 1 0 1 1 1 1 0 1 0 0 1 0 1 1 1 1 1 
0 1 0 0 1 1 1 1 1 1 1 0 1 1 1 1 1 0 1 1 1 1 1 1 1 1 1 0 1 1 0 1 1 1 1 0 1 1 1 1 1 0 0 1 1 1 0 1 1 0 1 0 1 1 0 1 1 0 1 0 1 0 0 0 1 1 1 0 1 1 
1 1 1 0 1 1 1 1 1 1 1 1 1 1 1 1 1 0 1 1 1 1 1 1 1 1 1 1 0 0 1 0 1 0 1 1 1 1 0 1 0 0 0 1 1 1 1 1 1 1 1 1 1 0 1 1 1 1 1 1 1 1 0 0 0 1 1 1 1 1 
0 1 1 0 1 1 1 0 1 0 1 1 1 1 1 1 0 1 1 1 1 0 0 0 0 1 1 0 1 1 0 1 0 0 1 1 1 0 1 1 0 0 1 1 1 1 0 1 1 0 1 1 1 1 1 0 1 1 1 0 0 0 1 0 0 0 0 0 1 1 
1 0 1 0 0 0 1 1 0 0 1 0 1 0 0 1 1 1 0 1 1 0 1 1 0 1 0 0 1 1 1 0 1 0 1 1 1 1 1 1 0 1 1 1 1 1 1 1 0 0 1 1 0 0 1 1 1 1 0 1 0 1 1 1 0 0 1 0 1 1 
1 0 1 1 1 1 1 1 1 0 1 1 1 1 0 0 1 1 1 1 1 1 1 1 1 1 1 1 1 1 0 0 0 0 0 1 1 1 0 0 0 1 0 1 0 1 1 1 1 1 0 1 0 1 1 0 0 1 0 1 1 1 1 1 0 1 0 1 1 0 
1 1 0 1 1 1 0 1 1 0 1 1 0 1 0 1 1 1 1 0 1 1 1 1 1 0 0 0 1 0 1 1 1 1 1 1 1 0 0 1 0 0 1 1 1 1 1 0 1 1 1 1 1 1 1 1 1 1 1 1 1 1 0 1 0 0 1 0 1 1 
0 1 1 0 1 0 1 1 0 1 1 1 1 0 1 1 1 1 0 1 1 1 0 1 1 1 1 1 0 1 1 1 0 1 0 1 1 1 0 1 0 1 0 0 0 1 1 1 1 0 1 1 1 0 1 0 1 1 1 1 1 1 1 1 1 1 1 1 0 1 
1 1 1 1 0 0 1 1 1 1 1 1 0 1 0 0 1 1 0 1 1 0 1 1 1 1 1 1 1 0 1 0 1 1 0 1 1 1 0 1 1 1 0 1 1 0 1 1 1 1 1 1 1 0 1 0 1 1 1 0 1 1 1 1 1 1 0 1 1 0 

0 0 0 19 0 0 0 10 0 0 0 0 0 0 0 0 6 14 0 0 0 0 2 0 0 0 0 0 0 0 0 0 0 0 0 0 8 0 2 0 0 0 16 1 0 10 0 0 5 0 10 0 0 5 0 0 0 0 0 0 1 0 0 0 0 0 0 0 5 0 
0 0 3 0 0 0 0 0 0 0 0 0 0 0 0 0 0 0 0 14 0 0 16 0 0 0 0 0 0 0 0 13 0 0 0 0 0 0 0 0 8 12 0 0 0 0 0 0 0 0 0 0 10 7 16 0 18 0 0 0 0 0 0 0 16 0 0 0 0 0 
0 7 0 14 0 0 0 0 0 0 0 11 0 0 0 0 7 0 0 0 5 6 0 0 0 0 0 0 0 0 0 0 6 2 0 15 0 0 0 0 0 0 0 0 0 0 0 0 0 0 0 0 0 11 0 0 0 0 5 0 0 0 5 0 0 0 11 0 12 0 
0 0 0 0 0 0 0 0 0 0 0 13 0 0 0 0 0 0 0 0 15 4 8 0 0 0 13 0 0 8 8 0 0 0 5 0 0 0 0 4 0 0 0 0 0 10 0 0 0 0 0 0 0 11 0 0 0 3 0 0 8 0 3 0 13 0 12 5 0 13 
0 0 0 11 0 0 0 0 0 0 0 0 0 0 0 0 0 0 0 0 0 0 0 0 11 0 0 0 0 0 0 0 2 11 0 0 0 0 0 0 9 0 0 0 11 12 0 3 0 18 0 0 0 0 0 0 0 0 10 0 0 0 0 0 16 15 0 7 0 0 
0 0 5 0 0 0 0 0 0 0 0 0 0 0 14 0 0 0 0 0 15 0 0 0 0 0 0 0 0 0 0 1 0 0 11 0 0 13 0 9 17 0 8 11 0 0 14 0 1 0 9 0 12 0 0 4 8 0 0 8 0 0 10 0 0 0 0 0 0 15 
0 0 0 5 0 0 0 0 0 14 0 0 0 0 0 0 0 0 4 0 7 0 0 0 0 0 0 0 0 2 0 0 13 16 0 1 0 0 1 0 0 9 0 0 0 0 0 12 0 0 0 0 0 9 0 0 0 9 11 0 0 0 9 3 0 0 0 0 0 14 
4 0 0 0 0 0 0 0 0 12 0 0 3 0 0 0 0 0 10 15 0 0 0 0 0 17 0 0 0 0 0 3 0 9 0 0 0 0 0 0 0 0 0 0 16 0 16 0 0 4 18 17 0 0 5 4 0 0 0 0 0 0 0 0 0 1 0 6 8 12 
0 0 0 0 0 0 0 0 0 0 0 8 0 6 0 0 0 0 0 0 11 0 0 0 0 0 11 0 0 0 0 7 0 0 0 15 0 0 2 0 11 0 0 0 17 0 0 0 13 17 0 0 0 0 0 16 0 0 0 17 0 0 0 0 0 0 6 0 1 0 
0 0 0 0 12 0 0 0 0 0 10 0 10 5 11 0 0 0 0 0 0 0 0 0 13 0 0 0 0 0 0 2 0 0 0 1 0 0 0 0 0 0 0 17 0 0 0 0 0 0 9 0 0 0 0 0 0 0 10 0 0 0 0 0 0 1 0 0 0 2 
0 0 0 0 6 0 0 0 0 0 0 15 18 0 0 1 0 0 0 8 12 0 2 0 0 0 0 0 0 0 14 0 0 0 0 18 5 0 10 0 0 0 0 0 0 0 0 0 0 0 0 7 0 0 0 0 0 0 0 0 8 0 0 8 0 0 0 0 0 6 
0 14 8 0 0 0 0 0 1 14 0 0 0 0 0 0 0 0 0 0 0 0 0 0 0 0 18 0 0 0 0 2 14 0 0 0 0 0 7 0 0 14 0 0 0 0 0 0 5 0 12 13 0 0 0 0 0 12 0 0 2 0 0 16 0 0 0 0 0 0 
0 0 0 0 0 0 0 13 0 0 0 0 0 0 0 0 0 0 0 0 0 0 0 0 0 0 17 0 13 0 0 6 0 0 0 0 0 0 9 0 0 0 10 0 0 0 0 0 0 0 0 0 0 0 0 0 0 0 16 0 0 0 0 0 0 0 0 0 0 0 
0 0 0 12 0 12 0 0 0 0 0 17 0 0 0 0 4 0 0 2 0 0 0 0 3 11 15 8 0 2 0 0 0 0 0 0 0 0 0 3 0 0 11 0 0 0 0 0 16 6 17 11 16 0 0 0 3 0 0 0 0 0 0 0 0 0 0 0 7 3 
0 0 0 0 0 17 17 6 11 0 0 5 0 0 0 0 4 1 4 0 0 0 0 0 0 2 8 0 0 14 0 0 0 0 0 13 0 0 0 15 0 0 0 0 0 0 4 0 13 1 8 0 0 13 0 0 0 0 12 0 0 0 0 0 0 0 0 0 0 0 
0 0 0 0 0 0 0 0 0 0 13 0 0 0 0 0 5 0 0 0 0 0 0 0 0 0 0 10 0 0 0 0 0 0 0 0 0 0 0 0 0 0 17 0 15 0 0 0 15 0 0 2 0 0 13 0 5 0 0 0 7 0 0 16 1 0 0 0 0 12 
0 8 0 0 0 0 0 0 0 0 0 0 0 0 10 0 0 5 0 0 15 0 0 14 0 0 7 0 0 0 9 1 0 0 0 0 3 0 0 0 0 11 16 0 0 3 11 17 18 5 7 0 0 0 0 1 1 18 0 0 0 0 0 6 9 0 0 0 0 14 
0 0 0 0 0 0 0 0 0 0 0 0 0 0 0 0 0 0 1 0 0 0 0 0 0 0 0 0 0 15 0 0 0 0 0 0 0 7 0 0 0 0 0 0 0 4 0 0 0 0 0 0 0 0 0 0 0 0 0 0 0 0 0 0 0 16 0 7 0 5 
7 0 0 0 0 0 0 0 0 0 0 0 0 0 0 0 0 2 0 0 0 0 0 0 0 0 0 13 0 0 0 1 0 2 0 0 0 0 0 0 0 0 0 9 5 0 0 13 0 0 13 0 0 0 8 0 0 0 0 0 0 0 0 0 0 0 0 7 0 0 
0 0 0 0 0 0 12 0 0 0 0 2 9 0 0 0 0 10 0 0 0 0 9 0 0 2 0 3 0 0 0 0 0 6 0 0 9 7 0 0 6 0 0 0 0 12 0 0 3 0 8 0 0 0 12 0 0 15 0 0 0 0 0 0 0 0 0 11 0 5 
9 0 1 0 0 0 0 0 0 0 0 0 0 0 0 0 1 11 0 11 0 0 0 0 0 0 0 6 0 15 8 0 4 0 0 0 0 0 0 0 0 12 1 0 0 0 0 0 0 0 0 0 0 0 0 0 0 0 0 17 14 0 0 0 0 0 0 0 0 5 
0 11 0 0 0 0 18 5 0 3 0 0 0 0 0 0 0 0 0 8 0 0 0 0 0 0 5 3 0 0 13 0 0 2 13 0 0 15 0 0 13 0 0 0 0 0 0 5 4 0 0 0 0 0 0 0 0 0 12 0 0 0 8 0 17 0 1 1 0 0 
0 0 4 11 0 13 0 1 0 0 0 0 0 0 2 0 0 0 0 0 0 0 0 0 0 0 19 0 0 0 0 0 0 0 16 0 0 0 10 0 0 0 0 0 0 0 0 1 0 5 8 0 18 0 0 0 0 0 0 16 0 0 0 0 0 9 0 0 0 0 
0 12 0 6 14 0 4 16 0 0 0 0 13 0 0 0 0 0 11 5 0 14 13 0 0 0 0 11 0 0 8 0 0 0 0 0 0 5 0 0 0 0 0 16 4 0 2 0 0 11 3 11 0 1 9 0 0 14 0 0 15 0 0 8 0 18 0 0 0 0 
0 0 11 0 16 0 0 0 0 0 0 0 0 0 0 16 2 0 0 0 0 0 0 16 0 5 0 0 0 0 0 0 0 0 0 0 0 0 0 0 0 15 0 0 0 0 0 0 0 0 0 0 0 0 0 0 0 0 0 0 5 0 0 0 7 0 0 0 0 0 
0 12 0 5 0 0 14 0 18 0 6 0 0 0 0 9 4 0 0 0 0 0 0 0 0 0 0 13 0 0 0 0 0 0 0 0 3 11 0 0 0 0 0 0 0 12 0 0 0 9 0 0 0 0 0 0 0 0 5 0 17 0 0 0 0 0 4 0 1 0 
5 0 0 14 0 0 0 0 0 0 0 0 0 0 0 0 0 0 0 0 10 10 0 0 0 0 0 0 0 9 0 0 6 0 18 0 0 10 0 10 0 0 0 0 0 0 0 0 0 4 0 0 4 0 0 0 0 0 0 0 0 0 0 18 0 0 0 0 0 15 
1 0 0 0 10 0 2 17 10 6 13 14 0 0 0 0 0 7 0 0 0 0 0 9 0 0 0 0 0 0 5 0 0 0 0 10 0 1 9 12 0 0 0 0 0 0 0 0 0 0 0 0 3 9 0 0 0 0 0 0 0 0 0 0 0 0 0 0 0 0 
0 0 0 0 0 15 0 0 0 0 4 0 0 0 0 0 0 0 11 0 13 0 0 4 0 0 0 0 0 0 0 0 1 9 0 0 0 10 0 2 12 0 0 0 11 12 7 0 8 0 3 0 0 0 0 0 12 0 0 10 0 0 0 16 0 0 0 4 0 6 
0 0 9 0 0 0 6 6 17 0 0 11 0 0 0 0 16 0 0 3 0 0 0 0 17 0 0 0 0 0 0 0 0 0 0 5 0 0 0 0 0 0 0 0 0 0 0 0 0 0 5 0 8 0 0 0 0 0 0 0 0 0 0 0 0 0 0 0 0 0 
0 0 0 6 0 0 0 0 0 8 0 0 0 0 0 0 0 0 0 0 0 0 0 0 14 0 5 4 0 0 0 0 0 0 0 0 5 0 0 0 0 0 0 0 0 0 0 0 0 0 0 0 0 0 0 0 0 0 0 0 0 10 14 16 0 0 11 0 0 2 
0 2 0 0 0 0 0 0 0 8 0 6 0 0 0 0 0 0 5 0 5 0 8 0 0 0 0 0 0 0 0 0 0 0 0 0 0 0 14 2 0 0 0 0 0 2 12 0 0 0 0 0 0 0 3 5 0 0 3 0 0 0 0 0 0 7 0 0 0 0 
0 0 0 0 9 3 0 0 0 0 17 0 0 0 0 15 0 0 0 0 2 0 0 0 0 0 0 0 0 0 0 0 0 0 0 0 0 0 11 0 1 0 0 0 3 0 18 0 0 0 0 0 0 0 11 0 0 0 0 0 0 10 9 0 0 0 0 0 0 18 
0 0 0 0 0 0 0 3 5 16 0 0 0 0 0 0 5 9 0 10 6 0 0 8 0 0 0 0 0 0 2 0 13 0 0 0 0 6 0 0 0 0 0 0 14 0 0 0 0 4 0 0 18 0 0 0 0 0 0 0 0 5 0 0 0 0 0 16 0 0 
0 0 0 0 0 0 12 0 0 0 0 0 0 0 0 0 0 0 13 0 15 0 0 0 0 0 0 0 0 0 0 15 0 0 0 0 7 0 6 1 5 0 0 0 0 1 0 0 12 0 0 0 14 0 0 0 2 11 10 0 0 0 0 0 0 0 17 0 2 0 
0 0 0 0 0 0 1 11 0 0 0 14 0 0 0 0 0 0 6 0 13 0 8 0 15 0 0 0 0 10 0 16 0 0 0 0 0 0 10 0 0 16 0 0 0 0 13 3 0 2 1 0 14 0 0 0 0 0 0 0 0 0 8 0 0 0 7 0 8 0 
0 0 0 14 4 0 0 12 17 0 2 0 8 0 0 1 0 0 6 0 0 0 0 16 13 0 5 0 0 0 0 0 0 3 0 0 0 0 0 0 6 0 16 0 0 0 1 0 0 13 0 0 1 0 0 0 0 0 0 0 0 0 0 0 13 0 0 0 0 2 
0 0 8 0 0 0 17 0 15 0 0 0 0 0 0 0 0 0 0 0 0 0 0 0 1 0 0 3 0 1 8 0 0 0 0 0 18 0 0 0 0 7 0 0 11 0 0 0 0 0 0 0 16 0 3 0 17 0 0 0 0 0 0 0 0 0 0 0 0 0 
13 0 0 5 0 0 0 0 0 0 0 15 1 15 0 0 0 11 0 0 0 0 0 0 10 13 0 0 0 0 0 0 13 0 15 0 0 0 0 0 9 0 0 0 0 0 0 10 0 0 0 14 0 0 0 0 0 0 0 0 0 0 14 0 11 0 0 0 0 0 
0 0 0 0 0 0 0 13 0 0 17 0 12 0 17 11 0 0 0 0 0 3 0 2 0 0 0 0 0 0 0 0 0 15 12 0 11 0 0 0 0 5 0 1 0 0 0 12 15 0 14 0 0 0 0 0 0 0 0 7 0 0 5 0 0 0 1 0 0 0 
0 0 0 0 0 14 0 0 0 16 0 10 0 0 0 0 0 0 0 0 0 9 0 0 15 17 0 0 0 0 0 0 0 0 0 0 16 12 0 9 0 0 0 0 0 0 0 0 17 0 2 11 0 20 0 0 0 0 0 0 0 0 8 0 0 0 0 2 0 0 
0 14 13 0 0 0 0 11 0 0 0 0 0 0 0 0 0 0 0 0 0 0 13 0 0 0 0 0 0 0 2 0 0 8 6 0 0 0 0 0 0 0 0 0 0 0 0 0 0 0 0 0 0 0 0 0 0 0 0 0 0 16 0 0 0 0 0 0 0 0 
0 8 0 0 0 14 0 5 0 0 6 0 0 0 0 0 7 0 0 0 1 0 0 0 0 0 0 0 0 0 16 0 0 0 7 0 1 0 0 0 0 13 0 0 0 0 0 5 0 0 0 0 0 0 6 0 0 0 0 0 14 0 0 0 1 0 15 0 5 14 
0 0 0 0 0 0 0 5 5 3 0 0 0 0 0 0 0 18 0 0 0 0 0 0 9 0 0 0 0 0 0 0 0 0 12 0 0 8 0 0 0 0 5 0 0 17 0 0 0 0 0 0 2 0 0 0 0 0 0 10 0 0 0 0 3 0 0 0 0 0 
0 0 0 0 0 0 0 0 10 0 0 0 7 0 0 0 0 0 14 0 0 13 0 0 0 0 0 0 8 0 10 9 0 0 0 0 0 0 0 0 0 0 0 0 0 0 0 1 0 14 0 0 0 0 0 0 8 0 0 0 0 0 0 15 0 11 6 0 0 0 
0 0 0 0 0 0 0 0 0 10 0 1 15 0 0 0 0 0 0 1 0 0 16 0 2 0 0 0 0 12 0 0 17 0 0 9 11 0 0 0 0 0 7 11 0 0 0 0 0 0 0 0 0 0 6 0 0 10 0 0 0 0 0 0 0 0 4 0 0 6 
0 4 0 0 0 0 0 0 0 2 5 0 9 0 0 0 0 0 0 0 7 0 0 0 3 0 10 0 0 0 3 0 0 7 0 10 4 0 9 0 0 0 0 0 0 0 0 0 15 0 6 0 0 0 0 0 14 0 0 10 0 0 4 0 16 0 0 0 0 0 
18 0 15 0 11 0 0 0 0 0 0 0 0 7 0 0 9 0 0 5 9 5 11 0 0 0 0 0 0 0 0 0 0 0 0 0 0 0 5 2 0 1 17 0 0 0 0 0 0 0 0 0 0 16 0 0 0 0 0 0 0 14 12 0 0 0 17 0 0 0 
0 0 0 0 0 0 12 0 14 10 0 0 0 0 3 17 0 0 0 0 0 0 0 0 0 0 0 0 0 0 0 1 0 0 17 0 0 0 6 0 0 0 9 0 0 1 0 0 0 0 0 0 15 0 0 0 0 0 3 0 18 0 0 13 0 0 0 0 0 0 
0 0 0 0 13 0 0 0 11 15 0 0 13 0 0 0 0 0 0 14 7 0 2 0 0 0 1 0 12 0 7 0 0 0 0 0 2 0 0 0 0 0 8 0 14 8 0 0 0 0 0 17 6 0 13 0 17 0 0 0 12 0 16 16 0 0 12 0 0 0 
17 0 0 13 0 0 0 0 0 0 0 0 0 0 0 1 2 13 0 5 0 0 0 0 0 0 6 0 0 0 1 0 8 0 0 0 0 0 13 12 1 11 0 16 6 0 0 0 0 4 0 3 0 12 14 0 0 0 13 12 0 0 0 0 0 0 0 2 0 0 
0 4 0 0 0 0 0 0 0 0 13 0 0 0 0 0 0 0 10 0 0 0 0 17 0 0 0 13 0 0 0 0 0 0 15 9 0 0 16 0 0 0 12 6 0 5 1 0 0 0 18 0 0 0 1 0 0 0 0 0 0 0 0 0 0 0 16 15 0 0 
0 0 0 15 0 0 0 0 0 9 0 0 0 7 0 0 0 9 5 0 0 0 0 13 0 0 0 16 0 0 0 0 0 0 0 16 0 0 0 0 0 0 0 0 0 14 0 0 0 0 14 0 0 0 0 0 0 0 0 3 0 4 0 0 0 0 7 14 0 12 
0 0 0 14 0 0 0 0 16 0 0 0 0 17 5 0 4 0 0 11 4 0 0 0 0 0 0 0 0 0 0 1 9 15 0 0 0 0 0 4 10 0 0 0 0 11 0 0 0 0 3 0 0 0 3 0 0 0 0 0 0 0 0 0 0 0 0 17 0 13 
0 0 0 0 0 0 0 0 0 0 0 0 0 2 0 0 0 0 5 0 0 0 0 0 0 0 0 0 0 13 1 0 2 0 16 1 0 0 0 0 14 0 0 0 18 0 11 0 0 8 0 8 0 5 0 0 0 0 0 3 0 0 0 0 0 0 0 0 5 0 
0 0 0 0 0 0 12 0 0 0 0 0 0 0 0 0 0 0 0 0 0 0 0 0 0 0 0 0 0 0 0 0 14 0 0 0 0 2 0 0 13 0 0 5 0 11 0 0 0 0 0 0 14 0 0 0 0 0 1 0 0 0 0 0 0 0 0 0 0 0 
0 0 0 0 0 0 0 0 0 0 0 0 0 0 5 0 0 0 8 0 0 0 0 0 0 0 0 0 11 0 0 0 14 0 0 0 0 0 0 0 0 0 0 0 8 0 0 0 2 2 0 0 15 0 0 0 0 0 0 0 6 0 2 0 0 10 0 13 4 0 
0 17 3 6 0 8 0 0 0 0 0 0 0 1 0 0 0 0 0 0 0 0 0 0 0 10 0 0 12 0 13 10 0 0 0 15 0 0 0 0 0 0 0 16 0 0 0 0 0 0 0 0 9 0 5 0 0 0 0 0 0 0 0 0 0 13 0 0 15 0 
0 0 0 6 0 0 4 0 0 0 0 0 0 0 0 0 0 0 0 0 1 0 0 0 16 0 0 2 0 17 0 0 4 0 0 0 0 9 0 0 0 13 0 0 0 0 5 0 15 0 12 0 0 0 0 0 0 0 0 0 0 14 9 0 0 0 0 2 0 0 
2 0 0 2 0 0 0 0 0 0 0 0 4 1 0 0 0 0 0 0 0 0 0 0 0 15 0 0 0 0 9 0 16 0 0 13 0 0 0 0 0 0 0 0 0 0 0 0 0 0 10 0 0 0 0 15 0 0 0 0 0 0 0 1 0 0 0 0 5 12 
0 9 0 18 10 11 0 0 0 0 10 0 0 0 0 0 0 0 5 0 12 0 0 16 0 0 0 0 0 0 0 0 0 0 8 0 0 0 12 6 0 0 0 14 0 0 0 0 5 0 0 0 14 0 0 0 0 0 0 0 0 8 0 0 0 0 0 0 7 0 
0 0 13 0 0 0 0 0 0 0 0 14 9 0 0 0 0 0 0 8 3 0 0 0 0 0 0 0 0 0 0 10 0 0 0 0 0 8 0 14 0 0 0 0 10 0 0 0 0 0 0 0 0 13 0 0 0 15 17 0 16 0 0 0 0 0 0 0 0 5 
0 0 0 0 0 0 0 0 0 0 0 0 1 8 0 0 0 4 0 0 0 0 0 0 0 0 13 0 0 0 0 20 0 4 0 6 11 0 15 0 0 0 0 11 0 0 0 0 0 10 0 0 0 0 0 0 0 6 17 0 0 0 0 0 0 16 0 0 0 3 
0 13 0 12 0 0 0 0 0 0 0 0 0 0 0 0 0 0 0 0 0 0 0 0 0 0 0 0 0 8 0 0 2 0 8 0 0 0 0 9 0 0 0 0 12 0 0 0 0 0 0 0 0 0 0 0 0 0 0 0 0 0 0 0 0 0 0 0 0 0 
0 0 0 1 0 0 0 0 0 0 0 0 20 14 10 0 0 0 2 0 0 0 0 0 0 0 0 0 0 0 0 0 0 0 0 0 13 0 0 0 8 0 0 4 2 0 6 0 0 4 0 0 0 0 0 14 11 0 0 0 0 0 0 0 0 0 0 0 0 0 
0 0 0 0 15 0 0 0 15 5 0 14 0 0 6 0 0 0 0 0 0 6 7 0 0 0 0 0 0 0 0 0 0 0 5 0 0 1 0 0 0 0 0 0 0 0 15 13 0 0 0 0 15 0 0 0 0 1 0 0 0 0 0 15 0 0 1 0 0 0 
0 0 0 12 0 0 0 14 0 0 0 0 0 0 0 0 17 0 13 0 0 0 11 0 0 14 0 0 0 0 0 4 0 0 0 0 0 8 0 0 0 0 0 0 0 0 0 0 10 0 0 0 0 0 0 0 0 0 0 0 0 17 17 10 0 0 0 10 0 0 
2 0 0 0 0 0 0 4 2 0 14 8 0 0 0 0 0 0 0 0 0 0 0 0 0 0 0 13 0 0 0 3 0 6 0 7 0 0 0 9 9 0 0 0 0 4 0 0 0 16 0 0 0 0 0 3 17 0 0 0 0 1 0 7 0 14 0 0 0 0 
0 0 0 7 0 0 0 0 0 0 18 0 0 0 0 11 0 0 0 1 4 0 0 0 15 0 9 0 7 4 0 0 0 0 0 0 0 0 0 1 0 17 0 12 0 0 0 0 0 0 2 0 0 4 0 0 0 0 0 0 0 0 0 0 0 0 1 5 0 0 
0 0 0 0 0 0 0 0 1 0 0 0 0 0 0 5 0 2 2 0 0 0 0 0 0 0 3 0 0 8 0 0 0 6 13 0 0 0 15 9 15 0 0 0 0 0 0 0 0 18 8 0 0 0 0 0 3 0 0 0 0 0 6 0 0 1 0 0 0 0 
