70

0 0 1 1 1 1 0 1 1 1 1 1 1 1 1 1 0 0 1 0 1 1 0 1 1 0 0 0 0 1 1 0 1 1 1 1 1 1 0 0 1 0 1 1 0 0 1 1 1 1 1 0 0 1 0 1 1 0 1 1 1 1 1 0 1 1 1 1 1 1 
0 0 1 1 1 1 0 1 0 1 1 1 0 1 1 0 0 0 1 1 1 1 1 1 0 1 1 1 0 1 1 1 1 1 0 1 1 1 1 1 1 1 1 1 1 1 1 1 0 0 1 0 1 1 0 1 1 0 0 1 0 1 1 1 1 0 1 0 1 0 
1 1 0 1 1 1 1 1 1 1 1 1 0 1 1 1 0 1 1 0 1 0 0 0 0 0 0 1 1 1 1 1 1 1 1 1 0 0 1 1 1 1 1 0 1 1 1 1 1 1 1 0 1 1 1 1 1 1 0 0 0 0 1 1 1 0 1 1 0 1 
1 1 1 0 1 1 1 1 1 1 0 1 1 1 1 0 1 0 1 1 1 1 1 1 0 1 1 1 1 1 0 1 1 1 1 1 0 1 1 0 0 0 1 1 1 0 1 1 1 1 1 1 0 1 0 0 1 0 1 0 1 1 1 0 0 1 1 1 0 1 
1 1 1 1 0 1 0 1 1 1 1 1 1 0 1 0 0 0 0 1 1 0 1 1 1 1 1 1 1 1 0 0 1 1 1 0 1 0 1 1 1 0 0 1 1 1 1 1 1 1 1 1 1 1 1 0 1 1 1 1 0 0 1 1 0 1 1 1 0 0 
1 1 1 1 1 0 1 1 0 1 1 0 1 0 1 1 1 1 1 0 0 1 1 1 0 1 1 1 0 1 1 1 1 1 1 1 1 0 1 1 1 0 1 1 1 1 1 0 1 1 1 1 0 0 0 1 1 0 1 1 0 1 1 0 1 1 1 0 0 1 
0 0 1 1 0 1 0 1 0 0 1 1 1 1 0 0 1 1 1 0 1 1 1 1 1 1 1 1 1 1 1 1 1 1 0 1 1 1 1 1 0 1 1 1 1 1 1 0 1 1 1 1 0 1 1 1 1 1 0 1 1 1 1 1 1 1 1 1 1 1 
1 1 1 1 1 1 1 0 0 1 1 0 1 0 1 1 1 1 0 0 1 1 1 0 1 1 1 1 0 1 1 1 1 0 1 1 1 1 0 1 1 1 0 1 1 1 1 1 1 1 0 0 1 1 1 0 1 1 1 1 1 1 1 0 1 0 1 1 0 1 
1 0 1 1 1 0 0 0 0 0 1 1 1 0 1 1 1 1 1 0 1 1 0 1 1 0 1 1 1 0 0 0 1 1 1 1 0 1 1 0 0 1 0 0 1 0 0 1 0 1 1 1 1 1 1 1 1 0 1 1 1 1 1 1 1 1 0 0 1 1 
1 1 1 1 1 1 0 1 0 0 1 1 0 1 1 1 1 0 1 0 1 1 1 1 1 0 1 1 0 1 0 1 1 1 0 0 1 1 1 1 1 1 1 1 1 1 1 1 1 1 0 0 0 0 0 1 0 1 1 1 1 1 1 0 1 1 1 1 1 1 
1 1 1 0 1 1 1 1 1 1 0 1 0 0 1 1 0 1 1 1 0 1 1 1 1 1 0 1 1 0 1 1 1 1 1 0 0 1 1 1 1 1 1 1 1 1 0 1 1 1 0 1 1 0 1 1 1 1 0 1 1 1 1 1 1 1 0 1 1 1 
1 1 1 1 1 0 1 0 1 1 1 0 1 1 1 1 1 1 1 1 1 0 1 1 1 1 0 1 1 1 1 0 0 1 1 0 0 1 1 0 1 1 0 1 1 1 0 1 1 0 1 1 1 1 1 0 1 1 0 1 1 0 1 0 0 1 1 1 1 1 
1 0 0 1 1 1 1 1 1 0 0 1 0 1 1 1 1 1 1 1 1 1 1 0 0 1 1 0 0 1 1 0 0 1 0 0 1 0 1 1 1 0 0 1 0 0 1 1 1 1 0 1 1 1 1 1 1 0 1 1 1 0 1 1 1 1 1 1 1 1 
1 1 1 1 0 0 1 0 0 1 0 1 1 0 1 1 1 0 1 0 1 1 1 1 1 1 0 0 0 1 0 1 0 1 1 0 1 1 0 1 0 1 1 1 0 1 1 1 1 1 0 1 1 1 1 0 1 0 1 1 0 1 1 1 0 1 1 0 0 0 
1 1 1 1 1 1 0 1 1 1 1 1 1 1 0 0 0 1 1 0 1 0 0 0 0 1 1 1 1 1 1 1 0 1 1 1 0 1 0 0 1 1 1 0 1 1 1 1 1 1 0 1 1 0 1 1 1 1 1 1 1 0 1 1 1 1 1 0 1 1 
1 0 1 0 0 1 0 1 1 1 1 1 1 1 0 0 1 1 1 0 0 1 1 1 1 0 1 0 1 1 0 1 1 1 1 1 1 1 1 0 1 1 0 1 1 1 1 0 0 1 0 1 1 1 1 1 1 1 0 0 0 1 1 1 1 1 1 1 1 1 
0 0 0 1 0 1 1 1 1 1 0 1 1 1 0 1 0 1 1 0 0 1 1 0 1 1 1 1 1 1 0 1 0 1 1 1 1 1 0 1 1 0 0 1 1 0 1 1 1 0 1 1 1 0 1 1 1 1 1 1 0 1 1 1 0 0 1 0 1 0 
0 0 1 0 0 1 1 1 1 0 1 1 1 0 1 1 1 0 0 1 1 1 0 0 0 0 1 0 1 1 1 1 1 0 0 1 1 1 1 1 1 1 0 1 1 1 1 1 1 1 1 1 0 1 1 1 0 0 1 0 1 0 1 1 1 1 1 1 1 1 
1 1 1 1 0 1 1 0 1 1 1 1 1 1 1 1 1 0 0 1 0 1 1 1 1 1 1 0 1 1 1 1 0 1 1 1 1 0 1 1 1 1 0 1 1 1 1 1 1 1 0 1 1 0 0 1 1 1 1 1 1 0 1 1 1 1 0 1 1 1 
0 1 0 1 1 0 0 0 0 0 1 1 1 0 0 0 0 1 1 0 0 1 1 1 1 1 1 1 1 1 1 1 1 1 0 1 1 1 1 1 1 0 1 1 1 1 0 0 1 0 1 1 1 1 1 0 1 0 1 0 1 1 1 0 1 0 1 0 1 1 
1 1 1 1 1 0 1 1 1 1 0 1 1 1 1 0 0 1 0 0 0 1 1 0 1 0 0 1 1 1 1 1 1 1 1 0 1 0 0 0 1 0 1 1 0 1 0 1 1 1 1 1 1 1 1 1 1 1 1 1 0 1 1 1 0 0 0 1 1 0 
1 1 0 1 0 1 1 1 1 1 1 0 1 1 0 1 1 1 1 1 1 0 1 1 1 0 1 1 1 1 1 0 1 1 1 0 1 1 1 1 1 1 0 1 0 1 1 1 1 0 1 1 1 1 1 1 1 0 1 0 1 1 1 1 1 1 1 1 1 1 
0 1 0 1 1 1 1 1 0 1 1 1 1 1 0 1 1 0 1 1 1 1 0 1 1 1 0 1 1 1 0 0 1 1 1 1 1 1 1 1 0 0 1 0 1 1 1 1 1 1 0 1 1 1 0 1 1 0 0 1 0 1 0 1 1 1 1 1 0 1 
1 1 0 1 1 1 1 0 1 1 1 1 0 1 0 1 0 0 1 1 0 1 1 0 1 1 1 1 1 0 1 1 1 0 1 1 1 1 1 0 0 1 1 1 1 1 1 1 1 1 1 0 1 1 1 1 1 1 1 1 0 1 1 1 1 0 1 1 0 0 
1 0 0 0 1 0 1 1 1 1 1 1 0 1 0 1 1 0 1 1 1 1 1 1 0 1 1 0 1 1 1 1 1 1 0 1 0 1 1 1 1 0 0 1 1 1 1 0 0 0 1 1 1 0 1 1 1 1 1 1 1 0 1 1 0 1 1 0 1 1 
0 1 0 1 1 1 1 1 0 0 1 1 1 1 1 0 1 0 1 1 0 0 1 1 1 0 1 1 0 1 0 0 1 1 1 1 1 1 1 1 1 0 1 1 1 1 1 1 0 1 1 0 0 0 1 0 1 1 0 0 1 1 0 1 0 1 1 0 1 1 
0 1 0 1 1 1 1 1 1 1 0 0 1 0 1 1 1 1 1 1 0 1 0 1 1 1 0 1 1 1 1 0 1 1 1 0 1 0 1 0 1 1 1 1 0 0 1 1 1 1 1 1 1 0 1 1 0 1 1 0 1 1 1 1 1 1 0 1 0 1 
0 1 1 1 1 1 1 1 1 1 1 1 0 0 1 0 1 0 0 1 1 1 1 1 0 1 1 0 1 1 0 1 0 1 1 1 0 1 1 1 1 1 0 1 1 1 1 1 1 0 1 1 1 1 1 1 1 1 0 1 0 1 0 1 1 1 1 1 1 1 
0 0 1 1 1 0 1 0 1 0 1 1 0 0 1 1 1 1 1 1 1 1 1 1 1 0 1 1 0 0 0 1 1 0 1 0 1 1 1 1 1 1 0 1 0 0 1 1 1 1 1 1 1 0 1 1 1 1 0 1 1 0 0 1 1 1 1 1 0 1 
1 1 1 1 1 1 1 1 0 1 0 1 1 1 1 1 1 1 1 1 1 1 1 0 1 1 1 1 0 0 1 1 0 0 1 1 1 0 1 1 1 0 1 1 1 1 0 0 0 1 0 0 0 1 1 1 1 1 0 1 0 1 0 0 1 1 1 1 1 0 
1 1 1 0 0 1 1 1 0 0 1 1 1 0 1 0 0 1 1 1 1 1 0 1 1 0 1 0 0 1 0 0 0 1 0 1 1 1 0 1 1 1 0 0 0 0 1 1 1 0 1 1 1 0 1 1 0 1 1 1 0 1 1 1 1 0 1 1 1 1 
0 1 1 1 0 1 1 1 0 1 1 0 0 1 1 1 1 1 1 1 1 0 0 1 1 0 0 1 1 1 0 0 1 0 1 1 1 1 1 1 0 1 1 1 1 1 0 0 1 1 1 1 1 0 0 1 1 0 0 1 0 0 1 1 0 1 1 1 0 1 
1 1 1 1 1 1 1 1 1 1 1 0 0 0 0 1 0 1 0 1 1 1 1 1 1 1 1 0 1 0 0 1 0 0 1 1 1 1 1 1 1 1 0 1 1 0 1 1 0 1 1 0 1 1 0 0 1 1 1 1 0 1 1 0 1 1 1 1 1 1 
1 1 1 1 1 1 1 0 1 1 1 1 1 1 1 1 1 0 1 1 1 1 1 0 1 1 1 1 0 0 1 0 0 0 0 1 1 1 1 1 0 0 0 1 1 1 1 1 1 1 1 1 1 1 1 0 1 1 0 1 1 1 1 1 1 1 1 0 1 1 
1 0 1 1 1 1 0 1 1 0 1 1 0 1 1 1 1 0 1 0 1 1 1 1 0 1 1 1 1 1 0 1 1 0 0 1 0 1 1 0 1 1 0 0 1 1 0 1 1 1 0 1 1 0 1 1 1 1 0 1 1 1 0 1 1 1 1 0 1 1 
1 1 1 1 0 1 1 1 1 0 0 0 0 0 1 1 1 1 1 1 0 0 1 1 1 1 0 1 0 1 1 1 1 1 1 0 1 0 1 1 1 0 1 1 1 1 1 1 1 1 1 1 0 1 0 0 0 0 1 1 1 1 1 1 1 1 1 1 1 1 
1 1 0 0 1 1 1 1 0 1 0 0 1 1 0 1 1 1 1 1 1 1 1 1 0 1 1 0 1 1 1 1 1 1 0 1 0 1 1 1 1 1 1 1 1 0 1 0 0 1 1 1 1 1 1 0 1 1 1 1 1 1 0 1 1 1 1 1 1 1 
1 1 0 1 0 0 1 1 1 1 1 1 0 1 1 1 1 1 0 1 0 1 1 1 1 1 0 1 1 0 1 1 1 1 1 0 1 0 1 0 1 1 1 1 0 1 1 0 1 1 0 1 0 0 0 0 1 1 1 1 1 1 0 1 0 1 1 0 1 1 
0 1 1 1 1 1 1 0 1 1 1 1 1 0 0 1 0 1 1 1 0 1 1 1 1 1 1 1 1 1 0 1 1 1 1 1 1 1 0 1 1 0 1 1 0 1 0 1 0 0 1 0 0 1 1 1 1 1 1 1 1 1 1 0 1 1 1 0 1 1 
0 1 1 0 1 1 1 1 0 1 1 0 1 1 0 0 1 1 1 1 0 1 1 0 1 1 0 1 1 1 1 1 1 1 0 1 1 0 1 0 1 1 0 1 1 1 1 0 1 1 1 1 1 1 1 1 1 0 1 0 1 1 1 0 1 1 0 1 1 1 
1 1 1 0 1 1 0 1 0 1 1 1 1 0 1 1 1 1 1 1 1 1 0 0 1 1 1 1 1 1 1 0 1 0 1 1 1 1 1 1 0 1 0 1 0 0 1 1 0 1 1 0 0 1 1 1 1 1 1 1 1 1 0 1 0 1 1 1 1 1 
0 1 1 0 0 0 1 1 1 1 1 1 0 1 1 1 0 1 1 0 0 1 0 1 0 0 1 1 1 0 1 1 1 0 1 0 1 1 0 1 1 0 1 1 1 0 0 1 1 1 0 1 1 0 1 1 0 1 1 1 0 1 1 0 1 1 1 1 1 1 
1 1 1 1 0 1 1 0 0 1 1 0 0 1 1 0 0 0 0 1 1 0 1 1 0 1 1 0 0 1 0 1 0 0 0 1 1 1 1 0 0 1 0 1 1 1 1 1 1 0 1 1 1 1 0 0 0 1 0 0 1 1 1 1 1 1 0 1 1 0 
1 1 0 1 1 1 1 1 0 1 1 1 1 1 0 1 1 1 1 1 1 1 0 1 1 1 1 1 1 1 0 1 1 1 0 1 1 1 1 1 1 1 1 0 1 0 1 0 1 1 1 1 1 1 1 1 1 1 0 1 0 1 1 1 0 0 1 0 1 1 
0 1 1 1 1 1 1 1 1 1 1 1 0 0 1 1 1 1 1 1 0 0 1 1 1 1 0 1 0 1 0 1 1 1 1 1 1 0 0 1 0 1 1 1 0 0 1 1 1 0 0 1 1 1 1 1 1 1 1 0 1 1 0 1 1 1 1 1 0 0 
0 1 1 0 1 1 1 1 0 1 1 1 0 1 1 1 0 1 1 1 1 1 1 1 1 1 0 1 0 1 0 1 0 1 1 1 0 1 1 1 0 0 1 0 0 0 1 0 0 0 1 1 1 1 0 0 1 1 0 1 1 1 1 1 1 0 0 1 0 1 
1 1 1 1 1 1 1 1 0 1 0 0 1 1 1 1 1 1 1 0 0 1 1 1 1 1 1 1 1 0 1 0 1 1 0 1 1 1 0 1 1 0 1 1 1 1 0 1 1 1 1 0 1 1 1 1 1 0 0 1 1 1 1 1 1 0 1 1 1 1 
1 1 1 1 1 0 0 1 1 1 1 1 1 1 1 0 1 1 1 0 1 1 1 1 0 1 1 1 1 0 1 0 1 1 1 1 0 0 1 0 1 1 1 0 1 0 1 0 1 1 1 1 1 1 1 0 1 1 1 0 1 0 0 0 1 1 1 1 1 1 
1 0 1 1 1 1 1 1 0 1 1 1 1 1 1 0 1 1 1 1 1 1 1 1 0 0 1 1 1 0 1 1 0 1 1 1 0 1 0 1 0 1 1 1 1 0 1 1 0 0 1 1 0 1 1 1 1 1 0 1 0 0 1 1 0 1 0 1 1 1 
1 0 1 1 1 1 1 1 1 1 1 0 1 1 1 1 0 1 1 0 1 0 1 1 0 1 1 0 1 1 0 1 1 1 1 1 1 1 0 1 1 1 0 1 0 0 1 1 0 0 1 1 1 0 1 0 1 1 0 0 0 1 1 1 0 1 1 1 1 0 
1 1 1 1 1 1 1 0 1 0 0 1 0 0 0 0 1 1 0 1 1 1 0 1 1 1 1 1 1 0 1 1 1 1 0 1 1 0 1 1 1 0 1 1 0 1 1 1 1 1 0 1 0 1 1 1 1 0 1 1 0 1 1 1 0 1 1 1 1 0 
0 0 0 1 1 1 1 0 1 0 1 1 1 1 1 1 1 1 1 1 1 1 1 0 1 0 1 1 1 0 1 1 0 1 1 1 1 1 0 1 0 1 1 1 1 1 0 1 1 1 1 0 1 1 1 0 1 1 1 1 1 0 0 1 1 1 1 1 1 1 
0 1 1 0 1 0 0 1 1 0 1 1 1 1 1 1 1 0 1 1 1 1 1 1 1 0 1 1 1 0 1 1 1 1 1 0 1 0 0 1 0 1 1 1 1 1 1 1 0 1 0 1 0 1 1 1 0 1 0 1 1 1 0 0 1 1 1 1 1 1 
1 1 1 1 1 0 1 1 1 0 0 1 1 1 0 1 0 1 0 1 1 1 1 1 0 0 0 1 0 1 0 0 1 1 0 1 1 0 1 1 1 0 1 1 1 1 1 1 1 0 1 1 1 0 1 1 1 1 1 1 0 1 1 0 1 1 1 1 1 1 
0 0 1 0 1 0 1 1 1 0 1 1 1 1 1 1 1 1 0 1 1 1 0 1 1 1 1 1 1 1 1 0 0 1 1 0 1 0 1 1 1 1 0 1 1 0 1 1 1 1 1 1 1 1 0 0 1 0 0 0 1 1 0 1 1 1 1 1 0 0 
1 1 1 0 0 1 1 0 1 1 1 0 1 0 1 1 1 1 1 0 1 1 1 1 1 0 1 1 1 1 1 1 0 0 1 0 0 0 1 1 1 1 0 1 1 0 1 0 1 0 1 0 1 1 0 0 1 1 1 1 1 1 1 1 1 0 0 1 0 1 
1 1 1 1 1 1 1 1 1 0 1 1 1 1 1 1 1 0 1 1 1 1 1 1 1 1 0 1 1 1 0 1 1 1 1 0 1 1 1 1 1 0 0 1 1 1 1 1 1 1 1 1 0 1 1 1 0 1 1 1 1 1 1 0 1 0 0 1 1 1 
0 0 1 0 1 0 1 1 0 1 1 1 0 0 1 1 1 0 1 0 1 0 0 1 1 1 1 1 1 1 1 0 1 1 1 0 1 1 1 0 1 1 1 1 1 1 0 1 1 1 0 1 1 1 0 1 1 0 1 1 1 1 0 1 0 0 1 1 1 1 
1 0 0 1 1 1 0 1 1 1 0 0 1 1 1 0 1 1 1 1 1 1 0 1 1 0 1 0 0 0 1 0 1 0 0 1 1 1 1 1 1 1 0 0 1 0 0 1 0 0 1 1 0 1 0 1 1 1 0 1 1 1 1 1 1 0 1 0 0 1 
1 1 0 0 1 1 1 1 1 1 1 1 1 1 1 0 1 0 1 0 1 0 1 1 1 0 0 1 1 1 1 1 1 1 1 1 1 1 1 0 1 1 0 1 0 1 1 0 1 0 1 1 1 1 0 1 1 1 1 0 1 1 1 1 0 1 0 0 0 1 
1 0 0 1 0 0 1 1 1 1 1 1 1 0 1 0 0 1 1 1 0 1 0 0 1 1 1 0 1 0 0 0 0 1 1 1 1 1 1 1 1 0 1 0 1 1 1 1 0 0 0 1 1 0 1 1 1 1 1 1 0 0 0 1 1 1 1 1 1 1 
1 1 0 1 0 1 1 1 1 1 1 0 0 1 0 1 1 0 0 1 1 1 1 1 0 1 1 1 0 1 1 0 1 1 1 1 1 1 1 1 1 1 1 1 1 1 1 0 0 1 1 0 1 1 1 1 1 1 1 1 0 0 1 1 1 0 0 1 0 1 
1 1 1 1 1 1 1 1 1 1 1 1 1 1 1 1 1 1 1 1 1 1 0 1 1 0 1 0 0 0 1 1 1 1 0 1 0 0 1 1 0 1 1 1 0 1 1 0 1 1 1 0 0 1 0 1 1 0 1 1 0 1 0 0 1 1 1 1 1 1 
0 1 1 0 1 0 1 0 1 0 1 0 1 1 1 1 1 1 1 0 1 1 1 1 1 1 1 1 1 0 1 1 0 1 1 1 1 1 0 0 1 0 1 1 1 1 1 0 1 1 1 1 0 0 1 1 0 1 1 1 1 1 0 0 1 1 1 0 1 1 
1 1 1 0 0 1 1 1 1 1 1 0 1 0 1 1 0 1 1 1 0 1 1 1 0 0 1 1 1 1 1 0 1 1 1 1 1 0 1 1 0 1 1 0 1 1 1 1 0 0 0 1 1 1 1 1 1 0 1 0 1 1 1 1 0 1 0 1 1 1 
1 0 0 1 1 1 1 0 1 1 1 1 1 1 1 1 0 1 1 0 0 1 1 0 1 1 1 1 1 1 0 1 1 1 1 1 1 1 1 1 1 1 1 0 1 0 0 1 1 1 1 1 1 1 1 0 0 0 0 1 1 0 1 1 1 0 1 1 1 1 
1 1 1 1 1 1 1 1 0 1 0 1 1 1 1 1 1 1 0 1 0 1 1 1 1 1 0 1 1 1 1 1 1 1 1 1 1 1 1 0 1 1 0 1 1 0 1 1 0 1 1 1 1 1 1 0 0 1 1 0 1 0 1 1 0 1 0 1 0 1 
1 0 1 1 1 0 1 1 0 1 1 1 1 0 0 1 0 1 1 0 1 1 1 1 0 0 1 1 1 1 1 1 1 0 0 1 1 0 0 1 1 1 1 0 1 1 1 1 1 1 1 1 1 1 1 1 1 1 0 0 1 1 1 0 1 1 1 0 0 1 
1 1 0 0 0 0 1 0 1 1 1 1 1 0 1 1 1 1 1 1 1 1 0 0 1 1 0 1 0 1 1 0 1 1 1 1 1 1 1 1 1 1 1 1 0 0 1 1 1 1 1 1 1 1 0 0 1 1 0 0 1 0 1 1 1 1 0 0 0 0 
1 0 1 1 0 1 1 1 1 1 1 1 1 0 1 1 0 1 1 1 0 1 1 0 1 1 1 1 1 0 1 1 1 1 1 1 1 1 1 1 1 1 0 1 0 1 1 1 1 0 0 1 1 1 0 1 1 1 1 1 1 1 1 1 1 1 1 1 0 0 

0 0 0 0 17 0 0 0 29 0 0 0 1 1 0 28 13 0 0 0 0 0 0 0 0 0 0 0 0 0 0 0 0 0 0 0 24 0 17 0 0 0 0 3 9 0 16 0 0 0 22 0 0 0 0 0 26 0 0 0 5 0 0 0 7 0 0 0 0 0 
0 0 0 0 16 0 0 0 0 0 0 30 0 16 0 0 0 0 0 16 0 0 0 0 0 10 0 0 0 0 0 0 0 0 0 27 16 0 0 0 0 0 0 0 0 0 0 0 0 7 0 24 0 0 0 0 0 0 19 1 19 0 0 0 0 0 0 0 0 29 
0 0 0 0 2 4 0 0 0 0 20 0 0 0 0 0 0 0 0 0 0 0 0 0 0 0 0 0 0 0 0 0 0 0 0 0 0 0 0 0 0 0 0 10 0 0 0 0 15 0 0 0 0 0 23 0 11 0 0 14 10 0 0 8 28 0 0 21 0 0 
0 0 0 0 0 0 12 0 0 0 0 0 0 0 0 0 0 0 7 0 0 0 0 0 0 0 0 0 26 0 0 0 0 0 0 0 0 0 0 0 0 0 0 0 0 0 0 0 0 24 0 0 0 0 0 7 0 0 0 0 0 0 0 0 0 0 0 0 0 0 
0 0 0 0 0 0 0 0 0 23 0 0 24 0 0 0 0 10 21 0 24 0 14 0 0 0 0 0 0 0 0 30 0 0 0 0 0 0 0 24 0 0 14 0 0 0 0 0 0 9 0 0 0 0 0 0 0 0 0 0 0 0 0 0 0 0 0 0 0 0 
0 0 0 11 0 0 0 0 6 0 0 0 0 10 0 0 30 8 0 0 0 0 0 0 0 0 2 29 0 0 30 0 12 0 0 0 0 0 0 0 0 0 0 0 0 0 0 0 23 0 0 0 0 0 0 8 0 0 0 0 0 22 0 0 0 0 0 0 0 0 
0 0 0 0 0 0 0 0 0 0 0 0 0 0 0 0 0 0 0 0 28 12 0 0 19 0 14 0 0 0 6 27 0 0 0 0 4 0 0 0 0 7 0 0 0 0 0 0 9 0 0 10 0 17 0 0 0 16 0 0 10 4 0 8 0 0 0 0 1 0 
0 0 0 0 0 20 28 0 0 13 16 0 0 0 0 1 0 0 0 0 0 0 0 0 0 0 0 0 0 0 0 0 0 4 0 0 0 0 0 0 24 0 0 30 0 0 0 0 0 0 0 15 0 18 29 0 0 0 0 0 1 0 0 0 0 0 0 0 0 0 
0 0 0 0 0 0 0 0 0 6 0 0 0 0 0 25 0 0 0 0 0 0 0 0 19 0 0 0 21 0 0 0 0 0 0 0 0 0 14 0 0 11 0 0 0 16 0 13 0 0 0 30 18 0 3 0 0 0 0 0 0 0 0 0 0 0 0 0 0 0 
0 0 0 0 0 0 0 0 2 0 0 0 0 0 0 20 0 0 0 0 19 0 0 24 0 0 21 7 0 0 0 0 0 0 0 0 0 0 0 30 0 0 0 0 0 0 0 0 0 0 0 0 0 0 0 27 0 0 0 26 0 0 8 0 0 0 0 0 0 0 
0 0 0 0 32 0 0 0 0 0 0 0 0 0 0 0 5 0 12 0 0 0 13 0 0 0 0 0 0 0 0 0 0 0 0 0 11 0 0 10 26 0 0 0 0 14 0 0 0 0 0 0 0 0 0 0 0 20 0 0 0 0 0 0 0 0 0 0 0 12 
0 0 0 15 0 0 15 0 0 0 16 0 0 0 0 0 0 0 0 30 0 0 0 0 0 0 0 14 0 0 0 0 9 0 0 9 0 0 7 0 8 0 0 0 0 10 0 18 0 0 0 0 0 0 0 15 6 0 0 19 0 0 14 0 0 0 0 0 0 0 
25 0 1 0 0 0 0 14 12 25 0 0 0 0 0 18 0 0 0 0 17 0 4 25 0 28 0 0 0 22 0 16 0 0 0 0 0 0 0 0 0 0 0 0 0 0 12 0 0 0 0 9 0 0 25 0 0 18 0 0 24 0 16 18 0 0 0 0 0 0 
24 0 25 0 0 27 21 0 0 0 0 28 0 0 0 0 0 0 18 0 0 30 0 0 0 0 0 0 0 0 0 0 0 0 28 0 0 26 30 0 20 17 0 0 0 0 0 0 0 0 21 0 22 0 24 8 0 0 0 0 0 0 0 0 0 0 0 0 0 0 
0 0 0 0 0 30 0 0 0 0 20 19 0 13 0 27 0 0 0 0 0 0 0 0 0 0 0 0 0 0 0 0 0 0 0 21 0 0 0 28 0 0 12 11 0 0 9 0 0 0 0 23 0 0 0 20 0 15 0 15 0 18 0 0 0 21 0 0 0 21 
0 0 30 0 0 0 0 0 0 0 0 0 0 0 17 0 0 0 27 0 0 0 0 0 0 0 10 0 0 0 0 2 0 15 0 0 6 0 0 0 0 0 30 0 0 31 0 0 0 0 0 0 0 0 0 0 0 5 0 0 0 23 0 0 0 0 0 0 0 0 
0 0 0 0 0 0 0 14 0 8 0 0 0 0 23 0 0 0 0 0 0 0 0 0 0 0 0 13 0 0 0 0 0 0 0 29 0 0 14 0 0 0 0 0 0 0 0 0 22 0 0 0 23 0 0 0 0 0 0 17 21 4 7 0 0 0 7 17 0 15 
0 2 0 0 0 0 0 0 0 12 20 2 0 0 7 0 0 0 14 0 0 0 10 0 0 0 26 0 0 0 8 0 0 0 28 0 27 0 0 0 0 0 0 0 0 0 0 0 0 0 0 0 26 26 0 6 0 0 0 0 30 0 0 0 0 0 21 0 0 0 
17 0 0 0 0 0 0 0 0 16 0 7 4 0 0 0 21 0 0 0 0 29 0 0 0 0 1 0 0 0 0 3 0 0 0 0 6 0 3 0 0 0 0 8 0 0 0 0 0 0 0 0 0 0 0 16 0 0 0 18 12 6 0 0 0 0 0 0 0 24 
0 0 0 0 0 0 0 0 0 0 0 0 0 0 2 0 0 0 0 0 15 0 0 0 0 0 0 13 8 0 18 0 0 0 0 0 0 0 0 24 21 27 0 0 0 11 0 0 0 0 0 0 0 0 0 0 0 0 0 14 0 6 0 0 0 0 0 0 0 0 
0 0 0 0 0 0 30 12 0 15 0 0 0 20 0 0 22 0 18 0 0 0 13 0 0 0 0 0 0 0 0 26 0 0 0 0 0 17 0 0 0 0 0 0 0 0 0 0 0 0 0 0 3 0 0 0 11 0 0 27 0 0 31 0 0 0 0 0 0 0 
0 0 0 0 0 0 0 0 0 0 0 0 0 15 1 0 3 0 0 29 0 0 0 0 21 0 0 0 0 0 17 0 10 0 0 0 0 0 0 28 0 0 0 0 0 0 0 0 0 0 0 0 0 0 0 0 0 0 0 0 0 28 0 0 16 0 0 0 0 24 
0 0 28 0 0 0 0 0 0 0 0 5 0 0 0 0 0 0 0 0 0 27 0 0 0 0 6 8 0 18 0 0 0 0 19 0 0 0 0 0 0 0 0 0 0 0 0 0 0 0 0 0 0 0 0 27 5 0 0 0 30 0 22 0 27 0 0 0 0 0 
0 20 0 0 0 30 0 28 0 0 0 0 0 0 0 0 0 0 0 0 0 0 0 0 0 0 0 0 0 1 0 0 0 0 0 0 0 0 0 0 14 14 0 0 0 0 4 0 0 0 0 0 0 0 0 0 0 24 3 0 0 2 0 0 0 9 28 0 0 0 
0 0 0 0 12 3 0 0 0 0 0 1 0 0 0 0 0 8 0 0 0 0 12 0 0 0 0 0 0 5 0 0 0 0 0 0 0 0 0 0 0 28 0 0 0 0 0 0 0 0 9 0 0 0 0 15 0 4 0 0 19 0 0 0 0 29 0 25 0 18 
0 0 0 0 0 0 0 0 0 0 3 0 0 0 9 0 0 0 0 0 28 0 0 0 26 0 0 0 0 2 0 0 0 0 0 0 0 0 0 0 0 0 14 0 0 0 0 0 0 2 0 10 0 0 24 0 0 27 0 28 0 0 0 0 0 0 0 0 8 0 
22 0 0 0 0 0 0 0 0 3 0 0 0 0 0 16 0 18 0 25 0 0 0 0 0 0 0 0 21 0 0 0 0 0 0 0 23 0 0 0 0 0 0 0 0 0 6 0 0 0 0 0 0 0 0 0 0 14 0 0 0 0 0 23 0 10 0 0 0 0 
0 0 0 0 1 0 0 0 0 18 0 0 29 0 0 0 0 0 27 0 0 4 0 0 0 0 22 0 0 0 0 4 22 18 0 0 0 7 0 0 17 18 0 0 0 21 0 0 0 0 14 0 0 0 0 18 0 0 0 0 0 0 28 0 5 0 0 13 0 0 
0 2 0 0 0 0 0 0 0 25 15 0 0 0 0 0 0 0 0 0 0 0 0 0 0 0 0 0 0 0 20 0 0 22 0 0 0 0 0 0 0 0 0 0 0 0 0 0 0 22 0 14 0 0 26 0 0 0 0 0 0 0 0 0 9 0 0 0 0 0 
1 0 0 30 0 20 0 12 0 27 0 0 0 0 0 0 0 0 0 0 0 0 0 0 0 0 17 0 0 0 0 0 0 0 0 0 0 0 0 0 0 0 0 0 0 0 0 0 0 0 0 0 0 19 30 21 0 0 0 5 0 0 0 0 0 0 13 0 0 12 
4 15 0 0 0 0 0 0 0 0 0 0 15 0 0 0 0 0 0 0 0 6 0 0 0 0 0 5 0 0 0 6 0 0 0 0 18 0 0 17 0 0 0 0 0 1 0 0 0 0 0 0 0 0 0 0 0 0 0 0 0 0 0 0 0 0 0 0 0 0 
27 0 0 0 0 0 0 0 21 0 0 6 0 0 0 0 0 0 8 0 0 0 0 0 0 17 0 3 0 0 11 0 18 1 18 0 0 0 4 0 0 21 0 0 0 0 9 0 0 26 0 0 0 0 16 12 0 0 0 0 0 0 0 0 0 0 0 27 0 0 
0 0 6 0 26 0 0 0 0 0 0 13 10 0 0 0 25 6 0 0 0 0 0 0 0 0 23 0 0 0 0 31 0 0 0 0 0 0 20 0 0 23 1 14 0 0 0 0 0 30 0 0 0 0 0 29 0 0 2 0 0 0 20 10 0 23 0 0 0 0 
0 21 0 0 0 0 0 26 0 0 0 0 0 26 0 0 0 0 4 0 0 0 2 19 0 0 0 0 0 0 5 0 5 0 0 0 0 0 0 0 8 0 0 29 0 0 0 0 0 2 0 0 0 19 0 0 0 0 14 0 22 0 0 12 0 0 0 0 0 0 
14 0 0 0 0 0 0 0 4 0 21 0 0 16 6 16 10 26 0 0 0 0 0 0 0 0 0 0 0 0 0 0 0 0 0 24 0 0 0 0 0 17 0 0 0 0 0 0 0 0 0 17 0 0 26 0 0 23 0 0 0 0 0 26 0 0 5 24 3 31 
0 0 30 0 0 0 0 0 29 0 0 0 16 0 0 17 0 27 0 0 0 0 0 0 0 4 0 0 0 0 0 0 0 0 0 0 14 0 0 9 0 0 0 0 0 0 0 0 0 0 0 0 0 0 0 18 0 0 2 0 0 0 0 11 0 0 0 0 24 0 
0 0 0 0 0 0 0 6 0 19 0 0 0 0 11 0 0 0 6 0 0 0 7 0 0 0 0 0 20 0 0 27 0 0 0 21 0 0 13 0 3 0 0 0 0 0 0 0 0 0 0 0 0 0 0 0 13 0 0 0 0 0 0 0 0 0 0 0 0 0 
0 0 0 0 0 5 0 0 23 0 0 0 0 0 0 13 14 3 18 26 0 0 0 0 0 0 24 0 0 0 0 23 0 25 0 0 0 0 0 0 0 27 0 0 21 0 29 0 0 0 0 0 0 7 0 0 0 28 0 0 0 0 0 0 28 0 0 0 0 0 
0 0 0 0 0 0 0 0 0 0 0 0 13 0 0 0 0 0 0 0 0 0 9 0 0 32 0 0 0 0 0 11 0 0 0 0 0 0 0 0 0 0 0 0 0 0 0 0 6 0 0 0 0 0 0 0 0 0 27 0 0 0 0 0 0 6 8 0 0 21 
0 8 0 0 13 0 21 25 0 0 0 0 5 2 0 0 0 0 0 0 0 0 0 0 0 0 0 0 0 0 0 0 0 0 0 0 0 15 0 0 0 0 2 32 0 0 0 0 0 0 0 0 0 9 1 0 0 0 0 27 0 0 0 0 0 9 0 0 5 0 
0 8 0 0 0 0 0 0 29 0 0 0 0 16 0 7 0 0 0 0 17 25 0 0 31 0 0 3 0 0 0 28 0 0 0 18 0 0 0 0 0 0 0 0 15 22 0 0 0 0 0 0 0 0 0 0 0 0 0 0 0 0 28 0 0 0 0 0 0 0 
0 0 0 0 0 0 4 0 19 0 0 0 0 0 0 0 0 0 0 0 0 0 0 0 14 0 10 0 0 0 0 0 0 0 0 0 0 0 30 0 0 0 6 22 0 0 0 0 0 0 5 0 0 0 0 0 0 0 0 0 0 0 22 0 0 16 0 0 0 11 
0 0 0 0 0 0 0 0 0 0 0 0 0 28 0 0 0 0 0 0 0 0 0 0 26 0 0 0 0 0 0 0 0 0 0 0 0 0 0 26 0 16 0 0 0 0 23 16 0 0 0 0 0 0 0 0 10 0 0 0 0 0 26 2 20 0 0 30 15 0 
0 19 0 9 6 0 0 19 0 0 27 0 0 0 1 0 0 0 24 0 0 27 0 14 0 0 22 0 0 0 0 0 0 0 19 0 0 0 0 0 0 0 0 0 0 0 12 0 28 31 0 0 0 24 21 0 0 0 0 0 0 0 0 0 0 0 0 0 0 1 
0 0 0 0 0 0 0 27 0 0 0 0 0 0 0 0 0 0 0 0 0 16 12 0 0 0 0 0 0 0 0 0 0 0 0 0 0 0 23 0 0 0 0 0 0 23 0 0 0 0 0 0 0 0 0 0 0 19 3 2 3 1 0 17 0 0 23 0 0 0 
0 0 0 0 0 0 0 0 0 0 0 15 0 0 0 0 0 0 0 0 0 0 23 0 0 0 0 25 0 0 0 0 1 0 34 8 3 12 16 0 0 0 23 0 29 0 0 2 0 4 0 0 0 4 0 0 0 0 0 0 0 30 0 0 26 18 0 0 12 0 
1 0 0 0 0 3 0 0 27 0 0 0 29 0 0 17 0 0 0 0 17 0 0 0 0 0 0 0 12 0 0 0 0 0 0 0 0 0 0 0 17 0 0 0 0 0 0 0 10 0 0 24 0 0 0 15 28 0 0 0 0 0 0 0 0 0 0 0 0 0 
26 0 3 8 0 0 0 14 0 0 20 0 0 0 0 0 0 0 0 0 0 0 0 1 0 0 0 0 26 0 0 7 28 0 0 29 0 0 0 0 0 0 0 0 0 15 1 0 0 0 0 0 0 4 27 0 0 0 0 0 0 0 14 0 12 0 0 3 0 0 
16 0 0 0 0 0 0 0 0 29 0 0 0 0 23 0 1 0 0 0 0 0 0 15 0 0 0 0 0 0 0 0 0 0 17 0 0 2 32 0 25 18 0 18 27 0 0 0 0 0 0 0 0 0 1 0 0 0 0 26 0 0 0 0 0 0 0 4 6 0 
0 0 0 0 0 0 0 0 25 0 0 0 0 0 0 0 6 0 11 0 0 14 15 0 0 4 0 0 0 0 0 0 0 0 0 0 0 0 0 0 5 20 0 10 0 0 0 0 29 0 0 0 0 13 0 0 0 0 26 0 0 30 0 0 0 0 0 0 0 0 
19 0 0 0 0 0 0 0 0 0 0 0 6 0 0 0 0 0 3 0 0 0 0 0 0 0 0 0 0 0 0 0 0 0 0 0 0 28 0 0 0 0 13 0 0 0 0 0 0 0 0 0 31 0 0 0 0 0 0 0 0 0 0 0 0 0 0 0 30 0 
0 15 0 0 0 0 0 0 0 0 0 9 0 0 0 22 0 4 0 0 0 0 14 0 0 0 0 0 0 0 0 0 0 0 2 0 0 0 1 0 0 0 0 0 0 0 2 0 0 0 0 0 0 0 0 0 0 0 3 0 22 0 0 0 0 0 0 0 0 0 
0 0 0 26 0 0 0 0 0 0 13 0 0 0 0 0 4 0 0 0 0 19 0 1 0 0 13 0 23 0 0 0 0 0 19 1 22 0 0 0 0 5 0 0 0 0 0 0 0 6 12 0 0 4 0 27 0 0 0 1 0 0 0 4 0 17 0 0 6 0 
0 0 0 0 0 0 0 0 0 1 5 0 0 0 0 0 0 0 0 0 0 0 20 0 0 0 0 0 22 0 0 0 0 0 0 0 0 0 28 0 4 0 0 0 0 0 0 0 0 0 0 0 0 0 18 0 0 22 17 30 0 0 22 0 0 0 0 0 0 0 
0 0 0 0 24 0 9 5 0 0 0 0 0 0 0 0 0 0 0 1 0 0 20 0 3 0 0 25 0 0 0 0 0 0 10 0 0 0 0 0 0 0 0 0 29 0 0 0 0 0 0 0 0 0 0 0 0 22 0 0 0 0 0 0 0 4 0 0 12 20 
0 27 4 0 0 0 0 0 0 0 0 0 22 0 0 0 0 0 0 0 0 11 0 0 0 17 31 0 0 0 0 0 11 0 0 11 19 0 0 0 0 0 21 0 0 0 0 0 0 0 0 0 7 0 17 0 0 0 0 17 0 0 0 0 7 0 6 0 0 0 
0 0 0 0 0 20 0 0 0 0 0 0 0 0 22 0 14 0 0 0 0 0 15 0 14 0 0 0 0 0 0 0 0 0 0 0 0 0 0 3 0 0 0 0 0 0 0 0 0 0 0 0 0 0 0 0 0 0 3 0 0 0 0 0 0 0 0 0 0 0 
0 0 0 0 0 5 0 0 0 22 0 0 0 0 0 0 0 0 0 3 2 0 0 0 0 0 0 1 0 0 0 0 0 0 0 0 20 0 8 0 0 0 0 0 0 0 0 0 29 0 0 0 27 3 14 0 11 0 0 0 0 0 0 0 0 0 0 0 0 6 
0 11 0 0 0 5 0 0 0 0 0 0 27 0 27 0 0 0 0 0 5 0 0 0 0 0 0 0 0 12 9 0 0 0 0 0 0 0 0 0 0 0 0 0 0 0 8 0 0 0 0 0 0 0 29 7 0 0 0 0 8 0 0 28 0 0 21 17 0 0 
18 0 27 0 0 0 0 0 0 0 8 0 0 25 27 0 0 0 0 21 0 1 0 0 13 0 0 0 15 0 0 0 0 0 0 16 0 0 0 2 0 0 0 0 0 24 0 0 0 30 0 0 27 0 0 0 0 0 0 0 0 26 0 0 0 26 0 0 0 0 
0 0 0 0 0 0 1 22 0 0 0 0 0 14 0 26 0 13 0 0 0 0 0 0 0 0 0 0 0 0 0 0 21 12 0 0 0 0 0 0 0 0 0 24 0 0 0 0 27 0 9 0 0 0 0 0 0 0 0 2 0 0 0 0 0 0 0 0 0 0 
0 0 0 0 0 0 0 0 0 0 0 0 0 0 0 0 1 0 0 0 18 0 0 0 0 0 0 0 0 0 2 0 0 0 0 0 30 0 0 0 0 0 27 0 0 0 0 0 0 11 0 0 0 0 0 0 0 0 0 0 0 0 0 0 0 0 0 5 0 0 
0 0 0 9 10 3 0 0 0 0 0 0 0 0 0 6 0 23 0 0 0 0 0 0 0 20 0 5 0 5 0 0 0 0 16 0 5 0 0 29 0 0 0 0 0 0 0 0 24 0 0 23 0 0 30 0 0 1 0 0 0 0 0 0 0 0 0 29 0 14 
0 24 0 0 0 31 0 0 0 0 0 8 0 0 4 0 19 0 0 0 0 26 0 0 17 0 0 9 0 11 0 0 0 0 0 0 0 0 5 0 0 0 0 0 0 0 0 17 0 0 0 0 4 0 0 0 0 1 0 0 0 27 0 0 0 24 0 0 24 0 
0 0 0 0 0 0 0 1 0 0 0 0 0 0 0 0 0 0 0 0 0 0 18 0 0 0 0 0 0 0 0 0 0 0 0 0 0 0 30 0 0 0 0 30 25 0 20 0 0 0 0 0 0 0 0 0 0 0 0 0 0 0 0 0 0 0 0 0 0 0 
0 0 0 0 0 0 0 0 0 0 0 0 0 26 0 0 0 0 0 0 0 0 25 29 0 0 1 0 0 0 0 14 0 0 0 0 0 0 11 26 0 0 0 0 0 0 18 0 7 0 4 0 0 0 0 0 0 0 0 24 11 0 0 0 0 0 0 16 0 0 
24 0 0 0 0 0 14 15 0 0 0 0 0 16 0 24 0 0 0 0 0 28 0 0 0 0 7 0 0 0 0 15 0 0 6 0 0 0 27 0 0 20 0 0 0 0 0 0 0 34 0 0 1 0 0 0 0 0 0 0 0 0 7 0 0 0 0 2 0 0 
30 26 0 26 0 0 0 30 0 8 0 20 0 0 32 0 0 0 0 0 0 0 0 0 0 0 0 0 0 0 0 0 23 0 0 0 0 0 0 0 16 0 0 0 0 0 0 7 0 0 23 0 0 0 0 0 0 0 0 0 0 0 0 0 0 0 0 0 0 0 
0 0 10 0 0 0 0 0 0 30 0 0 0 0 0 0 17 4 6 0 0 21 0 0 0 0 0 18 0 0 22 0 0 0 0 7 0 0 15 0 0 0 0 0 0 0 31 0 0 0 0 0 0 20 6 0 0 0 0 0 0 0 0 0 0 0 0 0 0 0 
0 0 0 0 0 3 0 0 0 0 0 0 0 14 0 0 27 0 0 0 0 0 0 15 0 0 0 0 0 0 0 0 0 0 29 0 0 0 0 0 0 0 8 0 0 22 0 0 0 0 0 0 0 0 0 0 0 0 0 0 0 0 0 0 0 22 5 0 15 0 
