70

0 1 1 1 1 0 1 0 1 0 1 0 0 1 0 1 0 1 0 0 0 0 1 1 0 1 0 1 1 1 0 0 1 1 1 1 1 0 0 1 1 1 0 1 1 0 0 1 1 0 1 1 0 1 0 0 1 0 0 1 0 1 1 0 1 1 0 1 1 1 
1 0 1 1 1 0 1 1 0 0 1 0 1 1 1 1 1 1 1 1 1 0 0 1 0 0 0 1 1 1 1 0 1 1 1 1 1 1 1 0 0 1 1 1 0 1 0 1 0 0 0 0 1 0 1 1 1 0 0 0 0 0 0 0 1 0 0 1 0 0 
1 1 0 1 1 1 0 1 1 0 1 1 1 1 0 0 0 1 0 0 1 1 0 1 1 1 1 1 1 1 1 1 1 1 0 1 0 0 1 1 1 1 0 1 1 1 0 1 0 1 1 0 1 1 1 1 1 0 0 1 1 0 1 0 1 1 1 0 0 1 
1 1 1 0 1 1 0 1 0 0 0 1 1 1 1 1 1 0 1 0 1 1 1 0 1 1 0 0 0 0 0 1 0 1 1 0 1 0 1 1 0 0 1 0 1 1 1 1 0 0 1 1 0 0 0 0 0 0 1 1 1 1 1 1 0 1 1 1 0 1 
1 1 1 1 0 0 0 1 0 1 1 0 1 1 1 0 0 1 1 1 0 1 1 1 1 1 0 1 0 0 1 0 0 1 1 1 1 0 0 0 0 1 1 0 0 1 1 1 1 1 1 0 0 1 1 1 1 0 1 1 1 0 0 0 0 1 1 1 1 1 
0 0 1 1 0 0 0 0 0 1 0 0 1 0 1 0 0 1 1 1 0 0 0 0 1 1 0 1 0 0 0 1 1 1 1 0 1 1 1 0 0 1 0 1 1 1 1 0 1 0 1 1 1 0 0 1 0 1 0 0 1 1 1 0 1 1 1 0 0 0 
1 1 0 0 0 0 0 1 0 1 0 0 1 1 1 1 0 1 0 1 1 0 1 1 1 1 1 1 0 1 1 0 1 0 0 1 1 1 1 1 1 1 1 0 1 1 0 0 1 1 0 1 0 1 1 1 1 0 0 1 1 1 1 0 0 1 1 1 0 1 
0 1 1 1 1 0 1 0 1 1 0 0 1 1 0 1 0 0 1 1 1 1 0 1 1 1 0 1 1 1 0 0 1 1 1 0 1 0 0 1 1 0 1 0 1 0 0 0 1 1 0 0 0 1 0 1 0 1 0 1 1 0 1 1 1 0 1 1 0 1 
1 0 1 0 0 0 0 1 0 0 1 0 1 1 0 1 1 0 1 0 1 0 0 0 1 0 1 1 1 0 1 1 1 0 1 0 1 0 0 1 0 1 1 0 1 0 1 0 1 1 1 0 0 1 1 1 1 0 1 1 0 0 1 0 0 0 1 1 1 0 
0 0 0 0 1 1 1 1 0 0 0 1 1 0 1 1 1 0 1 1 1 0 0 0 1 1 0 0 1 0 1 1 1 1 1 1 0 1 1 1 1 1 1 1 1 0 0 1 1 0 0 1 1 1 1 1 1 1 1 1 1 1 0 0 1 0 0 1 1 0 
1 1 1 0 1 0 0 0 1 0 0 0 1 1 0 0 0 1 1 0 0 1 0 1 1 1 1 0 0 1 0 1 1 1 1 0 1 0 1 1 1 1 0 1 1 0 1 1 1 1 1 1 0 1 1 0 1 1 1 1 1 0 1 1 1 0 1 1 0 1 
0 0 1 1 0 0 0 0 0 1 0 0 1 1 0 1 1 0 0 0 1 0 1 1 1 1 1 0 1 1 0 0 0 0 1 0 1 1 1 0 0 1 1 0 0 1 0 1 0 1 1 1 0 1 1 1 0 1 0 0 1 1 1 1 1 1 0 1 1 1 
0 1 1 1 1 1 1 1 1 1 1 1 0 0 1 1 0 1 0 1 1 1 1 1 1 1 0 1 1 0 1 1 0 0 1 1 1 0 1 1 0 0 0 1 0 1 0 0 1 1 0 1 1 1 1 1 0 0 0 0 1 1 0 1 1 1 1 1 1 1 
1 1 1 1 1 0 1 1 1 0 1 1 0 0 0 1 1 0 0 1 1 1 1 0 1 0 1 0 0 1 1 1 1 0 1 1 1 0 1 0 0 0 0 1 0 1 0 0 1 1 1 0 0 1 0 1 1 1 1 1 0 1 1 1 1 0 1 0 1 0 
0 1 0 1 1 1 1 0 0 1 0 0 1 0 0 1 1 1 0 1 1 1 0 1 1 0 1 1 0 1 0 0 1 0 1 0 0 0 1 1 1 0 0 1 1 0 1 1 1 1 1 1 1 0 1 1 1 1 0 0 1 1 1 1 1 0 0 1 0 0 
1 1 0 1 0 0 1 1 1 1 0 1 1 1 1 0 0 1 1 0 1 1 1 0 1 1 1 0 0 1 0 0 0 0 0 1 0 0 1 0 1 0 0 1 1 1 0 0 1 0 1 0 0 0 1 1 1 1 0 0 0 1 0 1 0 0 1 0 1 1 
0 1 0 1 0 0 0 0 1 1 0 1 0 1 1 0 0 0 1 1 0 1 1 1 0 1 1 0 0 1 0 1 1 0 0 1 1 1 1 1 1 0 1 1 0 1 1 1 1 1 1 0 1 0 0 1 1 0 0 1 0 1 0 0 1 1 1 1 0 0 
1 1 1 0 1 1 1 0 0 0 1 0 1 0 1 1 0 0 1 1 0 1 1 1 1 0 0 1 0 1 0 1 1 1 0 1 1 0 1 0 1 1 1 0 0 1 1 1 0 1 1 1 1 0 0 1 1 0 1 1 0 1 1 0 0 1 1 1 0 1 
0 1 0 1 1 1 0 1 1 1 1 0 0 0 0 1 1 1 0 0 0 0 1 0 0 0 0 0 0 1 1 1 1 1 1 1 1 1 1 1 1 0 0 0 1 1 0 0 1 1 1 0 1 0 0 1 1 0 0 0 0 0 0 1 0 1 1 1 0 1 
0 1 0 0 1 1 1 1 0 1 0 0 1 1 1 0 1 1 0 0 1 1 0 1 1 1 1 1 1 1 0 0 0 0 1 1 1 0 1 1 1 0 1 0 1 0 1 1 1 1 1 0 1 1 1 0 1 0 1 0 1 1 1 0 0 1 0 1 1 0 
0 1 1 1 0 0 1 1 1 1 0 1 1 1 1 1 0 0 0 1 0 1 0 1 1 1 1 1 0 1 1 0 1 1 1 1 0 1 0 1 1 1 0 1 0 1 0 1 1 1 1 1 1 1 1 0 0 1 1 1 0 0 0 1 0 0 1 1 1 0 
0 0 1 1 1 0 0 1 0 0 1 0 1 1 1 1 1 1 0 1 1 0 1 1 1 0 1 0 1 0 0 0 1 0 1 0 1 0 1 1 0 1 1 1 1 0 1 0 0 1 1 0 0 0 1 0 0 1 1 1 1 1 1 1 1 0 0 0 0 1 
1 0 0 1 1 0 1 0 0 0 0 1 1 1 0 1 1 1 1 0 0 1 0 0 0 0 0 1 1 0 0 0 0 0 1 1 0 0 1 1 1 1 1 1 1 0 1 1 0 1 0 0 1 1 1 0 1 0 1 1 0 1 1 0 1 1 1 1 1 1 
1 1 1 0 1 0 1 1 0 0 1 1 1 0 1 0 1 1 0 1 1 1 0 0 0 1 1 0 1 1 0 0 0 0 1 0 0 0 0 0 1 0 0 1 0 1 0 1 0 0 1 1 0 1 0 1 1 1 0 1 0 1 0 0 1 1 1 0 1 1 
0 0 1 1 1 1 1 1 1 1 1 1 1 1 1 1 0 1 0 1 1 1 0 0 0 1 1 0 0 1 1 1 1 0 0 1 1 1 0 1 0 1 1 0 0 0 1 0 0 1 1 0 0 1 0 0 1 0 0 0 0 1 0 0 0 1 1 0 1 0 
1 0 1 1 1 1 1 1 0 1 1 1 1 0 0 1 1 0 0 1 1 0 0 1 1 0 0 0 1 1 0 0 0 0 1 1 0 1 0 0 0 1 1 0 1 1 0 1 1 1 0 1 0 1 0 0 0 0 1 0 1 0 1 1 0 0 0 0 0 1 
0 0 1 0 0 0 1 0 1 0 1 1 0 1 1 1 1 0 0 1 1 1 0 1 1 0 0 0 0 0 1 1 1 0 1 0 1 0 1 1 1 0 1 0 0 1 0 1 0 0 0 1 0 0 0 1 0 1 1 1 0 1 1 1 0 1 1 1 0 0 
1 1 1 0 1 1 1 1 1 0 0 0 1 0 1 0 0 1 0 1 1 0 1 0 0 0 0 0 1 0 1 1 0 1 1 0 1 0 1 1 1 0 0 0 1 0 1 0 1 0 1 1 0 1 1 0 1 1 0 1 0 1 1 1 1 0 1 0 1 1 
1 1 1 0 0 0 0 1 1 1 0 1 1 0 0 0 0 0 0 1 0 1 1 1 0 1 0 1 0 0 0 1 0 0 1 0 0 0 0 1 1 0 1 1 1 1 0 1 0 0 0 1 0 0 1 1 1 1 0 0 1 1 0 0 0 1 1 0 1 0 
1 1 1 0 0 0 1 1 0 0 1 1 0 1 1 1 1 1 1 1 1 0 0 1 1 1 0 0 0 0 0 1 1 0 0 0 1 0 1 1 0 1 0 1 1 1 1 1 1 1 0 1 0 1 1 1 1 0 1 0 1 0 1 1 0 1 1 0 1 1 
0 1 1 0 1 0 1 0 1 1 0 0 1 1 0 0 0 0 1 0 1 0 0 0 1 0 1 1 0 0 0 1 0 0 1 1 0 1 1 1 1 0 0 0 0 1 0 0 0 1 1 0 0 1 1 1 1 0 1 0 1 1 1 0 1 1 0 1 1 1 
0 0 1 1 0 1 0 0 1 1 1 0 1 1 0 0 1 1 1 0 0 0 0 0 1 0 1 1 1 1 1 0 1 0 0 0 1 0 1 1 1 1 1 1 0 0 0 1 1 1 0 1 1 1 1 1 1 1 0 1 1 1 1 1 0 1 1 1 1 1 
1 1 1 0 0 1 1 1 1 1 1 0 0 1 1 0 1 1 1 0 1 1 0 0 1 0 1 0 0 1 0 1 0 0 0 1 1 1 0 1 1 1 0 1 0 0 0 0 0 1 0 1 0 1 0 0 0 0 0 0 1 1 0 1 0 0 1 1 0 0 
1 1 1 1 1 1 0 1 0 1 1 0 0 0 0 0 0 1 1 0 1 0 0 0 0 0 0 1 0 0 0 0 0 0 0 0 1 1 0 1 0 0 1 1 0 1 1 0 0 1 0 0 0 1 1 0 0 0 0 1 1 0 0 0 1 0 0 1 0 0 
1 1 0 1 1 1 0 1 1 1 1 1 1 1 1 0 0 0 1 1 1 1 1 1 0 1 1 1 1 0 1 0 0 0 0 0 0 1 1 0 1 1 0 0 1 1 1 0 0 0 1 1 1 1 1 0 1 0 0 1 1 1 0 1 1 1 0 0 0 1 
1 1 1 0 1 0 1 0 0 1 0 0 1 1 0 1 1 1 1 1 1 0 1 0 1 1 0 0 0 0 1 0 1 0 0 0 1 1 1 0 0 1 1 0 0 1 1 1 0 0 1 0 0 0 0 1 1 1 1 1 0 0 0 0 1 1 0 1 1 0 
1 1 0 1 1 1 1 1 1 0 1 1 1 1 0 0 1 1 1 1 0 1 0 0 1 0 1 1 0 1 0 1 1 1 0 1 0 1 1 1 1 0 1 0 0 0 0 0 0 0 1 0 0 1 1 1 0 1 0 1 1 0 0 1 0 0 0 1 1 0 
0 1 0 0 0 1 1 0 0 1 0 1 0 0 0 0 1 0 1 0 1 0 0 0 1 1 0 0 0 0 1 0 1 1 1 1 1 0 1 1 0 1 1 1 1 1 1 1 1 1 1 1 1 1 0 0 0 1 1 0 1 1 0 0 0 0 1 1 0 1 
0 1 1 1 0 1 1 0 0 1 1 1 1 1 1 1 1 1 1 1 0 1 1 0 0 0 1 1 0 1 1 1 0 0 1 1 1 1 0 0 1 0 1 1 0 1 0 1 1 0 1 1 1 1 0 0 1 0 0 1 0 1 1 1 0 1 1 1 0 1 
1 0 1 1 0 0 1 1 1 1 1 0 1 0 1 0 1 0 1 1 1 1 1 0 1 0 1 1 1 1 1 1 1 1 0 0 1 1 0 0 0 1 0 0 1 1 1 1 1 0 0 1 1 0 1 1 1 1 0 0 1 0 1 1 0 1 0 1 1 1 
1 0 1 0 0 0 1 1 0 1 1 0 0 0 1 1 1 1 1 1 1 0 1 1 0 0 1 1 1 0 1 1 1 0 1 0 1 0 1 0 0 1 1 1 1 1 1 0 0 0 1 1 0 1 1 1 0 0 0 0 1 1 0 1 1 1 1 1 1 0 
1 1 1 0 1 1 1 0 1 1 1 1 0 0 0 0 0 1 0 0 1 1 1 0 1 1 0 0 0 1 0 1 1 0 1 1 0 1 0 1 1 0 1 1 1 1 0 1 0 1 1 1 0 1 1 1 1 1 0 1 1 1 1 0 0 1 0 0 0 0 
0 1 0 1 1 0 1 1 1 1 0 1 0 0 0 0 1 1 0 1 0 1 1 0 1 1 1 0 1 0 0 1 0 1 0 1 1 1 1 0 1 1 0 1 0 1 1 1 1 1 1 1 1 0 0 0 1 1 1 1 0 0 0 0 0 0 1 1 1 1 
1 1 1 0 0 1 0 0 0 1 1 0 1 1 1 1 1 0 0 0 1 1 1 1 0 0 0 0 1 1 0 1 1 1 0 0 0 1 1 0 1 1 1 0 1 0 0 1 0 0 1 1 1 0 0 1 1 0 0 1 1 0 0 0 1 0 1 0 0 1 
1 0 1 1 0 1 1 1 1 1 1 0 0 0 1 1 0 0 1 1 0 1 1 0 0 1 0 1 1 1 0 0 0 0 1 0 0 1 0 1 1 1 0 1 0 1 1 0 1 0 1 1 0 1 1 1 0 0 1 0 0 1 1 1 0 1 1 0 1 0 
0 1 1 1 1 1 1 0 0 0 0 1 1 1 0 1 1 1 1 0 1 0 0 1 0 1 1 0 1 1 1 0 0 1 1 1 0 1 1 1 1 1 1 0 1 0 0 0 1 0 0 0 0 1 0 1 1 1 0 1 1 1 1 0 1 0 1 1 1 0 
0 0 0 1 1 1 0 0 1 0 1 0 0 0 1 0 1 1 0 1 0 1 1 0 1 0 0 1 0 1 0 0 0 1 1 1 0 1 0 1 1 0 1 0 1 0 0 1 0 0 0 0 1 1 1 1 1 0 1 1 1 0 1 0 0 1 1 0 1 1 
1 1 1 1 1 0 0 0 0 1 1 1 0 0 1 0 1 1 0 1 1 0 1 1 0 1 1 0 1 1 0 1 0 0 0 1 0 1 1 1 0 1 1 1 0 0 1 0 0 1 1 1 0 1 1 1 1 0 1 0 1 0 1 1 0 0 0 0 1 0 
1 0 0 0 1 1 1 1 1 1 1 0 1 1 1 1 1 0 1 1 1 0 0 0 0 1 0 1 0 1 0 1 0 0 0 0 0 1 1 1 0 0 1 0 1 1 0 0 0 1 1 0 1 0 1 0 1 1 0 0 0 1 1 1 0 1 1 1 1 1 
0 0 1 0 1 0 1 1 1 0 1 1 1 1 1 0 1 1 1 1 1 1 1 0 1 1 0 0 0 1 1 1 1 1 0 0 0 1 0 0 0 1 1 0 0 0 0 1 1 0 0 1 1 0 1 1 0 0 1 0 1 1 1 1 0 1 1 1 1 0 
1 0 1 1 1 1 0 0 1 0 1 1 0 1 1 1 1 1 1 1 1 1 0 1 1 0 0 1 0 0 1 0 0 0 1 1 1 1 1 0 1 1 1 1 1 0 0 1 1 0 0 0 0 0 1 1 1 0 0 1 1 0 1 1 0 1 0 1 1 1 
1 0 0 1 0 1 1 0 0 1 1 1 1 0 1 0 0 1 0 0 1 0 0 1 0 1 1 1 1 1 0 1 1 0 1 0 0 1 1 1 1 1 1 1 1 0 0 1 0 1 0 0 0 1 0 0 1 1 1 0 1 1 1 0 1 1 0 1 0 1 
0 1 1 0 0 1 0 0 0 1 0 0 1 0 1 0 1 1 1 1 1 0 1 0 0 0 0 0 0 0 0 1 0 0 1 0 0 1 1 1 0 0 1 1 0 0 1 0 1 1 0 0 0 0 1 1 0 1 0 0 1 1 1 1 1 1 1 0 0 1 
1 0 1 0 1 0 1 1 1 1 1 1 1 1 0 0 0 0 0 1 1 0 1 1 1 1 0 1 0 1 1 1 1 1 1 0 1 1 1 0 1 1 0 0 1 1 1 1 0 0 0 1 0 0 1 0 0 0 1 1 1 1 1 0 1 0 1 1 1 0 
0 1 1 0 1 0 1 0 1 1 1 1 1 0 1 1 0 0 0 1 1 1 1 0 0 0 0 1 1 1 1 1 0 1 1 0 1 0 0 1 1 1 0 0 1 0 1 1 1 1 1 0 1 1 0 0 1 0 1 0 0 1 1 1 1 1 1 1 0 0 
0 1 1 0 1 1 1 1 1 1 0 1 1 1 1 1 1 1 1 0 0 0 0 1 0 0 1 0 1 1 1 1 0 0 0 1 1 0 0 1 1 1 0 1 1 1 1 1 0 1 1 0 1 0 0 0 1 1 0 1 1 1 1 1 1 0 0 1 1 1 
1 1 1 0 1 0 1 0 1 1 1 0 0 1 1 1 1 1 1 1 0 0 1 1 1 0 0 1 1 1 1 1 0 0 1 1 0 0 1 1 0 1 1 1 0 1 1 1 1 0 1 1 0 0 1 1 0 0 0 1 0 1 1 0 1 0 0 1 1 1 
0 0 0 0 0 1 0 1 0 1 1 1 0 1 1 1 0 0 0 0 1 1 0 1 0 0 1 1 1 0 0 1 0 0 0 1 1 1 0 1 0 1 1 0 0 1 0 0 1 0 0 1 1 0 0 1 0 0 0 1 1 1 1 1 1 1 1 1 0 1 
0 0 0 1 1 0 0 0 1 1 1 0 0 1 0 0 0 1 0 1 1 1 1 0 0 1 1 0 0 1 1 0 0 0 0 1 0 1 0 0 0 0 1 0 1 0 1 1 0 1 0 1 0 1 1 0 0 0 0 1 0 1 1 1 1 0 0 0 0 0 
1 0 1 1 1 0 1 1 1 1 1 0 0 1 0 0 1 1 0 0 1 1 1 1 0 0 1 1 0 0 0 1 0 1 1 1 1 0 1 0 0 1 1 1 0 1 1 0 0 0 1 0 0 1 0 1 1 1 1 0 1 1 1 1 1 1 1 1 1 0 
0 0 1 1 1 1 1 1 0 1 1 1 1 0 1 0 0 0 0 1 0 1 0 0 0 1 0 0 1 1 1 1 1 1 1 0 1 1 0 1 1 1 0 1 0 1 1 1 0 1 1 1 1 1 0 1 0 1 0 1 0 1 0 1 0 0 1 0 1 0 
1 0 0 1 0 1 1 0 0 1 0 1 1 1 1 1 1 1 0 1 0 1 1 1 1 0 1 1 1 0 1 1 1 0 1 0 0 1 1 0 1 1 0 0 1 1 0 0 1 1 0 1 1 1 1 1 1 1 1 1 1 0 1 1 1 0 1 0 0 1 
1 0 1 1 0 1 1 1 1 0 1 1 0 1 1 0 0 1 0 1 0 1 1 0 0 1 1 1 0 1 1 1 0 0 0 0 0 0 1 1 0 1 0 0 1 1 1 1 1 1 1 1 1 1 1 1 1 1 1 1 0 1 0 0 1 1 1 1 0 0 
0 0 0 1 0 0 0 1 0 0 1 1 1 1 1 1 0 0 1 0 1 1 0 0 0 1 1 1 0 1 0 1 1 0 1 0 1 0 1 1 1 0 0 0 1 0 0 1 1 1 1 0 1 0 1 1 0 1 1 1 1 1 0 0 1 1 0 0 0 1 
1 1 1 0 0 1 0 1 0 1 1 1 1 1 1 0 1 0 0 0 0 1 1 1 0 0 0 1 0 0 1 0 0 1 1 1 0 0 0 0 1 0 0 1 0 1 0 0 0 0 0 1 1 1 1 1 1 1 1 1 0 1 1 1 0 0 1 1 0 1 
1 0 1 1 1 1 1 0 0 0 0 1 1 0 0 0 1 1 1 1 0 0 1 1 1 0 1 0 1 1 1 1 0 0 1 1 0 0 1 1 1 1 0 0 1 0 1 0 1 1 1 1 1 0 1 0 0 1 0 1 0 0 1 1 0 0 1 1 0 1 
0 0 1 1 1 1 1 1 1 0 1 0 1 1 0 1 1 1 1 0 1 0 1 1 1 0 1 1 1 1 0 1 1 0 0 0 0 1 1 0 1 0 1 1 1 1 1 0 1 1 0 0 1 1 1 0 0 1 0 1 1 1 1 0 1 1 0 0 1 1 
1 1 0 1 1 0 1 1 1 1 1 1 1 0 1 0 1 1 1 1 1 0 1 0 0 0 1 0 0 0 1 1 1 1 0 1 1 1 1 1 1 0 1 0 0 1 0 0 1 1 1 1 0 1 1 1 1 1 0 1 0 0 1 0 1 1 0 0 1 1 
1 0 0 0 1 0 0 0 1 1 0 1 1 1 0 1 0 0 0 1 1 0 1 1 1 0 0 1 1 1 1 1 0 0 0 1 1 0 0 1 1 0 1 0 1 1 1 1 1 1 1 0 0 1 0 1 1 0 0 1 1 0 0 0 0 0 1 1 0 1 
1 0 1 1 1 0 1 1 0 0 1 1 1 0 0 1 0 1 1 0 0 1 1 1 0 1 0 1 0 1 1 1 0 0 1 0 0 1 1 1 0 0 1 1 0 0 1 0 1 0 1 1 1 0 0 1 1 1 0 0 0 1 0 1 1 1 1 1 1 0 

0 3 0 0 5 0 0 0 14 0 0 0 0 0 5 0 0 0 0 13 6 0 0 0 0 0 0 0 0 3 0 0 0 15 0 0 0 19 0 0 8 0 0 0 5 0 0 0 0 0 0 0 0 0 0 0 0 0 0 0 0 17 0 6 0 0 0 0 0 0 
0 0 3 0 0 0 15 0 0 0 0 0 0 6 0 17 0 0 0 17 0 15 0 0 0 0 0 0 0 10 0 0 0 11 0 9 0 0 0 0 0 0 0 0 0 1 0 0 0 0 3 0 0 0 0 0 0 4 14 0 0 14 0 0 0 0 0 0 0 1 
0 0 0 0 18 0 0 0 0 0 0 0 0 0 0 0 0 0 0 0 0 0 0 0 0 0 8 19 13 0 0 0 0 0 0 0 0 9 0 0 0 0 0 0 0 0 0 0 0 0 0 0 14 0 0 0 0 0 12 15 4 0 0 0 0 0 0 0 0 0 
0 0 0 0 0 10 0 0 0 0 0 0 0 0 0 0 9 0 0 9 0 9 13 0 0 13 0 1 0 0 0 10 0 0 15 0 0 0 0 0 0 19 0 0 6 13 0 0 0 6 0 0 1 0 0 0 0 0 0 0 0 9 0 0 0 12 0 0 2 0 
0 0 0 16 0 0 0 19 0 0 0 0 3 0 0 0 17 0 0 0 0 14 0 13 15 0 14 20 0 0 0 0 0 10 0 0 17 0 2 2 0 0 0 0 0 0 0 14 0 0 0 0 0 0 0 12 0 0 0 0 0 0 0 0 0 5 0 0 0 0 
6 0 0 1 0 0 0 11 0 0 0 0 0 0 10 0 0 0 0 0 0 0 0 0 0 0 0 0 0 0 0 0 0 0 0 0 0 0 0 0 0 0 0 0 0 0 0 0 15 0 0 6 0 0 6 0 10 0 0 0 17 0 12 3 0 0 0 0 0 0 
0 0 0 17 0 0 0 0 0 0 0 0 6 0 0 0 0 13 0 11 3 5 0 0 0 0 0 0 19 7 0 9 0 18 0 0 0 0 0 14 0 0 5 12 12 0 12 0 0 0 0 0 0 14 0 0 0 11 0 0 0 3 0 18 0 0 0 0 16 17 
0 0 0 0 0 0 0 0 0 0 0 0 6 0 0 0 0 0 0 0 0 9 0 0 16 0 19 0 0 0 0 0 0 0 0 0 0 0 16 0 0 0 0 0 0 7 0 0 0 0 1 0 0 19 0 0 11 0 0 0 0 0 0 0 0 0 0 5 0 0 
0 0 0 0 18 0 0 0 0 0 0 0 0 16 16 0 0 0 0 0 0 0 0 3 0 0 0 0 0 0 0 0 0 7 0 4 0 0 0 0 0 19 0 0 0 11 18 5 0 0 0 2 0 0 14 0 12 1 0 0 0 0 3 0 0 0 0 0 0 4 
0 5 0 0 0 17 2 0 0 0 0 5 20 0 0 0 0 0 0 0 0 0 0 0 0 0 0 0 0 0 0 0 0 0 4 15 0 0 0 0 0 0 0 19 0 5 0 0 0 0 0 7 0 0 10 0 0 0 0 8 0 0 0 12 0 0 0 0 0 0 
1 13 0 0 0 9 0 2 0 0 0 6 0 18 0 0 0 0 11 4 0 0 0 0 0 0 0 0 5 0 0 18 0 0 0 0 0 5 8 0 21 0 0 0 0 0 1 0 0 13 0 0 0 0 0 0 3 0 10 0 0 0 0 0 0 0 0 6 0 0 
2 0 0 19 0 18 0 12 0 0 0 0 0 0 0 0 0 0 0 0 17 0 3 0 0 0 0 0 0 0 0 2 0 16 0 0 0 0 0 0 0 19 0 0 19 0 0 0 0 0 0 0 0 0 9 0 9 0 0 0 18 17 0 0 0 0 0 13 0 17 
0 8 0 0 8 0 0 0 0 0 0 0 0 0 0 0 0 0 0 0 0 0 0 11 0 0 0 0 0 0 0 0 0 14 12 16 0 0 0 0 0 0 0 0 1 0 0 0 0 0 0 0 18 3 0 0 0 0 0 0 0 0 0 0 0 0 0 0 0 0 
0 13 0 17 0 0 0 5 0 0 11 0 0 0 0 0 0 0 0 0 0 0 0 2 0 0 0 0 0 0 0 0 0 0 19 0 0 0 0 0 0 0 11 0 0 0 0 0 1 0 0 0 0 0 0 0 0 0 1 0 0 0 0 0 2 0 0 8 0 0 
0 0 0 7 13 0 0 5 0 0 9 0 0 0 0 0 0 0 12 0 2 0 0 0 0 1 0 0 0 1 0 0 0 5 0 0 7 0 14 0 0 12 13 0 0 0 4 0 0 0 0 0 0 0 0 0 0 13 5 0 0 0 0 0 0 0 0 0 0 0 
0 0 0 0 0 0 11 0 0 0 20 0 0 1 0 0 0 0 0 0 2 0 0 0 2 0 0 0 0 0 15 0 0 0 0 0 16 0 0 0 0 0 0 0 19 0 0 0 0 0 0 2 0 0 0 0 0 0 0 0 0 0 0 0 0 0 0 0 18 0 
0 0 0 0 0 7 17 0 0 1 0 0 0 0 0 0 0 2 0 0 0 0 0 0 0 0 0 0 0 0 0 6 0 0 0 0 0 0 0 0 0 14 0 0 0 0 17 0 0 0 0 20 0 5 0 9 0 0 0 16 0 0 0 0 0 0 11 0 0 0 
0 11 8 0 16 0 0 0 0 0 0 0 0 0 0 12 0 0 0 0 11 0 0 0 0 0 2 0 2 3 0 0 0 0 0 0 13 0 20 0 0 0 3 0 0 0 0 18 0 0 16 0 0 0 0 0 13 0 0 0 19 0 0 2 0 0 0 0 0 0 
6 8 0 10 14 0 0 0 9 0 0 0 0 0 0 0 9 7 0 0 0 0 0 0 0 3 0 0 0 7 0 0 0 3 0 6 0 0 19 0 0 5 0 0 0 0 0 0 0 0 0 0 0 0 0 0 0 0 0 0 0 0 0 0 8 3 0 0 0 0 
0 0 0 0 0 0 0 0 15 11 0 0 0 0 11 0 0 20 0 0 0 0 0 0 0 11 0 0 3 0 0 14 0 0 0 9 0 0 0 0 0 0 0 0 0 0 0 0 9 0 0 0 8 0 1 0 0 0 0 0 0 0 0 0 0 0 16 0 0 0 
0 0 0 0 0 0 0 18 0 0 0 0 0 0 0 0 0 7 0 7 0 0 0 0 0 0 0 9 0 0 0 0 0 0 10 0 0 0 0 0 0 4 0 0 0 0 0 16 0 2 0 0 0 0 0 0 0 0 0 0 0 0 0 0 0 14 5 0 0 0 
0 0 0 0 0 0 0 0 17 0 0 0 0 0 0 0 0 0 13 0 0 0 0 0 0 0 0 0 0 0 0 0 0 0 0 0 0 18 0 0 0 0 0 0 0 0 0 0 0 0 0 20 0 0 0 0 0 6 0 4 0 0 0 0 17 0 16 0 0 0 
0 0 0 18 0 0 0 0 0 0 0 0 0 0 0 0 2 0 0 0 0 0 0 0 14 0 7 0 0 0 0 0 4 10 11 9 11 1 5 0 0 0 0 0 0 0 0 0 0 0 0 0 0 12 0 0 0 0 0 10 2 0 0 0 0 0 2 0 0 15 
0 0 0 0 0 0 0 0 0 0 14 0 0 0 18 0 0 10 0 0 0 0 0 0 0 2 0 0 0 0 0 17 0 0 0 0 0 0 9 0 0 16 0 0 0 0 0 0 0 0 0 0 0 0 0 0 18 0 0 0 0 0 0 11 7 15 16 0 0 0 
0 0 16 0 0 0 0 0 0 0 13 18 0 0 0 0 0 0 0 0 0 0 0 0 0 0 0 0 0 0 0 0 0 0 0 0 0 0 3 7 0 0 0 0 16 0 0 0 0 0 0 0 15 0 0 0 0 0 0 0 19 0 0 0 0 0 0 0 0 0 
0 0 0 0 0 0 9 0 0 0 0 0 0 0 0 0 2 0 0 0 0 0 0 0 5 0 0 0 6 0 0 1 0 2 0 11 0 0 0 0 19 0 0 14 0 0 0 0 0 8 0 16 0 0 0 0 0 0 0 0 2 0 0 0 0 0 0 10 0 0 
0 0 0 0 0 7 6 0 0 18 0 0 0 0 0 0 14 0 0 0 0 0 10 1 0 0 0 15 0 0 8 0 0 0 0 0 0 0 0 0 0 0 0 0 7 0 18 0 17 0 0 0 0 13 0 0 0 8 0 0 0 0 0 7 0 0 18 0 15 2 
0 0 0 0 0 0 0 0 9 0 0 0 0 0 0 0 14 0 0 0 0 0 17 1 0 0 0 0 9 0 0 0 0 1 0 0 0 0 0 19 14 0 0 0 3 0 0 0 0 0 0 0 0 0 0 0 0 0 0 3 0 0 0 0 0 0 15 10 0 0 
0 0 0 18 15 5 0 0 0 0 0 19 14 0 0 0 0 18 0 7 0 13 0 0 0 0 14 0 0 0 0 0 0 0 15 0 0 0 0 0 0 0 0 0 0 0 0 0 0 0 6 0 0 0 0 0 0 0 0 0 0 0 0 0 0 0 0 0 0 0 
0 0 0 17 0 13 0 0 0 0 0 0 16 0 17 11 0 0 1 0 15 0 0 0 0 7 0 0 0 0 0 0 0 0 0 5 0 0 0 11 5 0 10 0 0 0 6 4 6 0 0 0 0 0 0 2 0 0 0 0 0 0 0 0 0 0 0 7 0 0 
0 0 0 0 7 0 0 0 0 0 0 0 0 8 0 0 0 0 0 0 6 0 0 0 4 7 3 0 0 0 0 0 4 0 0 3 0 5 0 17 0 0 0 0 0 0 0 8 0 0 0 0 10 0 0 0 0 9 0 12 0 0 0 19 0 0 0 0 0 0 
0 7 0 0 0 0 0 0 0 0 0 0 0 0 0 0 0 0 0 0 11 0 0 0 0 0 0 0 0 0 0 0 0 0 0 0 0 0 1 0 0 13 8 0 0 0 0 0 0 13 0 8 0 0 0 7 0 0 0 12 0 0 0 0 0 0 0 0 0 0 
0 13 0 0 0 0 0 0 0 0 15 0 0 0 0 0 0 0 0 0 0 0 0 0 0 0 0 7 0 0 0 6 0 4 18 4 11 0 0 0 0 0 0 0 0 0 0 0 0 0 0 0 0 0 0 0 0 0 0 0 0 0 0 0 1 0 0 0 1 0 
0 0 0 12 0 0 0 0 0 0 0 0 0 0 0 18 0 0 0 0 11 0 0 0 0 0 0 0 0 0 0 0 0 0 0 0 7 0 0 0 0 0 0 0 0 0 19 11 0 10 10 0 0 0 0 0 0 0 0 0 0 2 8 17 0 0 0 0 8 8 
0 0 0 0 0 0 0 0 0 3 0 0 15 0 0 0 0 0 0 19 0 0 14 0 0 0 18 0 6 0 0 15 0 0 0 0 0 0 0 12 0 7 0 0 0 13 0 0 0 0 0 0 0 0 14 0 0 0 0 16 14 17 0 0 0 0 0 0 0 13 
0 0 0 0 0 4 0 19 0 0 7 0 0 0 0 0 0 16 6 0 0 0 0 0 0 0 15 0 0 0 0 0 0 0 0 0 0 0 0 0 0 0 3 0 6 12 0 0 1 0 0 0 20 0 0 0 0 6 4 0 0 0 6 7 0 0 8 0 5 0 
0 0 7 13 0 7 0 16 0 1 0 0 4 0 21 15 0 19 0 14 0 0 0 0 0 0 0 0 15 0 0 0 3 8 0 0 0 0 4 4 0 0 0 0 0 0 0 0 0 0 0 0 0 15 4 0 0 0 0 0 0 0 0 7 0 9 0 1 0 3 
0 0 0 0 0 8 6 0 0 0 18 0 10 0 0 0 0 0 0 0 17 13 17 18 0 0 0 0 0 0 0 0 0 0 0 0 0 0 0 0 0 0 0 0 0 14 0 0 0 0 9 0 0 0 0 0 0 0 0 0 0 0 11 4 0 3 16 0 0 0 
0 0 13 0 16 0 0 0 0 0 0 0 16 0 0 17 0 0 0 4 15 0 0 0 0 0 0 0 0 15 0 0 0 0 0 0 3 0 0 0 0 3 2 0 0 0 0 0 0 0 0 0 0 0 0 13 6 0 0 0 0 0 0 0 0 0 0 0 0 20 
0 0 0 0 0 0 0 0 0 11 11 0 2 0 0 0 0 4 0 0 0 0 0 0 0 0 19 0 0 0 0 0 0 17 0 19 0 0 0 0 16 14 0 0 0 0 4 0 0 0 0 0 0 0 0 0 0 0 0 0 0 0 0 0 10 0 0 4 11 0 
0 0 0 0 0 0 0 9 0 7 0 0 0 0 0 0 0 0 0 0 0 0 0 0 0 9 0 0 0 0 0 0 0 0 0 14 1 0 0 3 0 0 0 0 0 0 0 2 0 0 0 0 0 4 17 0 8 0 5 1 0 0 0 0 0 0 0 0 0 0 
0 0 0 16 0 10 0 0 0 0 12 11 0 11 10 0 0 0 0 0 0 0 0 0 0 0 0 0 0 0 14 4 0 14 16 2 0 0 0 0 0 0 0 3 0 0 0 0 0 0 5 0 0 7 11 0 0 0 3 0 0 5 10 0 0 0 0 0 0 0 
0 0 3 0 0 19 0 5 0 0 0 0 0 0 12 0 0 0 0 0 0 13 0 0 0 0 7 7 0 2 12 0 0 0 4 0 8 0 0 12 0 0 0 0 0 6 11 14 3 0 0 12 6 0 0 0 18 0 0 0 0 0 0 0 0 0 0 0 0 0 
0 0 0 0 0 0 0 0 0 0 0 12 0 16 0 18 17 5 0 0 0 0 0 0 5 0 0 0 0 0 0 0 0 3 0 0 0 0 0 0 0 0 0 0 0 0 0 0 0 0 13 0 0 0 0 0 0 0 0 0 0 0 0 15 0 0 17 16 0 0 
0 13 0 0 0 9 11 0 0 0 0 0 0 0 0 0 0 0 0 0 0 0 19 0 2 0 0 0 0 15 0 0 0 0 0 0 0 0 0 0 0 3 11 0 0 13 0 0 0 0 0 0 0 0 0 0 0 7 0 0 0 0 0 0 0 0 0 0 11 0 
0 0 0 19 0 0 0 0 0 12 0 0 0 0 0 0 0 0 0 19 0 0 0 0 17 0 0 0 0 0 0 0 0 0 0 0 8 0 0 0 0 0 8 11 0 0 13 14 0 0 0 0 19 0 0 0 0 0 0 0 7 0 0 0 0 0 0 6 0 4 
0 0 0 0 19 4 0 0 0 0 0 6 0 0 0 0 0 0 0 0 0 0 0 0 0 0 0 0 0 1 0 0 10 19 10 0 0 0 0 0 0 0 0 11 0 0 0 0 0 0 0 0 0 0 0 0 0 17 0 1 0 0 0 0 0 0 0 0 0 0 
0 9 0 0 0 0 0 1 0 0 0 0 9 0 0 0 0 0 0 0 0 0 0 0 0 0 0 0 0 0 0 0 0 0 16 0 0 0 0 0 0 0 0 0 0 0 0 0 0 4 0 0 0 0 0 17 0 7 0 0 0 0 0 9 0 0 0 3 0 21 
0 2 0 0 5 0 0 0 0 0 0 14 15 0 0 13 0 0 0 15 19 0 0 0 19 0 9 0 0 20 19 0 0 0 6 0 0 0 0 0 0 0 0 8 0 0 0 19 0 0 0 0 0 0 0 0 0 0 0 0 0 0 0 0 0 1 0 0 0 0 
19 0 0 13 0 0 0 0 0 0 0 0 0 0 0 0 0 0 0 14 0 0 4 4 0 15 0 0 0 0 0 15 0 0 0 0 0 0 0 0 11 0 17 13 0 0 0 0 0 0 15 0 0 0 0 13 0 0 0 0 0 0 0 0 0 10 0 0 0 0 
0 0 0 0 0 0 0 0 0 0 0 0 9 13 0 0 0 4 0 0 0 0 0 0 0 13 0 0 0 0 0 9 0 0 0 0 0 0 0 15 0 7 0 0 0 10 0 0 0 0 0 0 0 2 0 0 0 0 6 0 1 14 9 0 0 0 1 0 0 0 
0 14 19 0 0 0 0 0 0 0 0 0 0 0 0 0 0 0 0 0 0 0 0 0 0 0 4 16 0 0 0 21 0 19 0 0 0 0 0 0 0 0 0 0 0 3 8 15 0 0 4 0 1 11 0 0 0 0 0 0 0 16 0 13 0 9 0 0 0 10 
0 19 0 0 0 0 0 19 0 0 9 0 0 0 3 0 0 0 0 0 0 0 0 0 0 0 0 14 0 0 0 0 0 0 0 0 0 0 2 20 14 0 0 9 0 0 8 0 0 0 0 0 0 0 0 0 0 0 0 11 0 13 0 0 0 0 0 0 0 0 
0 0 0 0 0 0 0 0 0 18 0 0 0 3 0 0 19 0 0 0 17 0 0 0 0 0 1 0 7 19 0 0 0 0 0 0 0 1 8 0 0 3 0 0 0 0 0 0 0 18 0 15 0 0 0 0 0 0 0 0 0 9 0 11 0 0 0 0 0 0 
0 0 0 0 0 8 0 4 18 0 0 0 0 0 0 0 0 0 19 0 14 0 0 0 0 0 0 0 18 0 18 0 15 0 0 0 0 17 16 0 0 0 0 0 0 0 20 0 0 0 0 0 0 7 0 10 0 0 9 8 3 0 0 0 0 0 0 0 0 0 
0 0 0 12 0 0 0 0 0 0 0 0 15 0 18 0 0 0 6 0 0 0 0 0 0 0 0 7 0 0 7 1 0 1 0 0 0 0 0 0 0 0 0 0 0 0 0 0 0 0 0 0 0 0 0 0 0 0 0 0 0 1 0 20 0 0 0 0 12 14 
0 0 0 0 0 4 0 3 0 0 0 0 2 3 0 0 5 0 7 0 0 0 0 0 0 0 0 0 19 1 10 0 0 0 0 0 0 0 0 0 0 0 0 0 0 0 0 20 0 0 0 0 0 0 0 10 0 0 0 1 0 0 0 3 0 6 4 3 0 0 
0 3 0 0 0 0 0 0 0 0 0 18 0 0 12 0 0 0 0 19 17 0 7 0 1 0 11 7 0 0 0 0 0 0 0 0 0 0 6 0 13 0 0 19 0 0 0 0 0 0 1 0 6 0 0 0 0 0 0 0 0 0 0 0 0 0 0 0 0 0 
0 20 0 0 0 0 0 0 0 0 0 0 0 0 1 0 7 0 0 0 9 0 0 0 0 16 0 0 2 0 0 0 0 0 0 0 0 0 14 0 0 0 0 2 0 0 0 0 0 9 0 0 4 0 0 0 0 14 0 0 1 0 0 0 6 0 0 4 0 10 
0 0 10 0 0 0 0 0 0 0 0 0 0 0 0 0 0 0 0 0 0 0 1 0 0 0 0 0 0 13 0 0 0 0 0 0 0 0 0 0 0 18 0 8 5 20 0 0 0 0 16 0 0 0 0 0 0 1 0 0 0 2 0 0 0 0 0 0 0 0 
18 0 0 0 0 12 0 0 14 6 0 0 0 0 13 0 0 0 0 0 3 0 0 12 17 0 16 0 0 0 7 0 0 0 0 0 0 16 0 0 7 0 0 0 0 0 0 19 0 0 0 0 7 1 0 0 0 0 0 0 0 3 0 8 0 0 0 0 0 0 
0 13 0 0 0 0 0 0 0 0 0 0 14 0 0 9 0 0 0 0 0 18 0 0 0 0 0 0 0 0 0 0 0 10 0 0 15 0 7 0 6 0 3 0 0 0 0 0 0 3 0 0 0 0 0 0 0 0 0 0 0 0 0 0 0 0 12 0 0 0 
0 0 0 0 0 0 0 0 0 0 0 15 0 0 0 0 0 0 0 0 0 0 1 0 0 0 0 0 1 0 0 0 0 0 18 7 0 0 0 0 0 0 5 0 19 0 0 9 0 0 0 0 9 0 0 17 0 0 4 0 8 0 0 0 0 0 0 0 0 0 
0 0 0 0 0 0 0 0 0 15 0 0 0 0 0 0 0 0 0 10 5 0 0 0 15 0 0 0 6 0 0 0 0 8 0 0 0 0 9 0 0 16 0 0 0 0 0 0 15 0 0 0 0 0 15 12 0 0 0 0 0 0 0 0 2 0 5 0 0 7 
0 0 0 0 0 0 0 0 0 0 0 3 0 0 15 0 11 0 0 0 0 17 18 0 0 18 0 0 15 0 0 1 0 0 0 0 0 0 0 0 0 0 0 0 12 10 0 0 0 0 0 0 0 0 0 0 0 0 0 0 0 4 0 0 0 6 0 0 0 0 
0 0 19 0 0 0 0 5 0 0 0 0 0 1 0 0 0 0 4 0 0 0 0 0 0 0 0 0 0 0 0 0 0 7 0 0 0 0 0 0 0 0 7 0 5 0 0 16 0 0 0 0 0 0 0 0 10 15 0 0 0 0 0 0 0 0 0 0 0 0 
0 0 0 0 0 0 0 0 0 0 0 0 0 0 0 0 17 0 0 0 8 0 0 0 0 0 0 0 0 0 19 0 0 0 19 0 0 0 11 0 0 0 4 0 0 20 8 20 3 0 15 0 19 0 0 0 0 0 0 0 0 0 0 0 14 0 0 0 0 8 
0 0 0 0 13 0 15 0 0 0 0 18 0 0 0 0 0 17 0 0 0 0 1 0 15 0 0 0 0 19 11 0 0 6 0 0 1 0 0 12 0 13 0 0 16 0 0 10 0 3 4 17 15 18 0 0 0 0 2 0 0 0 0 0 0 0 0 0 1 20 
0 0 0 0 6 0 0 0 16 0 0 0 0 6 11 6 0 0 0 3 0 0 0 19 0 13 0 0 0 0 0 0 10 0 0 0 0 0 0 0 0 8 0 0 0 12 15 0 0 0 8 16 0 0 0 0 0 0 9 0 0 0 0 0 0 0 0 0 0 0 
0 0 14 0 0 4 0 0 0 0 0 0 0 0 0 0 0 0 0 0 0 4 1 0 0 0 10 8 0 0 0 0 11 0 0 0 0 0 9 0 1 0 0 0 0 0 0 0 0 0 16 0 19 0 0 0 1 0 0 0 0 0 0 15 0 0 0 7 0 0 
