70

0 1 0 0 0 1 1 0 0 0 1 1 0 1 0 0 1 0 1 1 0 1 0 0 0 0 1 0 0 0 0 0 0 1 1 0 0 0 0 1 1 1 0 0 1 0 1 1 1 0 0 1 1 0 1 1 0 1 0 1 0 0 1 1 1 0 0 1 0 1 
1 0 1 1 1 1 0 0 1 1 1 0 0 1 0 0 1 0 1 0 1 1 0 0 0 1 1 0 0 0 0 0 1 0 1 1 1 1 1 0 0 1 0 0 0 0 1 1 1 1 0 0 1 1 1 0 1 0 0 0 1 1 0 0 1 0 0 1 0 1 
0 1 0 1 0 0 1 0 1 1 1 1 1 1 1 0 0 1 0 1 0 1 0 1 0 1 0 1 0 1 1 0 0 0 0 1 1 0 0 0 0 0 0 1 0 1 0 0 0 0 1 0 0 0 0 0 0 0 0 0 0 0 1 0 0 1 0 0 1 0 
0 1 1 0 1 0 1 1 0 1 0 0 1 0 1 0 0 0 1 1 0 0 0 0 0 0 0 0 1 1 0 0 1 0 1 0 1 1 0 0 0 0 1 1 0 1 1 0 0 0 0 1 1 0 1 0 0 0 1 1 1 0 1 0 0 1 0 0 1 0 
0 1 0 1 0 0 1 0 0 0 0 0 0 1 0 0 0 0 0 0 1 1 1 0 1 1 1 1 0 0 0 0 0 0 1 0 1 1 1 0 1 0 0 1 1 0 0 0 0 0 0 1 0 0 1 1 0 1 0 0 1 0 1 0 0 0 1 0 0 0 
1 1 0 0 0 0 0 0 0 0 0 0 0 1 1 0 0 0 0 0 0 0 0 0 0 0 1 0 0 0 1 0 0 0 0 1 1 0 0 1 1 0 0 1 0 0 0 0 1 1 1 1 0 1 0 1 1 1 0 1 1 1 0 0 1 0 0 0 0 0 
1 0 1 1 1 0 0 1 0 1 1 0 0 0 1 1 0 1 0 1 0 0 0 0 0 0 1 1 1 1 0 1 1 1 0 0 0 0 1 0 1 0 1 0 1 1 1 0 1 1 0 0 1 0 1 0 0 1 0 1 1 0 0 1 1 0 0 0 1 0 
0 0 0 1 0 0 1 0 0 0 0 0 0 1 0 0 0 1 0 0 0 0 1 1 1 0 0 1 1 0 0 0 1 0 0 0 1 0 0 0 0 1 1 0 0 0 0 0 1 0 1 1 0 0 1 0 0 0 1 0 0 0 0 0 0 0 0 1 0 0 
0 1 1 0 0 0 0 0 0 0 0 0 1 0 1 0 0 0 0 0 0 1 1 1 0 0 0 1 1 0 0 0 1 0 1 0 0 0 1 1 0 1 1 0 1 0 0 1 0 0 0 0 1 0 1 0 0 0 0 0 0 0 1 0 1 0 1 0 0 0 
0 1 1 1 0 0 1 0 0 0 0 0 0 1 1 0 0 1 0 1 0 1 0 0 0 1 1 0 1 1 1 0 1 0 0 1 0 1 0 1 0 1 1 1 0 1 0 0 1 0 1 0 0 1 0 0 0 0 0 1 1 1 0 1 1 1 0 0 0 0 
1 1 1 0 0 0 1 0 0 0 0 0 0 0 1 1 1 0 0 1 0 1 1 0 0 0 1 0 0 0 0 1 0 0 0 0 1 0 1 1 1 0 1 1 0 1 0 0 1 0 0 0 1 0 0 0 0 0 1 0 0 0 1 0 1 0 1 0 0 1 
1 0 1 0 0 0 0 0 0 0 0 0 1 0 0 1 1 1 1 0 0 1 1 1 0 0 1 1 0 1 1 0 1 1 1 0 0 0 0 0 0 0 1 1 1 1 0 0 1 0 0 0 1 0 1 0 0 0 0 0 0 0 1 0 0 1 0 1 0 0 
0 0 1 1 0 0 0 0 1 0 0 1 0 1 0 0 0 0 1 1 1 0 0 0 0 0 1 1 1 1 0 0 0 1 1 0 0 0 1 1 1 0 0 1 1 1 1 0 0 1 1 1 1 0 1 1 0 0 0 0 0 0 0 1 1 0 0 0 0 0 
1 1 1 0 1 1 0 1 0 1 0 0 1 0 1 0 0 0 1 1 0 0 0 1 0 0 0 0 1 1 1 1 0 1 1 0 0 1 1 0 0 0 0 0 0 0 1 1 1 0 1 0 1 0 0 1 0 0 1 0 0 0 0 0 0 0 0 0 0 1 
0 0 1 1 0 1 1 0 1 1 1 0 0 1 0 0 1 0 0 1 0 0 0 1 1 0 1 0 1 0 1 0 0 0 0 0 0 0 0 1 1 0 0 0 0 0 0 0 1 0 0 0 0 1 1 0 0 1 1 0 1 0 0 0 0 0 1 0 1 1 
0 0 0 0 0 0 1 0 0 0 1 1 0 0 0 0 0 1 1 0 0 1 0 1 1 0 0 0 1 1 0 0 1 1 0 1 0 0 0 0 1 0 1 1 0 1 1 1 0 1 0 0 0 0 1 0 0 1 1 0 1 0 0 0 1 1 0 0 0 1 
1 1 0 0 0 0 0 0 0 0 1 1 0 0 1 0 0 1 1 0 0 0 0 1 0 0 0 1 0 0 0 1 0 0 1 0 0 0 1 0 0 1 1 0 1 1 0 0 1 0 0 0 1 1 0 1 0 0 1 0 1 0 0 0 1 1 1 0 0 1 
0 0 1 0 0 0 1 1 0 1 0 1 0 0 0 1 1 0 0 1 0 1 1 1 1 0 0 1 1 1 0 0 0 0 0 1 0 0 1 1 0 1 0 1 1 1 1 1 0 1 0 0 0 1 0 0 1 0 0 0 1 1 1 0 0 0 1 1 0 0 
1 1 0 1 0 0 0 0 0 0 0 1 1 1 0 1 1 0 0 1 0 1 1 0 1 0 1 0 0 0 0 0 0 1 1 1 0 0 1 1 1 0 0 0 1 1 0 0 1 1 1 0 1 1 0 0 0 1 0 0 1 1 1 0 0 1 0 1 0 0 
1 0 1 1 0 0 1 0 0 1 1 0 1 1 1 0 0 1 1 0 0 1 0 0 0 1 1 1 0 1 1 1 1 0 0 0 1 1 0 0 0 1 0 0 0 0 0 1 0 0 1 1 0 1 0 0 1 0 0 1 1 0 1 1 0 0 0 0 0 1 
0 1 0 0 1 0 0 0 0 0 0 0 1 0 0 0 0 0 0 0 0 0 0 1 0 0 1 0 1 1 0 0 0 0 0 1 0 1 0 0 1 0 1 1 0 0 0 1 1 0 0 0 0 0 0 0 1 0 0 0 0 0 0 0 0 0 1 0 0 1 
1 1 1 0 1 0 0 0 1 1 1 1 0 0 0 1 0 1 1 1 0 0 0 0 0 1 0 1 1 0 0 1 0 1 0 0 1 0 1 0 0 1 0 0 1 1 1 0 1 1 1 0 1 0 0 0 0 0 1 1 0 0 0 0 0 0 0 0 1 0 
0 0 0 0 1 0 0 1 1 0 1 1 0 0 0 0 0 1 1 0 0 0 0 0 0 0 0 0 0 1 0 0 1 1 0 0 1 0 1 0 0 1 0 0 0 0 1 0 0 0 1 0 1 0 1 0 0 0 1 1 1 1 1 0 0 0 1 1 1 0 
0 0 1 0 0 0 0 1 1 0 0 1 0 1 1 1 1 1 0 0 1 0 0 0 1 1 0 0 0 0 0 0 0 0 1 0 0 1 0 0 0 0 0 0 1 1 0 0 1 1 1 1 1 0 0 0 1 0 0 0 0 1 1 1 0 0 0 1 0 0 
0 0 0 0 1 0 0 1 0 0 0 0 0 0 1 1 0 1 1 0 0 0 0 1 0 1 0 1 0 1 1 0 1 0 0 1 0 0 1 1 0 0 0 1 0 0 1 1 0 0 1 0 1 1 0 1 0 0 0 0 0 0 1 0 0 0 1 1 0 0 
0 1 1 0 1 0 0 0 0 1 0 0 0 0 0 0 0 0 0 1 0 1 0 1 1 0 0 1 1 1 0 1 0 0 0 0 1 1 1 0 1 1 1 1 0 1 1 0 1 0 1 0 1 0 0 1 0 1 1 0 1 0 0 0 0 0 0 0 1 0 
1 1 0 0 1 1 1 0 0 1 1 1 1 0 1 0 0 0 1 1 1 0 0 0 0 0 0 0 1 0 1 1 1 0 0 1 0 0 0 1 0 0 1 0 1 1 1 1 1 1 0 1 0 1 0 0 1 0 0 0 0 0 1 1 1 0 1 0 0 0 
0 0 1 0 1 0 1 1 1 0 0 1 1 0 0 0 1 1 0 1 0 1 0 0 1 1 0 0 1 1 0 1 0 1 1 1 0 1 0 1 1 0 1 0 1 1 1 0 1 0 1 0 0 1 1 0 1 1 1 0 0 0 0 0 0 1 0 1 1 0 
0 0 0 1 0 0 1 1 1 1 0 0 1 1 1 1 0 1 0 0 1 1 0 0 0 1 1 1 0 0 0 0 1 1 1 0 1 1 0 1 1 0 0 1 0 0 1 0 1 0 0 1 1 0 0 0 1 0 0 0 0 0 1 1 0 0 0 0 0 0 
0 0 1 1 0 0 1 0 0 1 0 1 1 1 0 1 0 1 0 1 1 0 1 0 1 1 0 1 0 0 0 0 0 0 1 1 1 0 1 0 0 0 0 1 0 1 0 0 0 0 1 1 0 1 0 0 1 0 0 0 0 1 0 1 0 0 1 1 0 1 
0 0 1 0 0 1 0 0 0 1 0 1 0 1 1 0 0 0 0 1 0 0 0 0 1 0 1 0 0 0 0 1 0 0 0 0 0 1 0 0 0 1 0 0 1 1 0 1 0 0 0 1 0 0 0 1 0 0 0 1 1 1 0 0 0 1 0 0 1 1 
0 0 0 0 0 0 1 0 0 0 1 0 0 1 0 0 1 0 0 1 0 1 0 0 0 1 1 1 0 0 1 0 1 0 0 0 1 1 1 0 0 0 0 0 1 0 0 1 0 0 0 0 0 0 1 1 1 0 0 0 0 0 0 1 1 0 0 1 1 1 
0 1 0 1 0 0 1 1 1 1 0 1 0 0 0 1 0 0 0 1 0 0 1 0 1 0 1 0 1 0 0 1 0 0 0 0 0 1 0 0 0 0 0 0 0 0 1 0 1 0 1 0 0 0 0 0 0 1 0 0 0 0 1 1 0 0 0 0 0 1 
1 0 0 0 0 0 1 0 0 0 0 1 1 1 0 1 0 0 1 0 0 1 1 0 0 0 0 1 1 0 0 0 0 0 1 0 1 0 1 0 0 0 0 1 1 1 1 0 0 0 1 1 1 0 1 1 0 1 1 1 0 1 1 0 0 1 1 1 0 0 
1 1 0 1 1 0 0 0 1 0 0 1 1 1 0 0 1 0 1 0 0 0 0 1 0 0 0 1 1 1 0 0 0 1 0 1 1 1 0 1 1 1 1 1 1 0 0 0 1 0 1 1 0 0 0 0 1 1 0 0 0 1 0 0 0 0 0 0 0 0 
0 1 1 0 0 1 0 0 0 1 0 0 0 0 0 1 0 1 1 0 1 0 0 0 1 0 1 1 0 1 0 0 0 0 1 0 0 1 1 1 1 1 1 0 0 1 0 0 0 0 0 0 0 0 0 0 0 0 1 0 1 0 0 1 1 1 1 0 0 0 
0 1 1 1 1 1 0 1 0 0 1 0 0 0 0 0 0 0 0 1 0 1 1 0 0 1 0 0 1 1 0 1 0 1 1 0 0 1 0 0 0 1 1 1 1 1 1 1 0 1 0 1 1 0 0 0 1 0 0 1 1 1 1 0 0 0 1 0 0 1 
0 1 0 1 1 0 0 0 0 1 0 0 0 1 0 0 0 0 0 1 1 0 0 1 0 1 0 1 1 0 1 1 1 0 1 1 1 0 1 1 0 0 1 0 0 0 1 0 0 0 0 0 0 1 0 1 0 0 1 1 0 1 1 0 1 1 0 0 1 1 
0 1 0 0 1 0 1 0 1 0 1 0 1 1 0 0 1 1 1 0 0 1 1 0 1 1 0 0 0 1 0 1 0 1 0 1 0 1 0 0 1 0 0 0 1 1 0 0 1 1 0 0 0 0 1 0 0 0 1 1 0 1 0 0 1 0 1 0 0 1 
1 0 0 0 0 1 0 0 1 1 1 0 1 0 1 0 0 1 1 0 0 0 0 0 1 0 1 1 1 0 0 0 0 0 1 1 0 1 0 0 0 0 0 0 0 0 0 0 1 0 0 0 0 0 0 0 1 1 1 0 0 0 0 0 0 0 1 0 1 1 
1 0 0 0 1 1 1 0 0 0 1 0 1 0 1 1 0 0 1 0 1 0 0 0 0 1 0 1 1 0 0 0 0 0 1 1 0 0 1 0 0 0 0 1 1 0 0 0 1 1 1 0 0 0 0 0 0 0 1 0 1 1 0 1 0 0 0 0 1 1 
1 1 0 0 0 0 0 1 1 1 0 0 0 0 0 0 1 1 0 1 0 1 1 0 0 1 0 0 0 0 1 0 0 0 1 1 1 0 0 0 0 0 0 0 0 0 1 0 1 0 0 0 0 1 1 0 1 0 1 0 0 0 1 1 0 1 0 1 1 0 
0 0 0 1 0 0 1 1 1 1 1 1 0 0 0 1 1 0 0 0 1 0 0 0 0 1 1 1 0 0 0 0 0 0 1 1 1 1 0 0 0 0 0 1 0 1 1 0 0 0 0 1 1 1 1 0 0 1 0 0 1 1 0 1 0 1 0 0 1 0 
0 0 1 1 1 1 0 0 0 1 1 1 1 0 0 1 0 1 0 0 1 0 0 0 1 1 0 0 1 1 0 0 0 1 1 0 1 0 0 0 1 0 1 0 0 0 0 0 0 0 1 1 0 0 0 0 1 0 1 0 0 0 0 0 0 0 0 1 0 0 
1 0 0 0 1 0 1 0 1 0 0 1 1 0 0 0 1 1 1 0 0 1 0 1 0 0 1 1 0 0 1 1 0 1 1 0 1 0 1 0 1 0 0 0 0 0 0 1 1 0 0 1 0 0 0 1 1 0 1 0 1 1 0 0 1 1 1 1 0 0 
0 0 1 1 0 0 1 0 0 1 1 1 1 0 0 1 1 1 1 0 0 1 0 1 0 1 1 1 0 1 1 0 0 1 0 1 1 0 1 0 0 0 1 0 0 0 1 1 0 0 0 1 0 1 0 0 1 1 0 1 1 0 0 0 0 0 0 1 1 0 
1 1 0 1 0 0 1 0 0 0 0 0 1 1 0 1 0 1 0 0 0 1 1 0 1 1 1 1 1 0 0 0 1 1 0 0 1 1 0 0 0 1 1 0 0 1 0 0 1 0 0 1 1 0 0 0 0 1 1 0 0 0 0 1 0 0 0 0 1 0 
1 1 0 0 0 0 0 0 1 0 0 0 0 1 0 1 0 1 0 1 1 0 0 0 1 0 1 0 0 0 1 1 0 0 0 0 1 0 0 0 0 0 0 0 1 1 0 0 0 0 0 0 1 0 0 1 1 1 1 1 0 1 0 1 1 1 0 0 1 0 
1 1 0 0 0 1 1 1 0 1 1 1 0 1 1 0 1 0 1 0 1 1 0 1 0 1 1 1 1 0 0 0 1 0 1 0 0 0 1 1 1 1 0 0 1 0 1 0 0 0 1 0 0 0 0 1 1 1 0 0 0 0 1 1 1 0 1 1 0 1 
0 1 0 0 0 1 1 0 0 0 0 0 1 0 0 1 0 1 1 0 0 1 0 1 0 0 1 0 0 0 0 0 0 0 0 0 1 0 1 0 1 0 0 0 0 0 0 0 0 0 0 0 1 0 0 1 0 1 1 0 1 0 0 1 0 0 0 1 0 0 
0 0 1 0 0 1 0 1 0 1 0 0 1 1 0 0 0 0 1 1 0 1 1 1 1 1 0 1 0 1 0 0 1 1 1 0 0 0 0 0 1 0 0 1 0 0 0 0 1 0 0 1 1 0 1 1 1 0 0 1 1 1 1 1 1 1 1 0 0 0 
1 0 0 1 1 1 0 1 0 0 0 0 1 0 0 0 0 0 0 1 0 0 0 1 0 0 1 0 1 1 1 0 0 1 1 0 1 0 0 0 0 0 1 1 1 1 1 0 0 0 1 0 0 0 1 1 0 0 0 0 1 0 0 1 0 1 0 1 0 0 
1 1 0 1 0 0 1 0 1 0 1 1 1 1 0 0 1 0 1 0 0 1 1 1 1 1 0 0 1 0 0 0 0 1 0 0 1 0 0 0 0 0 1 0 0 0 1 1 0 1 1 0 0 0 1 1 0 0 1 1 0 0 0 0 0 0 1 0 0 1 
0 1 0 0 0 1 0 0 0 1 0 0 0 0 1 0 1 1 1 1 0 0 0 0 1 0 1 1 0 1 0 0 0 0 0 0 0 1 0 0 0 1 1 0 0 1 0 0 0 0 0 0 0 0 0 0 1 1 1 0 1 0 1 0 1 0 0 1 0 0 
1 1 0 1 1 0 1 1 1 0 0 1 1 0 1 1 0 0 0 0 0 0 1 0 0 0 0 1 0 0 0 1 0 1 0 0 0 0 1 0 0 1 1 0 0 0 0 0 0 0 1 1 1 0 0 0 1 0 0 1 0 0 0 0 0 0 1 0 1 0 
1 0 0 0 1 1 0 0 0 0 0 0 1 1 0 0 1 0 0 0 0 0 0 0 1 1 0 0 0 0 1 1 0 1 0 0 0 1 0 0 0 0 0 0 1 0 0 1 1 1 1 1 1 0 0 0 1 1 1 1 0 0 1 0 0 0 1 0 0 0 
0 1 0 0 0 1 0 0 0 0 0 0 0 0 0 0 0 1 0 1 1 0 0 1 0 0 1 1 1 1 0 1 0 0 1 0 1 0 0 1 0 1 0 1 1 1 0 1 1 0 1 0 0 1 1 1 0 0 1 0 0 0 1 0 0 1 0 0 0 0 
1 0 0 0 1 1 1 0 0 0 0 0 0 0 1 1 0 0 1 0 0 0 0 0 0 1 0 1 0 0 0 0 1 1 1 0 0 0 0 1 0 0 1 0 0 1 1 1 1 1 0 0 0 1 0 1 0 0 1 0 0 1 0 0 0 0 1 0 1 0 
0 0 0 1 0 0 0 1 0 0 1 0 0 1 1 1 1 0 0 0 0 1 1 0 0 1 0 1 0 0 0 0 0 1 0 1 0 1 1 1 1 1 0 1 1 0 1 1 0 1 0 0 1 1 0 1 1 1 0 1 1 0 0 1 1 0 0 1 0 0 
1 0 0 1 0 1 1 0 0 1 0 0 0 0 0 0 0 0 0 1 0 1 1 0 0 0 0 0 0 0 1 0 0 1 0 0 1 1 1 0 0 0 0 0 0 1 0 1 0 0 1 0 1 0 1 1 0 0 1 0 0 0 1 1 1 1 0 1 0 1 
0 1 0 1 1 1 1 0 0 1 0 0 0 0 1 1 1 1 1 1 0 0 1 0 0 1 0 0 0 0 1 0 0 0 0 1 1 0 0 0 1 0 1 0 1 1 0 0 0 1 1 1 0 1 0 0 0 0 1 0 0 1 0 1 0 0 1 1 1 1 
0 1 0 0 0 1 0 0 0 1 0 0 0 0 0 0 0 1 1 0 0 0 1 1 0 0 0 0 0 1 1 0 0 1 1 0 1 1 1 0 1 0 1 0 1 0 0 1 0 0 1 0 0 0 0 0 0 1 0 0 1 0 1 1 0 0 0 0 0 1 
1 0 1 1 1 0 0 0 1 0 1 1 0 0 0 0 0 1 1 1 0 0 1 1 1 0 1 0 1 0 0 0 1 1 0 0 1 1 0 0 0 1 0 0 0 0 0 0 1 0 1 0 0 1 0 1 1 0 0 1 0 1 0 0 0 0 0 0 1 0 
1 0 0 0 0 0 1 0 0 1 0 0 1 0 0 0 0 0 0 1 0 0 0 1 0 0 1 0 1 1 0 1 1 0 0 1 0 0 0 0 1 1 1 0 0 0 1 1 1 1 1 1 0 0 0 0 0 0 1 1 1 1 0 0 0 0 0 1 0 0 
1 1 0 0 0 1 1 0 1 1 1 0 1 0 0 1 1 0 0 0 0 0 0 0 0 0 1 0 0 0 0 1 0 0 0 1 0 1 1 0 0 0 0 0 1 0 0 1 1 0 1 0 0 1 0 0 0 0 1 1 0 0 0 0 0 1 0 1 1 0 
0 0 1 1 0 0 0 0 0 1 0 1 0 0 0 1 1 0 1 0 0 0 0 0 0 0 0 1 0 0 1 0 0 1 0 1 0 1 0 0 0 1 1 0 1 0 0 1 0 0 1 1 0 0 0 0 1 0 0 1 0 0 0 0 1 0 0 1 0 0 
0 0 0 0 1 0 0 0 1 0 1 0 0 0 1 0 1 1 0 0 1 0 1 0 1 0 1 0 0 1 0 0 0 1 0 1 1 0 1 1 0 0 0 0 1 0 0 0 1 0 1 0 1 0 1 1 0 1 0 0 1 0 0 0 0 0 0 0 0 0 
1 1 0 0 0 0 0 1 0 0 0 1 0 0 0 0 0 1 1 0 0 0 1 1 1 0 0 1 0 1 0 1 0 1 0 0 0 0 0 0 0 1 0 1 1 1 0 0 1 1 0 1 0 1 0 0 0 0 1 1 1 0 0 1 1 1 0 0 1 0 
0 0 1 1 0 0 1 0 0 0 0 0 0 0 1 0 0 0 0 0 0 1 1 0 0 1 0 1 0 0 1 1 0 0 0 0 0 1 0 1 1 1 1 0 0 1 1 1 0 0 0 0 0 0 1 0 0 1 0 0 1 0 1 0 1 0 0 1 0 1 
1 1 0 0 0 0 0 0 0 0 1 0 0 1 1 1 1 0 0 1 1 0 0 0 0 0 0 0 0 1 1 1 1 0 0 0 1 1 1 1 1 0 0 0 0 0 0 0 1 0 0 0 1 0 0 0 0 0 0 1 1 1 0 0 0 0 0 0 1 0 

0 0 0 0 14 0 0 0 0 16 7 0 0 0 0 0 0 0 0 0 0 0 0 0 0 0 0 0 0 0 0 6 0 0 15 15 0 0 0 1 0 0 0 14 0 0 0 6 0 0 19 0 0 15 0 16 0 0 0 5 0 0 2 10 0 0 0 2 4 0 
0 0 0 0 0 0 0 0 0 0 0 0 0 14 0 15 0 0 0 10 0 0 0 0 0 0 17 0 1 0 0 0 18 0 0 0 0 11 4 0 1 0 0 0 2 0 15 0 0 0 0 0 17 2 0 0 0 0 0 0 0 4 15 0 0 0 0 0 0 0 
0 0 0 0 0 0 0 0 0 1 0 0 13 0 0 0 1 0 0 0 8 0 0 0 0 0 0 0 0 0 14 0 19 0 0 0 0 0 3 0 0 0 0 8 0 15 0 0 0 0 0 0 0 3 0 0 0 0 0 0 0 0 0 0 0 0 5 0 0 4 
0 0 7 0 18 0 0 0 17 0 6 12 0 0 0 0 0 0 18 0 0 0 0 0 0 0 0 0 0 0 0 0 16 15 0 0 0 0 17 8 0 0 0 0 0 0 0 5 0 0 0 0 0 2 0 7 0 0 0 0 0 0 1 0 0 0 0 0 0 0 
4 0 0 0 0 0 0 0 0 0 0 0 8 0 0 0 1 0 0 0 18 0 0 0 0 15 0 0 18 0 0 0 0 0 0 8 0 0 0 6 18 0 0 0 0 4 0 0 0 0 17 4 10 0 0 0 0 0 0 8 0 0 0 0 0 0 0 0 0 0 
0 0 13 0 0 0 0 0 0 15 0 17 0 0 0 0 9 0 3 0 0 4 0 3 17 14 0 0 0 0 0 0 12 0 0 0 15 0 0 3 14 12 0 0 12 7 0 0 0 0 0 0 0 0 0 0 18 0 4 0 5 17 0 0 0 0 0 0 0 0 
0 4 15 14 0 0 0 0 0 0 4 0 0 9 0 0 0 0 0 0 0 16 1 0 0 0 0 0 0 3 0 0 0 0 0 0 0 8 3 13 0 0 14 0 0 0 14 0 0 0 0 0 0 0 0 0 2 0 0 0 0 0 0 8 0 0 0 0 15 0 
0 16 6 16 0 0 0 0 16 0 0 0 0 0 0 0 0 0 0 0 16 5 0 0 0 19 0 0 3 0 0 0 3 0 0 11 0 17 0 0 0 0 0 2 0 0 10 0 0 0 0 0 12 2 17 0 0 8 12 0 8 0 0 15 0 0 0 11 18 3 
0 8 0 0 13 0 0 0 0 11 0 1 0 0 0 0 0 0 1 0 0 0 0 14 0 10 0 0 0 0 0 0 0 0 0 0 14 0 0 0 0 0 10 0 0 0 0 0 18 0 8 0 10 0 0 0 0 0 0 0 5 4 16 0 0 0 0 0 0 0 
19 0 0 0 0 0 0 0 0 0 0 0 0 0 0 16 13 0 10 4 0 0 0 0 0 0 0 0 0 0 0 10 0 0 0 0 0 4 0 0 7 20 0 9 0 0 0 12 0 0 0 0 0 0 0 0 12 0 0 1 0 0 0 0 0 0 0 0 0 2 
0 10 0 17 0 0 0 0 0 0 0 0 0 15 0 0 0 0 0 0 0 0 0 7 0 0 0 0 9 0 0 18 0 4 0 0 0 0 0 0 0 16 0 0 0 1 0 0 0 0 16 0 0 5 0 0 0 0 16 0 16 0 13 0 21 0 15 0 0 0 
0 0 0 0 5 0 0 0 0 0 0 0 8 0 0 0 4 0 3 0 0 0 0 0 0 0 0 0 0 0 0 6 0 0 17 0 0 16 0 0 0 0 0 15 0 3 0 0 0 0 0 0 0 18 0 16 0 0 13 0 0 4 0 0 0 0 3 17 0 0 
0 0 0 0 0 0 0 0 0 0 0 0 0 0 0 0 0 0 0 0 0 0 0 3 17 0 0 0 13 0 0 0 0 0 7 0 0 0 0 0 0 0 0 11 0 19 15 0 0 12 0 0 0 0 0 0 12 0 10 0 0 7 18 0 0 0 0 0 0 0 
0 9 4 4 0 0 4 15 0 0 0 0 2 0 0 11 0 0 0 0 0 9 0 0 11 0 0 0 0 0 0 0 18 0 0 0 14 0 18 0 0 0 0 0 0 0 0 0 0 0 0 8 0 15 0 0 3 16 0 0 12 0 0 7 0 0 0 0 2 0 
0 5 4 0 0 0 5 0 14 0 0 0 0 0 0 0 13 0 0 0 13 12 0 0 0 0 0 0 0 0 0 0 0 0 14 0 0 0 0 0 0 0 0 0 0 15 0 0 0 0 12 0 0 0 2 0 0 0 0 0 0 0 0 0 0 0 0 15 18 0 
8 0 0 1 0 7 0 0 0 0 0 0 0 0 19 0 0 0 17 0 10 0 0 0 0 3 0 0 14 0 0 0 0 0 0 0 0 0 0 0 0 0 0 0 0 0 0 11 0 0 0 0 0 0 3 0 0 0 0 10 0 13 0 0 0 0 0 14 0 0 
2 1 0 0 0 10 0 0 0 0 0 0 8 16 0 0 0 0 0 0 0 0 0 12 0 0 0 0 18 0 0 0 0 5 0 0 9 0 11 14 0 0 17 0 0 0 1 16 0 17 0 0 0 0 0 0 0 0 0 0 0 0 0 0 10 0 0 0 0 13 
0 0 0 0 0 0 0 0 9 0 0 0 0 0 5 17 0 0 6 0 0 0 0 0 11 16 0 0 4 0 0 0 0 0 3 14 0 0 0 2 0 0 0 0 0 0 0 0 0 0 16 0 0 6 0 0 0 0 6 0 0 0 0 0 0 0 0 0 0 0 
8 0 16 0 0 0 0 0 0 0 0 0 19 0 0 0 0 0 0 0 1 0 0 0 0 0 0 0 0 3 0 0 0 0 0 0 0 0 0 0 0 0 0 0 0 0 0 2 0 0 12 0 0 0 0 17 0 0 0 0 0 0 0 0 0 0 0 0 0 0 
5 0 0 0 12 0 1 0 0 1 0 0 0 14 1 0 0 0 0 0 0 3 0 0 0 4 0 0 0 10 0 0 0 0 0 0 0 0 19 0 0 0 0 0 0 0 0 0 0 0 0 0 0 0 0 0 0 0 0 0 0 5 0 0 3 0 6 0 0 0 
0 0 0 0 0 0 0 0 0 0 2 19 0 0 0 8 0 0 0 0 0 0 0 0 0 0 10 7 0 0 0 0 0 0 18 0 0 14 5 8 0 0 0 14 10 0 12 0 0 0 6 0 0 0 5 0 3 8 0 0 0 0 0 0 0 0 0 0 0 0 
0 15 10 0 1 0 0 17 0 0 0 0 0 0 0 0 0 0 0 8 0 0 0 0 0 0 0 0 16 0 0 0 0 0 0 0 0 0 0 0 0 0 0 0 0 0 0 0 7 0 4 0 15 0 10 12 0 0 15 0 0 0 0 0 0 0 0 0 0 0 
0 0 0 0 0 0 0 0 0 11 0 9 0 0 0 0 0 0 0 0 0 0 0 0 0 0 0 15 0 0 16 0 0 0 10 0 0 0 0 10 0 0 0 4 0 0 0 0 0 0 0 0 0 0 0 17 0 0 0 0 0 0 0 0 0 0 0 0 0 0 
0 0 0 11 16 3 12 1 14 0 0 0 4 0 0 0 0 0 14 8 0 0 0 0 0 0 1 0 0 20 3 0 0 15 9 0 0 0 0 0 0 0 0 0 0 0 0 0 0 0 0 0 12 0 0 0 12 1 0 0 5 0 0 0 0 15 13 0 0 0 
0 0 0 0 19 0 0 0 0 0 0 0 0 0 0 0 0 0 0 0 0 5 2 0 0 0 0 0 0 8 0 0 0 0 0 0 18 0 0 0 0 11 17 0 0 6 0 0 4 0 0 0 14 0 2 0 17 0 0 0 12 0 0 0 13 10 0 0 0 0 
0 13 0 0 15 0 0 0 8 0 0 0 0 5 0 7 0 0 21 0 16 0 0 0 13 0 0 0 0 0 0 0 0 0 12 0 0 0 0 0 0 3 17 0 0 18 16 0 0 0 0 0 0 0 0 0 0 0 0 0 0 0 0 0 1 0 0 0 0 0 
0 2 0 14 0 0 0 0 0 0 0 0 0 0 0 0 0 0 16 0 0 8 0 14 0 0 0 0 0 0 0 0 0 0 11 0 11 0 0 0 0 8 2 0 0 0 2 18 5 0 0 0 0 0 0 0 0 0 0 0 0 15 10 8 0 0 5 0 14 0 
0 0 0 0 0 6 0 0 0 0 0 0 0 14 0 0 0 0 1 0 0 17 0 0 0 0 0 0 0 0 0 8 0 0 12 0 0 0 0 0 10 14 0 0 0 0 0 0 0 15 18 0 13 0 0 0 0 0 0 0 10 0 0 0 0 0 0 0 19 0 
0 0 0 10 0 0 3 15 0 0 0 9 0 15 0 0 0 0 0 0 0 0 0 0 0 10 0 0 0 0 0 0 0 0 0 0 0 0 0 0 0 0 0 0 0 0 0 0 0 20 0 8 0 6 0 0 19 0 0 0 18 9 0 7 0 0 0 0 0 17 
0 0 0 0 0 0 0 0 9 3 0 0 0 0 0 0 0 0 0 0 0 0 0 0 0 0 0 0 0 0 0 0 0 0 0 0 1 0 0 0 0 0 0 0 17 0 0 0 0 0 0 0 0 0 0 0 0 0 0 0 0 18 0 0 0 0 0 17 11 0 
0 0 0 2 0 17 0 0 0 17 11 0 0 0 7 0 0 0 0 0 0 0 13 0 0 0 1 0 14 0 0 0 3 0 0 0 0 0 0 0 0 0 15 11 0 16 0 0 18 0 0 0 4 0 0 10 0 0 0 0 0 0 0 0 0 8 0 0 1 0 
0 0 0 0 0 1 0 0 14 0 0 0 0 0 0 0 0 16 0 0 0 0 0 0 0 0 0 0 0 0 0 0 0 0 0 0 0 1 0 0 0 0 0 0 0 0 0 0 0 0 0 17 10 0 0 0 0 0 0 0 0 0 0 0 0 17 0 0 0 0 
0 0 0 0 0 0 15 0 0 0 0 0 0 0 0 0 0 13 0 7 0 1 0 0 1 17 0 0 0 2 4 0 0 17 0 0 0 0 0 0 0 0 0 0 0 0 0 0 0 0 0 0 8 0 0 5 0 0 3 0 1 2 0 8 9 13 0 16 20 0 
0 0 9 0 0 0 0 0 0 0 0 0 0 0 17 0 0 7 0 0 0 0 0 0 0 0 0 0 0 0 0 0 0 0 0 0 0 0 20 2 0 0 20 12 0 0 0 0 0 0 0 17 0 0 0 0 0 0 0 0 0 0 15 0 0 0 0 0 0 0 
0 0 0 0 0 16 0 0 0 0 0 0 0 9 0 0 0 0 0 0 12 0 5 0 0 0 0 0 0 0 0 0 0 0 0 0 0 1 1 0 0 0 0 0 0 3 0 0 1 0 0 0 0 0 0 0 0 0 0 0 11 0 0 0 13 0 0 0 0 0 
0 17 0 0 9 0 1 0 0 1 16 0 0 0 6 0 0 0 5 0 0 0 18 0 0 0 0 0 0 4 0 0 0 0 0 0 0 13 0 0 0 0 11 0 0 0 4 0 0 0 14 0 13 2 0 0 0 15 0 0 0 3 0 0 0 0 0 0 0 0 
0 0 3 0 13 8 0 0 0 0 12 0 0 0 0 0 0 0 0 0 4 0 0 0 0 0 8 0 0 0 0 15 0 0 0 0 0 0 5 0 0 17 0 0 0 0 0 0 0 0 0 4 18 0 0 12 0 8 0 0 0 0 0 0 0 0 0 0 0 0 
12 0 0 8 11 0 0 0 0 0 17 0 0 14 0 0 0 0 0 17 15 0 0 0 0 0 0 0 0 8 0 1 0 0 0 8 0 0 0 0 8 8 0 0 0 0 0 0 0 0 4 0 15 8 0 0 0 0 0 0 0 0 0 6 0 0 8 0 0 7 
0 0 17 0 0 0 0 0 0 3 0 0 1 7 0 0 0 0 0 17 0 0 0 0 0 0 0 0 0 0 0 0 0 2 0 11 0 6 0 0 0 0 0 0 0 0 0 0 0 0 0 0 0 0 0 0 0 7 0 0 0 0 0 0 0 12 0 11 0 17 
0 0 0 0 0 0 0 0 0 0 0 0 0 5 0 0 0 0 5 5 0 0 0 0 0 12 13 0 0 12 0 0 0 0 0 0 0 0 0 0 20 14 0 10 0 19 0 0 0 14 0 0 0 0 0 0 0 0 15 10 0 0 7 11 0 0 0 0 0 0 
0 0 0 0 0 0 0 0 0 0 0 0 7 0 3 2 0 9 0 1 0 0 0 0 0 0 0 0 4 0 0 18 0 0 0 0 0 0 0 13 0 0 0 0 0 0 0 10 0 12 0 0 3 0 0 0 0 0 0 0 0 0 18 0 0 0 13 0 0 7 
0 0 0 0 0 0 0 0 13 11 0 0 0 0 18 0 0 0 0 0 0 0 0 0 0 6 0 0 0 0 0 0 0 12 0 0 0 0 0 3 0 0 0 0 16 0 0 0 0 15 11 0 0 0 0 8 0 0 8 0 14 0 0 0 0 0 0 14 0 1 
0 0 0 3 0 0 0 0 17 0 0 0 0 13 0 0 0 0 0 14 9 0 0 0 0 0 0 0 0 0 0 0 0 0 0 11 0 0 0 0 0 0 0 0 3 0 18 10 0 14 17 0 0 0 0 0 0 0 0 0 0 0 0 16 0 0 17 0 0 0 
0 0 0 0 0 0 16 0 0 0 0 0 0 0 11 0 0 0 0 1 0 0 3 6 0 0 0 13 0 0 0 0 7 0 0 16 0 0 0 0 0 0 0 0 0 0 15 0 7 0 5 0 0 9 0 0 0 0 0 0 0 0 0 2 0 0 0 15 0 0 
0 0 0 0 0 0 5 0 0 0 0 0 0 4 13 0 0 0 0 13 0 0 18 0 0 0 0 0 0 0 0 0 2 16 0 0 0 0 0 0 0 0 0 14 0 0 0 7 0 0 0 0 0 0 0 0 0 5 0 0 0 0 0 8 0 0 0 0 0 12 
0 0 6 0 0 9 0 0 0 0 0 3 0 5 0 0 0 0 3 0 0 0 6 12 0 0 0 0 13 0 0 0 0 0 0 0 0 0 0 6 0 0 0 0 0 0 0 4 0 0 0 0 0 0 0 6 0 0 0 12 0 0 0 0 5 0 0 0 0 0 
17 0 0 0 7 0 0 0 0 0 0 0 0 0 0 0 0 0 0 0 0 0 0 13 0 0 0 0 0 0 0 0 0 0 0 0 0 0 0 0 18 0 0 0 0 0 0 0 0 0 0 0 0 0 0 0 0 0 0 0 13 0 0 0 0 3 0 9 9 0 
8 0 0 0 3 0 0 0 0 0 0 0 0 0 0 0 0 0 0 0 0 18 7 0 0 0 0 0 1 0 12 4 0 0 0 0 0 0 0 0 0 7 0 0 0 0 0 0 0 0 0 16 0 0 0 0 0 0 0 0 0 0 0 0 11 0 0 0 0 13 
0 14 2 0 0 0 0 15 0 0 0 5 0 0 0 0 0 0 0 0 0 0 0 0 0 0 0 0 0 0 0 0 0 10 0 0 0 0 0 0 0 0 0 0 0 0 3 11 0 0 0 18 0 0 0 8 15 0 0 0 0 0 0 0 0 0 0 0 0 0 
0 0 10 0 0 0 0 0 6 0 0 0 0 0 19 0 0 0 0 0 0 0 0 0 3 0 0 0 0 0 0 0 0 0 15 0 7 0 0 0 0 0 0 0 0 0 0 0 0 0 0 0 5 13 6 0 0 0 0 7 0 2 9 0 0 0 0 0 0 0 
0 19 0 0 8 0 11 0 0 0 14 0 0 0 0 0 7 0 0 0 0 5 0 4 0 0 0 0 0 0 0 4 0 3 0 0 0 0 0 3 0 0 0 0 0 0 0 0 12 0 0 0 0 0 0 13 0 0 0 0 0 0 1 0 0 0 0 11 0 0 
12 11 0 0 0 17 0 0 16 0 14 0 0 0 0 0 0 13 0 0 0 0 0 0 2 1 13 12 18 0 0 0 0 0 0 0 0 5 0 0 0 0 0 0 0 0 0 0 0 0 18 0 0 0 0 0 0 0 0 0 0 0 0 4 0 0 0 11 0 11 
6 0 0 2 0 0 0 7 0 0 0 0 0 0 0 0 0 0 16 0 0 0 0 0 0 0 8 0 0 0 0 4 0 13 0 0 0 0 12 0 0 0 0 8 0 0 0 0 0 3 0 6 0 0 0 0 15 0 0 0 0 0 0 11 0 0 0 0 0 0 
0 0 0 0 0 0 0 0 18 0 0 0 0 0 0 0 0 0 0 0 0 0 0 0 0 10 0 0 18 0 0 0 0 0 0 0 0 0 0 0 0 0 0 0 0 0 0 0 3 0 0 9 0 0 0 0 0 0 0 19 0 1 0 0 0 15 0 0 7 0 
0 0 0 2 0 0 14 0 0 0 0 0 0 0 0 0 0 0 0 5 0 4 0 0 0 0 0 0 0 0 0 0 12 9 0 0 0 0 8 17 0 0 0 13 7 0 0 0 0 0 10 0 0 0 0 0 0 0 0 0 16 0 0 0 6 0 13 0 0 0 
0 0 0 0 12 0 0 0 3 0 0 0 0 0 9 0 4 0 0 0 0 2 18 0 0 0 0 0 0 0 0 0 15 0 13 11 0 10 0 0 0 17 0 0 0 0 0 14 0 0 0 12 4 0 0 0 0 0 4 0 0 0 0 16 0 0 0 0 0 0 
0 0 0 0 0 0 10 0 0 0 0 0 0 0 16 3 0 0 0 0 8 0 0 18 0 0 0 8 0 0 0 0 0 0 0 0 0 2 0 0 0 0 0 0 0 14 0 0 0 9 0 0 0 0 0 0 0 6 0 0 15 0 0 0 0 0 0 4 15 14 
2 3 0 4 0 0 15 0 0 0 0 16 0 0 0 0 12 7 1 2 0 7 0 0 0 14 0 0 0 0 0 17 0 0 0 0 0 1 0 0 0 5 0 0 0 0 1 0 7 0 0 0 3 7 0 0 0 0 0 13 9 0 0 0 0 0 0 0 0 1 
0 0 0 0 2 0 1 0 0 0 0 0 0 0 11 0 6 0 0 10 0 0 0 0 0 19 0 1 9 0 8 0 0 0 19 0 3 0 0 0 0 0 0 13 5 0 0 0 0 0 0 0 12 0 0 0 0 0 0 0 0 6 0 0 0 0 0 0 0 0 
7 0 0 0 15 0 0 0 0 0 0 0 0 0 0 14 0 0 16 6 0 0 0 0 0 0 8 0 18 0 16 0 2 0 0 0 0 0 0 0 0 0 0 13 0 0 0 0 0 0 0 0 9 0 0 0 0 0 0 0 0 2 0 0 0 0 0 0 0 0 
6 0 0 0 19 0 0 0 0 0 0 2 0 0 0 0 0 8 0 0 0 3 0 0 0 11 0 0 0 0 0 0 0 0 0 0 10 0 0 0 0 0 0 0 0 17 0 0 0 0 15 11 0 0 0 11 12 2 0 0 0 9 0 0 0 0 6 13 0 0 
0 0 3 0 0 0 0 0 3 0 0 0 0 19 0 0 0 0 0 0 0 0 0 0 0 0 0 0 0 10 0 0 0 0 0 0 0 0 0 2 0 0 9 0 0 0 11 0 0 0 0 0 0 0 2 0 18 0 0 0 0 0 2 0 0 0 0 0 0 0 
11 0 0 0 5 0 0 0 0 0 10 0 0 0 0 0 0 0 0 5 0 0 18 2 0 0 0 0 0 9 0 0 0 0 0 0 0 0 0 6 0 18 0 0 0 0 0 6 0 0 0 0 0 15 0 0 0 0 0 0 4 0 0 0 0 10 10 0 0 0 
0 9 5 0 0 3 17 12 0 0 0 0 17 0 0 0 18 2 0 0 0 0 10 0 0 0 0 0 12 0 0 0 0 0 0 0 0 0 0 0 0 0 0 0 0 0 0 4 0 0 0 0 0 17 0 0 0 0 0 0 2 0 0 0 0 0 0 0 0 0 
0 0 0 0 0 0 0 0 7 0 0 0 0 0 11 0 0 0 3 0 0 0 16 16 8 0 0 0 0 13 0 0 0 2 0 0 5 0 13 0 1 7 0 0 0 0 0 0 0 0 0 0 0 0 0 2 0 0 3 0 0 0 16 0 0 0 0 0 0 0 
0 0 0 0 0 0 0 0 0 11 0 0 0 3 0 0 0 3 0 0 0 0 0 0 0 0 17 0 0 8 9 2 0 0 0 12 0 0 6 0 0 9 0 0 0 0 0 0 14 2 0 17 0 0 0 17 0 0 0 12 3 0 2 0 5 0 0 10 0 0 
0 0 5 0 0 12 0 14 16 0 8 0 0 0 0 0 5 0 0 0 0 0 0 0 0 0 0 2 0 0 15 0 0 0 0 0 0 0 0 0 4 0 0 0 0 0 0 0 14 0 0 0 0 0 0 0 0 0 10 0 7 13 0 9 0 14 0 5 11 0 
14 14 0 0 0 3 0 0 0 0 0 0 0 0 0 0 0 0 0 0 0 0 10 0 0 0 0 0 3 0 0 4 0 0 5 0 1 0 0 13 0 0 0 0 0 13 0 0 0 3 0 0 19 9 18 0 0 0 0 0 0 0 10 17 0 0 16 0 0 0 
0 1 0 1 0 0 0 0 0 0 0 4 0 0 0 0 5 0 0 0 2 0 2 0 14 0 15 0 0 7 0 0 0 7 0 0 0 0 0 0 0 5 0 0 18 4 0 0 0 17 0 7 16 0 0 0 0 0 0 0 0 0 14 16 0 0 0 0 0 0 
0 0 0 11 0 4 0 0 0 0 0 0 0 8 8 0 3 0 0 0 19 0 18 0 1 0 0 0 0 0 0 0 0 0 0 0 0 0 0 0 0 0 0 0 0 0 0 15 0 18 0 0 0 0 16 0 0 4 0 0 0 0 0 0 6 0 0 0 0 0 
