70

0 1 1 1 1 1 1 1 0 1 1 0 1 1 1 1 0 1 1 1 1 1 1 1 1 0 1 1 1 0 1 1 1 0 1 1 1 1 0 1 0 1 1 1 1 0 0 1 1 1 1 1 0 1 0 0 1 1 1 1 1 1 1 1 1 1 1 0 1 1 
1 0 1 1 0 1 1 1 1 1 0 1 1 1 0 1 1 0 0 1 1 0 0 1 1 1 1 1 0 0 1 1 0 0 1 1 1 1 0 1 1 1 1 1 1 1 1 0 0 1 1 1 1 1 1 1 1 1 1 0 0 1 1 1 1 0 1 1 1 1 
1 1 0 1 1 1 0 1 1 0 1 1 1 1 1 1 1 1 1 1 1 0 1 1 1 1 1 1 1 0 1 0 1 0 1 1 0 0 0 1 1 1 1 1 0 0 1 1 0 1 1 1 1 0 1 1 1 1 1 1 1 1 1 1 1 1 1 1 0 1 
1 1 1 0 1 1 1 1 1 0 0 1 1 1 1 1 1 1 1 1 1 1 1 0 1 1 1 1 1 1 1 0 1 1 1 1 1 1 1 1 0 1 1 1 1 1 0 0 1 1 0 0 1 1 0 1 0 1 1 1 1 1 1 1 1 1 0 1 0 1 
1 0 1 1 0 1 0 1 1 0 1 1 1 1 1 1 1 0 0 1 0 1 1 1 1 1 1 0 1 0 1 1 1 0 1 1 1 1 1 1 1 0 0 1 0 0 1 1 1 1 0 1 1 1 1 1 1 1 0 1 1 1 1 1 1 0 1 1 0 1 
1 1 1 1 1 0 1 1 1 0 1 1 1 1 1 1 1 1 1 1 1 1 0 0 1 0 1 1 0 0 1 1 1 1 1 1 0 0 1 1 1 0 1 1 1 0 1 1 1 1 1 1 1 1 1 0 1 1 1 1 0 1 1 1 1 1 1 1 1 1 
1 1 0 1 0 1 0 1 0 1 1 1 1 0 0 1 1 1 0 1 0 1 1 1 1 1 1 1 1 1 1 1 1 1 1 1 1 1 0 0 1 1 1 1 1 1 0 1 1 1 0 1 1 1 1 0 1 1 1 1 1 1 1 1 1 1 0 0 1 1 
1 1 1 1 1 1 1 0 1 1 0 1 1 1 1 1 1 1 1 0 1 1 1 0 1 1 0 1 1 0 1 0 1 1 1 1 1 0 0 1 1 1 1 1 1 1 1 1 1 1 1 1 1 1 1 1 1 1 1 0 0 1 1 0 1 1 1 1 1 1 
0 1 1 1 1 1 0 1 0 1 1 1 0 1 0 1 1 1 1 1 1 1 1 0 0 1 1 1 0 1 1 1 1 1 1 1 1 0 0 0 1 1 0 0 0 1 1 1 1 1 1 1 1 1 1 1 1 1 1 1 1 1 1 0 1 0 1 1 0 1 
1 1 0 0 0 0 1 1 1 0 1 1 0 1 1 1 1 1 1 1 1 1 1 1 0 1 1 1 1 1 0 0 1 1 1 1 1 1 1 1 1 0 1 1 1 1 1 1 1 1 1 1 1 1 1 1 1 1 1 1 1 1 1 1 1 1 1 1 1 1 
1 0 1 0 1 1 1 0 1 1 0 0 0 1 1 1 1 1 1 1 1 1 1 1 1 0 1 0 1 1 1 1 1 1 0 1 1 1 1 0 1 1 1 1 1 1 1 1 1 1 1 1 1 1 1 1 1 1 1 1 1 1 0 0 1 1 1 1 1 1 
0 1 1 1 1 1 1 1 1 1 0 0 0 0 1 1 1 0 1 1 1 1 0 1 1 1 1 1 0 1 1 1 1 0 1 1 1 1 1 0 1 1 1 0 0 1 1 0 1 1 1 1 1 1 0 0 1 1 1 1 1 1 1 1 1 1 1 1 1 1 
1 1 1 1 1 1 1 1 0 0 0 0 0 1 1 1 1 1 1 1 0 1 0 0 1 1 1 1 0 1 0 1 1 1 1 0 1 0 1 1 0 1 1 1 1 1 1 1 0 1 0 1 1 1 1 1 1 1 1 1 1 1 1 1 0 1 1 1 1 1 
1 1 1 1 1 1 0 1 1 1 1 0 1 0 1 1 1 0 1 1 1 0 1 0 1 1 0 1 1 1 1 0 1 1 1 0 1 1 0 1 1 1 0 0 0 1 1 1 1 1 1 1 1 1 1 1 1 1 1 1 1 0 1 1 1 1 1 1 1 1 
1 0 1 1 1 1 0 1 0 1 1 1 1 1 0 1 1 0 0 1 1 1 0 1 1 1 0 1 1 1 1 1 1 0 0 1 1 1 0 0 1 0 1 1 1 0 1 1 1 1 1 1 0 1 0 1 1 0 1 1 1 1 0 0 1 1 1 1 1 1 
1 1 1 1 1 1 1 1 1 1 1 1 1 1 1 0 1 1 0 1 1 1 1 1 1 1 1 1 1 1 0 1 1 0 1 1 1 1 0 1 0 1 1 0 1 1 1 1 1 1 1 1 1 1 0 0 0 1 0 1 1 1 0 1 1 1 1 0 1 1 
0 1 1 1 1 1 1 1 1 1 1 1 1 1 1 1 0 1 1 1 1 1 1 1 1 0 1 1 0 0 1 1 1 1 1 1 1 1 1 0 1 1 1 1 1 1 0 1 0 1 1 1 1 1 1 1 1 0 1 1 1 1 0 1 1 1 1 0 1 0 
1 0 1 1 0 1 1 1 1 1 1 0 1 0 0 1 1 0 1 1 0 1 1 0 1 1 1 1 0 1 0 1 1 1 1 1 1 0 1 1 1 1 0 1 0 1 0 0 1 1 1 1 1 1 0 1 1 1 1 1 0 1 1 1 0 1 0 1 1 1 
1 0 1 1 0 1 0 1 1 1 1 1 1 1 0 0 1 1 0 1 1 1 1 1 1 1 1 1 1 1 1 1 0 1 1 1 1 1 1 1 1 1 1 1 1 1 1 1 1 0 0 0 1 1 1 1 1 0 1 1 1 1 0 1 1 1 1 1 0 1 
1 1 1 1 1 1 1 0 1 1 1 1 1 1 1 1 1 1 1 0 0 0 1 1 1 1 1 0 1 1 1 0 1 0 0 1 1 1 1 1 1 1 0 0 1 1 0 1 1 1 1 1 1 1 1 1 1 1 1 1 1 0 1 1 1 1 0 1 0 0 
1 1 1 1 0 1 0 1 1 1 1 1 0 1 1 1 1 0 1 0 0 1 1 1 1 1 1 1 1 1 1 1 1 1 1 0 1 1 1 1 1 1 0 1 1 0 1 1 1 0 0 1 1 1 1 1 0 0 1 0 1 1 1 1 1 0 0 1 1 0 
1 0 0 1 1 1 1 1 1 1 1 1 1 0 1 1 1 1 1 0 1 0 1 1 1 1 1 0 1 1 0 0 1 1 1 1 1 1 1 1 0 1 1 1 1 1 1 1 0 0 1 1 1 1 1 1 1 1 0 1 1 1 0 0 1 0 1 1 1 1 
1 0 1 1 1 0 1 1 1 1 1 0 0 1 0 1 1 1 1 1 1 1 0 1 1 1 1 1 0 1 0 0 0 1 1 1 1 1 1 1 1 1 1 1 1 1 1 0 1 1 1 1 0 1 1 1 0 1 1 1 1 1 1 0 1 1 1 1 0 0 
1 1 1 0 1 0 1 0 0 1 1 1 0 0 1 1 1 0 1 1 1 1 1 0 1 0 1 1 1 1 0 0 0 1 1 1 1 0 1 0 0 0 0 1 1 0 1 1 0 1 1 1 1 1 1 1 1 1 1 1 1 1 1 1 1 1 1 1 1 1 
1 1 1 1 1 1 1 1 0 0 1 1 1 1 1 1 1 1 1 1 1 1 1 1 0 0 0 1 1 1 1 1 1 0 0 1 1 1 1 0 0 0 1 1 1 1 1 1 0 0 0 1 0 1 1 0 0 1 1 0 1 1 1 0 1 0 1 1 1 0 
0 1 1 1 1 0 1 1 1 1 0 1 1 1 1 1 0 1 1 1 1 1 1 0 0 0 1 1 1 1 0 0 1 1 1 1 1 1 1 0 1 1 0 0 1 1 1 1 1 0 0 1 1 1 1 1 1 1 1 1 1 1 1 1 0 1 0 0 1 0 
1 1 1 1 1 1 1 0 1 1 1 1 1 0 0 1 1 1 1 1 1 1 1 1 0 1 0 1 0 1 1 0 1 1 0 1 1 1 0 1 1 1 1 1 1 1 1 0 1 1 1 1 0 1 0 0 0 1 1 1 0 1 1 1 1 1 1 0 1 1 
1 1 1 1 0 1 1 1 1 1 0 1 1 1 1 1 1 1 1 0 1 0 1 1 1 1 1 0 1 1 0 0 1 0 1 1 1 0 1 1 0 1 0 1 1 1 1 0 1 1 1 0 0 1 1 1 1 0 1 0 1 1 1 1 1 1 1 1 1 1 
1 0 1 1 1 0 1 1 0 1 1 0 0 1 1 1 0 0 1 1 1 1 0 1 1 1 0 1 0 0 1 1 1 1 1 1 1 1 1 1 1 1 1 0 1 0 1 0 1 1 1 1 1 1 1 1 1 1 1 1 1 1 1 1 1 1 1 1 0 0 
0 0 0 1 0 0 1 0 1 1 1 1 1 1 1 1 0 1 1 1 1 1 1 1 1 1 1 1 0 0 1 1 1 1 1 0 1 1 0 1 1 1 1 1 1 1 1 1 1 1 0 1 1 1 0 1 1 1 1 0 0 0 1 1 1 1 1 1 1 1 
1 1 1 1 1 1 1 1 1 0 1 1 0 1 1 0 1 0 1 1 1 0 0 0 1 0 1 0 1 1 0 1 1 1 1 1 1 0 1 1 0 1 1 1 1 1 1 1 1 1 1 1 1 1 1 1 1 1 1 1 0 0 0 1 0 1 0 1 1 1 
1 1 0 0 1 1 1 0 1 0 1 1 1 0 1 1 1 1 1 0 1 0 0 0 1 0 0 0 1 1 1 0 1 1 1 1 1 0 1 1 1 1 1 1 1 1 1 1 1 1 1 0 0 0 0 0 1 1 1 1 1 1 1 0 1 1 0 1 1 1 
1 0 1 1 1 1 1 1 1 1 1 1 1 1 1 1 1 1 0 1 1 1 0 0 1 1 1 1 1 1 1 1 0 1 0 1 0 1 1 0 1 1 1 1 1 1 0 1 1 1 1 1 0 1 1 0 0 0 1 1 1 1 1 1 0 0 1 1 1 1 
0 0 0 1 0 1 1 1 1 1 1 0 1 1 0 0 1 1 1 0 1 1 1 1 0 1 1 0 1 1 1 1 1 0 0 1 1 1 1 1 0 1 0 1 1 1 1 1 1 1 1 1 1 1 1 1 1 1 1 1 1 1 1 1 1 0 0 0 1 1 
1 1 1 1 1 1 1 1 1 1 0 1 1 1 0 1 1 1 1 0 1 1 1 1 0 1 0 1 1 1 1 1 0 0 0 1 1 1 1 1 1 1 0 1 1 0 1 1 1 1 1 1 1 1 1 1 0 0 1 1 1 1 0 1 1 0 0 1 1 1 
1 1 1 1 1 1 1 1 1 1 1 1 0 0 1 1 1 1 1 1 0 1 1 1 1 1 1 1 1 0 1 1 1 1 1 0 1 1 1 1 1 0 0 0 1 1 1 0 1 1 1 1 0 1 1 0 1 1 1 0 1 1 1 1 0 0 1 1 1 0 
1 1 0 1 1 0 1 1 1 1 1 1 1 1 1 1 1 1 1 1 1 1 1 1 1 1 1 1 1 1 1 1 0 1 1 1 0 1 1 0 0 1 1 1 1 1 1 1 1 1 1 1 1 1 1 1 0 0 1 1 0 1 1 1 0 1 1 1 1 1 
1 1 0 1 1 0 1 0 0 1 1 1 0 1 1 1 1 0 1 1 1 1 1 0 1 1 1 0 1 1 0 0 1 1 1 1 1 0 0 1 1 1 1 1 1 1 1 1 1 1 1 1 1 1 1 1 0 1 1 1 1 1 0 1 1 1 1 1 1 1 
0 0 0 1 1 1 0 0 0 1 1 1 1 0 0 0 1 1 1 1 1 1 1 1 1 1 0 1 1 0 1 1 1 1 1 1 1 0 0 1 1 1 1 0 1 1 0 0 1 0 1 1 0 0 1 1 1 1 1 1 1 1 1 1 1 0 1 1 0 1 
1 1 1 1 1 1 0 1 0 1 0 0 1 1 0 1 0 1 1 1 1 1 1 0 0 0 1 1 1 1 1 1 0 1 1 1 0 1 1 0 1 1 1 0 1 1 1 1 0 1 1 1 0 0 1 0 1 1 1 1 1 1 1 1 1 0 0 0 0 1 
0 1 1 0 1 1 1 1 1 1 1 1 0 1 1 0 1 1 1 1 1 0 1 0 0 1 1 0 1 1 0 1 1 0 1 1 0 1 1 1 0 1 1 1 1 1 1 0 1 1 1 1 1 1 0 1 1 1 1 1 0 1 0 0 1 1 1 1 1 0 
1 1 1 1 0 0 1 1 1 0 1 1 1 1 0 1 1 1 1 1 1 1 1 0 0 1 1 1 1 1 1 1 1 1 1 0 1 1 1 1 1 0 1 0 1 1 1 1 1 1 1 1 1 1 0 1 1 1 0 0 0 0 1 1 0 1 0 1 0 1 
1 1 1 1 0 1 1 1 0 1 1 1 1 0 1 1 1 0 1 0 0 1 1 0 1 0 1 0 1 1 1 1 1 0 0 0 1 1 1 1 1 1 0 1 1 1 0 1 1 0 0 1 1 1 1 1 1 0 0 1 0 0 1 1 1 0 1 1 1 0 
1 1 1 1 1 1 1 1 0 1 1 0 1 0 1 0 1 1 1 0 1 1 1 1 1 0 1 1 0 1 1 1 1 1 1 0 1 1 0 0 1 0 1 0 0 0 1 1 1 1 1 1 1 1 1 1 1 1 0 1 1 1 0 1 0 1 1 1 1 0 
1 1 0 1 0 1 1 1 0 1 1 0 1 0 1 1 1 0 1 1 1 1 1 1 1 1 1 1 1 1 1 1 1 1 1 1 1 1 1 1 1 1 1 0 0 0 0 0 1 0 0 1 0 1 0 1 1 1 1 1 1 1 1 1 1 1 0 1 1 1 
0 1 0 1 0 0 1 1 1 1 1 1 1 1 0 1 1 1 1 1 0 1 1 0 1 1 1 1 0 1 1 1 1 1 0 1 1 1 1 1 1 1 1 0 0 0 1 1 1 1 1 0 1 1 1 1 1 1 0 0 1 1 0 1 1 1 1 0 0 1 
0 1 1 0 1 1 0 1 1 1 1 1 1 1 1 1 0 0 1 0 1 1 1 1 1 1 1 1 1 1 1 1 0 1 1 1 1 1 0 1 1 1 0 1 0 1 0 1 1 0 1 1 1 1 0 0 1 1 1 1 0 1 1 1 1 1 0 1 1 1 
1 0 1 0 1 1 1 1 1 1 1 0 1 1 1 1 1 0 1 1 1 1 0 1 1 1 0 0 0 1 1 1 1 1 1 0 1 1 0 1 0 1 1 1 0 1 1 0 1 1 1 1 1 0 1 1 1 1 0 1 1 1 1 1 1 0 1 1 1 1 
1 0 0 1 1 1 1 1 1 1 1 1 0 1 1 1 0 1 1 1 1 0 1 0 0 1 1 1 1 1 1 1 1 1 1 1 1 1 1 0 1 1 1 1 1 1 1 1 0 0 0 1 1 1 0 1 0 1 0 1 0 1 1 1 1 1 1 1 1 0 
1 1 1 1 1 1 1 1 1 1 1 1 1 1 1 1 1 1 0 1 0 0 1 1 0 0 1 1 1 1 1 1 1 1 1 1 1 1 0 1 1 1 0 1 0 1 0 1 0 0 1 0 1 1 1 1 1 1 1 1 1 1 1 1 1 0 1 1 1 1 
1 1 1 0 0 1 0 1 1 1 1 1 0 1 1 1 1 1 0 1 0 1 1 1 0 0 1 1 1 0 1 1 1 1 1 1 1 1 1 1 1 1 0 1 0 1 1 1 0 1 0 1 1 1 1 1 1 1 1 1 0 1 1 1 1 0 1 1 0 1 
1 1 1 0 1 1 1 1 1 1 1 1 1 1 1 1 1 1 0 1 1 1 1 1 1 1 1 0 1 1 1 0 1 1 1 1 1 1 1 1 1 1 1 1 1 0 1 1 1 0 1 0 1 1 1 1 1 1 1 0 1 1 0 1 1 0 1 1 1 1 
0 1 1 1 1 1 1 1 1 1 1 1 1 1 0 1 1 1 1 1 1 1 0 1 0 1 0 0 1 1 1 0 0 1 1 0 1 1 0 0 1 1 1 1 0 1 1 1 1 1 1 1 0 1 1 1 0 1 1 1 0 1 1 1 1 1 1 1 1 1 
1 1 0 1 1 1 1 1 1 1 1 1 1 1 1 1 1 1 1 1 1 1 1 1 1 1 1 1 1 1 1 0 1 1 1 1 1 1 0 0 1 1 1 1 1 1 1 0 1 1 1 1 1 0 1 1 1 1 1 0 1 0 1 0 1 1 1 0 0 0 
0 1 1 0 1 1 1 1 1 1 1 0 1 1 0 0 1 0 1 1 1 1 1 1 1 1 0 1 1 0 1 0 1 1 1 1 1 1 1 1 0 0 1 1 0 1 0 1 0 1 1 1 1 1 0 1 1 1 1 1 1 1 0 0 1 1 1 1 1 1 
0 1 1 1 1 0 0 1 1 1 1 0 1 1 1 0 1 1 1 1 1 1 1 1 0 1 0 1 1 1 1 0 0 1 1 0 1 1 1 0 1 1 1 1 1 1 0 1 1 1 1 1 1 1 1 0 1 1 0 1 1 1 1 0 1 1 1 1 0 0 
1 1 1 0 1 1 1 1 1 1 1 1 1 1 1 0 1 1 1 1 0 1 0 1 0 1 0 1 1 1 1 1 0 1 0 1 0 0 1 1 1 1 1 1 1 1 1 1 0 1 1 1 0 1 1 1 0 1 1 0 1 0 1 1 1 0 0 0 1 1 
1 1 1 1 1 1 1 1 1 1 1 1 1 1 0 1 0 1 0 1 0 1 1 1 1 1 1 0 1 1 1 1 0 1 0 1 0 1 1 1 1 1 0 1 1 1 1 1 1 1 1 1 1 1 1 1 1 0 1 1 1 1 0 0 1 1 1 1 0 1 
1 1 1 1 0 1 1 1 1 1 1 1 1 1 1 0 1 1 1 1 1 0 1 1 1 1 1 1 1 1 1 1 1 1 1 1 1 1 1 1 1 0 0 0 1 0 1 0 0 1 1 1 1 1 1 0 1 1 0 1 0 1 0 1 0 1 0 0 1 1 
1 0 1 1 1 1 1 0 1 1 1 1 1 1 1 1 1 1 1 1 0 1 1 1 0 1 1 0 1 0 1 1 1 1 1 0 1 1 1 1 1 0 1 1 1 0 1 1 1 1 1 0 1 0 1 1 0 1 1 0 1 0 1 1 1 1 1 1 1 1 
1 0 1 1 1 0 1 0 1 1 1 1 1 1 1 1 1 0 1 1 1 1 1 1 1 1 0 1 1 0 0 1 1 1 1 1 0 1 1 1 0 0 0 1 1 1 0 1 0 1 0 1 0 1 1 1 1 1 0 1 0 1 1 1 1 1 1 1 1 1 
1 1 1 1 1 1 1 1 1 1 1 1 1 0 1 1 1 1 1 0 1 1 1 1 1 1 1 1 1 0 0 1 1 1 1 1 1 1 1 1 1 0 0 1 1 1 1 1 1 1 1 1 1 0 1 1 0 1 1 0 1 0 1 1 0 1 1 1 1 0 
1 1 1 1 1 1 1 1 1 1 0 1 1 1 0 0 0 1 0 1 1 0 1 1 1 1 1 1 1 1 0 1 1 1 0 1 1 0 1 1 0 1 1 0 1 0 1 1 1 1 1 0 1 1 0 1 1 0 0 1 1 1 0 0 0 1 1 1 1 1 
1 1 1 1 1 1 1 0 0 1 0 1 1 1 0 1 1 1 1 1 1 0 0 1 0 1 1 1 1 1 1 0 1 1 1 1 1 1 1 1 0 1 1 1 1 1 1 1 1 1 1 1 1 0 0 0 1 0 1 1 1 1 0 0 0 1 1 0 1 1 
1 1 1 1 1 1 1 1 1 1 1 1 0 1 1 1 1 0 1 1 1 1 1 1 1 0 1 1 1 1 0 1 0 1 1 0 0 1 1 1 1 0 1 0 1 1 1 1 1 1 1 1 1 1 1 1 1 1 0 1 1 0 0 0 0 1 1 1 1 1 
1 0 1 1 0 1 1 1 0 1 1 1 1 1 1 1 1 1 1 1 0 0 1 1 0 1 1 1 1 1 1 1 0 0 0 0 1 1 0 0 1 1 0 1 1 1 1 0 1 0 0 0 1 1 1 1 0 1 1 1 1 1 1 1 1 0 0 1 1 0 
1 1 1 0 1 1 0 1 1 1 1 1 1 1 1 1 1 0 1 0 0 1 1 1 1 0 1 1 1 1 0 0 1 0 0 1 1 1 1 0 1 0 1 1 0 1 0 1 1 1 1 1 1 1 1 1 0 1 0 1 1 1 1 1 1 0 0 1 1 1 
0 1 1 1 1 1 0 1 1 1 1 1 1 1 1 0 0 1 1 1 1 1 1 1 1 0 0 1 1 1 1 1 1 0 1 1 1 1 1 0 1 1 1 1 1 0 1 1 1 1 1 1 1 0 1 1 0 1 0 1 1 1 1 0 1 1 1 0 1 1 
1 1 0 0 0 1 1 1 0 1 1 1 1 1 1 1 1 1 0 0 1 1 0 1 1 1 1 1 0 1 1 1 1 1 1 1 1 1 0 0 1 0 1 1 1 0 1 1 1 1 0 1 1 0 1 0 1 0 1 1 1 1 1 1 1 1 1 1 0 1 
1 1 1 1 1 1 1 1 1 1 1 1 1 1 1 1 0 1 1 0 0 1 0 1 0 0 1 1 0 1 1 1 1 1 1 0 1 1 1 1 0 1 0 0 1 1 1 1 0 1 1 1 1 0 1 0 1 1 1 1 1 0 1 1 1 0 1 1 1 0 

0 0 7 0 0 0 0 0 0 0 0 13 19 0 0 0 0 0 0 0 0 0 0 0 27 0 0 0 0 0 0 2 0 0 29 0 0 0 0 0 0 25 0 0 0 0 0 0 0 0 1 0 0 29 5 0 0 0 0 0 0 0 0 0 0 0 0 0 0 0 
0 0 0 0 0 0 27 0 19 6 0 2 5 0 0 0 0 0 4 0 0 0 0 0 0 0 17 0 0 0 11 0 14 19 0 5 11 0 0 0 0 0 23 0 0 0 0 0 0 0 0 11 0 0 4 0 0 0 0 0 0 11 1 0 0 0 0 0 0 12 
25 0 0 0 0 0 0 0 0 0 0 0 0 0 0 0 0 0 20 14 0 0 0 0 0 0 0 0 0 0 0 0 0 0 0 0 0 15 0 0 0 0 0 11 0 2 0 0 0 0 0 30 17 0 7 0 0 0 0 0 0 0 8 0 0 7 17 0 30 0 
20 23 0 0 0 0 0 13 0 0 0 0 12 23 0 0 0 10 0 0 0 0 26 9 0 0 13 0 0 0 0 0 0 27 0 0 0 0 0 0 0 19 0 0 0 0 0 30 0 0 0 0 0 0 0 0 0 0 0 2 0 0 15 0 1 0 0 0 0 0 
0 0 0 3 0 0 0 0 11 0 0 0 3 0 0 26 0 0 0 30 0 0 0 0 0 18 11 0 26 0 0 0 29 0 0 0 0 0 0 0 19 0 0 0 0 12 0 0 0 0 0 0 0 0 0 14 0 0 0 0 0 0 0 2 0 0 0 26 0 0 
0 0 24 0 0 0 0 0 0 0 0 0 0 0 0 0 0 18 13 0 0 5 0 24 0 0 0 0 0 0 8 0 15 0 0 0 0 0 1 0 0 0 0 0 0 0 0 0 0 12 0 3 0 0 0 0 0 8 0 0 0 0 0 0 0 0 0 0 0 0 
0 0 6 0 0 0 0 0 0 0 0 19 0 0 4 10 0 0 0 0 0 0 0 25 0 0 17 0 0 0 0 16 0 0 0 0 0 0 0 0 0 2 0 0 0 3 0 0 0 0 0 0 0 0 3 0 0 0 0 24 0 3 0 0 0 0 0 0 0 0 
0 0 0 0 0 0 0 0 0 0 0 15 0 0 0 0 0 0 0 0 3 0 0 26 0 0 0 0 5 0 0 0 0 0 0 0 25 0 27 29 0 1 0 0 0 0 16 0 0 0 0 0 18 0 21 0 0 0 0 0 0 15 0 27 0 0 0 0 0 29 
0 0 0 13 7 6 0 0 0 27 16 0 0 0 0 14 0 0 0 0 5 0 0 0 8 0 0 2 0 0 0 0 0 0 0 0 0 0 0 29 0 19 0 0 0 0 0 0 0 0 11 0 0 0 0 0 0 0 16 0 0 0 0 0 0 0 0 29 0 0 
0 0 0 0 0 0 0 22 28 0 0 0 0 0 0 0 0 0 0 0 20 0 0 0 9 0 0 0 0 0 29 0 0 0 0 24 0 0 13 0 0 0 0 0 0 0 0 0 0 0 20 0 0 0 0 0 9 0 0 25 0 0 0 0 0 0 0 0 27 0 
0 0 0 0 0 0 0 0 0 20 0 0 0 0 0 0 8 0 0 0 0 0 0 0 0 0 0 0 0 19 0 5 0 0 0 0 0 0 17 0 0 0 6 0 0 0 0 0 0 0 15 0 0 0 0 26 0 0 0 17 0 27 0 0 0 0 0 0 0 0 
0 2 0 0 0 0 0 11 0 0 0 0 0 0 0 0 0 0 0 0 0 0 0 0 0 16 0 5 0 0 0 0 0 0 0 0 0 0 5 0 6 0 0 0 0 0 0 0 0 5 0 0 0 0 0 0 0 19 0 0 0 0 0 0 0 0 0 27 0 0 
0 3 0 18 0 0 0 0 0 17 0 0 0 0 0 0 0 0 10 0 0 10 0 0 0 0 3 6 0 0 0 0 0 0 0 0 0 0 0 7 0 0 0 0 0 0 0 0 29 0 0 2 0 0 0 0 0 0 0 0 0 0 0 0 0 0 22 0 0 0 
0 0 0 0 0 0 0 7 12 0 0 0 0 0 0 0 0 30 0 0 25 0 0 0 0 0 0 5 0 20 23 0 0 0 21 0 18 0 0 0 0 0 0 0 1 0 0 0 0 0 12 0 20 23 0 0 5 0 0 0 0 18 0 0 0 0 0 0 0 15 
18 0 0 0 0 0 0 0 0 0 0 5 0 0 0 9 0 0 0 0 20 0 0 0 0 0 0 0 0 0 0 0 0 9 0 0 0 0 0 9 0 0 0 0 0 0 0 23 0 0 0 0 0 0 0 0 0 0 0 0 6 0 0 0 0 0 0 0 0 0 
0 0 29 0 0 16 0 0 0 0 0 0 0 0 22 0 0 0 0 0 0 0 0 0 0 0 0 1 0 0 0 0 6 0 5 22 0 0 0 0 0 0 0 0 20 0 13 25 0 0 0 0 5 0 0 0 0 0 0 0 0 0 0 1 0 0 0 0 0 0 
0 0 0 26 0 0 0 0 0 13 0 0 0 0 0 0 0 0 0 0 2 0 0 15 11 15 0 0 21 21 0 0 16 16 19 0 23 0 0 0 0 0 0 9 0 0 0 0 6 0 0 0 0 0 0 0 0 0 24 0 0 0 23 0 0 0 0 0 10 5 
0 12 0 0 0 0 0 0 0 0 0 2 5 0 21 0 0 0 0 6 0 18 0 0 15 0 8 0 0 0 0 0 0 0 15 0 15 0 0 0 0 0 0 0 0 0 0 7 0 0 0 0 0 0 0 26 0 0 24 0 0 0 0 0 30 0 6 28 0 0 
0 0 22 19 0 9 0 0 0 9 0 0 0 0 0 0 0 0 0 0 0 0 16 0 0 24 0 0 0 0 0 0 0 15 28 0 0 0 0 0 0 30 0 0 0 22 0 0 0 0 0 0 0 0 0 0 0 0 0 0 0 23 0 0 0 15 10 28 27 0 
0 23 0 0 0 0 0 0 0 0 19 21 0 0 27 0 0 0 0 0 0 0 26 3 0 0 0 28 0 0 0 18 0 0 0 0 0 0 25 1 0 0 0 0 0 0 0 0 0 7 0 6 17 8 0 0 0 0 0 0 0 13 0 9 0 0 0 0 0 0 
10 0 0 0 13 13 0 0 0 0 20 10 0 0 0 0 22 0 11 0 0 0 0 0 0 1 0 0 0 0 0 26 16 0 0 0 0 0 0 0 0 0 0 0 0 0 0 0 25 0 0 0 1 15 0 0 0 0 0 0 0 0 0 0 0 12 0 0 0 0 
0 0 0 0 6 0 0 0 0 0 0 0 0 0 0 0 0 0 0 0 0 0 0 0 0 0 0 0 0 0 0 0 1 0 0 0 0 19 0 0 0 20 0 0 0 0 28 23 0 0 0 0 0 0 0 0 0 0 0 0 3 15 0 0 6 0 0 0 0 0 
18 0 0 0 28 3 0 0 7 0 0 7 0 14 0 19 28 1 0 0 0 0 0 0 0 0 6 0 0 0 0 0 4 0 0 0 0 0 0 0 25 27 0 0 0 0 0 0 11 0 0 0 0 0 0 0 0 0 0 0 0 0 0 0 0 0 0 19 0 9 
0 0 0 0 9 0 0 5 0 0 0 13 0 0 0 0 10 5 0 0 0 0 4 0 15 0 0 0 0 0 0 0 0 12 0 0 0 0 0 0 0 0 0 0 0 0 0 25 23 11 0 0 0 0 0 0 0 0 28 0 0 0 12 0 0 0 2 9 0 0 
0 0 0 26 0 0 0 18 0 24 7 0 23 0 0 0 0 0 17 0 1 1 0 22 0 0 0 0 6 0 0 0 0 21 0 24 0 20 0 0 27 25 0 0 0 29 0 0 0 0 0 0 0 0 0 0 0 0 2 0 0 0 0 0 26 28 2 22 0 0 
0 3 26 0 0 6 19 0 0 0 0 0 0 0 0 0 0 0 0 0 0 16 0 0 18 0 0 0 0 2 0 0 0 1 0 0 0 0 0 30 0 8 0 0 0 0 0 0 0 0 0 0 0 0 29 0 0 0 12 0 0 16 0 0 10 0 0 0 0 0 
0 11 0 0 0 20 0 0 0 0 0 18 0 0 0 0 6 0 4 0 0 6 0 0 0 0 0 15 0 0 0 0 0 15 0 14 0 0 0 14 0 0 0 0 0 28 0 0 0 0 0 14 23 0 0 0 0 0 0 0 0 0 0 0 0 0 0 0 0 0 
0 0 0 0 0 0 0 12 0 0 0 0 9 0 0 0 0 29 0 0 0 0 0 4 30 18 0 0 0 9 0 0 0 0 0 0 0 0 0 0 0 0 0 0 0 0 0 0 27 0 0 0 0 13 0 27 0 0 0 0 0 0 0 0 0 26 0 0 27 0 
20 0 15 0 0 0 0 0 0 0 15 22 0 0 4 0 0 0 0 0 0 0 0 0 0 0 0 29 0 1 21 0 0 0 0 0 0 0 0 17 0 0 0 0 0 0 0 0 0 0 0 0 16 0 0 8 0 0 0 0 0 0 0 0 1 0 0 3 0 0 
0 0 0 0 18 0 0 0 0 0 15 0 0 1 23 0 0 0 0 0 0 0 0 0 21 0 0 0 0 0 0 6 0 0 8 0 25 0 0 0 0 0 0 0 0 0 23 0 0 0 0 0 0 0 0 0 0 0 2 14 0 15 0 0 26 0 0 0 0 0 
0 0 0 0 0 14 3 0 0 2 21 0 15 0 0 7 0 0 0 19 0 0 0 0 0 2 0 0 0 0 0 0 19 0 0 0 8 0 0 0 0 0 0 0 5 12 0 1 0 0 0 0 0 0 0 0 0 0 0 0 0 0 0 0 14 0 15 0 0 0 
0 0 0 0 0 0 16 0 0 0 0 0 0 0 0 0 21 17 0 0 3 0 0 0 0 17 0 0 0 8 0 0 0 26 0 4 0 6 0 27 0 22 7 0 0 16 0 0 27 23 0 0 0 0 8 0 0 0 0 0 0 0 0 0 0 0 0 11 0 0 
0 0 0 0 0 15 0 6 0 27 3 0 0 0 25 0 6 0 0 0 0 0 0 0 0 0 0 0 0 1 0 0 0 0 0 0 10 0 0 0 0 0 0 0 0 1 0 0 29 0 10 10 0 0 0 0 11 0 0 0 0 0 0 0 0 0 0 16 0 18 
0 0 0 0 0 0 0 0 0 4 0 0 0 0 0 9 0 0 0 0 0 0 0 2 0 0 0 0 0 0 0 0 23 0 0 0 0 0 0 0 0 0 16 0 0 0 0 0 0 11 0 9 0 0 0 0 0 0 0 0 0 0 0 0 10 0 22 0 2 0 
7 0 0 0 0 0 22 0 0 0 16 0 0 8 17 0 24 0 20 0 0 0 0 0 11 0 2 0 0 0 0 0 0 10 0 0 0 0 0 0 19 0 0 0 0 0 0 0 0 6 20 0 0 25 0 15 0 4 0 27 0 0 0 0 0 6 27 0 13 0 
0 0 0 0 0 0 0 0 15 28 4 0 0 0 0 11 10 0 0 0 0 0 0 0 0 0 0 0 19 0 26 0 0 0 0 0 0 0 0 0 0 0 19 0 0 0 0 8 19 0 0 12 22 0 0 0 4 0 0 0 19 24 12 0 0 0 0 0 10 0 
2 26 0 0 15 27 0 0 0 0 0 0 0 0 0 0 0 0 0 0 0 0 0 0 0 0 0 21 0 0 0 0 0 0 0 0 0 0 0 0 0 0 0 5 0 13 0 0 0 0 21 0 0 0 29 0 0 18 0 23 0 0 0 0 18 0 0 4 0 0 
0 6 0 0 0 25 0 27 0 0 0 0 0 0 11 0 0 10 0 0 0 0 0 0 0 0 0 0 0 0 0 0 0 0 0 0 0 0 24 0 0 0 0 0 0 0 0 0 0 0 0 0 0 0 0 13 11 0 0 0 0 0 0 0 0 0 0 0 0 0 
22 15 0 0 22 0 0 0 0 2 0 0 0 0 0 0 0 0 20 0 0 17 0 3 0 0 0 0 0 0 0 0 0 5 0 6 0 2 0 0 0 22 0 12 0 0 0 0 0 0 0 10 0 0 0 0 0 18 0 0 21 0 0 12 0 0 21 0 0 0 
0 0 0 0 0 0 0 0 0 0 0 0 0 0 0 0 0 0 0 0 0 0 0 0 0 28 0 0 0 0 0 0 6 0 24 0 0 0 0 0 0 0 0 0 6 0 9 3 0 0 0 0 0 0 0 0 0 11 19 0 0 0 0 0 0 0 0 0 21 0 
0 0 9 0 0 0 0 0 0 1 0 0 19 0 0 9 0 0 0 0 0 0 0 0 15 0 0 0 0 0 20 0 0 0 0 0 0 0 0 0 0 14 0 0 26 0 0 0 0 0 0 4 0 0 0 0 0 4 0 24 0 0 0 29 0 0 0 0 0 0 
0 0 0 0 0 5 0 0 0 0 0 0 0 0 0 5 27 0 9 0 21 0 21 0 0 0 0 13 0 0 0 0 27 0 0 0 0 7 0 0 0 0 0 0 0 7 7 0 0 0 0 30 0 0 0 0 0 0 9 0 0 1 0 0 0 14 0 11 18 0 
0 0 14 16 0 4 0 0 0 0 0 0 6 0 0 0 0 0 1 0 0 0 0 0 16 0 25 0 0 15 0 19 12 25 0 13 27 0 0 2 0 0 0 13 0 0 0 0 0 0 0 12 10 19 0 29 0 0 0 0 0 0 24 0 23 0 15 0 8 0 
0 0 4 13 0 0 0 0 0 0 0 0 0 0 17 0 0 5 0 0 0 0 0 0 15 0 0 7 6 0 0 0 0 0 0 0 0 0 0 0 0 0 0 0 7 0 0 0 6 0 0 29 0 0 0 0 23 0 0 19 0 0 0 0 26 0 0 0 0 0 
0 20 0 2 0 0 0 0 0 18 1 0 0 0 0 0 0 0 0 0 0 0 25 0 0 19 0 0 0 0 0 0 0 0 0 0 0 0 9 0 16 0 0 2 0 0 12 0 0 0 0 10 0 0 0 0 0 0 0 0 0 0 0 0 0 0 0 22 0 0 
0 0 0 0 0 11 0 0 12 0 0 0 0 7 0 0 0 0 0 0 0 0 10 0 0 0 0 29 0 0 0 0 0 0 0 0 0 0 0 0 6 0 0 0 0 0 0 0 0 0 27 0 10 0 10 0 4 0 4 3 0 0 16 0 0 13 0 0 0 0 
0 0 11 0 0 0 12 0 0 0 0 0 0 0 0 0 0 0 0 0 0 0 0 0 0 18 0 0 0 0 0 0 0 0 27 12 0 0 0 0 0 0 0 0 0 25 0 19 28 0 0 20 0 0 0 0 0 0 0 0 0 0 0 0 0 0 0 0 0 1 
0 15 0 0 0 0 0 2 0 0 0 0 0 0 30 0 0 0 0 0 3 0 0 0 0 11 0 0 0 24 24 0 27 0 26 0 0 0 0 0 0 0 4 0 0 17 0 0 0 0 0 25 28 0 0 0 0 0 30 0 13 0 0 0 0 0 0 0 0 0 
0 0 0 0 0 0 0 0 0 0 0 0 16 0 0 0 0 0 0 0 0 17 23 0 0 0 0 0 0 7 0 0 0 0 12 0 0 0 0 0 0 0 18 0 0 10 0 0 0 0 0 18 5 0 0 0 0 0 0 9 0 9 0 0 0 0 0 16 0 0 
2 0 0 0 0 2 0 0 0 0 0 0 0 0 0 0 0 23 24 0 19 15 0 23 0 0 0 0 0 2 0 0 0 0 0 0 11 0 0 27 0 10 22 0 0 0 0 22 0 0 0 0 0 2 16 0 0 0 0 0 0 19 0 0 9 0 0 0 0 0 
0 0 0 0 17 0 0 0 0 0 5 24 0 0 0 0 0 0 0 0 0 24 0 19 0 0 0 0 0 0 0 0 0 7 0 5 0 0 0 0 0 28 0 0 0 0 0 0 0 0 0 0 0 0 0 0 28 0 21 0 0 0 0 0 0 0 0 0 0 8 
0 6 0 0 0 0 27 0 0 0 0 12 22 0 0 19 1 0 20 0 0 0 0 0 0 7 0 26 0 0 0 21 0 12 0 0 0 0 0 0 0 15 0 27 27 0 0 0 0 0 0 0 0 0 0 0 0 24 0 0 0 0 0 0 0 0 0 0 0 0 
0 0 0 0 0 0 21 0 29 0 0 24 0 26 5 2 0 23 0 0 0 0 0 0 0 0 0 0 3 0 0 0 0 0 0 0 0 0 12 0 0 0 0 2 11 3 0 18 0 0 0 0 0 0 20 0 9 16 0 0 5 0 0 27 0 0 0 0 0 0 
0 0 28 0 0 0 0 0 0 0 29 0 2 0 0 0 0 0 0 0 0 0 0 0 0 0 0 7 0 0 0 0 0 5 20 0 0 0 0 15 0 0 9 0 0 0 0 20 0 11 0 0 0 0 0 0 0 0 0 0 14 0 28 2 0 5 13 5 0 0 
16 0 0 0 0 0 0 0 21 0 0 18 0 27 5 0 0 0 0 0 0 0 0 0 0 0 0 0 0 0 0 0 3 18 0 0 0 0 0 0 0 22 0 9 0 0 0 0 0 0 0 0 0 0 0 0 15 0 0 0 0 0 0 0 0 0 0 0 0 0 
0 0 21 20 5 0 10 25 0 0 0 4 0 0 16 0 20 0 0 10 6 20 0 10 24 0 0 0 15 9 0 0 0 0 0 0 25 20 28 0 0 0 0 15 0 0 0 0 0 0 9 0 0 0 0 0 0 9 15 21 0 0 0 0 0 0 0 0 0 0 
27 7 0 0 17 3 0 0 0 0 0 0 0 0 23 0 0 17 0 4 0 0 0 0 0 0 30 0 0 0 0 0 0 0 19 0 0 0 0 0 0 0 0 18 21 0 6 0 0 0 24 4 0 0 0 0 0 0 0 0 0 0 0 26 0 2 10 14 11 0 
0 0 19 0 0 0 0 0 0 25 0 0 0 0 0 0 0 0 3 0 0 0 11 0 0 0 0 0 0 0 14 0 0 6 7 0 0 0 0 0 0 0 7 23 0 14 0 0 0 0 0 0 0 0 1 0 23 0 27 0 0 0 0 11 0 0 0 0 0 25 
28 0 0 0 1 0 1 0 10 0 0 0 6 0 0 27 0 0 0 0 0 0 19 0 6 0 0 0 0 0 0 0 0 0 0 0 0 0 0 0 0 4 0 0 0 0 0 0 0 0 0 0 0 0 0 0 0 0 0 0 0 23 0 0 0 0 0 0 0 0 
0 20 0 0 0 24 26 0 0 0 0 0 0 0 0 0 0 28 0 0 0 0 27 0 0 0 0 0 3 1 0 0 0 0 0 0 0 9 0 0 0 0 0 0 0 0 23 0 0 0 0 0 0 0 0 0 0 0 0 0 20 0 0 1 0 0 0 0 0 0 
0 0 0 0 25 0 0 0 0 23 0 0 0 0 2 0 0 17 0 0 0 0 0 0 0 0 0 0 0 0 0 18 0 0 0 0 0 0 0 0 0 0 0 7 0 0 0 0 10 28 0 2 0 12 8 0 0 2 0 0 0 0 0 0 0 24 0 29 0 0 
0 0 0 0 17 0 0 0 0 0 27 0 0 29 0 0 0 0 0 0 0 4 0 0 14 0 0 19 0 0 0 3 0 0 0 0 27 17 3 0 7 2 0 0 0 23 0 0 0 13 0 0 0 0 0 0 0 0 0 0 0 0 0 6 2 0 19 0 27 24 
0 0 0 0 0 0 0 0 28 10 0 0 0 0 0 0 0 0 0 0 0 0 0 0 0 16 0 4 0 6 0 4 11 0 11 0 27 0 4 0 0 0 0 12 25 0 0 0 1 0 0 0 0 0 0 8 0 0 0 0 0 17 0 0 0 0 28 0 0 0 
18 0 0 0 15 0 0 0 0 17 27 20 0 0 0 23 0 0 0 20 29 11 0 0 2 0 0 0 0 0 0 0 0 0 0 0 0 27 0 0 0 0 0 0 0 0 0 0 0 0 0 0 0 10 0 0 23 0 0 0 0 0 28 0 0 28 0 0 0 0 
0 0 26 0 5 0 26 0 10 0 0 0 0 0 0 0 0 2 0 0 0 0 0 0 0 0 0 0 0 0 0 12 0 0 0 0 0 0 0 0 0 0 25 0 15 0 0 0 4 0 5 0 0 0 0 0 0 0 0 0 0 0 0 0 0 0 0 0 0 0 
0 3 0 0 0 0 0 4 0 4 14 0 0 3 0 0 0 0 26 0 0 0 0 26 0 0 0 0 18 0 0 0 7 7 0 0 0 0 0 0 0 0 0 25 0 0 0 0 0 14 20 0 0 0 0 0 0 0 0 0 0 0 0 0 28 0 21 0 0 0 
0 0 0 0 0 4 0 0 29 0 0 0 0 0 0 0 19 0 0 0 0 0 0 0 17 6 0 0 14 0 0 0 0 30 20 0 0 0 0 20 0 0 6 0 0 0 0 0 24 0 0 0 7 0 0 0 0 0 22 0 0 13 0 13 0 13 0 0 0 0 
0 12 0 0 0 0 0 0 0 0 0 0 0 0 0 16 0 28 8 0 0 0 0 0 4 0 0 0 0 0 0 10 0 22 0 0 0 0 0 0 0 0 0 3 0 0 0 0 10 0 0 0 29 0 1 0 21 0 0 0 0 0 0 0 0 0 6 0 0 0 
0 0 0 0 0 0 0 26 0 0 0 29 0 0 0 0 0 0 0 0 25 0 0 0 22 0 0 3 0 0 0 0 0 0 0 0 22 0 0 0 0 0 0 0 0 0 0 0 27 0 3 0 0 0 0 0 0 0 4 0 28 16 22 9 0 0 13 0 0 0 
0 0 0 0 0 0 0 0 4 0 0 0 0 0 0 0 0 0 0 0 0 9 0 0 0 0 2 12 0 0 0 0 0 0 10 0 0 0 0 0 0 0 0 13 0 0 0 2 10 0 0 0 3 13 0 0 0 0 0 0 0 28 0 0 0 0 0 0 6 0 
