70

0 0 1 0 0 0 0 0 0 0 0 0 0 1 0 0 0 0 1 0 0 0 0 0 0 0 0 1 1 1 0 0 0 0 1 0 0 0 0 0 0 0 0 0 0 0 0 0 1 0 1 1 0 0 0 1 0 0 1 0 0 0 0 1 1 0 1 0 0 0 
0 0 1 0 1 0 0 0 0 0 0 0 0 1 0 0 0 0 0 0 0 0 0 0 0 0 0 0 0 0 0 0 0 0 0 1 0 0 0 0 1 1 0 0 1 0 0 0 0 1 0 0 1 0 0 0 0 0 1 0 1 0 0 0 0 0 1 0 0 0 
1 1 0 0 0 0 0 0 1 0 1 0 0 0 0 0 1 0 0 0 0 0 0 1 0 1 0 1 0 0 1 0 0 0 0 0 0 0 1 0 0 0 0 0 0 0 0 0 0 0 0 0 0 1 0 0 1 1 0 0 0 0 0 0 0 0 1 0 1 0 
0 0 0 0 0 1 0 0 0 0 0 1 0 0 0 1 0 0 1 0 1 0 0 0 0 0 1 0 0 0 0 1 0 0 0 0 0 0 0 0 0 0 0 0 0 0 0 1 0 0 0 0 1 0 1 0 0 0 1 0 0 0 0 0 0 0 0 1 0 1 
0 1 0 0 0 0 0 0 1 1 0 1 0 0 0 0 0 0 0 0 1 0 0 0 0 0 0 0 0 0 0 0 0 0 0 0 0 0 0 0 0 0 0 0 1 0 0 0 0 0 0 0 0 1 0 0 0 0 0 0 0 0 0 0 0 0 1 0 1 1 
0 0 0 1 0 0 0 1 0 0 1 0 0 0 0 1 0 1 0 0 0 0 0 0 1 0 0 0 0 0 1 0 0 1 0 0 0 0 0 0 0 0 0 0 0 0 0 1 0 1 1 0 0 0 0 1 0 1 1 0 0 0 0 0 0 0 1 1 1 0 
0 0 0 0 0 0 0 0 0 0 1 0 1 0 1 0 0 0 0 0 0 1 0 0 0 1 0 0 1 1 0 0 0 0 0 0 0 1 0 0 0 1 0 0 0 1 0 0 0 0 0 0 0 0 0 0 0 0 0 0 0 1 1 0 0 1 0 0 0 0 
0 0 0 0 0 1 0 0 1 0 0 1 1 0 0 0 0 1 0 0 0 0 0 0 0 0 1 0 1 0 0 0 0 0 1 0 1 1 0 0 0 0 0 1 1 0 0 0 0 1 0 0 0 0 0 0 0 1 0 0 0 1 0 0 0 0 1 0 0 0 
0 0 1 0 1 0 0 1 0 0 0 1 0 0 0 0 1 0 0 0 0 0 0 0 0 0 0 0 1 1 1 0 0 0 1 0 0 0 1 0 0 1 0 0 0 0 0 0 1 0 1 0 0 0 0 0 0 0 1 0 0 1 0 0 0 1 0 1 1 0 
0 0 0 0 1 0 0 0 0 0 0 0 0 1 1 0 0 0 0 0 0 0 0 0 0 0 1 0 0 0 0 0 0 0 1 0 1 0 0 0 0 0 0 1 0 0 0 0 0 0 0 0 1 0 1 0 0 0 0 0 0 1 0 1 0 0 0 0 0 0 
0 0 1 0 0 1 1 0 0 0 0 0 1 0 0 0 0 0 0 0 0 0 0 1 0 0 0 0 0 0 0 1 1 0 1 0 0 0 0 0 0 0 0 1 0 0 0 1 0 1 0 0 0 0 0 1 0 0 0 0 0 1 0 0 0 1 0 0 0 0 
0 0 0 1 1 0 0 1 1 0 0 0 0 0 0 1 0 0 0 1 0 0 0 0 0 0 1 1 0 0 0 0 1 0 0 0 0 0 0 0 0 0 0 0 0 0 0 0 1 1 1 0 0 0 0 0 1 0 0 1 0 0 0 0 0 0 0 0 1 0 
0 0 0 0 0 0 1 1 0 0 1 0 0 0 0 0 0 0 0 0 0 0 0 0 0 1 0 0 1 0 0 0 0 0 0 0 0 1 1 0 0 0 0 0 0 0 1 0 1 1 0 0 1 0 1 0 0 0 0 0 1 0 0 0 0 1 0 0 0 0 
1 1 0 0 0 0 0 0 0 1 0 0 0 0 0 1 1 0 0 0 1 0 0 0 1 1 1 0 1 0 0 0 1 0 0 0 0 0 0 0 0 0 0 0 0 0 1 0 0 0 1 0 1 1 0 1 0 0 0 0 0 0 0 0 0 0 0 0 1 0 
0 0 0 0 0 0 1 0 0 1 0 0 0 0 0 1 0 0 0 1 0 0 0 0 0 0 0 0 1 0 0 0 1 0 1 0 0 0 0 0 0 0 1 0 0 1 0 0 0 0 0 0 0 0 0 0 1 0 0 1 0 0 0 0 0 0 0 0 1 0 
0 0 0 1 0 1 0 0 0 0 0 1 0 1 1 0 1 1 0 1 0 0 1 0 0 0 0 0 0 0 0 0 0 0 0 0 0 0 0 0 0 0 1 1 0 0 0 0 0 1 1 0 1 1 1 1 1 0 0 0 1 0 1 1 0 1 0 0 0 0 
0 0 1 0 0 0 0 0 1 0 0 0 0 1 0 1 0 0 1 1 0 1 1 1 0 0 0 0 0 0 0 0 0 0 0 0 0 0 0 0 0 0 1 0 1 0 0 0 1 0 1 0 0 1 0 0 0 0 0 0 0 0 0 0 0 1 0 0 1 0 
0 0 0 0 0 1 0 1 0 0 0 0 0 0 0 1 0 0 1 0 0 0 0 0 1 0 0 1 0 1 0 0 1 0 0 0 0 0 1 0 1 0 1 0 0 0 0 1 0 0 0 1 1 0 1 0 0 0 0 0 0 0 0 0 1 0 0 0 0 0 
1 0 0 1 0 0 0 0 0 0 0 0 0 0 0 0 1 1 0 0 1 1 0 1 0 0 0 1 0 1 0 0 0 0 0 1 0 0 0 0 0 1 0 1 0 0 0 0 0 0 0 0 0 0 0 0 0 0 1 0 0 0 0 1 0 0 0 0 0 0 
0 0 0 0 0 0 0 0 0 0 0 1 0 0 1 1 1 0 0 0 0 0 1 0 0 0 0 0 0 0 0 0 0 0 0 0 0 0 0 0 1 1 0 0 0 0 1 0 0 0 1 1 0 0 0 0 0 0 0 0 0 0 0 1 1 0 1 0 0 0 
0 0 0 1 1 0 0 0 0 0 0 0 0 1 0 0 0 0 1 0 0 0 0 0 0 1 0 0 0 0 0 0 0 0 0 0 1 0 0 0 0 0 1 0 0 0 0 0 1 0 0 0 0 1 0 0 0 1 0 0 1 0 0 0 0 0 1 0 1 0 
0 0 0 0 0 0 1 0 0 0 0 0 0 0 0 0 1 0 1 0 0 0 0 1 0 1 0 0 0 0 0 0 0 0 0 0 0 0 0 0 0 0 0 1 0 0 1 0 0 0 0 1 0 0 0 1 0 0 0 0 0 1 0 0 0 0 0 0 0 0 
0 0 0 0 0 0 0 0 0 0 0 0 0 0 0 1 1 0 0 1 0 0 0 0 0 0 1 0 0 0 0 0 0 1 1 0 0 0 0 0 0 0 0 0 0 0 0 1 0 0 0 0 0 0 0 0 0 0 0 0 0 0 1 1 1 0 0 0 0 0 
0 0 1 0 0 0 0 0 0 0 1 0 0 0 0 0 1 0 1 0 0 1 0 0 0 0 0 0 1 0 0 0 0 0 1 0 0 1 0 0 0 0 0 0 0 0 0 0 0 0 0 0 1 0 1 0 0 0 1 0 1 0 0 0 0 0 0 0 0 0 
0 0 0 0 0 1 0 0 0 0 0 0 0 1 0 0 0 1 0 0 0 0 0 0 0 0 0 0 0 0 0 0 0 1 0 1 0 0 0 1 0 0 0 1 1 0 0 0 1 0 0 0 0 1 1 0 1 0 0 0 1 0 0 0 0 0 0 0 0 0 
0 0 1 0 0 0 1 0 0 0 0 0 1 1 0 0 0 0 0 0 1 1 0 0 0 0 0 0 0 0 0 0 0 0 0 0 0 1 0 0 0 0 0 0 0 0 0 0 0 0 1 0 0 0 0 0 0 1 1 0 0 0 0 0 0 0 0 0 0 0 
0 0 0 1 0 0 0 1 0 1 0 1 0 1 0 0 0 0 0 0 0 0 1 0 0 0 0 0 0 0 0 0 0 0 1 0 0 0 0 0 0 0 0 0 0 0 0 1 1 0 0 0 0 0 0 0 0 0 1 1 0 0 0 1 0 0 0 0 0 0 
1 0 1 0 0 0 0 0 0 0 0 1 0 0 0 0 0 1 1 0 0 0 0 0 0 0 0 0 0 1 0 0 0 0 0 0 0 0 0 0 0 0 0 0 1 0 1 0 0 0 1 0 1 0 1 0 0 0 0 0 1 1 1 1 0 0 0 0 0 0 
1 0 0 0 0 0 1 1 1 0 0 0 1 1 1 0 0 0 0 0 0 0 0 1 0 0 0 0 0 0 1 0 0 0 0 0 0 0 0 0 0 1 0 1 0 0 0 0 0 0 0 0 0 0 0 0 0 1 0 0 1 0 0 0 0 0 0 0 0 0 
1 0 0 0 0 0 1 0 1 0 0 0 0 0 0 0 0 1 1 0 0 0 0 0 0 0 0 1 0 0 0 0 0 0 1 0 1 1 0 0 0 0 1 0 0 0 0 0 0 0 1 0 0 1 0 1 0 0 0 0 0 0 0 0 0 0 0 0 1 0 
0 0 1 0 0 1 0 0 1 0 0 0 0 0 0 0 0 0 0 0 0 0 0 0 0 0 0 0 1 0 0 1 1 1 0 0 0 0 0 0 1 0 0 1 0 0 1 0 1 0 0 0 1 0 0 1 0 0 0 0 0 0 0 0 1 0 0 0 0 1 
0 0 0 1 0 0 0 0 0 0 1 0 0 0 0 0 0 0 0 0 0 0 0 0 0 0 0 0 0 0 1 0 0 0 0 0 0 0 1 0 0 0 1 0 0 0 0 0 0 0 0 0 0 1 0 0 0 1 0 0 0 0 1 0 0 1 1 0 0 0 
0 0 0 0 0 0 0 0 0 0 1 1 0 1 1 0 0 1 0 0 0 0 0 0 0 0 0 0 0 0 1 0 0 0 0 0 0 0 0 1 0 0 0 0 0 0 0 0 0 0 0 0 1 0 0 0 0 1 0 1 0 0 0 1 1 1 0 0 0 1 
0 0 0 0 0 1 0 0 0 0 0 0 0 0 0 0 0 0 0 0 0 0 1 0 1 0 0 0 0 0 1 0 0 0 0 0 0 0 0 0 0 0 0 0 0 0 0 0 0 0 0 1 0 0 0 0 0 0 0 1 0 0 0 0 1 1 0 1 0 0 
1 0 0 0 0 0 0 1 1 1 1 0 0 0 1 0 0 0 0 0 0 0 1 1 0 0 1 0 0 1 0 0 0 0 0 1 0 0 0 0 0 0 0 0 0 0 0 0 0 0 0 0 1 0 0 0 1 1 0 0 0 1 0 0 0 1 0 0 1 0 
0 1 0 0 0 0 0 0 0 0 0 0 0 0 0 0 0 0 1 0 0 0 0 0 1 0 0 0 0 0 0 0 0 0 1 0 1 0 0 0 0 0 1 0 0 0 0 1 0 0 0 0 0 0 0 0 0 0 0 0 1 0 0 0 0 0 1 1 0 0 
0 0 0 0 0 0 0 1 0 1 0 0 0 0 0 0 0 0 0 0 1 0 0 0 0 0 0 0 0 1 0 0 0 0 0 1 0 0 0 1 0 0 0 1 1 0 0 0 0 1 1 0 0 0 0 0 1 0 0 0 0 1 1 1 1 0 0 0 0 0 
0 0 0 0 0 0 1 1 0 0 0 0 1 0 0 0 0 0 0 0 0 0 0 1 0 1 0 0 0 1 0 0 0 0 0 0 0 0 1 0 0 1 0 1 1 0 0 0 1 0 1 0 0 0 0 1 0 0 0 0 0 1 1 0 0 0 0 0 0 1 
0 0 1 0 0 0 0 0 1 0 0 0 1 0 0 0 0 1 0 0 0 0 0 0 0 0 0 0 0 0 0 1 0 0 0 0 0 1 0 0 0 0 1 0 0 1 1 0 0 1 0 0 1 0 0 1 1 0 0 0 0 1 0 0 0 0 0 0 0 0 
0 0 0 0 0 0 0 0 0 0 0 0 0 0 0 0 0 0 0 0 0 0 0 0 1 0 0 0 0 0 0 0 1 0 0 0 1 0 0 0 0 0 1 1 0 0 0 0 1 0 0 1 0 0 0 0 0 0 0 0 0 0 0 0 0 0 0 0 0 0 
0 1 0 0 0 0 0 0 0 0 0 0 0 0 0 0 0 1 0 1 0 0 0 0 0 0 0 0 0 0 1 0 0 0 0 0 0 0 0 0 0 0 0 1 0 0 0 0 0 0 0 0 0 0 1 0 0 0 1 0 1 0 0 0 1 0 1 0 0 0 
0 1 0 0 0 0 1 0 1 0 0 0 0 0 0 0 0 0 1 1 0 0 0 0 0 0 0 0 1 0 0 0 0 0 0 0 0 1 0 0 0 0 1 0 0 1 0 0 0 0 0 0 0 0 0 1 1 0 0 0 0 1 0 0 0 1 0 0 0 0 
0 0 0 0 0 0 0 0 0 0 0 0 0 0 1 1 1 1 0 0 1 0 0 0 0 0 0 0 0 1 0 1 0 0 0 1 0 0 1 1 0 1 0 0 1 0 0 0 0 1 0 0 0 0 1 0 0 0 0 0 0 1 1 1 1 0 0 0 0 0 
0 0 0 0 0 0 0 1 0 1 1 0 0 0 0 1 0 0 1 0 0 1 0 0 1 0 0 0 1 0 1 0 0 0 0 0 1 1 0 1 1 0 0 0 0 1 0 0 0 0 0 0 0 0 0 0 0 0 0 0 0 0 1 0 1 0 0 0 0 0 
0 1 0 0 1 0 0 1 0 0 0 0 0 0 0 0 1 0 0 0 0 0 0 0 1 0 0 1 0 0 0 0 0 0 0 0 1 1 0 0 0 0 1 0 0 0 0 0 1 0 1 1 1 1 0 1 0 0 0 0 0 0 0 1 0 0 0 0 0 1 
0 0 0 0 0 0 1 0 0 0 0 0 0 0 1 0 0 0 0 0 0 0 0 0 0 0 0 0 0 0 0 0 0 0 0 0 0 0 1 0 0 1 0 1 0 0 0 0 0 1 1 0 0 1 0 1 1 0 0 1 0 0 0 1 0 0 1 0 1 0 
0 0 0 0 0 0 0 0 0 0 0 0 1 1 0 0 0 0 0 1 0 1 0 0 0 0 0 1 0 0 1 0 0 0 0 0 0 0 1 0 0 0 0 0 0 0 0 0 0 0 1 0 0 0 0 0 1 1 0 0 0 1 0 0 0 0 1 0 1 0 
0 0 0 1 0 1 0 0 0 0 1 0 0 0 0 0 0 1 0 0 0 0 1 0 0 0 1 0 0 0 0 0 0 0 0 1 0 0 0 0 0 0 0 0 0 0 0 0 0 1 1 1 1 0 0 0 0 1 0 0 0 0 1 0 0 1 0 0 1 0 
1 0 0 0 0 0 0 0 1 0 0 1 1 0 0 0 1 0 0 0 1 0 0 0 1 0 1 0 0 0 1 0 0 0 0 0 0 1 0 1 0 0 0 0 1 0 0 0 0 0 0 1 0 0 0 0 0 0 0 0 0 0 0 0 0 0 0 1 0 0 
0 1 0 0 0 1 0 1 0 0 1 1 1 0 0 1 0 0 0 0 0 0 0 0 0 0 0 0 0 0 0 0 0 0 0 0 1 0 1 0 0 0 1 0 0 1 0 1 0 0 0 0 0 0 0 0 0 0 1 0 0 1 0 0 0 1 0 0 0 0 
1 0 0 0 0 1 0 0 1 0 0 1 0 1 0 1 1 0 0 1 0 0 0 0 0 1 0 1 0 1 0 0 0 0 0 0 1 1 0 0 0 0 0 0 1 1 1 1 0 0 0 0 0 0 0 0 0 1 0 0 0 0 0 0 0 0 0 1 0 0 
1 0 0 0 0 0 0 0 0 0 0 0 0 0 0 0 0 1 0 1 0 1 0 0 0 0 0 0 0 0 0 0 0 1 0 0 0 0 0 1 0 0 0 0 1 0 0 1 1 0 0 0 0 0 0 0 0 0 1 0 0 1 0 1 0 1 0 0 0 0 
0 1 0 1 0 0 0 0 0 1 0 0 1 1 0 1 0 1 0 0 0 0 0 1 0 0 0 1 0 0 1 0 1 0 1 0 0 0 1 0 0 0 0 0 1 0 0 1 0 0 0 0 0 0 0 0 0 0 0 0 0 0 0 1 0 1 0 0 0 0 
0 0 1 0 1 0 0 0 0 0 0 0 0 1 0 1 1 0 0 0 1 0 0 0 1 0 0 0 0 1 0 1 0 0 0 0 0 0 0 0 0 0 0 0 1 1 0 0 0 0 0 0 0 0 1 0 1 0 0 1 0 0 0 0 0 1 1 0 1 0 
0 0 0 1 0 0 0 0 0 1 0 0 1 0 0 1 0 1 0 0 0 0 0 1 1 0 0 1 0 0 0 0 0 0 0 0 0 0 0 0 1 0 1 0 0 0 0 0 0 0 0 0 0 1 0 0 0 0 0 0 1 0 0 1 1 1 0 0 0 0 
1 0 0 0 0 1 0 0 0 0 1 0 0 1 0 1 0 0 0 0 0 1 0 0 0 0 0 0 0 1 1 0 0 0 0 0 0 1 1 0 0 1 0 0 1 1 0 0 0 0 0 0 0 0 0 0 0 0 0 0 1 0 0 0 1 0 0 0 0 1 
0 0 1 0 0 0 0 0 0 0 0 1 0 0 1 1 0 0 0 0 0 0 0 0 1 0 0 0 0 0 0 0 0 0 1 0 1 0 1 0 0 1 0 0 0 1 1 0 0 0 0 0 0 1 0 0 0 0 1 0 0 0 0 0 0 0 0 1 0 0 
0 0 1 0 0 1 0 1 0 0 0 0 0 0 0 0 0 0 0 0 1 0 0 0 0 1 0 0 1 0 0 1 1 0 1 0 0 0 0 0 0 0 0 0 0 0 1 1 0 0 1 0 0 0 0 0 0 0 0 0 0 1 0 1 0 0 0 1 0 0 
1 1 0 1 0 1 0 0 1 0 0 0 0 0 0 0 0 0 1 0 0 0 0 1 0 1 1 0 0 0 0 0 0 0 0 0 0 0 0 0 1 0 0 0 0 0 0 0 0 1 0 1 0 0 0 0 1 0 0 1 1 0 0 0 0 1 0 0 0 0 
0 0 0 0 0 0 0 0 0 0 0 1 0 0 1 0 0 0 0 0 0 0 0 0 0 0 1 0 0 0 0 0 1 1 0 0 0 0 0 0 0 0 0 0 0 1 0 0 0 0 0 0 0 1 0 0 0 0 1 0 1 0 0 0 0 0 0 0 0 0 
0 1 0 0 0 0 0 0 0 0 0 0 1 0 0 1 0 0 0 0 1 0 0 1 1 0 0 1 1 0 0 0 0 0 0 1 0 0 0 0 1 0 0 0 0 0 0 0 0 0 0 0 0 0 1 1 0 0 1 1 0 1 0 0 0 0 0 1 0 1 
0 0 0 0 0 0 1 1 1 1 1 0 0 0 0 0 0 0 0 0 0 1 0 0 0 0 0 1 0 0 0 0 0 0 1 0 1 1 1 0 0 1 1 0 0 0 1 0 0 1 0 1 0 0 0 0 0 1 0 0 1 0 0 0 0 0 0 1 0 0 
0 0 0 0 0 0 1 0 0 0 0 0 0 0 0 1 0 0 0 0 0 0 1 0 0 0 0 1 0 0 0 1 0 0 0 0 1 1 0 0 0 0 1 1 0 0 0 1 0 0 0 0 0 0 0 0 0 0 0 0 0 0 0 0 0 0 0 0 0 0 
1 0 0 0 0 0 0 0 0 1 0 0 0 0 0 1 0 0 1 1 0 0 1 0 0 0 1 1 0 0 0 0 1 0 0 0 1 0 0 0 0 0 1 0 1 1 0 0 0 0 0 1 1 0 1 0 0 1 0 0 0 0 0 0 1 0 0 1 0 0 
1 0 0 0 0 0 0 0 0 0 0 0 0 0 0 0 0 1 0 1 0 0 1 0 0 0 0 0 0 0 1 0 1 1 0 0 1 0 0 0 1 0 1 1 0 0 0 0 0 0 0 0 0 0 1 1 0 0 0 0 0 0 0 1 0 0 0 0 0 1 
0 0 0 0 0 0 1 0 1 0 1 0 1 0 0 1 1 0 0 0 0 0 0 0 0 0 0 0 0 0 0 1 1 1 1 0 0 0 0 0 0 1 0 0 0 0 0 1 0 1 0 1 1 1 1 0 0 0 1 0 0 0 0 0 0 0 1 0 0 1 
1 1 1 0 1 1 0 1 0 0 0 0 0 0 0 0 0 0 0 1 1 0 0 0 0 0 0 0 0 0 0 1 0 0 0 1 0 0 0 0 1 0 0 0 0 1 1 0 0 0 0 0 0 1 0 0 0 0 0 0 0 0 0 0 0 1 0 0 0 0 
0 0 0 1 0 1 0 0 1 0 0 0 0 0 0 0 0 0 0 0 0 0 0 0 0 0 0 0 0 0 0 0 0 1 0 1 0 0 0 0 0 0 0 0 0 0 0 0 1 0 1 0 0 0 0 0 1 1 0 0 1 1 0 1 0 0 0 0 0 0 
0 0 1 0 1 1 0 0 1 0 0 1 0 1 1 0 1 0 0 0 1 0 0 0 0 0 0 0 0 1 0 0 0 0 1 0 0 0 0 0 0 0 0 0 0 1 1 1 0 0 0 0 0 1 0 0 0 0 0 0 0 0 0 0 0 0 0 0 0 0 
0 0 0 1 1 0 0 0 0 0 0 0 0 0 0 0 0 0 0 0 0 0 0 0 0 0 0 0 0 0 1 0 1 0 0 0 0 1 0 0 0 0 0 0 1 0 0 0 0 0 0 0 0 0 0 1 0 0 0 0 1 0 0 0 1 1 0 0 0 0 

0 1 0 0 0 0 0 0 21 0 0 0 0 8 18 0 0 0 22 0 0 22 0 3 3 0 0 0 0 0 0 13 5 0 0 0 27 0 0 0 0 0 0 22 0 0 15 10 0 21 16 0 0 0 0 0 11 0 1 0 0 0 4 0 0 0 20 0 0 0 
0 0 0 0 0 13 0 0 0 0 0 0 0 0 0 0 0 0 0 0 0 0 0 0 0 0 0 0 0 0 25 0 0 0 0 0 8 0 0 0 0 0 0 0 0 0 0 16 0 0 0 0 0 0 3 0 0 25 0 0 0 0 7 0 0 0 0 0 27 0 
0 0 0 11 0 0 0 0 0 0 0 0 9 0 0 0 0 0 0 0 0 0 0 5 0 0 0 0 0 0 0 0 11 0 24 0 0 4 0 0 0 13 0 0 0 0 0 19 0 0 0 11 0 15 0 0 0 0 0 0 0 0 0 0 0 0 0 0 0 0 
0 0 0 0 0 0 5 0 0 26 0 0 0 0 0 0 18 0 0 0 0 0 0 0 0 0 0 0 23 0 0 3 0 0 0 27 0 19 0 0 22 0 0 0 22 0 0 26 0 13 0 0 0 5 28 0 5 0 0 17 0 0 23 0 0 0 0 0 0 0 
12 0 0 0 0 0 18 0 0 0 0 0 0 19 0 11 0 0 0 0 28 0 0 0 0 0 0 17 0 1 0 0 0 0 0 0 0 0 19 0 0 0 0 0 0 0 0 0 21 0 0 0 0 9 13 0 0 0 0 0 0 1 0 0 0 0 13 0 9 0 
0 0 0 0 0 0 0 0 11 12 0 0 0 0 0 12 0 0 0 0 0 2 0 0 0 0 0 20 0 0 0 0 0 0 0 0 10 0 0 0 0 0 0 0 0 2 0 0 0 0 0 0 0 0 0 0 0 0 21 0 0 3 0 0 0 0 0 2 10 0 
14 18 0 0 24 0 0 18 0 0 0 0 0 17 1 0 0 0 0 0 19 8 0 11 0 22 0 0 0 0 0 17 0 0 20 0 16 0 0 28 0 0 0 0 0 0 29 0 0 0 0 0 0 0 0 0 0 4 0 0 0 0 0 0 0 0 19 28 0 0 
0 17 0 0 0 0 0 0 0 0 0 0 0 0 0 0 0 0 0 0 0 0 0 0 10 0 17 0 0 0 21 0 0 0 2 12 16 2 0 0 0 17 0 0 5 0 0 0 15 0 0 3 0 0 0 15 11 0 26 0 0 0 0 9 26 15 2 0 0 12 
3 0 0 27 0 20 0 0 0 0 0 0 0 0 0 14 0 0 0 0 0 0 7 6 0 0 0 0 22 0 0 0 0 0 24 0 0 0 0 0 0 19 0 0 0 0 0 0 0 0 0 0 0 28 0 0 0 0 0 0 7 26 0 0 0 0 0 0 0 0 
0 0 0 0 0 0 0 0 0 0 0 0 0 0 2 0 0 0 0 15 0 0 0 0 0 0 0 6 0 0 0 27 0 0 0 0 6 0 26 0 0 12 12 0 0 0 26 0 0 0 5 12 0 0 19 0 0 0 0 0 0 0 0 0 0 0 0 0 0 0 
0 21 0 0 0 0 0 0 0 0 0 0 29 16 0 0 0 0 0 0 0 0 12 0 0 0 0 20 0 2 0 0 0 0 0 0 0 8 0 0 0 0 0 0 0 2 0 24 0 0 0 9 0 0 0 0 0 0 12 0 0 0 0 0 0 0 0 0 0 0 
0 0 0 10 0 0 22 25 0 0 9 0 0 0 0 0 0 0 0 0 0 0 0 1 0 1 0 18 0 0 0 0 0 0 21 0 4 0 21 0 0 4 0 0 0 0 27 13 0 0 0 22 0 0 0 0 0 0 0 0 4 20 15 0 0 0 0 0 0 0 
25 0 0 12 0 0 0 0 29 0 0 0 0 0 0 0 24 15 0 10 0 0 0 0 0 0 0 8 0 0 0 0 0 0 26 22 18 0 0 0 0 0 0 0 24 0 21 15 0 0 0 0 0 0 19 0 0 0 0 0 30 0 0 0 0 0 14 12 0 8 
0 22 0 0 4 0 17 0 0 8 0 0 0 0 0 0 0 0 2 0 17 0 6 0 0 0 17 0 0 0 10 0 0 0 0 0 0 16 0 7 0 0 9 0 0 0 0 0 9 0 0 0 0 10 9 20 5 0 0 0 0 28 0 17 0 0 0 0 0 0 
0 0 0 0 0 0 0 0 0 0 0 0 0 0 0 0 0 0 0 0 0 0 0 0 0 0 0 0 0 0 0 0 0 0 0 0 0 0 0 0 17 0 0 22 0 0 0 0 0 0 20 16 0 0 14 18 0 0 0 0 25 0 0 0 0 0 0 0 0 0 
0 20 0 7 0 0 0 0 30 0 0 12 0 0 0 0 0 0 0 0 0 0 0 26 6 0 0 0 0 0 0 0 0 0 14 11 0 0 0 0 0 0 0 0 0 0 0 0 0 0 0 0 0 0 0 0 0 0 28 0 0 0 0 0 14 0 0 0 0 0 
0 0 0 0 0 0 0 0 0 0 19 17 0 0 0 11 0 0 0 5 0 0 0 26 16 0 0 0 27 0 11 0 0 0 7 0 0 0 0 0 0 0 0 0 0 0 0 18 0 0 10 0 0 0 0 0 0 0 0 0 0 0 10 0 0 0 29 14 0 0 
12 3 0 0 0 1 0 0 0 0 0 0 0 0 0 0 0 0 0 0 0 0 0 0 0 12 0 0 0 0 13 0 0 0 26 0 0 0 0 0 0 0 0 0 0 0 0 0 2 0 0 0 0 0 0 0 0 0 0 0 0 0 0 0 0 0 0 0 30 0 
0 28 2 9 0 0 0 0 0 8 0 0 0 0 0 0 0 0 0 0 0 0 0 0 10 0 0 0 0 0 8 1 0 0 0 0 0 0 16 0 0 0 0 2 23 1 0 0 0 0 0 0 0 0 0 0 0 0 0 0 0 0 21 0 0 0 25 0 0 0 
0 15 11 7 0 0 0 0 0 8 0 0 0 0 0 0 0 0 0 0 0 29 0 0 0 16 0 0 0 0 0 0 0 0 0 0 0 29 0 0 0 0 0 0 0 9 0 0 0 28 0 0 0 0 0 22 0 0 4 0 0 0 0 0 2 0 0 0 0 0 
0 0 0 0 0 0 13 0 0 0 0 0 17 0 0 0 0 18 0 0 0 0 0 0 0 0 16 0 0 0 6 0 7 0 0 5 0 0 26 0 0 0 0 0 0 12 0 0 0 0 3 1 0 0 28 0 0 0 0 0 0 0 9 3 0 0 0 0 4 21 
27 0 30 0 0 0 0 29 0 0 13 0 5 0 0 0 0 4 0 0 0 0 0 0 0 1 0 12 0 0 0 0 27 0 0 0 0 0 0 0 0 0 0 0 0 0 0 0 21 0 0 18 0 0 0 10 0 0 0 0 29 0 22 0 4 0 6 0 0 7 
2 0 0 29 0 29 12 0 0 0 0 0 17 0 0 0 0 0 0 0 0 0 0 0 0 19 0 0 8 0 0 0 27 4 0 0 0 0 0 0 11 0 0 11 0 0 2 0 1 5 0 0 2 6 0 0 19 0 0 0 0 0 0 0 0 26 0 0 0 0 
17 0 0 0 0 7 0 0 28 0 0 0 0 0 0 0 0 0 0 0 2 0 0 0 0 0 0 15 0 0 13 0 0 9 0 0 0 0 0 0 0 3 0 0 21 23 0 14 0 0 0 18 0 0 25 0 0 0 0 17 19 0 0 0 0 0 0 0 0 0 
7 0 6 0 10 0 24 0 0 0 0 0 0 0 0 24 0 0 0 0 0 0 0 18 0 0 0 0 0 0 0 20 0 0 0 0 7 0 0 8 0 0 0 15 0 0 0 0 24 0 0 0 0 0 0 0 0 0 0 0 0 0 0 0 0 0 0 0 0 0 
0 2 3 0 0 0 0 0 0 0 27 0 0 0 0 0 0 0 18 0 0 0 0 0 0 0 0 2 0 0 0 0 28 0 0 27 0 0 1 9 0 0 0 0 0 0 0 0 5 0 0 0 16 0 0 0 0 5 0 7 0 0 27 0 18 0 0 0 0 27 
21 1 0 6 0 4 0 0 0 10 0 0 0 0 0 6 0 29 0 9 0 0 23 17 0 0 0 0 0 0 0 8 0 4 22 15 18 0 0 17 0 0 0 27 0 0 0 0 0 0 0 0 0 0 0 0 29 0 8 0 0 0 0 3 0 0 13 0 0 20 
0 0 0 0 0 0 2 0 0 0 15 1 0 0 0 0 22 19 0 0 6 0 0 28 0 0 0 0 22 0 0 0 0 0 0 0 0 22 0 0 11 0 0 0 0 0 1 0 0 0 15 0 0 0 0 0 0 0 0 0 0 0 18 5 21 0 0 0 0 0 
0 0 0 28 0 0 0 6 0 0 5 0 0 0 0 0 0 0 2 0 0 0 0 0 1 0 6 0 0 11 0 0 0 0 21 0 0 0 0 0 14 0 0 0 0 0 0 0 0 0 0 0 21 3 0 0 0 0 0 0 0 0 0 0 0 0 0 0 0 15 
0 0 0 0 23 0 0 0 3 20 0 0 14 0 0 22 0 0 0 0 0 0 0 0 0 24 19 5 16 0 0 0 0 0 17 0 0 0 0 0 31 10 0 5 2 0 0 0 14 0 0 0 0 0 0 0 0 0 26 0 0 0 16 5 0 7 0 0 0 0 
0 0 0 0 0 0 27 0 0 13 0 11 0 0 0 0 0 0 0 0 0 0 29 0 0 0 0 0 0 0 0 0 0 0 0 0 0 0 0 0 0 0 22 0 5 0 12 7 4 9 0 0 0 0 0 0 0 0 0 0 0 0 0 0 3 0 0 0 0 0 
0 0 16 0 0 0 7 0 17 15 26 28 25 0 0 0 0 20 0 0 14 0 0 0 0 0 0 0 5 0 0 0 0 0 0 2 0 0 0 0 0 0 0 0 0 0 0 0 0 0 11 0 0 0 28 0 0 14 0 0 0 0 0 0 0 0 0 0 0 0 
0 0 8 0 0 0 24 0 18 0 0 0 0 0 0 0 0 0 20 0 0 26 0 0 0 0 0 0 0 0 0 3 0 0 0 2 11 28 0 0 0 12 0 0 0 0 0 0 0 0 0 0 4 10 0 0 4 0 0 0 0 0 0 0 0 8 0 0 0 0 
9 3 19 0 0 23 0 0 0 0 0 0 21 5 0 0 0 0 0 12 0 0 0 0 0 0 0 0 0 0 0 0 0 0 0 0 0 0 0 0 0 14 24 0 0 0 14 0 0 0 0 0 0 0 0 0 0 0 0 1 20 19 7 0 0 0 0 0 0 0 
0 0 0 18 21 0 0 0 6 0 0 0 0 0 0 0 13 0 8 0 0 0 16 0 0 0 0 0 0 0 0 0 0 0 0 0 0 0 0 0 23 0 0 0 0 0 0 0 0 0 0 0 0 0 0 0 0 0 0 0 0 0 0 0 0 0 0 14 10 6 
0 0 0 27 0 0 0 0 0 0 0 0 10 0 8 0 0 0 0 0 0 0 0 0 0 0 29 0 0 0 0 0 0 0 0 0 0 0 0 0 0 0 0 9 0 0 0 3 0 7 0 0 6 0 0 0 0 0 0 3 0 0 0 0 0 0 0 0 0 0 
11 0 0 24 15 0 0 0 0 0 25 0 2 0 0 0 0 0 0 0 0 0 8 0 0 0 0 0 0 0 0 0 0 29 0 0 0 0 0 0 0 0 0 0 0 0 0 0 0 25 27 0 4 6 15 0 0 0 24 0 0 0 0 8 3 0 22 0 0 0 
0 0 0 30 0 0 0 6 0 0 0 0 0 0 0 0 0 30 0 0 0 25 0 0 0 0 0 0 15 0 0 0 0 0 0 0 4 0 0 0 0 0 0 0 0 0 0 1 0 0 4 0 0 0 0 0 21 0 0 0 21 0 0 0 0 16 0 4 15 0 
0 1 0 0 26 0 0 0 0 0 1 6 0 0 0 14 0 0 0 0 0 0 0 0 11 21 0 0 0 0 0 27 11 0 0 0 0 0 0 0 0 0 0 0 0 0 0 0 0 0 0 18 0 0 0 0 0 0 0 25 0 7 0 27 0 0 0 17 0 22 
0 28 0 0 10 0 0 0 0 0 0 0 0 0 0 0 0 0 0 0 0 0 0 0 15 0 0 0 7 20 0 0 0 0 0 0 2 0 0 0 0 0 22 0 0 0 13 0 0 11 0 0 0 0 11 0 28 10 0 0 0 0 0 0 0 0 0 4 0 0 
13 0 0 18 0 0 0 0 0 0 0 26 21 25 0 0 0 0 0 0 0 0 0 0 0 0 0 0 0 0 14 27 0 0 0 0 13 0 19 0 0 0 0 0 0 0 0 0 0 0 0 6 1 0 0 0 26 0 0 0 0 0 21 0 1 0 0 0 0 13 
0 14 0 0 0 0 23 20 0 0 0 0 24 0 0 0 5 3 0 0 0 0 0 0 0 0 0 0 1 0 21 29 0 0 0 0 1 18 0 0 0 0 0 0 0 18 0 9 13 0 0 0 0 0 0 0 0 0 0 0 0 0 0 7 0 0 0 0 0 0 
14 25 0 0 0 0 0 0 0 0 23 6 0 0 5 9 0 0 0 0 0 0 0 0 0 0 0 0 0 0 0 0 0 0 0 0 20 1 0 0 8 0 0 0 0 17 22 5 0 0 0 0 0 0 0 0 0 0 0 0 0 3 29 0 0 0 14 0 0 0 
0 2 0 0 0 0 0 0 0 0 0 0 0 0 0 0 0 0 11 0 0 0 25 0 19 0 0 0 0 4 0 0 0 0 0 0 0 19 28 0 25 0 0 0 0 0 0 1 9 0 0 8 0 0 1 2 0 0 0 0 0 0 0 0 29 0 0 0 0 0 
0 0 12 0 5 6 0 0 0 0 0 20 0 0 0 0 0 9 0 26 0 0 0 5 0 0 0 2 0 0 0 10 0 0 0 0 0 10 26 2 0 0 0 14 0 0 22 0 0 0 0 0 4 0 11 0 0 0 0 0 14 0 18 0 0 0 0 1 0 0 
7 0 0 0 24 0 0 0 0 0 0 0 0 0 10 0 0 0 2 26 0 7 0 0 0 0 0 0 0 0 0 0 0 0 0 8 0 12 0 0 0 0 0 0 0 0 0 0 25 0 6 17 0 11 20 21 8 0 0 0 0 0 21 0 0 0 0 17 0 0 
0 3 15 0 0 0 0 0 0 0 0 0 12 0 28 0 0 0 16 25 0 8 0 0 0 0 0 0 0 0 0 0 0 0 29 0 0 0 0 0 0 0 0 0 0 8 0 12 0 0 0 0 0 0 13 6 23 8 0 0 0 0 0 0 0 0 0 5 0 0 
0 0 0 0 0 0 0 0 0 0 0 0 0 0 0 0 0 0 0 0 0 0 16 0 25 19 0 0 20 0 7 0 24 24 0 0 0 0 0 0 0 0 0 0 0 3 18 0 0 0 0 0 6 0 0 0 0 12 0 0 0 0 29 0 0 0 0 10 0 0 
0 0 26 0 0 0 0 17 0 25 0 0 0 28 0 0 0 0 0 0 0 0 20 18 0 0 0 0 0 0 0 0 0 0 0 0 19 5 0 0 0 0 24 0 0 0 0 21 0 20 0 0 0 0 0 0 0 0 0 0 0 0 0 22 0 0 0 0 0 22 
0 0 0 0 0 0 0 0 0 0 0 13 3 17 11 0 0 0 0 0 0 0 0 0 0 0 14 0 0 0 0 0 0 6 0 0 0 0 0 22 0 0 0 0 0 0 0 15 0 0 0 11 0 0 0 0 0 0 0 0 9 0 0 0 0 0 0 0 0 2 
0 0 0 0 0 0 0 0 0 0 6 0 0 0 3 0 27 10 0 0 0 14 0 0 0 0 2 0 0 0 0 0 0 0 0 0 0 0 0 0 8 0 6 14 0 0 0 0 0 15 0 0 0 0 23 0 0 0 0 0 0 0 0 0 0 0 22 0 19 0 
0 17 0 0 0 29 0 0 3 0 0 0 0 0 0 0 0 0 0 0 0 0 0 0 29 7 0 0 0 0 0 0 23 0 0 0 8 16 0 23 0 0 0 0 0 0 0 0 0 8 16 0 0 0 0 0 0 0 0 31 0 10 0 0 0 0 11 0 0 0 
0 0 0 0 0 0 0 0 0 0 0 0 6 0 2 0 0 14 6 0 0 29 0 0 0 1 21 0 0 0 9 0 0 0 0 0 0 0 0 0 6 28 0 0 0 21 0 0 0 25 0 0 0 0 0 0 3 0 0 0 0 0 19 0 0 0 0 0 0 0 
15 0 0 0 0 0 15 0 0 0 0 0 0 0 0 0 3 0 0 1 0 0 0 0 18 0 26 0 0 0 8 0 0 0 0 12 0 0 0 0 11 0 0 0 0 0 0 0 0 0 26 0 0 0 28 0 1 0 0 4 0 0 0 0 0 0 0 0 15 0 
0 0 6 0 0 0 0 0 0 0 0 0 25 0 9 0 16 0 26 0 0 0 0 15 0 0 0 14 24 0 10 0 0 5 0 0 0 0 0 0 0 0 0 0 0 0 0 0 0 20 0 0 0 0 0 0 0 0 1 0 13 0 0 0 0 0 0 0 0 0 
24 8 0 0 0 0 0 28 0 0 25 0 7 18 4 0 0 0 0 0 0 26 0 15 0 0 0 0 0 0 0 0 0 0 0 0 0 0 0 0 0 0 0 0 0 0 0 0 0 0 0 0 21 0 0 0 0 0 0 0 7 27 0 0 2 25 0 0 0 0 
0 0 0 0 0 0 22 3 0 0 13 0 0 0 0 0 0 26 22 0 15 0 0 0 23 11 0 0 0 0 0 0 0 2 0 0 13 22 0 0 0 0 0 0 0 0 0 0 0 0 0 0 0 0 0 0 0 0 0 0 21 0 21 0 18 0 0 10 0 0 
0 0 0 0 0 0 0 0 0 0 0 0 0 0 0 7 1 0 0 19 0 0 0 0 0 0 0 0 20 0 0 0 0 0 0 2 0 0 10 0 0 28 24 0 0 0 0 0 0 0 0 10 0 0 0 0 0 0 28 0 0 0 0 0 0 0 18 0 0 0 
0 0 29 5 0 0 0 0 0 0 0 0 27 0 29 13 2 0 0 0 0 16 0 0 0 0 0 14 0 0 0 0 0 0 0 9 15 0 8 0 0 0 24 0 0 0 0 0 0 0 0 0 0 0 0 16 6 1 0 14 0 0 0 0 0 0 0 20 0 0 
0 0 0 0 0 3 0 29 0 0 0 0 0 0 0 0 0 0 0 13 23 0 0 25 0 0 0 0 0 0 0 0 25 0 0 0 0 0 0 0 0 0 14 3 0 0 0 0 10 0 0 20 0 0 0 25 0 0 0 0 0 0 0 0 0 0 0 0 0 11 
0 0 0 0 0 0 26 21 0 0 0 0 0 0 0 0 0 0 0 0 0 0 0 0 0 0 0 0 0 0 0 22 0 0 0 0 0 0 0 29 0 0 0 0 0 23 18 0 3 0 0 0 0 16 0 0 9 0 23 23 0 4 0 0 0 0 0 0 0 23 
22 0 0 11 0 0 0 0 0 0 16 0 0 0 0 0 0 0 0 12 0 6 0 17 5 0 10 0 29 0 5 0 29 0 0 0 16 0 0 0 0 0 23 0 0 20 0 0 0 0 0 0 11 0 0 22 5 0 0 0 27 0 1 0 0 0 0 0 0 3 
0 0 0 25 1 0 0 0 0 0 9 0 1 0 0 0 0 25 11 19 28 0 0 0 0 26 0 0 16 19 0 0 0 0 0 0 0 0 0 0 0 0 0 25 0 0 0 0 0 0 0 0 0 0 0 9 0 0 0 0 0 30 0 0 0 0 0 0 0 4 
24 0 0 0 0 0 0 0 0 17 0 0 0 0 0 0 0 14 0 7 0 0 0 30 0 0 0 0 0 0 0 0 0 0 0 9 0 26 0 0 0 0 0 14 0 0 5 8 0 0 7 0 0 12 0 0 6 0 0 0 0 0 0 0 0 25 0 0 0 0 
6 0 0 0 0 0 0 0 0 0 10 0 0 0 18 0 0 13 0 0 0 0 29 0 0 12 0 0 0 0 0 0 0 0 0 0 0 0 0 0 0 0 0 0 0 29 0 0 0 0 0 17 2 14 0 3 0 0 0 10 0 0 27 0 0 0 0 0 0 0 
0 0 0 24 0 0 0 0 0 0 0 0 16 0 0 0 0 0 0 4 0 0 3 0 0 0 0 0 19 0 0 0 0 0 0 0 0 0 0 0 0 18 0 0 0 7 0 0 0 29 0 0 0 9 2 12 0 0 0 0 0 0 0 0 0 0 0 0 0 0 
28 0 0 0 0 0 0 8 0 9 0 0 0 0 0 0 0 8 0 21 0 0 12 0 0 23 2 0 0 0 0 0 0 0 0 0 0 7 0 10 0 0 0 10 0 0 0 0 0 0 7 6 0 0 0 0 0 25 0 0 0 0 0 0 0 0 0 0 0 0 
0 0 7 14 0 0 0 0 0 1 0 0 0 0 19 0 0 0 0 0 0 0 11 0 0 29 0 0 0 10 0 0 0 0 0 0 0 0 1 0 11 0 0 0 0 20 0 0 0 22 0 0 28 0 0 0 0 0 0 0 0 0 0 0 13 0 0 0 0 23 
0 23 0 26 4 0 0 0 4 0 0 0 0 0 28 0 20 0 19 0 28 0 0 0 0 0 0 7 0 0 19 0 0 0 0 0 0 0 0 0 0 0 0 0 0 0 0 0 0 0 0 27 20 0 0 0 17 12 0 0 0 0 0 0 0 0 16 0 0 0 
0 0 8 0 16 0 0 0 0 0 0 0 20 0 0 0 0 0 0 21 0 17 0 0 0 0 0 0 0 19 2 2 0 0 0 0 0 0 0 0 0 0 0 0 0 20 0 0 24 0 29 11 9 28 22 0 18 28 0 0 0 0 0 5 24 0 0 15 28 0 
