70

0 1 1 1 0 1 1 1 1 1 1 1 1 1 1 1 1 1 1 1 1 1 1 1 1 1 1 1 1 1 1 1 1 0 1 1 1 1 1 1 1 1 1 0 1 1 1 1 1 1 1 1 0 1 1 0 1 0 1 1 1 1 1 1 1 1 1 1 1 1 
1 0 1 1 1 1 1 1 1 1 1 0 1 1 1 1 1 1 1 1 1 1 1 1 1 0 1 1 1 0 1 1 1 1 1 1 0 1 0 1 1 1 1 1 1 1 1 1 1 0 1 1 1 0 1 1 1 1 1 1 1 1 1 1 1 1 1 1 1 1 
1 1 0 1 1 1 1 1 1 1 1 1 1 1 1 1 1 1 1 1 1 1 1 1 1 1 1 1 1 1 1 1 1 1 1 1 1 1 1 1 1 1 1 1 1 1 1 1 1 1 1 1 1 1 1 1 1 0 1 1 1 1 1 1 1 1 1 0 1 1 
1 1 1 0 1 1 1 1 1 1 1 1 1 1 0 0 1 1 1 1 1 1 1 1 1 1 1 1 1 1 1 0 1 1 1 1 0 1 1 1 1 1 1 0 0 1 1 1 1 1 1 1 1 1 1 1 1 1 1 0 1 0 0 0 1 1 0 1 1 1 
0 1 1 1 0 1 1 0 1 1 1 1 1 1 1 1 1 1 1 1 1 1 1 1 1 1 1 0 1 1 1 1 1 1 1 1 1 1 1 1 1 1 1 1 1 1 1 1 1 1 0 1 1 1 1 1 1 1 1 0 1 1 1 1 1 1 1 1 1 1 
1 1 1 1 1 0 1 1 1 1 1 1 1 1 1 1 1 1 0 1 1 1 1 0 1 1 1 1 0 0 1 1 1 0 1 1 1 1 1 1 1 1 1 1 1 1 1 0 1 1 1 1 1 1 1 0 1 1 1 1 1 1 1 1 1 1 1 1 1 1 
1 1 1 1 1 1 0 1 1 1 1 1 1 1 1 1 0 1 1 1 1 1 1 1 1 1 1 1 1 1 1 1 1 1 1 0 1 1 1 1 1 1 1 1 0 1 1 1 1 1 1 1 1 1 1 1 1 1 1 1 1 1 1 1 1 1 1 1 1 1 
1 1 1 1 0 1 1 0 1 1 1 1 1 1 1 1 1 1 1 1 1 1 1 1 1 1 1 1 1 1 1 1 1 1 0 1 1 1 1 1 1 1 1 1 1 1 1 1 1 1 1 0 1 1 1 1 1 1 1 1 1 1 0 1 1 1 1 1 1 1 
1 1 1 1 1 1 1 1 0 1 1 0 1 1 1 0 1 1 1 1 1 1 1 1 1 1 1 1 0 1 1 0 1 1 1 1 1 1 1 1 1 1 0 1 1 1 1 1 1 0 1 1 1 1 1 1 1 1 1 1 1 1 1 1 1 1 1 1 1 1 
1 1 1 1 1 1 1 1 1 0 1 0 1 1 1 0 1 1 1 1 0 1 1 1 1 1 1 0 1 1 0 1 1 1 1 1 1 1 1 1 1 1 1 1 1 1 1 1 1 1 1 1 1 1 0 0 1 1 1 0 1 1 1 1 1 1 0 0 1 1 
1 1 1 1 1 1 1 1 1 1 0 1 0 1 1 0 1 1 1 1 1 1 1 1 1 1 1 1 1 1 1 1 1 1 1 1 1 1 1 1 1 1 1 1 1 1 1 1 1 1 1 1 1 1 1 1 1 1 1 1 1 1 0 1 0 1 0 1 1 1 
1 0 1 1 1 1 1 1 0 0 1 0 1 1 1 1 1 1 1 1 1 1 1 1 1 1 1 1 1 1 1 1 1 1 0 1 1 1 1 1 1 1 1 1 1 1 1 1 1 1 1 1 1 1 1 1 1 1 0 1 0 1 1 1 1 1 1 1 1 1 
1 1 1 1 1 1 1 1 1 1 0 1 0 1 1 1 1 1 0 1 1 1 0 1 1 1 1 0 1 1 1 1 1 1 1 1 0 1 1 1 1 1 1 1 1 1 1 1 1 1 1 1 1 1 1 1 1 1 1 1 0 0 1 0 1 0 1 1 1 1 
1 1 1 1 1 1 1 1 1 1 1 1 1 0 1 1 1 1 1 1 1 1 1 1 1 1 1 0 1 1 1 1 1 1 1 1 1 1 1 1 1 1 1 1 1 1 1 1 1 1 1 1 0 1 1 1 1 1 0 1 1 1 0 1 1 1 1 1 0 1 
1 1 1 0 1 1 1 1 1 1 1 1 1 1 0 1 1 1 1 1 1 1 0 1 1 1 1 1 0 1 1 1 1 1 1 1 1 1 1 0 1 1 1 1 1 1 1 1 1 1 1 1 1 1 1 1 1 1 1 1 1 1 1 1 1 1 1 1 1 1 
1 1 1 0 1 1 1 1 0 0 0 1 1 1 1 0 0 1 1 1 1 0 1 0 1 1 1 1 1 1 0 1 1 1 1 1 1 1 1 1 1 1 1 1 1 1 1 1 1 1 1 1 1 1 1 1 1 1 0 1 1 1 1 1 1 1 1 1 1 1 
1 1 1 1 1 1 0 1 1 1 1 1 1 1 1 0 0 1 1 1 1 1 1 1 1 1 1 1 1 1 1 1 1 1 1 1 1 1 1 1 1 1 1 1 1 1 0 1 1 1 1 1 1 1 1 1 1 1 1 1 1 1 1 1 1 1 1 1 1 1 
1 1 1 1 1 1 1 1 1 1 1 1 1 1 1 1 1 0 1 1 1 1 1 1 1 1 1 1 1 1 1 1 1 1 1 1 0 1 1 1 1 1 1 1 1 1 1 1 1 1 1 1 1 1 1 1 1 0 1 1 1 1 1 1 0 1 1 1 1 1 
1 1 1 1 1 0 1 1 1 1 1 1 0 1 1 1 1 1 0 1 1 1 1 1 1 1 1 1 1 1 1 1 1 1 1 1 1 1 1 1 1 1 1 1 1 1 1 1 1 1 1 1 1 1 0 1 1 1 0 0 1 1 1 1 1 1 1 1 1 1 
1 1 1 1 1 1 1 1 1 1 1 1 1 1 1 1 1 1 1 0 1 1 1 1 1 1 1 1 0 1 1 1 1 1 1 1 1 1 0 1 1 1 1 1 1 1 1 1 1 1 0 0 1 0 1 1 1 1 1 1 1 1 1 1 1 1 1 1 1 1 
1 1 1 1 1 1 1 1 1 0 1 1 1 1 1 1 1 1 1 1 0 1 1 1 1 1 1 1 1 1 1 0 1 1 1 1 1 1 1 0 1 1 0 1 1 1 1 1 1 1 1 1 1 1 1 1 1 1 1 1 1 1 1 1 0 1 1 1 1 1 
1 1 1 1 1 1 1 1 1 1 1 1 1 1 1 0 1 1 1 1 1 0 1 1 1 1 1 1 1 1 1 1 1 1 0 1 1 1 1 1 1 1 1 1 1 1 1 1 0 1 1 0 1 1 1 0 1 1 1 1 1 1 1 1 1 1 1 1 1 0 
1 1 1 1 1 1 1 1 1 1 1 1 0 1 0 1 1 1 1 1 1 1 0 1 1 1 0 1 1 1 1 1 1 1 1 1 1 1 1 1 1 1 1 1 1 1 1 1 0 1 1 1 1 1 1 1 0 1 1 1 1 1 1 1 0 1 1 1 1 1 
1 1 1 1 1 0 1 1 1 1 1 1 1 1 1 0 1 1 1 1 1 1 1 0 1 1 1 1 1 1 1 0 1 1 1 1 1 1 1 1 1 1 1 1 1 0 1 0 1 1 1 1 1 1 1 1 1 1 1 1 0 1 1 1 1 1 0 1 0 1 
1 1 1 1 1 1 1 1 1 1 1 1 1 1 1 1 1 1 1 1 1 1 1 1 0 1 1 1 1 1 1 1 1 1 1 1 1 1 1 0 1 1 1 1 1 1 1 1 1 1 0 1 1 1 1 1 1 1 1 1 1 0 1 1 1 1 1 1 0 1 
1 0 1 1 1 1 1 1 1 1 1 1 1 1 1 1 1 1 1 1 1 1 1 1 1 0 1 1 1 0 1 1 1 1 1 1 1 1 1 1 1 1 1 1 1 1 1 1 0 1 1 1 1 1 1 1 1 1 1 1 1 1 1 1 1 1 1 1 1 1 
1 1 1 1 1 1 1 1 1 1 1 1 1 1 1 1 1 1 1 1 1 1 0 1 1 1 0 1 1 1 1 0 1 1 1 1 1 1 1 1 1 1 1 1 0 1 1 1 1 1 1 1 1 1 1 1 1 0 1 0 1 1 1 1 1 1 1 1 1 1 
1 1 1 1 0 1 1 1 1 0 1 1 0 0 1 1 1 1 1 1 1 1 1 1 1 1 1 0 1 1 1 1 1 1 1 1 1 1 1 1 1 1 1 1 1 1 0 1 1 1 1 1 0 1 1 1 1 1 1 1 1 1 1 0 1 1 1 1 1 1 
1 1 1 1 1 0 1 1 0 1 1 1 1 1 0 1 1 1 1 0 1 1 1 1 1 1 1 1 0 0 1 1 1 0 1 1 1 1 1 1 1 1 1 1 1 0 0 1 1 0 1 1 1 1 1 1 1 1 1 1 1 1 1 1 1 1 1 1 1 1 
1 0 1 1 1 0 1 1 1 1 1 1 1 1 1 1 1 1 1 1 1 1 1 1 1 0 1 1 0 0 1 1 1 1 1 1 1 1 1 1 1 1 1 1 1 1 1 1 0 1 1 1 1 1 0 1 1 1 1 1 1 1 1 1 1 1 1 1 1 1 
1 1 1 1 1 1 1 1 1 0 1 1 1 1 1 0 1 1 1 1 1 1 1 1 1 1 1 1 1 1 0 1 1 1 1 1 1 1 1 1 1 0 1 1 1 1 1 1 1 1 1 1 1 1 1 1 1 1 1 1 1 1 0 1 1 0 1 1 1 1 
1 1 1 0 1 1 1 1 0 1 1 1 1 1 1 1 1 1 1 1 0 1 1 0 1 1 0 1 1 1 1 0 1 0 1 1 1 1 1 1 1 1 1 1 1 1 1 1 1 1 1 1 1 1 1 1 1 1 1 1 1 1 1 1 0 1 0 1 1 0 
1 1 1 1 1 1 1 1 1 1 1 1 1 1 1 1 1 1 1 1 1 1 1 1 1 1 1 1 1 1 1 1 0 1 1 1 0 1 1 1 1 1 1 1 0 1 0 1 1 1 1 1 1 0 1 1 1 1 1 1 0 1 1 1 1 1 1 1 1 1 
0 1 1 1 1 0 1 1 1 1 1 1 1 1 1 1 1 1 1 1 1 1 1 1 1 1 1 1 0 1 1 0 1 0 1 1 1 1 0 1 1 1 1 1 1 1 1 1 1 1 1 1 1 1 1 1 1 1 1 0 1 1 1 1 1 1 0 0 1 1 
1 1 1 1 1 1 1 0 1 1 1 0 1 1 1 1 1 1 1 1 1 0 1 1 1 1 1 1 1 1 1 1 1 1 0 1 1 1 1 0 1 1 1 0 1 1 1 0 1 1 1 1 1 1 1 1 1 0 0 1 1 1 1 1 0 1 1 1 1 1 
1 1 1 1 1 1 0 1 1 1 1 1 1 1 1 1 1 1 1 1 1 1 1 1 1 1 1 1 1 1 1 1 1 1 1 0 1 1 1 1 0 0 1 1 1 1 1 1 1 1 1 1 1 1 1 1 1 1 1 1 1 1 1 1 1 1 1 1 1 0 
1 0 1 0 1 1 1 1 1 1 1 1 0 1 1 1 1 0 1 1 1 1 1 1 1 1 1 1 1 1 1 1 0 1 1 1 0 1 1 1 1 1 1 1 1 1 1 1 1 1 0 1 1 1 1 1 1 1 1 1 1 1 1 1 0 1 1 0 1 1 
1 1 1 1 1 1 1 1 1 1 1 1 1 1 1 1 1 1 1 1 1 1 1 1 1 1 1 1 1 1 1 1 1 1 1 1 1 0 1 1 1 1 1 1 1 1 1 1 1 1 1 1 1 1 1 1 1 1 1 1 1 1 1 1 1 1 1 1 1 1 
1 0 1 1 1 1 1 1 1 1 1 1 1 1 1 1 1 1 1 0 1 1 1 1 1 1 1 1 1 1 1 1 1 0 1 1 1 1 0 1 1 1 1 1 1 1 1 1 1 1 1 0 1 1 1 1 1 1 1 1 1 1 1 1 1 1 1 1 1 1 
1 1 1 1 1 1 1 1 1 1 1 1 1 1 0 1 1 1 1 1 0 1 1 1 0 1 1 1 1 1 1 1 1 1 0 1 1 1 1 0 1 1 1 1 0 0 1 1 1 1 1 1 0 0 0 1 0 1 1 0 1 1 1 1 1 1 1 0 1 1 
1 1 1 1 1 1 1 1 1 1 1 1 1 1 1 1 1 1 1 1 1 1 1 1 1 1 1 1 1 1 1 1 1 1 1 0 1 1 1 1 0 1 1 0 1 1 1 1 1 1 1 1 1 1 1 1 0 1 1 1 1 1 1 1 1 1 1 1 1 1 
1 1 1 1 1 1 1 1 1 1 1 1 1 1 1 1 1 1 1 1 1 1 1 1 1 1 1 1 1 1 0 1 1 1 1 0 1 1 1 1 1 0 1 1 1 1 1 1 1 1 1 1 1 1 1 1 1 1 0 1 1 1 1 1 1 1 1 1 1 1 
1 1 1 1 1 1 1 1 0 1 1 1 1 1 1 1 1 1 1 1 0 1 1 1 1 1 1 1 1 1 1 1 1 1 1 1 1 1 1 1 1 1 0 1 1 1 1 1 1 0 1 1 1 1 1 1 1 1 1 1 1 0 1 1 1 0 1 1 0 1 
0 1 1 0 1 1 1 1 1 1 1 1 1 1 1 1 1 1 1 1 1 1 1 1 1 1 1 1 1 1 1 1 1 1 0 1 1 1 1 1 0 1 1 0 1 1 1 1 1 1 1 1 1 0 1 1 1 1 1 1 1 1 1 1 0 0 1 1 1 1 
1 1 1 0 1 1 0 1 1 1 1 1 1 1 1 1 1 1 1 1 1 1 1 1 1 1 0 1 1 1 1 1 0 1 1 1 1 1 1 0 1 1 1 1 0 1 1 1 1 1 1 0 0 1 1 1 1 1 1 1 1 1 1 1 1 1 1 1 1 1 
1 1 1 1 1 1 1 1 1 1 1 1 1 1 1 1 1 1 1 1 1 1 1 0 1 1 1 1 0 1 1 1 1 1 1 1 1 1 1 0 1 1 1 1 1 0 1 1 1 1 1 1 1 1 1 1 1 1 1 1 1 1 1 1 1 1 1 1 1 1 
1 1 1 1 1 1 1 1 1 1 1 1 1 1 1 1 0 1 1 1 1 1 1 1 1 1 1 0 0 1 1 1 0 1 1 1 1 1 1 1 1 1 1 1 1 1 0 1 1 1 1 1 1 0 1 1 1 1 1 1 1 1 1 1 1 1 1 1 1 1 
1 1 1 1 1 0 1 1 1 1 1 1 1 1 1 1 1 1 1 1 1 1 1 0 1 1 1 1 1 1 1 1 1 1 0 1 1 1 1 1 1 1 1 1 1 1 1 0 1 1 1 1 1 1 1 1 1 1 1 1 1 1 1 1 1 1 1 1 1 1 
1 1 1 1 1 1 1 1 1 1 1 1 1 1 1 1 1 1 1 1 1 0 0 1 1 0 1 1 1 0 1 1 1 1 1 1 1 1 1 1 1 1 1 1 1 1 1 1 0 1 0 1 0 1 1 1 1 1 1 1 1 1 1 0 1 1 0 1 1 1 
1 0 1 1 1 1 1 1 0 1 1 1 1 1 1 1 1 1 1 1 1 1 1 1 1 1 1 1 0 1 1 1 1 1 1 1 1 1 1 1 1 1 0 1 1 1 1 1 1 0 0 1 1 1 1 1 1 1 1 1 1 1 0 1 1 1 1 1 1 1 
1 1 1 1 0 1 1 1 1 1 1 1 1 1 1 1 1 1 1 0 1 1 1 1 0 1 1 1 1 1 1 1 1 1 1 1 0 1 1 1 1 1 1 1 1 1 1 1 0 0 0 1 1 1 1 1 1 1 1 1 1 0 1 0 1 0 1 1 1 1 
1 1 1 1 1 1 1 0 1 1 1 1 1 1 1 1 1 1 1 0 1 0 1 1 1 1 1 1 1 1 1 1 1 1 1 1 1 1 0 1 1 1 1 1 0 1 1 1 1 1 1 0 1 1 1 1 1 1 1 1 1 1 1 1 1 1 1 1 0 1 
0 1 1 1 1 1 1 1 1 1 1 1 1 0 1 1 1 1 1 1 1 1 1 1 1 1 1 0 1 1 1 1 1 1 1 1 1 1 1 0 1 1 1 1 0 1 1 1 0 1 1 1 0 1 1 0 1 1 1 1 1 1 1 1 1 0 1 1 1 1 
1 0 1 1 1 1 1 1 1 1 1 1 1 1 1 1 1 1 1 0 1 1 1 1 1 1 1 1 1 1 1 1 0 1 1 1 1 1 1 0 1 1 1 0 1 1 0 1 1 1 1 1 1 0 0 0 1 1 1 1 1 1 1 1 1 1 1 1 0 1 
1 1 1 1 1 1 1 1 1 0 1 1 1 1 1 1 1 1 0 1 1 1 1 1 1 1 1 1 1 0 1 1 1 1 1 1 1 1 1 0 1 1 1 1 1 1 1 1 1 1 1 1 1 0 0 1 1 1 1 1 1 1 1 1 0 1 1 1 1 1 
0 1 1 1 1 0 1 1 1 0 1 1 1 1 1 1 1 1 1 1 1 0 1 1 1 1 1 1 1 1 1 1 1 1 1 1 1 1 1 1 1 1 1 1 1 1 1 1 1 1 1 1 0 0 1 0 1 1 1 1 1 1 1 1 1 1 1 1 1 1 
1 1 1 1 1 1 1 1 1 1 1 1 1 1 1 1 1 1 1 1 1 1 0 1 1 1 1 1 1 1 1 1 1 1 1 1 1 1 1 0 0 1 1 1 1 1 1 1 1 1 1 1 1 1 1 1 0 1 1 1 1 1 1 1 1 1 1 0 1 1 
0 1 0 1 1 1 1 1 1 1 1 1 1 1 1 1 1 0 1 1 1 1 1 1 1 1 0 1 1 1 1 1 1 1 0 1 1 1 1 1 1 1 1 1 1 1 1 1 1 1 1 1 1 1 1 1 1 0 1 1 1 1 1 1 1 0 1 1 1 1 
1 1 1 1 1 1 1 1 1 1 1 0 1 0 1 0 1 1 0 1 1 1 1 1 1 1 1 1 1 1 1 1 1 1 0 1 1 1 1 1 1 0 1 1 1 1 1 1 1 1 1 1 1 1 1 1 1 1 0 1 1 1 1 1 1 1 1 1 1 1 
1 1 1 0 0 1 1 1 1 0 1 1 1 1 1 1 1 1 0 1 1 1 1 1 1 1 0 1 1 1 1 1 1 0 1 1 1 1 1 0 1 1 1 1 1 1 1 1 1 1 1 1 1 1 1 1 1 1 1 0 1 1 1 1 1 1 1 1 1 0 
1 1 1 1 1 1 1 1 1 1 1 0 0 1 1 1 1 1 1 1 1 1 1 0 1 1 1 1 1 1 1 1 0 1 1 1 1 1 1 1 1 1 1 1 1 1 1 1 1 1 1 1 1 1 1 1 1 1 1 1 0 1 1 1 1 1 0 1 0 1 
1 1 1 0 1 1 1 1 1 1 1 1 0 1 1 1 1 1 1 1 1 1 1 1 0 1 1 1 1 1 1 1 1 1 1 1 1 1 1 1 1 1 0 1 1 1 1 1 1 1 0 1 1 1 1 1 1 1 1 1 1 0 0 0 1 1 0 1 1 1 
1 1 1 0 1 1 1 0 1 1 0 1 1 0 1 1 1 1 1 1 1 1 1 1 1 1 1 1 1 1 0 1 1 1 1 1 1 1 1 1 1 1 1 1 1 1 1 1 1 0 1 1 1 1 1 1 1 1 1 1 1 0 0 1 1 1 1 1 0 1 
1 1 1 0 1 1 1 1 1 1 1 1 0 1 1 1 1 1 1 1 1 1 1 1 1 1 1 0 1 1 1 1 1 1 1 1 1 1 1 1 1 1 1 1 1 1 1 1 0 1 0 1 1 1 1 1 1 1 1 1 1 0 1 0 0 1 1 1 1 1 
1 1 1 1 1 1 1 1 1 1 0 1 1 1 1 1 1 0 1 1 0 1 0 1 1 1 1 1 1 1 1 0 1 1 0 1 0 1 1 1 1 1 1 0 1 1 1 1 1 1 1 1 1 1 0 1 1 1 1 1 1 1 1 0 0 1 1 1 1 1 
1 1 1 1 1 1 1 1 1 1 1 1 0 1 1 1 1 1 1 1 1 1 1 1 1 1 1 1 1 1 0 1 1 1 1 1 1 1 1 1 1 1 0 0 1 1 1 1 1 1 0 1 0 1 1 1 1 0 1 1 1 1 1 1 1 0 1 1 0 1 
1 1 1 0 1 1 1 1 1 0 0 1 1 1 1 1 1 1 1 1 1 1 1 0 1 1 1 1 1 1 1 0 1 0 1 1 1 1 1 1 1 1 1 1 1 1 1 1 0 1 1 1 1 1 1 1 1 1 1 1 0 0 1 1 1 1 0 1 1 0 
1 1 0 1 1 1 1 1 1 0 1 1 1 1 1 1 1 1 1 1 1 1 1 1 1 1 1 1 1 1 1 1 1 0 1 1 0 1 1 0 1 1 1 1 1 1 1 1 1 1 1 1 1 1 1 1 0 1 1 1 1 1 1 1 1 1 1 0 1 1 
1 1 1 1 1 1 1 1 1 1 1 1 1 0 1 1 1 1 1 1 1 1 1 0 0 1 1 1 1 1 1 1 1 1 1 1 1 1 1 1 1 1 0 1 1 1 1 1 1 1 1 0 1 0 1 1 1 1 1 1 0 1 0 1 1 0 1 1 0 1 
1 1 1 1 1 1 1 1 1 1 1 1 1 1 1 1 1 1 1 1 1 0 1 1 1 1 1 1 1 1 1 0 1 1 1 0 1 1 1 1 1 1 1 1 1 1 1 1 1 1 1 1 1 1 1 1 1 1 1 0 1 1 1 1 1 1 0 1 1 0 

0 0 0 17 0 0 0 0 0 0 0 9 0 0 0 0 0 0 0 0 0 0 0 2 18 0 0 0 0 0 0 0 0 0 0 0 0 0 0 0 0 0 0 0 0 0 0 0 0 0 0 0 0 0 0 13 0 0 0 0 17 0 0 0 8 0 0 3 0 0 
1 0 7 0 0 0 0 0 0 0 0 11 9 0 0 0 0 0 0 11 0 8 0 0 0 2 0 0 0 0 0 0 0 0 0 0 0 18 0 6 0 0 0 0 0 11 0 0 0 0 12 8 0 0 0 0 0 4 0 0 0 0 0 4 0 3 0 0 0 0 
0 0 0 0 0 0 0 0 0 0 0 0 0 0 7 14 0 14 18 0 0 0 0 0 6 0 0 0 2 0 0 0 0 20 0 0 3 0 0 0 0 0 0 0 4 0 0 0 0 0 0 0 0 0 0 2 0 0 15 0 4 3 0 0 10 0 0 0 0 0 
0 0 9 0 0 0 0 0 9 0 0 0 0 0 0 18 3 0 0 0 1 0 0 0 0 3 0 0 0 0 14 0 0 14 0 0 0 0 1 0 0 0 0 0 0 0 0 10 0 0 0 0 0 0 0 14 0 0 0 0 0 0 0 0 0 1 16 0 7 0 
0 0 0 0 0 0 18 0 20 0 6 0 5 9 0 0 2 0 0 0 0 0 7 0 0 0 0 0 0 14 0 0 0 0 0 0 11 0 0 0 0 0 0 0 0 0 0 0 0 0 0 0 0 0 3 0 0 0 0 0 0 6 0 11 0 0 0 0 3 0 
0 0 0 0 0 0 0 21 0 0 8 6 2 0 0 0 0 0 0 0 0 0 0 3 0 0 0 0 0 0 0 0 0 0 0 0 0 0 0 0 0 0 0 0 0 0 0 0 0 0 0 0 0 0 0 0 19 14 0 0 0 7 0 0 0 0 0 2 0 0 
19 0 20 0 0 2 0 0 0 0 0 0 0 0 0 0 0 0 0 0 0 5 0 0 0 12 0 0 14 0 0 0 20 0 0 0 1 0 0 6 0 0 0 0 0 0 0 13 0 0 0 16 0 0 0 0 0 0 18 0 20 0 5 0 0 0 0 0 0 0 
0 0 20 0 0 0 0 0 0 0 0 16 0 0 0 0 0 0 0 0 0 0 0 0 0 0 0 0 0 0 0 0 0 0 0 0 0 2 0 0 0 0 17 0 0 0 12 0 5 0 8 19 0 23 0 0 0 6 0 0 0 0 0 0 17 0 0 0 0 0 
0 0 3 0 0 0 0 4 0 0 0 0 20 0 6 0 9 0 0 0 1 0 0 16 0 0 0 4 0 0 0 0 0 0 0 0 0 12 0 0 0 0 9 0 0 12 17 0 3 0 0 16 0 0 0 0 0 0 0 0 0 0 0 0 0 0 0 0 0 0 
0 0 0 0 0 0 0 0 0 0 0 0 0 0 0 0 0 0 0 0 0 0 0 0 6 0 0 16 0 0 0 0 0 0 0 0 0 0 0 0 0 19 0 0 0 0 0 0 0 0 0 0 0 0 0 0 0 0 0 0 0 0 0 0 0 0 0 0 1 0 
0 0 8 4 0 0 0 0 17 0 0 4 0 17 0 2 2 0 2 13 0 7 0 0 0 0 0 0 0 0 0 0 0 17 0 6 1 0 0 0 13 16 0 0 9 0 0 0 0 0 0 0 0 0 0 0 0 0 0 0 0 0 17 0 5 0 0 9 0 0 
0 0 0 0 0 0 0 0 0 21 0 0 0 0 0 19 0 0 0 0 0 0 11 0 8 0 0 0 0 0 0 0 0 1 15 9 0 0 0 0 0 0 7 0 0 0 0 0 0 0 0 0 0 9 0 19 0 0 0 0 0 0 0 8 0 1 6 0 0 13 
0 0 0 0 7 5 0 3 0 0 0 0 0 0 0 0 0 0 0 0 0 0 0 0 0 0 0 0 0 0 0 0 4 0 0 0 0 0 0 0 0 4 0 0 0 0 0 5 0 13 0 19 0 18 0 0 8 0 20 0 0 0 9 12 10 5 0 0 0 0 
0 0 0 0 0 0 0 0 0 0 0 0 0 0 0 14 0 0 0 0 0 0 0 0 0 0 14 0 0 0 0 12 16 0 0 0 0 0 0 0 0 0 0 0 0 8 0 0 0 0 0 0 0 8 21 0 0 16 0 0 1 0 0 3 0 0 0 0 0 0 
0 0 0 0 19 0 0 0 0 0 0 0 2 0 0 0 0 0 0 0 0 10 0 0 0 0 20 0 0 0 0 0 0 0 0 0 0 0 0 0 0 0 0 14 0 0 0 0 0 0 0 0 0 0 0 0 0 0 0 0 0 3 0 0 0 10 8 6 0 0 
0 0 0 0 13 0 0 0 14 0 0 0 0 0 0 0 0 7 0 0 0 0 0 0 0 0 20 0 0 0 0 0 0 0 0 0 0 0 0 0 4 0 0 5 0 0 0 0 0 0 0 0 0 0 0 0 0 0 0 0 0 0 0 0 0 20 18 18 0 0 
0 0 0 0 0 0 0 10 0 0 0 0 0 0 0 0 0 7 0 0 0 0 0 0 0 0 0 0 0 0 0 0 0 0 0 17 5 0 0 0 0 18 0 0 0 0 0 0 0 0 0 15 0 0 1 0 4 0 0 14 0 0 0 0 0 14 0 19 0 0 
0 0 0 0 4 0 17 0 0 8 0 0 0 0 4 0 0 0 0 0 6 17 6 0 0 0 0 0 0 0 0 0 0 0 0 0 0 0 0 0 0 0 18 0 0 0 0 0 0 0 0 0 0 0 0 0 0 0 1 0 9 0 0 0 0 0 0 0 0 0 
0 0 0 18 0 0 0 0 0 0 11 9 0 4 0 0 0 0 0 0 4 0 0 0 0 7 0 6 0 0 0 0 0 10 7 0 0 0 0 5 0 6 0 13 0 0 0 0 0 0 0 0 0 0 0 0 0 9 0 7 1 0 17 0 0 0 0 0 0 0 
0 0 0 0 0 0 0 0 0 0 0 15 6 0 0 0 20 0 0 0 0 0 13 0 0 0 0 0 0 7 0 0 0 0 0 0 0 6 0 0 10 7 0 0 2 0 0 0 0 0 20 0 0 14 0 0 13 20 0 0 0 0 0 0 0 0 13 0 0 0 
3 0 0 0 0 10 0 0 0 8 0 0 0 1 0 0 0 0 0 0 0 0 11 0 0 0 6 0 0 0 0 0 19 0 10 0 0 0 0 0 0 0 0 0 0 0 0 0 0 0 19 0 0 0 17 2 0 0 0 0 0 1 0 11 0 6 0 0 3 0 
0 0 13 0 0 0 15 2 0 5 0 0 0 0 0 0 0 0 0 11 0 0 0 0 0 0 4 0 0 0 0 0 0 0 0 0 0 0 0 0 0 0 1 4 20 11 13 0 0 0 0 4 0 0 0 0 0 0 14 0 0 0 0 20 0 0 0 0 15 0 
0 0 0 16 0 0 0 0 0 0 14 15 0 0 0 8 0 0 0 0 16 0 0 0 0 18 0 5 6 0 0 0 0 0 0 0 20 0 0 0 0 0 0 0 0 0 0 0 0 0 1 0 0 0 0 0 0 0 0 0 0 0 0 0 0 0 0 0 19 0 
0 0 0 0 0 0 0 0 0 0 0 0 18 0 0 0 0 0 1 0 0 0 0 0 0 6 0 20 0 0 16 0 14 0 0 0 0 0 3 0 0 19 0 0 0 0 0 11 0 0 0 18 12 0 0 0 0 0 0 0 0 0 16 0 0 0 0 0 0 0 
19 17 10 0 0 9 0 17 0 0 0 0 0 0 0 0 0 0 0 0 0 13 13 0 0 0 0 0 0 3 0 0 0 0 12 11 0 0 0 7 0 0 18 0 0 0 0 0 0 0 0 0 4 0 13 0 0 0 0 10 0 0 0 0 0 0 0 0 3 0 
0 0 0 19 0 0 0 0 14 0 7 0 0 0 5 0 0 0 0 0 0 0 0 0 0 0 0 18 1 0 0 0 0 0 18 12 0 0 0 0 0 2 0 0 0 16 0 0 0 0 0 0 0 1 19 0 3 0 0 10 1 0 0 0 0 3 0 6 0 0 
0 6 0 0 0 2 0 0 0 0 0 0 12 0 0 0 0 0 0 0 0 0 11 0 11 0 0 6 0 0 0 0 0 0 1 20 0 0 0 0 0 7 0 0 0 13 0 0 7 0 0 0 4 0 0 3 0 0 0 0 0 0 0 0 0 0 0 0 5 0 
0 0 0 5 0 0 16 0 0 0 0 0 0 0 0 1 0 0 0 0 0 12 0 0 0 0 0 0 14 0 0 1 0 0 10 0 11 0 15 0 0 0 11 0 0 0 0 0 0 0 0 0 0 0 17 0 0 11 0 0 0 19 6 0 0 0 0 0 15 0 
20 0 0 0 0 0 0 0 0 6 0 0 0 4 0 0 0 15 0 0 0 0 0 0 0 0 0 0 0 0 4 0 0 0 0 9 0 0 0 0 0 0 0 0 0 0 18 0 0 8 0 0 0 0 0 0 0 0 0 0 0 0 0 0 0 9 0 0 2 0 
0 11 17 2 0 0 0 0 12 1 0 0 0 6 0 18 6 0 0 0 0 0 0 0 0 0 0 0 0 0 0 19 0 4 0 16 0 0 0 0 0 0 0 0 0 0 13 0 19 0 0 0 0 0 16 0 0 0 0 0 0 12 17 3 0 9 0 16 0 0 
1 0 0 0 0 8 0 0 7 0 0 6 7 0 1 0 0 0 0 0 10 0 0 15 0 0 0 0 0 0 0 0 0 7 0 0 0 18 16 3 0 15 0 0 14 0 0 0 0 0 0 0 0 5 20 0 0 0 0 0 16 0 7 0 0 0 0 0 0 0 
18 0 12 0 0 18 0 0 19 0 0 0 0 20 0 0 0 0 0 0 0 0 14 14 19 0 0 0 2 0 0 0 0 0 16 0 0 0 0 0 0 0 18 0 0 0 4 0 0 0 0 0 0 0 0 0 0 0 0 4 19 0 0 0 0 0 0 16 0 0 
14 0 6 16 16 0 0 0 0 0 5 0 0 0 0 0 0 0 0 0 0 0 0 0 0 0 0 0 2 0 0 9 0 16 0 0 0 15 0 8 0 0 0 0 0 0 0 0 19 19 0 8 0 3 0 0 0 0 0 0 0 0 0 0 0 0 0 0 0 0 
0 0 0 0 0 5 0 0 0 0 0 0 0 14 0 0 0 0 0 18 11 0 0 15 0 0 0 3 0 11 0 0 0 0 0 0 0 0 0 0 0 0 0 16 15 0 7 0 0 0 0 0 0 0 14 0 0 0 0 0 0 0 0 0 0 0 0 0 0 0 
0 10 17 20 14 0 0 0 0 0 0 21 0 0 0 0 0 0 19 0 0 0 0 0 4 0 0 10 1 0 0 0 0 0 0 12 0 0 15 1 0 0 0 0 0 0 0 0 0 0 0 0 18 12 0 0 0 0 0 0 9 22 0 0 0 0 0 0 0 10 
0 0 12 0 18 0 0 13 0 0 0 0 0 0 0 0 5 0 0 0 0 0 0 0 0 0 0 0 0 19 0 0 0 0 0 0 0 0 0 4 0 0 0 3 0 16 0 0 0 0 0 0 0 0 0 0 0 0 0 0 0 19 7 0 0 5 0 0 0 0 
0 0 0 0 0 0 11 0 0 10 0 0 0 0 0 0 0 0 0 0 0 0 0 0 0 0 16 11 0 0 0 0 0 11 12 0 0 0 0 0 0 0 0 0 0 0 0 5 0 0 0 0 0 0 0 0 8 0 7 0 0 12 0 0 0 0 20 0 4 0 
12 18 0 0 4 10 0 0 0 15 6 0 0 0 0 0 0 0 3 5 0 0 0 0 0 0 0 16 0 0 1 0 0 0 0 0 2 0 0 0 16 0 0 0 0 19 0 3 6 0 0 18 0 0 0 0 0 0 0 2 0 0 0 0 0 0 14 0 0 0 
0 0 0 18 8 0 0 0 0 15 0 0 0 2 0 0 6 0 0 0 0 0 0 0 0 0 0 0 0 0 0 0 15 0 0 0 16 0 0 0 0 0 0 0 0 0 0 0 0 0 0 16 0 0 0 0 0 0 0 11 0 0 0 0 0 0 5 0 0 0 
0 0 0 0 0 0 0 0 0 0 1 0 0 0 0 0 0 0 0 0 0 1 0 0 0 0 0 0 0 3 4 0 0 0 0 0 11 0 0 0 0 0 0 15 8 18 0 0 0 0 19 0 18 3 0 0 0 0 0 0 0 0 0 0 0 0 0 0 0 4 
0 16 0 0 17 0 0 0 20 0 0 8 0 0 0 0 12 2 0 0 3 0 0 0 14 16 0 0 0 0 5 0 0 19 0 0 7 0 0 0 0 0 0 0 0 2 11 0 0 3 1 11 14 2 0 0 0 0 6 0 0 0 0 0 21 3 12 15 0 0 
0 0 0 0 0 0 0 0 0 0 0 0 0 0 0 0 0 0 0 0 0 0 0 0 0 0 0 0 0 12 0 6 0 0 0 0 0 0 0 0 0 0 2 0 0 17 7 0 12 0 2 0 0 0 11 0 0 0 0 0 7 8 2 0 0 0 0 0 0 0 
3 0 0 13 0 0 0 0 0 0 15 0 9 0 0 0 0 0 19 0 0 7 0 0 0 0 0 0 14 0 0 0 0 0 0 0 0 0 0 0 0 0 0 12 0 0 20 0 0 0 0 0 4 7 5 9 0 0 0 0 0 0 0 0 0 0 0 0 0 0 
0 15 0 0 16 0 0 0 16 13 0 0 0 0 0 0 0 0 11 0 0 0 0 14 0 0 0 0 0 8 9 0 0 0 0 0 0 0 0 0 0 0 0 0 10 0 0 0 0 0 0 0 10 0 15 0 0 20 0 0 0 0 0 0 0 0 0 0 0 10 
0 21 0 0 0 0 0 0 20 6 0 5 20 0 0 0 0 0 0 0 0 0 0 0 0 8 0 0 0 1 0 0 8 0 0 0 0 0 0 19 0 0 13 0 0 0 0 18 0 0 19 0 0 0 0 0 19 0 0 0 0 0 0 0 18 13 15 8 0 0 
0 0 0 0 12 0 5 0 0 5 0 0 0 0 0 0 2 0 13 0 0 8 0 21 6 0 0 0 0 0 0 0 7 0 6 0 0 0 0 0 0 0 0 0 0 0 0 0 0 0 7 0 0 0 8 0 0 0 0 0 0 0 0 0 0 0 0 0 0 0 
0 0 0 0 3 0 0 0 0 0 0 0 0 0 0 0 0 0 0 0 0 0 0 0 0 0 0 0 0 0 0 0 0 0 0 0 0 0 0 0 13 0 0 2 0 21 0 0 0 0 0 16 0 0 0 14 0 6 0 0 0 0 0 0 13 0 0 3 0 0 
0 0 5 0 0 18 0 0 0 0 9 0 0 4 1 0 0 0 0 0 0 18 0 0 0 0 0 0 0 0 0 0 0 12 4 0 5 0 0 23 0 0 0 13 0 15 0 0 16 0 0 0 0 0 1 0 0 0 0 0 0 0 0 0 0 4 0 0 0 0 
0 0 0 16 8 0 0 0 20 16 0 0 0 0 0 0 7 0 4 0 0 0 0 11 2 0 0 0 0 0 2 0 0 0 0 0 0 0 0 10 0 13 13 0 0 15 0 0 0 0 0 0 0 0 0 0 0 0 3 0 0 0 0 15 0 0 0 4 0 0 
0 0 0 0 0 0 0 0 0 0 16 0 0 0 0 0 5 12 0 0 0 0 0 0 0 0 0 0 0 0 3 0 0 0 0 0 0 0 0 0 0 0 0 13 0 0 13 0 0 0 0 0 0 0 0 0 10 0 0 0 0 0 0 0 0 0 0 0 0 0 
0 0 0 0 0 0 0 0 0 11 0 0 0 0 5 1 0 0 0 0 20 0 0 0 0 0 0 0 0 0 18 0 9 0 0 0 0 0 0 0 0 0 0 0 0 0 3 0 0 0 0 0 0 0 0 0 0 0 0 0 0 0 0 0 14 0 5 0 0 0 
0 0 0 0 11 0 0 0 0 0 14 0 0 0 0 0 4 0 0 15 0 0 0 0 0 0 0 0 0 0 0 0 13 19 0 1 0 0 0 0 0 0 5 0 0 0 0 0 0 0 0 0 0 0 0 0 0 0 0 0 0 0 0 0 0 0 0 0 0 0 
0 0 0 0 19 0 0 0 0 0 0 0 0 0 0 0 0 0 0 17 0 0 0 0 0 0 0 21 0 0 0 9 0 0 0 0 0 18 0 12 0 0 0 0 0 0 0 6 0 12 0 0 0 0 0 0 0 0 0 0 0 2 0 0 0 6 20 0 0 0 
0 0 0 3 0 0 4 0 0 0 0 14 0 0 0 0 0 0 0 0 0 0 0 0 0 0 0 3 0 0 0 0 3 13 0 0 7 0 0 0 0 0 0 0 0 0 0 11 0 9 0 0 4 0 0 0 0 0 0 14 4 0 0 0 0 0 10 6 0 0 
0 0 0 0 0 0 0 0 0 9 0 0 0 0 0 0 0 0 10 14 3 0 9 0 0 0 0 0 6 0 0 0 11 5 0 0 18 0 0 13 0 0 0 0 3 0 0 0 0 0 0 0 0 0 0 0 0 0 0 0 0 0 0 16 0 0 16 0 10 0 
10 0 0 0 0 0 0 0 0 0 0 0 5 0 0 21 17 0 0 0 0 0 0 0 0 0 0 0 0 8 0 10 0 0 0 0 2 0 0 0 0 0 0 21 0 13 0 0 0 4 0 0 0 0 0 0 20 8 0 0 11 8 0 0 0 0 1 0 0 9 
0 0 0 0 0 0 0 0 0 16 0 0 0 0 2 0 0 0 17 0 0 8 0 0 0 0 0 0 4 16 11 12 0 0 13 0 0 0 0 0 0 3 0 0 0 0 0 0 4 0 0 0 0 0 0 0 0 0 0 0 10 0 0 0 0 0 0 0 0 0 
7 5 0 7 0 0 0 0 0 0 0 0 12 17 0 11 0 0 0 0 0 0 11 0 0 0 0 0 0 0 0 0 0 17 6 1 0 0 0 0 0 0 0 0 0 0 0 0 19 0 0 16 0 0 0 14 0 0 0 4 0 0 0 0 0 0 6 3 0 0 
20 0 0 0 0 0 0 0 0 0 0 0 0 0 2 0 2 0 0 0 0 0 0 0 0 0 2 0 0 0 0 0 18 0 0 0 0 0 0 0 0 0 0 0 11 0 0 0 0 0 0 0 0 0 0 11 0 0 0 14 0 0 0 4 0 0 8 4 0 0 
0 0 0 4 0 0 0 0 0 0 0 0 0 0 0 0 0 0 0 0 0 0 0 0 0 0 0 0 0 0 0 0 0 11 12 0 0 0 0 0 4 0 0 0 0 13 0 0 0 0 0 0 0 0 0 0 0 0 0 0 0 15 17 0 0 0 0 0 0 1 
0 0 10 0 0 3 0 0 0 2 0 10 0 0 0 0 22 0 5 0 0 20 0 0 3 0 15 0 0 0 19 0 9 0 21 0 0 0 19 0 0 4 6 0 0 0 0 0 0 0 0 4 0 0 0 10 0 0 0 0 0 0 16 0 0 11 0 0 0 0 
0 0 0 0 7 0 0 0 13 0 0 0 0 1 15 20 6 0 0 19 0 0 0 1 0 0 0 0 0 0 0 0 0 0 9 19 1 0 0 0 0 0 0 2 0 0 0 0 0 1 0 0 0 0 6 0 0 0 0 0 0 0 0 0 0 3 5 6 0 0 
0 0 14 0 0 0 0 14 0 0 3 0 9 0 0 0 0 0 11 0 0 0 0 0 0 0 0 0 0 0 20 0 0 0 0 0 0 0 0 0 5 0 0 0 0 0 11 19 0 0 0 6 0 0 10 0 0 0 6 15 0 0 0 0 6 3 0 0 0 15 
0 0 0 0 10 14 0 0 0 19 0 0 0 3 0 7 0 0 16 0 5 0 10 0 0 0 0 0 0 0 0 0 1 0 0 8 0 0 0 0 16 0 0 0 8 0 0 0 0 0 0 0 0 0 0 9 18 0 0 0 0 0 0 0 0 0 7 0 0 11 
0 0 0 0 0 6 0 0 0 20 0 0 0 0 0 0 0 18 8 0 0 0 0 0 0 0 0 1 0 0 0 0 12 0 6 0 20 0 3 14 0 18 16 0 0 0 0 6 12 2 15 0 0 0 0 11 0 0 0 0 0 0 0 0 0 0 10 0 0 0 
20 0 0 0 0 0 0 0 0 0 0 0 0 0 0 0 7 0 0 19 0 5 0 0 0 0 0 17 4 0 0 0 0 0 0 10 10 15 0 0 0 13 0 0 0 0 0 6 0 0 15 7 0 0 0 0 0 0 0 1 10 0 0 0 0 0 0 0 0 0 
0 0 0 7 0 0 0 0 0 7 0 0 20 0 0 0 0 0 0 0 0 0 7 0 0 0 0 9 0 7 0 0 0 0 0 0 0 13 0 13 0 0 0 0 0 0 0 0 0 10 0 19 0 0 0 0 0 0 0 6 0 0 0 0 0 19 0 0 0 0 
0 0 0 0 0 0 5 21 0 19 0 0 0 0 19 0 0 0 18 0 0 0 0 0 0 0 4 0 7 0 0 0 0 15 2 0 0 21 0 0 0 0 0 0 0 0 0 0 0 8 0 0 0 16 0 0 0 0 0 0 0 0 15 0 0 5 0 0 0 0 
0 0 0 0 0 12 10 0 0 20 0 0 0 0 0 4 6 0 0 0 0 0 0 0 0 0 0 3 0 0 14 0 9 0 0 0 0 0 0 0 0 11 4 0 0 0 0 14 0 0 0 0 0 0 0 0 0 0 0 0 0 0 0 0 0 0 19 0 0 0 
0 0 16 16 0 0 0 0 0 0 0 0 0 0 1 0 0 0 0 0 11 0 0 0 0 0 0 2 0 0 0 14 9 0 0 0 0 0 0 0 0 0 18 17 0 0 0 0 12 0 0 0 0 0 0 0 0 0 15 0 0 0 0 11 0 0 0 0 9 0 
