70

0 0 1 1 1 0 0 0 1 1 1 1 1 1 1 0 1 1 1 1 1 0 1 1 1 1 1 1 1 1 1 1 1 1 0 1 1 1 0 1 1 0 0 0 0 1 1 1 1 1 1 1 0 1 1 1 0 1 1 0 1 0 1 1 1 1 1 1 1 1 
0 0 1 1 1 1 0 0 1 0 1 1 1 1 0 1 1 1 1 0 0 1 1 0 1 1 1 0 0 1 1 1 1 1 1 1 1 0 1 0 1 1 1 1 1 1 0 0 0 1 1 0 1 1 1 0 0 0 1 0 1 0 0 1 0 0 0 1 1 1 
1 1 0 1 1 1 0 1 1 1 1 1 1 0 0 1 0 0 0 0 1 0 1 1 0 1 0 0 0 1 0 0 1 1 1 1 0 0 1 1 1 1 1 1 1 0 0 0 1 1 0 1 0 0 1 1 0 1 0 1 1 1 1 1 0 1 1 1 1 1 
1 1 1 0 0 1 0 1 1 1 1 1 1 1 1 0 1 1 1 0 1 1 1 1 1 1 0 1 0 0 1 1 1 1 1 1 1 1 0 1 0 1 1 1 1 1 1 1 1 0 1 1 1 1 1 1 1 1 1 0 1 0 1 1 1 1 0 0 1 1 
1 1 1 0 0 1 0 1 1 1 1 1 1 1 0 1 1 1 0 1 1 0 1 1 1 1 1 1 0 1 1 1 1 0 1 1 1 0 1 1 0 1 0 0 1 1 1 0 1 0 0 1 0 1 1 1 1 1 0 0 0 1 0 1 1 0 0 1 0 0 
0 1 1 1 1 0 0 1 1 1 1 1 1 1 1 1 1 1 0 1 0 1 0 1 1 1 1 0 1 1 1 1 1 0 1 1 1 1 1 0 1 1 1 1 1 0 0 0 1 1 1 1 1 1 1 1 1 1 0 1 0 1 1 1 0 0 1 1 1 0 
0 0 0 0 0 0 0 0 1 1 1 0 0 1 1 1 1 0 1 0 1 1 0 1 1 1 1 0 1 1 1 1 0 1 1 1 1 1 0 1 1 1 1 0 0 1 1 1 1 1 0 0 1 0 1 0 1 0 0 0 1 1 1 0 1 0 0 1 0 1 
0 0 1 1 1 1 0 0 1 1 1 1 1 0 1 0 1 1 1 1 1 0 0 0 0 1 1 1 1 1 0 1 1 1 1 1 1 1 1 1 0 0 0 1 1 1 1 1 1 0 1 1 0 1 1 1 0 0 1 1 1 1 1 1 0 1 1 1 1 1 
1 1 1 1 1 1 1 1 0 1 1 1 1 1 0 1 1 1 1 0 1 1 1 1 0 0 1 1 1 0 1 0 1 1 1 1 1 0 1 0 0 1 1 1 1 0 1 1 1 1 0 0 0 1 0 0 1 1 1 0 1 1 0 1 0 1 1 1 1 1 
1 0 1 1 1 1 1 1 1 0 1 1 0 1 1 0 1 1 1 0 1 1 1 0 1 0 0 1 1 0 0 0 1 1 1 1 1 1 0 1 0 1 1 1 1 0 1 1 1 1 1 0 0 1 1 1 0 1 1 0 1 1 1 0 1 1 1 1 0 1 
1 1 1 1 1 1 1 1 1 1 0 1 1 1 0 0 0 1 0 1 1 1 1 1 1 1 1 0 1 1 1 1 1 1 1 0 1 0 1 1 1 1 1 0 1 0 1 1 0 1 1 1 1 1 1 0 1 0 0 1 1 1 0 1 0 0 1 1 1 1 
1 1 1 1 1 1 0 1 1 1 1 0 1 1 1 0 0 0 0 1 1 1 1 1 1 1 1 1 1 0 0 1 0 0 1 0 1 1 1 1 1 0 1 0 0 1 1 1 0 0 1 1 1 1 1 1 1 0 0 1 1 1 1 0 0 1 0 1 1 0 
1 1 1 1 1 1 0 1 1 0 1 1 0 1 1 1 1 1 1 0 0 1 1 1 1 1 0 0 1 1 1 0 0 1 0 1 0 0 1 1 0 0 0 1 1 0 1 1 0 1 0 1 1 1 1 1 0 1 0 1 1 0 1 1 0 1 0 0 1 1 
1 1 0 1 1 1 1 0 1 1 1 1 1 0 1 0 1 0 1 1 1 0 1 1 1 1 1 0 1 1 1 1 0 1 1 0 0 1 1 0 0 1 0 1 1 1 1 1 1 0 1 1 1 1 1 1 1 0 1 1 1 1 0 1 1 0 1 0 1 1 
1 0 0 1 0 1 1 1 0 1 0 1 1 1 0 1 0 1 1 0 1 1 0 1 0 1 0 0 1 0 1 1 0 0 1 0 1 1 1 1 1 1 0 0 1 0 0 1 0 1 1 0 0 1 1 1 1 0 1 0 1 0 1 1 1 0 1 1 1 1 
0 1 1 0 1 1 1 0 1 0 0 0 1 0 1 0 1 1 1 1 1 1 0 1 1 0 1 1 0 0 1 1 1 0 1 0 1 1 1 1 1 0 0 1 1 0 1 1 1 1 1 0 0 1 1 1 1 0 1 0 1 0 0 0 0 1 1 1 1 1 
1 1 0 1 1 1 1 1 1 1 0 0 1 1 0 1 0 1 1 1 0 0 1 1 1 1 1 1 1 1 0 1 1 0 1 1 1 0 1 0 1 1 1 1 0 1 0 0 1 1 1 1 0 1 1 0 1 1 1 1 1 0 1 1 0 1 1 1 1 0 
1 1 0 1 1 1 0 1 1 1 1 0 1 0 1 1 1 0 1 1 1 1 1 0 0 0 1 1 1 1 1 1 1 1 0 0 0 1 1 0 1 1 1 0 1 1 0 1 0 1 1 1 1 1 1 0 0 0 0 1 1 1 1 1 1 1 1 1 1 1 
1 1 0 1 0 0 1 1 1 1 0 0 1 1 1 1 1 1 0 1 0 0 1 1 0 0 1 1 1 0 1 1 0 1 0 0 0 1 1 0 1 1 1 0 0 1 0 1 1 1 0 0 0 1 0 1 1 1 1 1 1 0 0 1 0 1 1 0 0 1 
1 0 0 0 1 1 0 1 0 0 1 1 0 1 0 1 1 1 1 0 0 1 1 1 1 0 1 1 0 1 1 1 0 1 1 0 0 1 1 1 0 0 1 1 1 1 0 1 1 1 1 1 1 1 1 1 0 1 1 1 1 1 0 0 0 1 0 1 0 0 
1 0 1 1 1 0 1 1 1 1 1 1 0 1 1 1 0 1 0 0 0 1 0 1 1 1 1 0 0 1 1 1 1 1 0 1 1 1 1 1 1 1 1 1 0 0 1 1 0 1 0 1 1 0 1 1 0 1 1 1 1 1 1 0 1 1 1 1 1 1 
0 1 0 1 0 1 1 0 1 1 1 1 1 0 1 1 0 1 0 1 1 0 1 0 1 1 1 1 1 1 0 1 0 1 1 0 0 1 0 1 1 1 1 1 1 1 1 0 1 0 1 1 1 0 1 1 1 1 1 0 1 1 1 1 0 1 1 1 1 0 
1 1 1 1 1 0 0 0 1 1 1 1 1 1 0 0 1 1 1 1 0 1 0 0 1 0 0 0 0 1 1 1 1 0 1 1 1 1 0 1 1 1 1 1 1 1 0 1 1 0 1 1 1 1 1 1 1 1 1 1 1 0 1 1 0 1 1 1 0 1 
1 0 1 1 1 1 1 0 1 0 1 1 1 1 1 1 1 0 1 1 1 0 0 0 1 1 1 0 0 1 1 1 1 0 1 0 1 0 0 1 0 1 1 1 0 1 1 0 0 1 1 1 1 1 1 1 1 1 1 0 0 0 1 0 1 1 0 0 1 1 
1 1 0 1 1 1 1 0 0 1 1 1 1 1 0 1 1 0 0 1 1 1 1 1 0 0 1 1 1 1 0 1 1 1 1 0 1 0 1 0 1 0 1 0 1 0 1 1 0 1 0 0 0 1 1 0 1 1 0 1 0 0 1 1 0 1 0 0 0 1 
1 1 1 1 1 1 1 1 0 0 1 1 1 1 1 0 1 0 0 0 1 1 0 1 0 0 1 1 1 1 1 0 0 1 1 1 1 1 0 0 1 1 0 1 0 1 0 0 0 0 1 1 1 1 1 1 1 0 1 1 0 1 0 0 1 1 1 1 1 0 
1 1 0 0 1 1 1 1 1 0 1 1 0 1 0 1 1 1 1 1 1 1 0 1 1 1 0 0 1 1 1 1 0 1 1 1 1 1 0 1 0 1 0 1 1 1 0 1 1 1 1 1 1 0 1 1 1 1 1 1 0 0 0 0 1 1 1 0 0 1 
1 0 0 1 1 0 0 1 1 1 0 1 0 0 0 1 1 1 1 1 0 1 0 0 1 1 0 0 1 0 1 0 0 1 1 0 1 1 1 1 1 1 0 0 0 0 0 1 1 0 1 1 1 1 1 1 0 1 1 1 1 0 0 1 0 1 1 1 1 1 
1 0 0 0 0 1 1 1 1 1 1 1 1 1 1 0 1 1 1 0 0 1 0 0 1 1 1 1 0 1 0 1 0 1 1 1 1 1 1 0 0 1 0 1 1 1 1 1 1 1 1 1 1 0 0 1 0 1 1 1 0 0 1 1 1 0 0 1 0 1 
1 1 1 0 1 1 1 1 0 0 1 0 1 1 0 0 1 1 0 1 1 1 1 1 1 1 1 0 1 0 1 0 1 0 0 0 1 1 1 1 0 1 0 1 0 1 1 0 1 1 0 0 1 0 1 1 1 1 0 0 0 1 1 1 0 1 1 1 1 1 
1 1 0 1 1 1 1 0 1 0 1 0 1 1 1 1 0 1 1 1 1 0 1 1 0 1 1 1 0 1 0 1 1 0 1 1 0 0 1 0 1 0 1 1 1 1 1 1 0 0 1 1 1 1 1 0 1 1 1 0 1 1 0 0 1 1 1 1 1 1 
1 1 0 1 1 1 1 1 0 0 1 1 0 1 1 1 1 1 1 1 1 1 1 1 1 0 1 0 1 0 1 0 0 1 1 0 1 1 0 0 0 1 0 1 1 1 1 1 0 1 0 1 0 1 0 0 1 0 1 1 1 1 1 1 1 0 1 1 1 1 
1 1 1 1 1 1 0 1 1 1 1 0 0 0 0 1 1 1 0 0 1 0 1 1 1 0 0 0 0 1 1 0 0 1 0 0 1 1 1 0 0 1 0 1 1 1 0 0 1 1 1 1 0 1 0 1 0 1 0 1 1 1 0 1 1 1 1 1 0 0 
1 1 1 1 0 0 1 1 1 1 1 0 1 1 0 0 0 1 1 1 1 1 0 0 1 1 1 1 1 0 0 1 1 0 0 1 0 0 0 0 0 0 1 1 0 0 1 1 1 0 0 1 1 1 1 1 0 1 1 1 0 1 0 1 0 1 1 1 1 1 
0 1 1 1 1 1 1 1 1 1 1 1 0 1 1 1 1 0 0 1 0 1 1 1 1 1 1 1 1 0 1 1 0 0 0 1 1 0 1 0 1 1 0 1 0 0 1 1 0 1 1 0 1 1 0 1 0 1 1 1 0 0 1 0 0 1 0 1 0 1 
1 1 1 1 1 1 1 1 1 1 0 0 1 0 0 0 1 0 0 0 1 0 1 0 0 1 1 0 1 0 1 0 0 1 1 0 0 1 1 0 1 1 1 1 0 1 1 1 1 0 1 0 1 1 1 1 1 1 1 1 1 1 0 1 1 0 1 0 0 1 
1 1 0 1 1 1 1 1 1 1 1 1 0 0 1 1 1 0 0 0 1 0 1 1 1 1 1 1 1 1 0 1 1 0 1 0 0 0 0 1 0 1 1 1 0 0 0 1 0 1 1 1 1 1 1 0 0 1 0 0 1 0 0 1 1 0 0 1 1 0 
1 0 0 1 0 1 1 1 0 1 0 1 0 1 1 1 0 1 1 1 1 1 1 0 0 1 1 1 1 1 0 1 1 0 0 1 0 0 0 1 1 1 1 0 1 0 0 1 1 1 0 0 0 0 0 0 0 0 1 1 1 1 1 1 0 1 1 0 1 1 
0 1 1 0 1 1 0 1 1 0 1 1 1 1 1 1 1 1 1 1 1 0 0 0 1 0 0 1 1 1 1 0 1 0 1 1 0 0 0 0 1 1 1 1 1 1 1 0 1 1 0 1 0 1 1 0 1 1 1 1 1 1 1 1 1 1 0 1 1 0 
1 0 1 1 1 0 1 1 0 1 1 1 1 0 1 1 0 0 0 1 1 1 1 1 0 0 1 1 0 1 0 0 0 0 0 0 1 1 0 0 1 1 0 1 0 1 0 1 1 1 1 1 1 1 0 0 1 1 1 1 0 1 0 0 1 1 0 0 0 1 
1 1 1 0 0 1 1 0 0 0 1 1 0 0 1 1 1 1 1 0 1 1 1 0 1 1 0 1 0 0 1 0 0 0 1 1 0 1 1 1 0 1 1 1 0 1 1 1 0 1 1 0 1 1 0 1 1 1 1 1 0 1 0 1 0 1 1 0 0 1 
0 1 1 1 1 1 1 0 1 1 1 0 0 1 1 0 1 1 1 0 1 1 1 1 0 1 1 1 1 1 0 1 1 0 1 1 1 1 1 1 1 0 1 1 0 0 0 0 1 1 1 1 1 1 0 0 1 1 0 1 1 1 1 1 1 1 1 1 0 1 
0 1 1 1 0 1 1 0 1 1 1 1 0 0 0 0 1 1 1 1 1 1 1 1 1 0 0 0 0 0 1 0 0 1 0 1 1 1 1 0 1 1 0 1 1 0 1 1 1 0 0 0 1 1 1 1 1 1 1 0 1 1 0 1 1 1 0 1 0 1 
0 1 1 1 0 1 0 1 1 1 0 0 1 1 0 1 1 0 0 1 1 1 1 1 0 1 1 0 1 1 1 1 1 1 1 1 1 0 1 1 1 1 1 0 1 1 1 1 0 0 0 0 1 0 1 1 1 0 1 1 1 1 0 0 1 1 1 1 0 0 
0 1 1 1 1 1 0 1 1 1 1 0 1 1 1 1 0 1 0 1 0 1 1 0 1 0 1 0 1 0 1 1 1 0 0 0 0 1 1 0 0 0 1 1 0 1 1 1 0 1 1 0 1 0 1 1 1 1 1 0 1 1 1 0 1 1 0 1 1 1 
1 1 0 1 1 0 1 1 0 0 0 1 0 1 0 0 1 1 1 1 0 1 1 1 0 1 1 0 1 1 1 1 1 0 0 1 0 0 1 1 1 0 0 1 1 0 1 1 1 1 1 1 0 0 1 1 1 1 1 1 1 0 1 0 1 1 0 1 1 0 
1 0 0 1 1 0 1 1 1 1 1 1 1 1 0 1 0 0 0 0 1 1 0 1 1 0 0 0 1 1 1 1 0 1 1 1 0 0 1 0 1 0 1 1 1 1 0 0 1 1 1 0 0 1 0 0 1 1 1 1 1 0 1 1 1 1 1 1 1 1 
1 0 0 1 0 0 1 1 1 1 1 1 1 1 1 1 0 1 1 1 1 0 1 0 1 0 1 1 1 0 1 1 0 1 1 1 1 1 0 1 1 0 1 1 1 1 0 0 0 1 1 1 1 1 0 1 1 1 1 1 1 0 0 1 1 1 0 1 0 0 
1 0 1 1 1 1 1 1 1 1 0 0 0 1 0 1 1 0 1 1 0 1 1 0 0 0 1 1 1 1 0 0 1 1 0 1 0 1 1 1 0 1 1 0 0 1 1 0 0 0 1 1 0 0 1 0 1 1 0 1 1 0 1 1 1 1 1 1 1 1 
1 1 1 0 0 1 1 0 1 1 1 0 1 0 1 1 1 1 1 1 1 0 0 1 1 0 1 0 1 1 0 1 1 0 1 0 1 1 1 1 1 1 0 0 1 1 1 1 0 0 0 1 1 0 0 1 0 1 1 0 1 1 1 1 1 1 1 1 0 1 
1 1 0 1 0 1 0 1 0 1 1 1 0 1 1 1 1 1 0 1 0 1 1 1 0 1 1 1 1 0 1 0 1 0 1 1 1 0 0 1 1 1 0 0 1 1 1 1 1 0 0 1 0 1 0 0 1 1 1 0 1 1 0 0 1 1 0 1 1 0 
1 0 1 1 1 1 0 1 0 0 1 1 1 1 0 0 1 1 0 1 1 1 1 1 0 1 1 1 1 0 1 1 1 1 0 0 1 0 1 1 0 1 0 0 0 1 0 1 1 1 1 0 1 1 0 1 1 1 0 1 0 1 0 1 0 0 1 1 0 0 
0 1 0 1 0 1 1 0 0 0 1 1 1 1 0 0 0 1 0 1 1 1 1 1 0 1 1 1 1 1 1 0 0 1 1 1 1 0 0 1 1 1 1 1 1 0 0 1 0 1 0 1 0 1 1 0 1 1 1 1 1 1 1 1 0 1 1 1 1 1 
1 1 0 1 1 1 0 1 1 1 1 1 1 1 1 1 1 1 1 1 0 0 1 1 1 1 0 1 0 0 1 1 1 1 1 1 1 0 1 1 1 1 1 0 0 0 1 1 0 0 1 1 1 0 0 0 1 1 1 1 1 1 0 1 1 1 1 1 1 1 
1 1 1 1 1 1 1 1 0 1 1 1 1 1 1 1 1 1 0 1 1 1 1 1 1 1 1 1 0 1 1 0 0 1 0 1 1 0 1 0 0 0 1 1 1 1 0 0 1 0 0 0 1 0 0 0 1 1 0 1 1 1 0 1 1 1 1 0 1 1 
1 0 1 1 1 1 0 1 0 1 0 1 1 1 1 1 0 0 1 1 1 1 1 1 0 1 1 1 1 1 0 0 1 1 1 1 0 0 0 0 1 0 1 1 1 1 0 1 0 1 0 1 0 0 0 0 0 1 1 1 0 1 1 1 1 0 1 1 1 1 
0 0 0 1 1 1 1 0 1 0 1 1 0 1 1 1 1 0 1 0 0 1 1 1 1 1 1 0 0 1 1 1 0 0 0 1 0 0 1 1 1 1 1 1 1 1 1 1 1 0 1 1 1 1 1 0 0 1 1 1 1 0 1 1 1 1 1 1 0 1 
1 0 1 1 1 1 0 0 1 1 0 0 1 0 0 0 1 0 1 1 1 1 1 1 1 0 1 1 1 1 1 0 1 1 1 1 1 0 1 1 1 1 1 0 1 1 1 1 1 1 1 1 1 1 1 1 1 0 1 0 1 1 1 1 0 0 1 1 1 1 
1 1 0 1 0 0 0 1 1 1 0 0 0 1 1 1 1 0 1 1 1 1 1 1 0 1 1 1 1 0 1 1 0 1 1 1 0 1 1 1 1 0 1 1 1 1 1 1 0 1 1 0 1 1 0 1 1 1 0 1 0 1 1 1 1 0 1 1 1 0 
0 0 1 0 0 1 0 1 0 0 1 1 1 1 0 0 1 1 1 1 1 0 1 0 1 1 1 1 1 0 0 1 1 1 1 1 0 1 1 1 1 1 0 1 0 1 1 1 1 0 0 1 1 1 1 1 1 0 1 0 0 1 1 1 0 1 1 1 0 0 
1 1 1 1 0 0 1 1 1 1 1 1 1 1 1 1 1 1 1 1 1 1 1 0 0 0 0 1 0 0 1 1 1 0 0 1 1 1 1 0 0 1 1 1 1 1 1 1 1 1 1 0 1 1 1 0 1 1 0 0 0 0 1 0 1 0 0 0 1 1 
0 0 1 0 1 1 1 1 1 1 1 1 0 1 0 0 0 1 0 1 1 1 0 0 0 1 0 0 0 1 1 1 1 1 0 1 0 1 1 1 1 1 1 1 1 0 0 0 0 1 1 1 1 1 1 1 0 1 1 1 0 0 1 1 1 1 0 1 1 1 
1 0 1 1 0 1 1 1 0 1 0 1 1 0 1 0 1 1 0 0 1 1 1 1 1 0 0 0 1 1 0 1 0 0 1 0 0 1 1 0 0 1 0 0 1 1 1 0 1 1 0 0 1 0 0 1 1 1 1 1 1 1 0 1 1 1 1 1 1 1 
1 1 1 1 1 1 0 1 1 0 1 0 1 1 1 0 1 1 1 0 0 1 1 0 1 0 0 1 1 1 0 1 1 1 0 1 1 1 1 0 1 1 1 0 0 0 1 1 1 1 0 1 1 1 1 1 1 1 1 1 0 1 1 0 0 1 1 0 1 1 
1 0 0 1 1 0 1 0 0 1 0 0 0 1 1 0 0 1 0 0 1 0 0 1 0 1 1 0 1 0 1 1 1 0 0 1 1 0 1 1 0 1 1 1 1 1 1 1 1 1 1 0 0 1 1 1 1 0 1 0 1 1 1 0 0 0 0 0 1 1 
1 0 1 1 0 0 0 1 1 1 0 1 1 0 0 1 1 1 1 1 1 1 1 1 1 1 1 1 0 1 1 0 1 1 1 0 0 1 1 1 1 1 1 1 1 1 1 1 1 1 1 0 1 1 1 0 1 0 0 1 0 1 1 1 0 0 1 1 1 0 
1 0 1 0 0 1 0 1 1 1 1 0 0 1 1 1 1 1 1 0 1 1 1 0 0 1 1 1 0 1 1 1 1 1 0 1 0 1 0 0 1 1 0 1 0 0 1 0 1 1 0 1 1 1 1 1 1 1 1 1 0 0 1 1 0 1 0 1 1 1 
1 1 1 0 1 1 1 1 1 1 1 1 0 0 1 1 1 1 0 1 1 1 1 0 0 1 0 1 1 1 1 1 1 1 1 0 1 0 1 0 0 1 1 1 1 1 1 1 1 1 1 1 1 1 0 1 1 1 1 1 0 1 1 0 0 1 1 0 0 1 
1 1 1 1 0 1 0 1 1 0 1 1 1 1 1 1 1 1 0 0 1 1 0 1 0 1 0 1 0 1 1 1 0 1 0 0 1 1 1 0 0 0 0 0 1 1 1 0 1 0 1 0 1 1 1 1 0 1 1 0 1 1 1 1 1 1 1 0 0 0 
1 1 1 1 0 0 1 1 1 1 1 0 1 1 1 1 0 1 1 0 1 0 1 1 1 0 1 1 1 1 1 1 0 1 1 1 0 1 0 1 1 1 1 0 1 0 1 0 1 1 0 0 1 1 1 1 1 1 0 0 1 1 1 1 1 0 1 1 0 0 

0 0 0 0 0 0 0 0 0 2 0 0 0 0 3 0 14 0 0 14 0 0 0 0 0 0 0 0 0 0 0 0 0 0 0 0 0 0 0 0 0 0 0 0 28 0 0 0 19 0 0 0 0 0 0 11 0 0 0 0 0 0 30 0 0 19 0 0 25 12 
0 0 0 0 0 0 0 0 0 0 22 7 0 0 0 0 28 0 0 0 0 1 0 0 0 4 0 0 0 0 0 0 2 0 0 14 0 0 0 0 3 0 2 0 0 0 0 0 0 0 0 0 0 0 0 0 0 0 0 0 0 0 0 0 17 0 0 0 0 0 
0 0 0 0 23 0 0 0 4 18 0 0 0 0 0 0 0 0 11 0 0 0 0 10 15 8 3 0 0 0 9 0 0 0 4 0 0 0 0 0 0 0 0 0 10 26 19 1 0 0 0 19 0 0 0 14 0 0 0 0 5 0 0 0 0 0 0 0 0 0 
0 0 0 0 0 0 9 0 0 0 0 16 30 0 0 0 1 17 0 0 29 0 0 0 0 0 26 0 0 0 0 0 15 0 26 0 0 0 0 0 0 0 26 0 5 9 1 0 0 0 5 28 19 0 0 0 8 25 0 0 0 28 0 11 0 0 0 0 24 0 
0 0 0 0 0 0 0 0 0 0 0 0 22 0 0 0 0 0 1 0 1 0 0 12 4 0 0 0 0 0 0 0 0 0 11 9 0 13 4 0 0 11 0 23 0 0 0 0 0 0 0 0 0 0 0 0 0 0 19 0 0 0 0 0 17 16 23 10 2 0 
0 0 13 0 0 0 0 0 9 0 0 0 0 0 0 11 4 0 5 27 0 0 0 0 16 0 0 0 0 0 0 12 23 0 0 0 0 0 0 0 0 0 0 0 0 0 8 0 0 0 0 0 23 12 0 16 0 0 0 26 0 0 26 3 0 16 0 0 0 0 
0 0 0 0 0 12 0 0 5 0 0 0 0 0 28 0 0 0 28 0 0 0 0 2 0 0 30 0 0 6 0 0 0 0 0 0 0 0 0 0 0 17 0 0 0 0 0 0 0 0 0 0 0 0 6 0 0 16 0 7 0 0 0 0 0 0 0 0 0 0 
0 0 0 0 0 22 0 0 28 9 0 0 24 0 5 0 0 0 0 0 16 30 0 0 0 0 0 21 0 12 0 0 0 0 0 0 0 0 0 8 0 17 0 0 0 0 0 0 0 0 0 0 0 0 0 18 0 0 0 0 0 0 27 0 0 0 0 0 22 0 
0 0 12 18 0 0 0 0 0 18 17 0 0 0 0 0 22 0 0 0 27 0 0 7 0 0 9 0 0 0 21 0 0 7 0 0 0 0 0 0 0 0 0 0 0 0 11 18 14 0 0 22 0 0 0 0 0 0 0 0 0 0 0 0 0 0 25 12 0 0 
0 0 23 0 0 0 0 0 0 0 19 0 0 0 0 0 0 0 4 0 0 26 0 0 0 0 0 0 0 0 0 0 0 0 0 0 8 0 0 0 0 0 0 0 0 0 0 27 0 0 0 0 0 0 0 0 0 0 0 0 23 0 0 0 15 0 0 0 20 0 
0 0 0 25 0 0 6 0 0 0 0 0 0 4 0 0 11 0 0 0 0 0 0 0 0 0 0 0 8 0 0 12 0 28 0 0 0 0 0 0 0 0 8 0 0 0 0 24 29 0 0 17 4 0 0 0 0 0 0 29 0 0 0 0 0 0 24 0 0 0 
0 0 0 0 26 0 25 0 5 0 20 0 0 0 0 0 0 0 0 0 0 6 0 0 0 18 12 0 0 0 0 0 0 0 0 0 0 0 0 0 0 0 0 0 0 7 0 12 0 0 0 0 0 0 0 0 0 10 0 0 0 0 0 0 0 0 4 0 0 9 
13 27 5 0 0 0 0 0 0 0 0 23 0 0 0 0 0 20 0 0 7 2 0 0 0 0 0 0 23 0 0 0 0 0 0 0 0 0 0 0 0 0 0 0 0 26 5 0 12 4 0 0 0 0 0 0 0 0 0 27 0 0 9 0 0 0 30 0 11 3 
10 0 0 0 24 21 0 0 0 0 0 0 24 0 0 4 27 0 0 0 0 0 0 0 0 19 0 0 0 0 0 22 0 27 10 0 0 0 0 0 0 0 0 0 16 0 0 11 8 0 0 0 18 22 17 0 0 23 0 0 0 0 7 28 0 0 0 0 16 0 
0 0 10 0 0 0 0 0 5 0 0 0 16 0 0 0 0 6 0 0 0 11 0 0 0 0 0 27 9 0 0 0 0 23 2 0 0 0 0 0 0 0 0 0 0 0 0 0 0 0 0 15 0 0 16 0 0 0 0 0 0 0 0 0 0 0 0 0 0 0 
0 0 20 0 20 0 17 0 0 0 0 0 0 0 0 0 0 0 0 0 0 0 0 0 0 0 0 0 19 0 0 0 0 0 0 0 0 16 0 0 2 0 0 0 0 0 17 0 0 0 0 0 0 0 0 0 0 0 0 2 0 0 0 0 23 0 0 0 8 0 
29 0 0 0 0 8 0 0 0 0 0 12 0 7 0 0 0 0 8 0 5 0 0 0 0 0 0 19 0 2 0 0 0 0 17 0 0 25 0 0 0 22 0 0 0 9 0 0 0 14 0 0 0 0 0 0 0 19 0 0 0 0 0 0 0 0 0 0 0 0 
0 0 0 1 0 0 7 0 0 0 0 2 0 1 0 0 0 0 0 0 1 23 0 21 0 24 0 0 0 0 0 0 16 0 0 8 0 1 0 0 0 0 0 0 0 11 0 0 0 0 0 1 2 16 0 0 0 0 0 30 0 0 17 0 0 19 0 0 28 6 
0 0 14 0 0 0 0 8 0 0 0 0 0 0 0 0 11 16 0 0 0 0 0 0 0 0 0 0 0 0 0 0 0 0 0 0 0 0 0 0 27 0 0 0 9 1 0 0 0 0 0 0 0 0 0 0 10 0 0 0 0 0 0 27 0 12 0 0 0 0 
18 11 0 22 0 0 0 0 0 0 0 0 6 0 0 0 0 0 3 0 0 0 0 0 7 27 0 0 0 0 0 0 0 5 0 0 27 0 22 0 0 0 0 2 15 0 6 0 0 0 0 0 4 0 0 0 0 0 2 0 0 0 0 0 0 0 0 0 0 0 
0 12 0 0 0 0 0 0 2 0 0 0 0 0 0 0 0 0 0 0 0 0 0 0 0 0 0 0 0 0 0 0 0 26 0 0 0 0 0 0 21 0 0 0 0 11 0 0 0 0 0 0 6 26 0 0 0 0 0 0 0 0 0 0 0 0 21 0 0 0 
30 17 0 0 0 0 0 0 0 0 0 0 0 9 0 0 0 0 0 0 0 0 0 0 0 0 0 0 0 0 0 0 1 20 0 0 0 14 13 0 0 0 0 0 0 0 0 0 0 0 0 0 2 0 28 0 0 0 9 0 12 0 0 0 0 0 30 0 0 0 
0 0 0 0 0 0 0 0 0 0 19 0 0 0 0 0 0 0 0 0 0 0 0 0 0 0 0 0 0 0 0 0 1 0 0 29 27 0 0 0 0 0 4 22 2 0 0 0 0 0 0 0 0 1 6 0 5 0 29 0 0 0 0 0 0 20 0 31 0 0 
0 0 0 0 0 0 21 0 0 9 0 0 0 0 27 0 24 0 0 0 0 0 0 0 0 0 19 0 0 0 0 0 0 0 0 2 21 0 0 0 0 0 19 0 0 0 0 0 0 0 0 19 0 0 29 0 0 0 0 0 0 0 0 0 0 0 0 0 0 24 
0 23 2 20 0 8 0 0 14 0 0 0 26 0 10 0 0 0 0 0 1 0 0 0 0 0 0 0 0 0 15 0 24 0 0 0 0 0 29 0 5 0 0 0 0 11 0 0 4 0 0 0 0 0 0 0 0 0 0 12 29 0 0 0 19 0 7 0 0 0 
0 0 0 0 0 0 0 0 0 19 0 0 0 0 0 0 3 22 0 0 0 0 8 0 0 0 0 13 30 0 4 0 0 29 8 0 23 0 0 24 0 0 0 22 11 0 0 0 0 0 0 0 0 0 0 15 0 0 0 26 0 0 0 27 0 18 0 0 29 0 
0 0 0 0 0 0 0 0 11 0 1 8 0 0 0 0 0 0 13 0 9 0 0 15 0 0 0 0 0 0 19 0 0 0 0 0 0 0 0 0 25 15 0 0 0 26 8 0 0 0 15 5 17 0 0 0 0 15 0 0 0 0 0 0 0 0 0 0 26 0 
0 0 0 0 0 0 0 0 0 0 24 0 0 0 19 23 18 0 23 13 0 0 0 0 0 0 14 0 0 0 0 0 0 0 0 0 0 0 0 0 0 0 0 0 0 0 0 0 0 8 22 0 0 0 0 0 0 0 0 0 0 0 0 0 0 0 0 0 0 25 
0 0 0 0 0 0 9 0 0 0 0 0 0 0 22 0 0 0 0 10 3 0 21 0 0 0 0 1 0 0 0 0 0 30 0 9 22 12 0 0 0 0 0 0 0 0 0 0 0 0 0 0 26 0 0 0 0 0 0 25 0 0 0 0 0 0 0 0 0 6 
16 0 20 0 0 0 2 9 0 0 0 0 0 0 29 0 0 11 0 0 0 0 12 0 6 0 0 0 7 0 0 0 0 0 0 2 0 13 16 0 29 0 0 0 0 0 0 0 0 0 0 0 12 0 0 0 0 12 0 0 0 0 4 17 3 0 0 0 0 0 
0 0 0 18 18 0 0 0 0 0 0 0 0 0 0 0 0 0 0 0 0 25 0 0 0 0 22 0 0 0 0 17 0 0 0 0 0 18 0 11 0 0 21 0 0 17 0 0 0 22 21 0 0 28 0 0 0 0 7 0 0 0 0 0 8 0 0 0 0 0 
10 0 0 0 0 0 0 0 0 0 0 0 0 0 0 2 0 7 0 9 0 3 0 0 22 0 0 0 0 0 29 0 0 0 0 0 0 0 22 0 0 0 0 28 0 0 29 0 0 0 16 0 0 0 0 0 0 18 0 0 8 0 0 0 0 0 0 0 0 0 
0 0 0 30 0 0 0 0 0 0 24 0 0 0 0 0 0 0 0 0 0 0 0 0 0 0 0 0 0 0 0 0 0 0 0 0 0 0 0 0 0 28 0 0 29 0 21 0 0 0 0 0 0 0 0 0 0 0 0 0 27 9 0 0 0 0 0 0 0 0 
0 0 0 0 0 0 0 0 0 0 0 0 29 0 0 0 0 0 0 0 0 0 16 0 0 0 0 0 0 0 0 22 7 0 23 0 0 0 0 0 0 0 0 0 19 0 1 0 0 0 0 0 0 0 0 0 0 0 0 0 30 0 1 0 0 0 0 0 0 0 
0 0 0 0 0 0 0 0 0 0 17 0 24 0 0 19 0 0 0 17 14 0 0 14 14 0 0 0 16 0 0 0 26 0 0 0 0 0 17 0 0 0 0 0 0 25 12 0 0 0 0 0 0 0 0 26 0 0 0 0 0 20 5 14 0 0 0 0 0 0 
0 19 0 0 0 3 0 0 29 0 0 0 0 0 5 0 0 0 0 0 0 0 0 0 0 0 27 0 0 10 16 0 0 0 0 0 0 0 0 0 0 0 3 5 0 0 0 0 6 0 0 1 0 0 10 0 0 0 0 3 0 0 0 0 0 0 0 0 0 6 
0 0 0 0 0 0 0 0 0 0 0 0 7 9 0 0 0 0 0 0 0 0 0 0 0 0 12 0 0 0 0 0 0 0 0 20 0 0 9 30 0 0 0 0 13 28 0 0 0 8 0 0 0 0 0 0 0 0 0 0 0 0 0 0 0 0 0 0 0 0 
9 0 0 0 0 0 0 5 0 0 0 0 0 0 0 2 4 1 0 0 5 0 10 1 14 0 0 0 0 4 26 0 0 3 0 0 0 0 0 0 0 0 0 15 0 0 16 0 0 0 0 0 2 0 0 11 22 29 0 0 0 0 1 0 11 16 0 0 24 7 
10 0 28 0 4 0 0 0 0 0 0 0 10 0 0 0 0 0 0 0 0 0 0 7 0 24 0 0 0 0 0 0 0 0 0 0 3 0 0 0 4 0 0 0 0 0 0 0 0 0 0 15 0 0 0 0 0 0 0 0 0 0 0 0 0 0 20 0 0 0 
3 0 0 0 0 0 0 0 0 0 10 9 1 0 0 0 9 0 0 0 8 0 8 0 0 0 0 0 8 0 0 0 0 0 0 0 0 0 0 0 5 0 0 0 0 0 0 26 8 22 22 0 0 0 14 0 0 0 17 0 0 0 10 0 0 0 0 22 17 0 
24 11 0 0 28 0 0 0 0 23 0 0 0 0 3 0 0 12 22 0 0 0 0 0 0 17 0 0 0 0 0 0 0 0 0 9 0 0 0 0 0 0 0 27 0 0 0 0 0 0 5 0 0 0 14 0 0 0 0 0 0 0 23 0 0 0 0 0 21 0 
0 20 0 0 0 0 0 5 0 0 0 17 0 0 27 0 0 0 0 0 3 0 26 0 0 5 0 0 0 0 0 22 0 0 0 0 0 4 0 0 0 0 24 0 0 0 0 0 0 0 0 0 0 9 0 0 2 0 24 0 0 0 0 0 0 23 0 0 19 0 
0 14 0 0 0 0 30 0 0 17 24 19 0 0 0 0 30 28 0 0 0 0 0 0 0 0 0 0 0 2 29 0 3 0 0 0 0 0 0 3 0 0 0 0 0 8 0 0 0 12 6 0 0 0 0 0 18 0 0 0 0 0 0 0 22 0 0 0 25 0 
0 0 0 18 0 29 0 6 0 0 0 0 0 0 14 0 7 5 0 20 0 0 0 1 0 0 0 0 0 6 0 0 0 0 0 0 0 0 11 0 1 0 0 0 0 0 0 0 0 11 0 0 6 0 21 0 0 0 0 0 0 21 0 0 0 0 0 15 0 0 
0 0 0 0 17 0 0 0 19 0 0 0 0 0 11 28 0 0 0 0 0 0 0 0 0 0 0 0 0 0 0 0 0 0 0 0 5 0 0 0 0 24 0 16 0 14 0 0 24 0 0 0 22 0 28 0 0 0 0 0 0 0 0 0 0 0 0 0 0 0 
0 0 0 0 0 0 0 0 0 0 0 26 0 29 6 0 0 0 0 0 0 0 0 0 0 0 0 1 29 0 17 5 0 0 0 19 0 0 21 7 0 0 0 0 0 0 0 0 0 0 0 1 0 0 0 0 3 10 0 0 0 0 0 0 0 1 1 0 0 0 
23 0 0 0 10 0 0 0 0 0 27 0 0 0 0 9 0 0 0 0 0 0 0 25 0 0 0 0 0 0 0 0 0 0 0 0 0 14 0 0 0 0 0 0 17 0 0 4 16 0 0 16 13 0 0 0 0 0 0 0 0 0 20 0 0 0 4 0 0 0 
0 21 0 0 0 0 21 11 0 0 0 0 0 0 16 16 0 0 0 25 0 0 0 0 0 0 0 0 14 0 0 0 0 0 0 0 0 0 0 7 11 0 0 0 19 0 0 0 26 0 0 0 0 0 0 26 0 0 0 29 0 0 0 0 0 0 0 0 0 0 
0 0 0 0 0 0 0 0 0 0 0 0 0 0 20 18 0 0 0 0 0 22 0 0 0 0 0 0 16 0 0 1 0 0 0 0 30 0 0 0 0 0 4 0 0 0 0 0 0 0 0 0 0 7 0 30 0 0 0 0 0 0 0 0 0 0 0 20 12 0 
0 0 0 0 0 0 25 0 0 0 0 28 0 0 0 0 22 0 0 0 0 0 0 0 0 12 0 0 0 0 30 0 0 0 0 2 0 0 0 0 0 0 0 0 0 0 17 0 0 0 0 0 0 0 7 0 0 0 0 0 12 0 0 26 13 0 0 0 0 0 
0 17 0 0 0 0 0 0 0 0 0 0 0 0 0 0 5 0 0 0 0 0 0 0 0 0 0 0 0 0 0 16 0 0 0 17 0 8 0 0 24 0 0 0 0 1 13 0 0 10 0 0 0 0 0 5 0 0 0 0 0 0 0 0 0 0 0 0 0 0 
0 18 10 0 0 0 0 0 0 0 4 0 0 0 0 0 0 0 22 13 0 28 0 11 0 0 0 0 12 6 0 0 19 0 0 0 0 6 0 0 0 0 0 1 0 0 0 0 0 0 0 0 0 7 0 0 0 21 0 0 0 21 0 0 0 0 2 0 0 0 
0 0 0 0 0 13 0 0 0 0 0 27 0 0 0 0 29 0 0 0 0 0 23 19 0 0 3 0 0 0 0 17 0 0 0 0 0 0 0 0 12 14 0 0 0 5 0 0 10 0 0 0 0 0 0 15 0 0 0 0 0 5 0 0 0 0 0 0 0 0 
23 0 26 0 10 0 2 18 0 0 0 0 0 0 0 0 0 0 13 6 0 0 0 0 0 0 0 0 0 0 0 0 0 0 8 0 28 0 0 0 0 0 0 0 0 0 0 0 0 0 0 0 0 0 0 29 0 0 0 0 0 0 6 0 0 0 0 13 22 0 
7 0 0 0 0 0 0 11 0 0 0 0 0 0 0 0 17 0 0 25 0 0 5 0 0 0 0 0 0 27 0 0 0 0 0 0 0 0 0 18 0 0 0 0 18 0 0 0 0 22 0 0 0 0 0 0 0 0 0 0 0 0 0 0 0 0 0 0 20 27 
0 0 0 0 0 0 0 0 0 0 0 24 0 0 0 0 0 0 0 25 0 0 0 0 0 0 20 0 0 0 0 9 29 0 30 0 0 0 0 0 16 0 0 0 0 0 0 0 0 0 0 0 0 0 0 0 0 12 0 0 0 0 0 16 0 0 0 7 0 0 
0 0 0 0 0 0 0 0 0 0 0 11 0 0 0 0 0 0 0 0 0 0 12 0 0 0 0 23 0 0 0 0 0 11 0 0 0 0 1 0 0 0 0 0 30 0 0 30 16 0 0 0 0 31 9 5 0 0 0 0 0 0 0 0 0 10 0 0 0 0 
0 13 0 0 18 0 0 0 25 0 0 0 0 2 0 0 0 0 0 0 0 18 0 0 28 0 0 11 23 0 9 0 0 0 0 0 25 0 0 0 1 0 0 0 0 27 28 0 0 0 0 21 0 26 0 0 0 0 0 0 0 18 0 0 22 2 0 0 0 0 
0 0 0 0 0 0 0 0 0 0 0 0 0 0 0 0 0 0 0 0 0 0 0 0 0 0 0 12 0 4 0 0 0 0 2 0 0 0 0 0 0 0 0 0 0 20 0 6 0 0 0 0 0 10 0 2 0 10 0 0 0 20 11 0 0 0 0 11 0 0 
0 0 0 0 0 0 0 9 26 0 0 26 0 0 0 0 11 0 0 0 0 0 0 0 0 0 0 0 0 0 0 0 0 0 0 29 0 0 0 3 0 6 0 0 0 0 23 0 0 0 11 0 0 0 16 0 0 16 0 0 0 0 0 19 0 0 0 0 3 0 
0 0 0 0 0 0 0 0 0 0 0 0 0 0 0 29 0 25 26 22 0 31 0 25 7 24 0 0 0 23 6 0 18 0 0 0 3 12 21 0 0 0 0 0 0 0 0 0 0 8 0 0 0 0 0 17 0 0 10 19 0 0 0 0 0 0 9 0 0 24 
0 0 0 0 0 25 0 0 0 0 0 13 17 0 27 0 0 8 0 0 0 0 0 0 27 0 0 0 0 0 0 0 0 0 0 29 20 0 0 6 0 0 20 21 0 0 0 0 0 14 0 0 0 0 0 0 0 0 0 0 0 0 0 0 0 0 0 0 0 0 
0 0 5 12 23 0 0 12 16 0 0 0 0 0 0 0 0 0 0 0 3 0 2 21 0 0 0 0 9 24 0 0 0 0 20 0 20 10 0 0 14 16 0 0 0 0 0 0 0 0 0 0 0 0 0 0 0 0 0 0 8 0 0 13 0 5 0 17 0 0 
20 0 0 0 0 0 0 0 0 0 0 0 18 0 0 0 21 0 0 0 14 0 0 0 0 0 0 0 0 1 0 24 0 0 0 0 0 0 0 0 0 0 0 14 0 0 0 0 0 0 27 0 0 0 27 0 0 30 0 0 0 0 0 0 0 0 0 0 0 0 
0 0 22 0 0 0 30 4 0 22 0 0 0 9 0 0 0 0 12 0 0 20 0 0 0 0 0 26 6 0 0 0 0 0 0 0 0 6 0 0 0 0 0 0 15 0 3 0 0 0 0 0 0 0 0 0 0 0 0 0 0 0 0 0 0 0 0 0 0 0 
0 0 0 0 25 0 0 0 0 0 0 0 0 0 0 0 23 0 0 27 0 25 0 0 17 0 8 0 0 2 0 0 0 0 0 0 3 0 0 0 6 8 0 0 26 0 21 0 0 0 0 0 0 0 1 0 0 0 0 0 29 0 0 0 0 0 0 0 0 0 
12 0 0 0 0 23 0 0 0 0 0 0 0 14 0 0 0 0 0 0 0 0 0 0 0 0 0 0 0 0 0 0 0 26 26 0 0 0 0 27 25 0 0 0 0 0 0 11 0 0 0 0 0 0 0 0 0 18 0 2 23 21 0 2 0 22 0 0 0 0 
0 3 28 0 0 0 0 0 0 0 0 0 0 0 0 0 18 0 0 0 0 0 0 0 0 0 11 0 5 0 0 2 0 0 0 12 0 0 8 4 21 0 0 0 0 0 0 0 24 0 0 0 0 0 22 0 0 0 0 17 0 0 16 0 2 14 0 0 16 0 
0 0 5 0 0 0 0 5 0 0 0 0 0 0 17 0 0 23 0 0 0 10 0 16 20 0 0 0 0 0 5 0 0 0 0 0 0 0 0 0 0 0 0 0 0 0 0 0 0 0 0 0 0 0 0 0 17 20 0 0 0 0 9 0 0 0 0 0 0 19 
0 22 0 0 0 0 0 0 0 0 0 0 0 0 0 0 0 0 18 0 0 0 0 0 0 0 0 0 0 0 0 0 0 5 0 0 0 0 0 2 29 0 0 0 0 13 0 0 0 27 0 0 0 0 0 16 0 0 12 0 0 0 0 28 0 0 0 0 0 0 
