70

0 0 0 0 0 0 0 0 1 0 0 0 0 1 0 0 0 0 1 0 0 1 0 1 0 0 0 1 0 0 0 0 1 1 1 0 1 1 0 0 0 0 0 0 0 0 0 0 0 0 1 0 1 1 0 0 0 0 1 0 0 0 0 0 0 0 1 0 0 0 
0 0 0 1 0 0 0 1 1 0 0 1 0 0 0 0 0 1 0 0 0 0 0 1 0 0 0 0 0 0 1 0 0 0 0 0 0 1 0 0 0 1 0 0 1 0 0 0 0 0 0 0 0 1 0 0 0 0 0 0 0 0 0 0 1 0 1 0 0 0 
0 0 0 0 0 1 0 0 0 0 1 0 0 0 0 0 0 1 0 0 0 0 0 0 0 0 0 0 0 0 0 0 0 0 0 0 0 0 0 1 0 0 0 0 0 1 1 1 0 0 1 0 0 0 0 0 1 0 1 0 0 0 0 0 0 0 0 1 0 0 
0 1 0 0 1 1 0 0 0 0 0 0 0 0 0 0 1 0 0 0 0 0 1 0 1 0 1 1 0 0 0 1 0 0 0 0 0 0 0 0 0 1 1 0 0 0 1 0 0 0 0 0 0 1 1 0 0 0 0 0 0 0 0 0 0 0 0 0 0 0 
0 0 0 1 0 1 0 0 0 1 0 0 0 1 0 1 0 0 0 0 0 0 0 0 1 0 0 0 0 0 1 0 0 1 0 0 0 0 0 1 0 1 0 0 0 0 0 0 0 1 1 0 0 0 1 0 0 0 0 0 0 0 0 0 0 0 1 0 0 0 
0 0 1 1 1 0 0 0 1 0 0 0 0 0 0 0 0 0 0 0 0 0 0 0 0 0 0 0 0 0 0 0 0 0 0 0 0 0 0 0 0 0 0 0 0 0 1 1 0 1 0 0 0 0 0 0 0 0 0 1 1 0 0 0 0 0 0 0 0 0 
0 0 0 0 0 0 0 0 0 0 1 0 0 0 0 1 0 0 0 0 0 0 0 0 0 1 0 0 0 0 0 0 0 0 0 0 0 0 0 0 1 0 0 0 0 0 0 0 0 0 0 0 0 1 0 1 0 0 0 0 1 0 0 0 0 0 0 1 0 0 
0 1 0 0 0 0 0 0 0 0 0 0 0 0 0 0 0 0 1 1 1 0 0 0 0 1 0 0 1 1 0 0 1 0 0 1 0 1 0 0 0 0 0 0 0 0 1 0 0 0 1 1 0 0 0 1 0 0 0 1 0 1 0 0 0 0 0 0 0 0 
1 1 0 0 0 1 0 0 0 0 0 0 0 0 0 1 0 0 0 0 0 1 0 0 0 1 1 0 0 0 0 0 0 0 0 0 1 0 0 0 0 0 0 0 0 0 0 0 1 0 0 0 0 0 0 0 1 0 0 0 0 0 0 0 0 0 1 0 0 0 
0 0 0 0 1 0 0 0 0 0 0 0 0 0 1 0 0 0 0 0 0 0 0 0 0 0 0 1 1 0 0 0 0 0 0 0 0 0 0 0 0 0 0 0 0 0 0 0 0 0 1 0 1 1 0 0 0 0 0 1 0 1 0 0 0 0 1 0 0 0 
0 0 1 0 0 0 1 0 0 0 0 0 0 0 0 0 0 0 1 0 0 0 0 0 0 0 1 0 0 0 0 0 0 0 0 0 1 1 0 0 0 0 0 0 0 0 0 0 0 0 0 0 1 0 0 1 0 0 0 0 0 1 0 0 1 1 0 1 1 0 
0 1 0 0 0 0 0 0 0 0 0 0 1 0 1 0 0 0 1 0 0 0 1 0 0 0 0 0 0 0 0 1 1 0 0 0 0 0 1 1 0 0 1 0 1 0 0 0 0 0 0 0 0 1 0 0 0 1 1 0 0 0 0 1 0 0 0 0 0 1 
0 0 0 0 0 0 0 0 0 0 0 1 0 0 0 1 0 0 0 1 0 0 0 1 0 0 0 1 0 0 1 1 0 0 0 0 0 0 0 0 0 0 0 1 0 0 0 0 0 0 1 0 0 0 0 0 1 0 0 0 0 0 0 0 0 0 0 1 0 0 
1 0 0 0 1 0 0 0 0 0 0 0 0 0 0 0 0 0 1 0 1 0 0 0 1 0 0 0 0 0 0 1 0 1 0 0 0 0 0 0 1 0 0 0 0 0 0 0 1 0 0 0 1 0 0 0 0 0 0 0 0 0 0 0 0 0 0 0 0 0 
0 0 0 0 0 0 0 0 0 1 0 1 0 0 0 0 0 0 0 0 0 0 0 0 0 0 0 0 0 1 0 0 0 1 0 0 1 1 0 0 1 0 0 1 0 0 0 0 0 0 0 0 0 0 1 0 0 0 0 0 0 0 0 1 0 0 0 0 1 0 
0 0 0 0 1 0 1 0 1 0 0 0 1 0 0 0 1 0 1 1 0 1 0 1 0 0 0 0 0 0 1 0 0 0 0 1 0 0 0 0 0 0 0 0 0 0 0 0 0 0 0 0 1 0 1 0 0 0 1 0 0 0 0 0 0 1 0 1 0 1 
0 0 0 1 0 0 0 0 0 0 0 0 0 0 0 1 0 1 1 1 0 0 0 0 0 0 1 0 0 0 0 0 0 0 0 1 0 1 0 0 0 1 0 0 0 0 0 0 0 0 1 0 0 0 0 0 0 0 1 1 0 0 1 1 0 0 0 0 0 0 
0 1 1 0 0 0 0 0 0 0 0 0 0 0 0 0 1 0 1 0 0 0 0 0 0 1 0 0 0 0 1 0 0 0 0 1 0 0 0 0 0 0 1 1 0 0 0 0 0 1 0 0 0 0 0 0 0 0 0 1 0 0 0 0 0 0 0 0 0 1 
1 0 0 0 0 0 0 1 0 0 1 1 0 1 0 1 1 1 0 0 0 0 0 0 0 0 0 0 0 0 0 0 0 0 1 0 0 0 0 1 0 0 1 0 1 0 0 0 0 0 0 0 0 0 0 0 0 0 0 0 0 0 0 0 0 0 0 0 0 0 
0 0 0 0 0 0 0 1 0 0 0 0 1 0 0 1 1 0 0 0 1 0 0 0 1 0 0 0 1 1 0 0 0 0 0 0 0 0 0 1 1 0 0 1 0 0 0 0 0 0 1 0 0 0 0 0 0 0 0 0 0 0 0 1 0 1 0 0 1 0 
0 0 0 0 0 0 0 1 0 0 0 0 0 1 0 0 0 0 0 1 0 0 0 0 0 0 0 0 0 0 0 0 0 0 0 0 0 0 1 1 1 1 0 0 0 1 0 0 0 0 0 0 0 0 0 0 0 0 0 1 0 0 0 0 0 0 0 0 0 0 
1 0 0 0 0 0 0 0 1 0 0 0 0 0 0 1 0 0 0 0 0 0 0 0 1 0 0 0 0 0 1 0 0 0 0 0 0 0 0 0 0 1 1 0 0 0 0 0 1 1 0 0 0 0 1 0 0 1 0 0 0 0 0 0 1 1 0 0 1 0 
0 0 0 1 0 0 0 0 0 0 0 1 0 0 0 0 0 0 0 0 0 0 0 0 0 0 0 0 0 0 0 0 1 0 0 0 1 0 0 0 0 1 0 0 0 0 0 0 0 1 0 0 1 0 1 0 1 0 1 0 0 0 0 0 1 0 0 0 0 0 
1 1 0 0 0 0 0 0 0 0 0 0 1 0 0 1 0 0 0 0 0 0 0 0 0 0 0 1 0 0 0 0 0 0 0 1 0 0 0 0 0 0 0 0 0 0 0 1 1 0 0 0 0 0 0 0 1 0 0 0 0 0 0 0 1 0 0 0 0 0 
0 0 0 1 1 0 0 0 0 0 0 0 0 1 0 0 0 0 0 1 0 1 0 0 0 1 0 0 1 0 0 1 0 0 0 1 0 0 1 0 0 0 1 0 0 0 0 0 0 0 0 0 0 1 0 0 1 1 0 0 0 0 0 0 1 0 0 0 0 0 
0 0 0 0 0 0 1 1 1 0 0 0 0 0 0 0 0 1 0 0 0 0 0 0 1 0 0 0 0 0 0 1 1 0 0 0 1 0 0 0 1 0 0 0 0 0 1 0 0 0 0 1 0 1 1 0 0 0 0 0 0 0 0 0 0 0 1 0 0 0 
0 0 0 1 0 0 0 0 1 0 1 0 0 0 0 0 1 0 0 0 0 0 0 0 0 0 0 0 0 1 0 0 0 0 0 0 0 0 1 1 0 1 0 0 0 0 0 0 0 0 1 1 1 0 0 1 0 1 0 1 0 0 1 0 0 0 0 0 0 0 
1 0 0 1 0 0 0 0 0 1 0 0 1 0 0 0 0 0 0 0 0 0 0 1 0 0 0 0 0 0 1 0 1 0 1 0 1 0 0 0 0 0 0 0 0 0 1 1 1 1 1 1 0 0 0 0 0 1 0 0 1 1 0 0 0 0 1 0 0 0 
0 0 0 0 0 0 0 1 0 1 0 0 0 0 0 0 0 0 0 1 0 0 0 0 1 0 0 0 0 0 0 1 0 0 0 0 0 0 0 0 0 1 1 0 0 1 0 0 0 1 0 0 0 0 1 0 0 1 0 1 0 0 0 0 1 0 0 1 1 0 
0 0 0 0 0 0 0 1 0 0 0 0 0 0 1 0 0 0 0 1 0 0 0 0 0 0 1 0 0 0 0 0 0 0 0 0 0 0 0 0 1 0 1 0 0 1 1 0 1 0 0 0 0 0 0 0 0 0 1 0 0 0 0 0 0 0 0 0 0 0 
0 1 0 0 1 0 0 0 0 0 0 0 1 0 0 1 0 1 0 0 0 1 0 0 0 0 0 1 0 0 0 0 0 0 0 0 0 0 0 0 0 0 0 0 0 0 0 0 1 0 1 0 1 1 1 1 0 0 0 0 0 0 0 0 0 0 0 1 0 0 
0 0 0 1 0 0 0 0 0 0 0 1 1 1 0 0 0 0 0 0 0 0 0 0 1 1 0 0 1 0 0 0 0 0 0 0 1 1 0 0 0 0 0 1 0 1 1 0 0 0 0 1 0 0 0 0 1 0 0 0 1 0 0 0 1 0 0 0 0 0 
1 0 0 0 0 0 0 1 0 0 0 1 0 0 0 0 0 0 0 0 0 0 1 0 0 1 0 1 0 0 0 0 0 1 0 0 0 0 0 0 0 0 0 0 1 0 0 0 0 1 0 0 0 0 0 1 0 0 0 0 0 0 0 0 0 0 0 0 0 0 
1 0 0 0 1 0 0 0 0 0 0 0 0 1 1 0 0 0 0 0 0 0 0 0 0 0 0 0 0 0 0 0 1 0 1 0 0 0 0 0 0 0 0 0 0 0 0 0 0 0 0 0 1 0 0 1 1 0 0 0 0 0 0 0 1 0 0 0 0 0 
1 0 0 0 0 0 0 0 0 0 0 0 0 0 0 0 0 0 1 0 0 0 0 0 0 0 0 1 0 0 0 0 0 1 0 0 0 0 0 0 0 0 0 0 0 1 0 0 0 1 0 0 0 0 1 1 0 1 0 0 0 0 1 0 0 0 1 0 0 0 
0 0 0 0 0 0 0 1 0 0 0 0 0 0 0 1 1 1 0 0 0 0 0 1 1 0 0 0 0 0 0 0 0 0 0 0 0 1 0 0 0 1 0 0 0 0 0 0 0 0 0 0 0 0 0 0 0 0 0 0 1 0 0 0 0 0 0 0 0 0 
1 0 0 0 0 0 0 0 1 0 1 0 0 0 1 0 0 0 0 0 0 0 1 0 0 1 0 1 0 0 0 1 0 0 0 0 0 0 0 0 0 1 1 0 1 0 0 0 0 1 0 0 0 0 0 0 0 0 0 0 0 0 0 0 1 0 1 0 0 0 
1 1 0 0 0 0 0 1 0 0 1 0 0 0 1 0 1 0 0 0 0 0 0 0 0 0 0 0 0 0 0 1 0 0 0 1 0 0 0 0 0 0 0 0 0 1 0 1 0 0 0 0 0 0 0 1 0 0 0 0 0 1 0 0 0 0 0 0 0 0 
0 0 0 0 0 0 0 0 0 0 0 1 0 0 0 0 0 0 0 0 1 0 0 0 1 0 1 0 0 0 0 0 0 0 0 0 0 0 0 1 1 0 0 0 0 0 0 0 1 0 0 0 1 0 0 0 0 0 0 0 1 0 0 0 1 1 0 0 1 0 
0 0 1 0 1 0 0 0 0 0 0 1 0 0 0 0 0 0 1 1 1 0 0 0 0 0 1 0 0 0 0 0 0 0 0 0 0 0 1 0 0 0 1 1 1 0 0 0 0 0 1 0 0 0 0 0 0 0 0 0 0 0 1 0 1 0 0 0 0 0 
0 0 0 0 0 0 1 0 0 0 0 0 0 1 1 0 0 0 0 1 1 0 0 0 0 1 0 0 0 1 0 0 0 0 0 0 0 0 1 0 0 0 0 0 0 1 0 0 1 0 0 1 0 0 0 1 0 0 0 1 1 1 1 0 1 1 0 0 0 0 
0 1 0 1 1 0 0 0 0 0 0 0 0 0 0 0 1 0 0 0 1 1 1 0 0 0 1 0 1 0 0 0 0 0 0 1 1 0 0 0 0 0 0 0 0 0 0 0 0 0 1 0 0 0 0 0 0 0 0 0 1 1 1 0 1 1 0 0 0 0 
0 0 0 1 0 0 0 0 0 0 0 1 0 0 0 0 0 1 1 0 0 1 0 0 1 0 0 0 1 1 0 0 0 0 0 0 1 0 0 1 0 0 0 0 0 0 0 0 0 1 1 0 0 0 0 0 0 0 0 0 0 1 0 0 1 0 0 0 0 1 
0 0 0 0 0 0 0 0 0 0 0 0 1 0 1 0 0 1 0 1 0 0 0 0 0 0 0 0 0 0 0 1 0 0 0 0 0 0 0 1 0 0 0 0 1 0 0 0 0 0 1 0 1 0 1 0 0 0 1 0 0 0 0 0 0 1 0 0 0 0 
0 1 0 0 0 0 0 0 0 0 0 1 0 0 0 0 0 0 1 0 0 0 0 0 0 0 0 0 0 0 0 0 1 0 0 0 1 0 0 1 0 0 0 1 0 0 0 1 0 0 0 1 0 0 0 1 0 1 0 0 0 1 1 1 0 0 0 1 0 0 
0 0 1 0 0 0 0 0 0 0 0 0 0 0 0 0 0 0 0 0 1 0 0 0 0 0 0 0 1 1 0 1 0 0 1 0 0 1 0 0 1 0 0 0 0 0 0 0 1 0 0 0 1 0 1 0 0 1 0 0 0 0 0 0 0 0 0 0 0 1 
0 0 1 1 0 1 0 1 0 0 0 0 0 0 0 0 0 0 0 0 0 0 0 0 0 1 0 1 0 1 0 1 0 0 0 0 0 0 0 0 0 0 0 0 0 0 0 0 0 0 0 0 1 0 0 0 0 0 0 0 0 0 0 0 0 0 1 0 1 0 
0 0 1 0 0 1 0 0 0 0 0 0 0 0 0 0 0 0 0 0 0 0 0 1 0 0 0 1 0 0 0 0 0 0 0 0 0 1 0 0 0 0 0 0 1 0 0 0 0 0 0 0 0 1 0 0 0 0 0 1 0 0 0 1 0 0 0 0 0 0 
0 0 0 0 0 0 0 0 1 0 0 0 0 1 0 0 0 0 0 0 0 1 0 1 0 0 0 1 0 1 1 0 0 0 0 0 0 0 1 0 1 0 0 0 0 1 0 0 0 0 0 0 0 1 0 0 1 1 0 0 1 0 0 0 0 0 1 0 0 0 
0 0 0 0 1 1 0 0 0 0 0 0 0 0 0 0 0 1 0 0 0 1 1 0 0 0 0 1 1 0 0 0 1 0 1 0 1 0 0 0 0 0 1 0 0 0 0 0 0 0 0 1 1 1 0 0 0 0 0 0 1 1 0 0 0 0 0 0 0 1 
1 0 1 0 1 0 0 1 0 1 0 0 1 0 0 0 1 0 0 1 0 0 0 0 0 0 1 1 0 0 1 0 0 0 0 0 0 0 0 1 0 1 1 1 0 0 0 0 0 0 0 0 0 1 0 0 0 0 0 0 0 0 1 1 0 0 1 0 0 0 
0 0 0 0 0 0 0 1 0 0 0 0 0 0 0 0 0 0 0 0 0 0 0 0 0 1 1 1 0 0 0 1 0 0 0 0 0 0 0 0 1 0 0 0 1 0 0 0 0 1 0 0 0 0 0 0 1 0 0 0 0 0 0 0 0 0 1 0 0 0 
1 0 0 0 0 0 0 0 0 1 1 0 0 1 0 1 0 0 0 0 0 0 1 0 0 0 1 0 0 0 1 0 0 1 0 0 0 0 1 0 0 0 0 1 0 1 1 0 0 1 0 0 0 1 0 0 0 1 0 0 0 0 0 0 0 0 0 1 0 0 
1 1 0 1 0 0 1 0 0 1 0 1 0 0 0 0 0 0 0 0 0 0 0 0 1 1 0 0 0 0 1 0 0 0 0 0 0 0 0 0 0 0 0 0 0 0 0 1 1 1 1 0 1 0 1 1 1 0 0 0 1 0 0 0 0 1 0 0 0 0 
0 0 0 1 1 0 0 0 0 0 0 0 0 0 1 1 0 0 0 0 0 1 1 0 0 1 0 0 1 0 1 0 0 0 1 0 0 0 0 0 0 0 0 1 0 1 0 0 0 0 0 0 0 1 0 0 0 1 0 0 0 0 1 0 1 0 0 0 0 0 
0 0 0 0 0 0 1 1 0 0 1 0 0 0 0 0 0 0 0 0 0 0 0 0 0 0 1 0 0 0 1 0 1 1 1 0 0 1 0 0 1 0 0 0 1 0 0 0 0 0 0 0 0 1 0 0 0 1 0 0 0 1 0 0 0 0 1 0 0 0 
0 0 1 0 0 0 0 0 1 0 0 0 1 0 0 0 0 0 0 0 0 0 1 1 1 0 0 0 0 0 0 1 0 1 0 0 0 0 0 0 0 0 0 0 0 0 0 0 1 0 0 1 0 1 0 0 0 0 0 0 1 0 0 0 0 0 1 0 0 0 
0 0 0 0 0 0 0 0 0 0 0 1 0 0 0 0 0 0 0 0 0 1 0 0 1 0 1 1 1 0 0 0 0 0 1 0 0 0 0 0 0 0 0 0 1 1 0 0 1 0 0 0 1 0 1 1 0 0 0 0 1 0 1 1 0 0 0 0 1 0 
1 0 1 0 0 0 0 0 0 0 0 1 0 0 0 1 1 0 0 0 0 0 1 0 0 0 0 0 0 1 0 0 0 0 0 0 0 0 0 0 0 0 0 1 0 0 0 0 0 0 0 0 0 0 0 0 0 0 0 0 0 1 0 0 0 0 1 0 0 0 
0 0 0 0 0 1 0 1 0 1 0 0 0 0 0 0 1 1 0 0 1 0 0 0 0 0 1 0 1 0 0 0 0 0 0 0 0 0 0 0 1 0 0 0 0 0 0 1 0 0 0 0 0 0 0 0 0 0 0 0 0 0 0 0 0 0 0 0 0 0 
0 0 0 0 0 1 1 0 0 0 0 0 0 0 0 0 0 0 0 0 0 0 0 0 0 0 0 1 0 0 0 1 0 0 0 1 0 0 1 0 1 1 0 0 0 0 0 0 1 1 0 0 0 1 0 0 1 1 0 0 0 0 0 0 0 1 0 0 1 0 
0 0 0 0 0 0 0 1 0 1 1 0 0 0 0 0 0 0 0 0 0 0 0 0 0 0 0 1 0 0 0 0 0 0 0 0 0 1 0 0 1 1 1 0 1 0 0 0 0 1 0 0 0 0 0 1 0 0 1 0 0 0 0 1 0 0 0 0 1 0 
0 0 0 0 0 0 0 0 0 0 0 0 0 0 0 0 1 0 0 0 0 0 0 0 0 0 1 0 0 0 0 0 0 0 1 0 0 0 0 1 1 1 0 0 1 0 0 0 0 0 1 0 0 0 1 0 0 1 0 0 0 0 0 0 0 0 0 0 1 0 
0 0 0 0 0 0 0 0 0 0 0 1 0 0 1 0 1 0 0 1 0 0 0 0 0 0 0 0 0 0 0 0 0 0 0 0 0 0 0 0 0 0 0 0 1 0 0 1 0 0 1 0 0 0 0 0 0 1 0 0 0 1 0 0 0 0 0 0 1 0 
0 1 0 0 0 0 0 0 0 0 1 0 0 0 0 0 0 0 0 0 0 1 1 1 1 0 0 0 1 0 0 1 0 1 0 0 1 0 1 1 1 1 1 0 0 0 0 0 0 0 0 0 0 0 1 0 0 0 0 0 0 0 0 0 0 0 0 0 0 0 
0 0 0 0 0 0 0 0 0 0 1 0 0 0 0 1 0 0 0 1 0 1 0 0 0 0 0 0 0 0 0 0 0 0 0 0 0 0 1 0 1 1 0 1 0 0 0 0 0 0 0 0 0 1 0 0 0 0 0 0 1 0 0 0 0 0 0 1 0 0 
1 1 0 0 1 0 0 0 1 1 0 0 0 0 0 0 0 0 0 0 0 0 0 0 0 1 0 1 0 0 0 0 0 0 1 0 1 0 0 0 0 0 0 0 0 0 1 0 1 0 1 1 0 0 0 1 1 0 1 0 0 0 0 0 0 0 0 0 1 1 
0 0 1 0 0 0 1 0 0 0 1 0 1 0 0 1 0 0 0 0 0 0 0 0 0 0 0 0 1 0 1 0 0 0 0 0 0 0 0 0 0 0 0 0 1 0 0 0 0 0 0 0 1 0 0 0 0 0 0 0 0 0 0 0 0 1 0 0 0 0 
0 0 0 0 0 0 0 0 0 0 1 0 0 0 1 0 0 0 0 1 0 1 0 0 0 0 0 0 1 0 0 0 0 0 0 0 0 0 1 0 0 0 0 0 0 0 1 0 0 0 0 0 0 0 0 0 0 1 0 0 1 1 1 1 0 0 1 0 0 0 
0 0 0 0 0 0 0 0 0 0 0 1 0 0 0 1 0 1 0 0 0 0 0 0 0 0 0 0 0 0 0 0 0 0 0 0 0 0 0 0 0 0 1 0 0 1 0 0 0 1 0 0 0 0 0 0 0 0 0 0 0 0 0 0 0 0 1 0 0 0 

0 0 0 27 0 0 0 0 0 0 0 0 0 0 7 0 0 11 0 0 0 0 25 0 0 2 0 0 0 12 0 0 1 0 0 0 0 0 24 0 1 22 0 0 0 0 0 0 0 0 0 0 3 0 20 0 0 0 22 0 0 0 0 0 0 0 11 0 0 21 
0 0 18 0 0 0 0 0 0 22 0 0 0 21 0 0 0 0 0 21 27 0 0 0 0 0 0 25 26 0 0 0 0 0 0 0 0 0 0 21 0 0 21 0 0 18 0 0 0 0 13 28 0 0 0 0 0 0 0 0 0 10 20 0 0 0 0 6 0 14 
0 0 0 0 0 0 0 19 0 0 0 16 0 12 0 0 0 0 0 0 0 0 0 0 0 0 0 0 0 0 0 0 0 0 15 0 0 0 23 0 7 0 0 0 0 0 0 0 0 0 0 0 0 0 19 0 27 0 1 1 0 0 0 0 0 0 7 0 0 25 
0 0 0 0 0 0 0 0 0 0 0 0 0 0 0 3 9 0 0 7 0 0 5 0 0 0 0 0 0 3 16 0 11 0 0 0 0 0 0 2 2 0 0 0 26 0 0 0 0 0 0 8 0 0 16 0 0 0 0 10 0 0 13 0 0 18 8 0 18 22 
0 0 0 0 0 0 0 0 0 0 15 0 0 16 0 0 22 22 0 0 0 0 0 24 0 0 0 0 21 9 0 0 0 0 0 0 0 0 0 0 1 0 6 0 17 21 0 0 0 0 27 0 10 0 12 0 0 0 27 0 0 0 0 9 0 0 0 0 0 19 
10 0 0 0 0 0 0 0 0 0 0 0 0 0 0 0 0 0 8 0 0 0 0 0 0 0 14 0 0 0 0 0 0 0 0 19 0 0 0 0 0 0 0 0 0 15 0 2 0 0 0 0 0 0 0 0 0 0 0 0 0 25 0 0 0 0 26 0 0 0 
0 0 0 0 10 0 0 0 0 0 0 0 0 18 0 0 0 0 1 16 2 0 0 0 28 0 0 0 28 0 3 0 27 0 0 0 0 0 0 0 0 0 16 0 4 0 0 0 0 0 0 4 22 0 0 0 8 0 16 0 0 10 7 0 0 0 3 0 0 9 
12 0 0 0 0 0 0 0 0 0 0 17 0 0 0 0 0 0 25 0 0 0 3 0 0 8 0 0 0 0 0 0 0 0 0 0 0 8 4 0 0 0 0 0 0 0 0 0 1 0 0 0 0 0 0 0 0 0 0 0 19 0 0 0 0 12 0 0 0 0 
0 17 0 0 0 0 0 15 0 0 18 0 0 0 12 0 0 0 0 0 0 20 0 0 1 3 0 0 0 0 27 0 0 4 23 0 9 19 0 0 26 0 21 7 0 14 10 0 5 0 0 0 0 0 0 0 0 0 24 20 0 0 0 0 15 0 0 0 0 27 
0 0 0 10 0 0 0 0 0 0 25 0 0 5 8 0 0 0 0 0 8 0 0 0 0 7 27 0 0 0 0 0 0 0 0 1 10 0 0 20 0 0 21 0 0 0 0 2 0 0 0 27 0 0 20 0 0 0 22 0 0 0 17 0 0 0 0 12 0 15 
0 0 16 0 0 0 10 0 3 0 0 0 13 0 13 7 0 0 25 0 18 0 0 0 4 0 0 0 0 0 0 0 0 0 12 0 0 28 0 0 0 0 0 0 0 0 0 0 0 0 0 0 0 0 0 0 0 0 0 0 22 17 0 0 0 0 0 0 0 0 
2 0 0 0 0 0 0 0 0 0 0 0 0 0 12 11 28 0 0 0 0 0 0 0 0 0 0 0 0 0 0 0 14 11 12 0 0 27 0 0 25 0 0 0 0 0 22 0 7 0 0 1 0 10 0 5 20 0 0 24 0 0 6 0 0 0 0 0 0 0 
0 0 4 9 1 0 0 0 0 1 0 0 0 0 0 0 0 0 0 0 0 0 0 0 0 0 0 0 0 0 0 0 0 13 0 23 0 19 0 21 0 0 0 0 26 9 0 0 1 0 0 5 0 0 0 0 13 0 0 0 0 0 0 0 0 0 0 0 0 8 
0 0 4 0 0 0 1 0 0 0 14 0 21 0 0 0 0 0 0 0 0 0 0 0 28 0 0 0 0 0 0 18 14 17 0 0 0 0 0 0 0 0 0 0 1 8 16 0 11 0 0 0 0 0 0 16 0 6 0 0 0 0 0 0 0 1 0 0 0 4 
0 0 0 0 0 0 13 5 0 19 8 0 8 0 0 0 0 0 11 0 0 18 24 27 0 0 0 0 0 0 0 0 0 0 0 0 0 0 0 0 27 0 23 0 0 0 0 26 0 0 0 26 0 0 19 0 27 15 0 0 0 0 0 0 21 0 18 0 0 0 
20 0 0 0 17 0 0 0 0 0 0 0 0 0 0 0 0 0 14 0 26 0 0 0 0 0 0 0 0 0 0 9 0 0 0 0 0 0 0 0 1 0 0 0 0 6 0 0 0 0 0 20 4 0 0 0 9 0 0 0 16 11 23 21 0 0 0 0 0 0 
0 0 0 9 0 0 0 0 23 0 0 0 0 0 7 0 0 0 0 0 3 0 0 0 0 12 4 10 0 0 0 16 12 0 0 0 0 0 22 23 18 0 0 0 0 0 0 11 0 0 18 0 0 0 0 0 0 15 14 0 20 2 0 0 23 6 0 18 20 0 
0 0 0 0 0 0 0 0 9 0 0 0 0 0 7 0 4 0 0 0 29 0 0 0 0 0 0 0 0 0 0 0 0 0 0 0 0 0 0 0 0 0 0 0 0 0 0 0 0 0 0 16 0 0 0 0 0 0 0 18 0 0 0 0 0 0 0 0 0 0 
0 0 0 0 0 0 3 0 12 0 0 0 0 27 0 0 0 0 0 0 0 0 0 23 0 0 0 0 12 0 0 0 0 0 0 0 0 0 21 0 0 0 0 0 0 0 16 0 0 12 0 25 0 0 0 0 11 13 0 0 0 0 0 8 0 0 0 0 0 0 
0 0 0 0 0 0 26 21 0 0 0 0 0 0 0 7 0 0 0 0 0 0 0 0 0 0 0 22 0 0 0 0 0 3 0 0 0 0 0 1 0 0 3 22 0 3 0 0 0 0 0 0 0 0 0 8 0 0 0 26 0 0 0 0 0 0 7 0 0 0 
0 0 0 14 0 0 0 0 13 0 0 0 2 0 0 0 0 0 0 0 0 0 0 0 0 0 0 0 0 0 0 0 0 0 0 0 0 13 0 21 6 0 0 19 0 0 0 0 7 0 0 0 0 0 0 0 0 14 0 4 0 6 0 0 7 0 0 0 0 0 
19 0 0 28 0 0 0 0 0 0 0 0 0 16 0 0 1 0 0 0 0 0 0 0 0 0 0 0 0 0 2 0 0 0 0 0 0 0 0 3 0 0 0 0 0 0 0 9 17 0 0 23 0 0 0 0 0 0 0 0 0 0 13 4 1 0 0 13 0 0 
0 0 0 0 16 6 0 0 0 19 23 0 0 0 0 0 0 19 5 0 0 0 0 0 0 0 0 0 0 0 0 0 0 0 13 0 0 0 29 25 0 0 25 0 0 4 0 18 0 0 0 0 0 0 0 0 0 0 0 0 0 18 0 8 0 0 0 0 0 0 
0 14 14 28 0 2 0 0 0 0 0 0 0 7 0 0 0 26 0 24 0 0 0 0 15 0 0 0 0 17 0 0 0 0 0 0 0 0 0 0 0 0 0 0 0 0 0 0 0 0 1 0 0 0 0 28 0 0 0 0 9 18 0 8 0 0 25 0 0 15 
0 0 0 0 0 0 0 0 0 0 0 0 0 28 0 0 0 4 0 0 0 0 0 0 0 0 0 0 25 0 0 0 0 19 0 0 0 0 0 0 1 4 0 0 0 0 0 0 0 0 0 0 0 0 17 7 0 0 0 0 8 3 0 0 0 0 0 0 0 0 
0 0 0 0 0 0 0 0 0 27 0 0 9 0 0 0 0 0 0 0 0 0 0 3 0 0 0 0 6 0 1 0 27 0 0 0 0 11 15 0 0 14 0 0 0 0 0 0 0 0 0 1 0 0 0 12 0 0 0 0 0 0 0 20 25 3 6 0 0 0 
11 0 0 0 0 0 0 0 25 20 1 0 0 0 0 0 7 26 0 0 0 0 0 0 13 0 0 0 0 0 24 0 15 0 0 0 0 0 0 28 0 0 0 6 9 0 0 0 0 0 0 0 0 0 0 0 0 27 0 17 0 0 0 0 0 0 0 0 0 0 
0 0 0 0 0 0 0 16 0 0 0 0 0 0 0 0 0 0 8 0 0 15 0 0 0 0 0 0 0 16 0 0 0 0 0 0 0 0 0 0 0 4 21 0 0 15 0 0 0 0 0 0 0 0 0 21 0 0 0 0 0 0 0 0 0 27 21 0 12 0 
0 24 0 0 28 0 0 0 0 0 0 0 0 24 0 0 0 0 0 0 0 0 26 0 0 0 0 0 0 7 0 0 0 0 0 4 0 0 0 0 0 0 0 0 0 0 0 0 0 0 0 0 11 0 0 0 4 0 0 5 0 0 0 0 0 0 0 0 0 3 
0 0 0 21 0 0 0 3 0 0 14 0 0 0 0 0 0 0 0 0 2 0 0 22 3 0 26 0 18 0 6 0 13 7 0 0 0 0 0 0 0 0 9 0 3 0 2 0 25 25 0 0 20 0 0 0 0 26 0 0 0 17 0 0 0 0 0 0 0 0 
27 0 27 0 0 0 0 0 25 0 0 0 0 0 25 0 3 13 0 0 0 0 0 0 0 0 17 0 0 0 0 0 0 0 0 0 0 0 0 0 0 0 3 0 0 0 0 0 0 0 0 13 12 22 0 0 9 0 0 0 0 9 22 0 0 0 26 0 0 0 
1 0 0 0 0 0 6 0 0 0 0 0 0 0 0 0 0 0 0 0 0 0 4 0 0 0 27 16 0 0 0 0 0 6 0 0 0 0 8 0 18 0 0 0 0 0 0 3 16 0 0 0 0 0 0 20 0 0 0 0 0 0 0 0 0 0 0 0 0 0 
0 0 5 0 0 0 6 0 0 0 0 0 0 0 0 1 0 0 0 0 0 25 0 0 0 0 0 0 0 0 0 0 0 0 0 0 0 0 0 0 0 0 0 9 0 0 5 0 0 0 0 4 0 29 0 0 0 0 0 0 0 0 0 0 0 0 23 0 0 0 
0 0 0 0 0 0 0 27 18 0 0 0 0 18 0 3 0 0 9 10 0 27 19 0 0 0 0 0 0 0 0 0 0 0 0 0 0 0 23 0 0 0 0 0 0 0 0 12 0 0 0 2 0 0 0 0 15 0 0 0 0 0 0 0 0 0 0 0 0 0 
0 0 0 2 0 0 0 17 0 0 0 0 0 0 0 16 0 0 0 0 0 0 0 0 0 0 18 5 0 12 0 0 1 0 0 0 0 4 0 18 0 16 0 0 16 0 0 0 0 0 0 0 0 0 0 0 0 0 0 0 0 0 0 0 0 0 0 0 0 0 
0 0 0 0 0 0 0 0 0 0 0 0 0 21 0 0 0 0 0 0 4 0 1 0 0 0 27 0 0 0 0 0 0 0 0 0 0 21 0 6 0 0 0 0 0 0 0 0 0 0 0 0 16 0 2 0 0 25 0 0 0 0 0 0 0 0 0 0 0 0 
0 0 5 0 0 0 0 0 0 0 0 23 0 0 0 13 0 0 22 0 0 24 0 0 0 0 28 0 0 0 0 8 0 11 0 0 0 0 0 22 0 0 0 0 0 0 0 0 0 0 2 0 0 0 25 15 0 0 0 0 0 0 0 16 0 0 15 28 0 0 
0 13 20 0 0 0 0 0 0 0 0 0 0 26 8 0 0 12 0 0 3 0 0 4 28 0 28 0 0 0 0 0 0 0 0 12 0 0 0 0 0 0 0 0 0 4 0 0 0 0 10 0 0 0 8 0 0 0 0 0 0 27 0 0 0 0 0 0 0 22 
0 0 0 0 3 0 0 1 0 18 0 0 0 23 6 0 0 0 0 25 2 0 0 0 0 0 28 0 0 0 0 0 0 12 0 0 0 0 0 0 0 0 0 12 0 21 7 0 0 0 0 0 0 0 0 0 0 0 22 13 0 0 0 0 0 0 0 0 10 0 
14 0 0 0 23 0 0 0 0 0 0 0 0 4 0 0 23 26 0 0 0 0 0 0 0 0 0 0 10 0 17 0 0 0 0 6 0 0 0 0 0 0 0 15 8 0 0 11 0 0 0 27 0 0 2 0 0 0 0 0 0 0 0 0 26 0 0 0 17 0 
0 0 29 0 0 0 0 0 0 0 0 0 0 0 0 0 0 0 0 3 0 0 0 0 0 0 0 9 16 0 0 9 0 24 0 0 0 14 0 0 0 0 0 10 0 0 0 23 0 0 0 0 0 23 0 0 0 6 4 22 0 17 0 0 0 0 26 0 0 0 
0 0 0 0 0 0 4 0 1 0 0 16 0 0 0 0 3 0 0 0 0 0 12 0 0 0 0 0 7 0 0 0 0 0 13 0 6 0 0 7 21 0 13 0 0 0 0 4 0 0 0 0 26 0 0 25 4 0 0 0 7 0 0 0 12 23 22 0 0 0 
0 0 0 6 0 0 0 0 0 0 0 0 0 0 0 29 0 0 0 10 0 0 0 26 11 0 24 0 0 0 0 0 18 0 0 13 0 10 0 11 0 0 0 0 0 27 0 12 0 13 0 0 0 0 0 0 16 0 0 0 28 0 0 0 5 0 6 0 0 22 
18 0 0 0 0 0 0 11 0 0 0 2 0 0 0 0 7 22 0 0 0 0 0 0 0 0 12 0 0 0 0 0 0 12 13 0 0 0 0 0 0 0 0 0 0 26 0 0 0 0 0 16 3 0 10 0 0 0 18 0 0 26 14 0 27 0 0 0 0 0 
0 23 0 0 0 0 0 0 0 0 0 0 0 12 25 10 0 0 0 0 0 0 7 0 0 0 0 20 0 0 0 0 0 0 0 0 0 0 0 0 0 0 5 0 0 11 26 0 0 0 27 0 26 3 0 0 0 0 0 0 0 6 24 0 0 0 0 0 9 0 
21 0 0 0 22 18 0 0 0 0 0 0 0 0 0 14 0 0 0 0 0 0 0 0 0 0 0 27 0 0 0 0 0 0 0 0 0 0 0 14 0 4 0 24 7 0 0 0 0 0 0 0 20 0 0 0 19 0 0 0 0 1 0 0 0 13 0 0 0 20 
0 17 0 0 0 0 0 0 0 0 0 0 0 0 0 18 0 0 0 0 0 0 0 0 0 0 8 5 17 0 0 0 0 19 0 0 0 0 0 27 0 13 0 0 15 0 0 0 0 8 0 0 0 0 0 0 0 0 0 26 0 0 0 22 6 0 7 21 0 0 
0 0 17 0 0 0 0 0 0 0 0 0 0 0 16 0 0 0 0 10 0 0 0 0 0 0 4 14 0 0 0 0 11 0 0 1 0 0 0 0 9 0 0 0 0 0 0 0 0 14 0 0 14 0 0 0 21 0 0 0 0 0 0 9 26 0 0 0 0 11 
0 0 0 6 0 0 0 0 0 0 0 0 25 0 0 0 0 0 22 3 0 0 0 0 0 26 0 0 10 29 0 2 0 8 23 0 0 0 0 0 0 0 0 17 0 0 0 0 0 26 0 0 0 0 0 0 0 0 1 0 25 0 0 0 0 24 0 12 7 0 
0 0 0 6 0 13 0 0 0 0 0 0 14 0 0 0 0 0 0 0 0 14 0 22 0 3 13 0 0 0 0 0 0 0 0 0 0 0 0 15 0 0 0 17 0 25 0 0 0 0 0 0 0 15 0 0 0 0 0 0 0 0 0 0 0 0 0 0 0 0 
29 26 13 13 0 0 0 0 0 0 0 0 0 0 0 0 0 0 0 0 13 0 0 0 18 0 0 0 17 0 0 10 0 0 19 0 0 0 24 0 20 0 0 0 25 14 0 0 0 0 0 0 0 0 16 7 0 0 0 14 0 0 17 0 0 10 0 0 0 0 
0 29 0 21 0 20 13 0 0 0 0 0 0 0 0 0 0 0 14 0 0 0 0 0 0 28 0 5 0 27 0 0 0 0 16 0 29 0 0 0 0 0 0 0 0 0 0 14 0 0 0 0 0 0 0 0 0 0 0 0 0 0 0 0 0 0 7 0 0 0 
0 0 25 0 0 0 27 0 20 0 0 0 25 0 2 14 0 0 11 0 0 0 0 0 0 15 0 0 0 0 0 0 0 0 0 0 0 5 0 0 0 0 0 0 0 0 0 0 7 0 0 0 0 0 0 0 8 13 2 27 0 0 0 0 0 0 0 0 2 28 
13 0 0 17 0 14 0 0 0 0 0 12 0 26 0 0 0 0 0 0 0 0 0 0 0 0 0 0 0 0 0 0 0 0 0 4 0 0 0 0 26 0 0 0 0 0 0 0 16 0 25 0 0 0 19 0 20 0 0 0 0 0 0 0 0 0 0 13 0 13 
7 0 13 0 0 0 0 0 0 0 0 0 0 0 2 0 0 0 0 0 0 16 0 0 0 12 0 13 0 6 0 0 0 0 0 0 26 0 0 0 26 1 0 10 0 0 0 0 6 0 0 0 5 0 0 0 26 0 0 0 0 25 10 14 11 13 0 0 0 0 
0 0 14 11 0 28 0 0 2 0 0 0 0 0 0 0 0 0 0 0 0 0 0 8 0 11 0 27 0 0 27 0 0 0 25 29 0 0 16 0 0 0 0 12 14 0 18 0 0 0 21 0 0 0 0 0 0 0 0 1 9 0 15 0 10 0 0 0 0 0 
0 0 0 0 0 0 0 0 0 0 0 0 0 0 0 0 0 0 0 0 0 0 0 0 3 0 0 0 0 0 0 0 0 0 0 0 0 0 0 0 0 0 24 0 0 11 0 0 0 0 0 0 0 0 19 0 0 0 0 0 0 3 1 0 0 28 0 0 0 0 
0 0 0 2 8 0 2 0 0 0 0 0 21 0 0 0 0 0 0 0 0 4 0 0 25 6 0 0 0 0 0 0 6 0 0 0 0 0 0 0 0 0 0 0 0 0 2 0 0 0 0 0 0 0 0 0 0 0 0 0 12 0 0 0 0 0 24 21 0 0 
0 0 0 0 0 0 26 13 0 0 0 11 0 0 0 0 8 0 0 8 4 0 0 0 16 0 0 0 0 24 0 0 25 0 25 13 0 0 0 19 0 0 0 0 0 0 0 25 0 0 0 0 0 0 0 0 0 0 0 0 23 0 8 0 0 0 22 6 0 0 
0 0 0 0 0 0 0 0 0 18 18 0 0 0 0 27 0 26 0 0 11 0 0 0 25 0 0 0 0 0 0 0 0 0 0 0 0 0 0 0 0 0 0 0 0 8 16 0 0 0 0 0 1 0 14 18 0 10 0 0 0 0 0 0 0 0 0 0 0 0 
0 0 0 0 0 0 0 0 6 0 0 0 0 0 0 10 0 17 0 11 0 0 26 0 24 0 0 0 0 0 18 0 0 0 0 0 0 0 0 0 0 19 0 0 0 0 0 14 0 0 0 0 11 0 0 0 0 0 0 25 0 0 0 0 1 0 0 5 0 0 
0 0 0 0 13 0 14 0 27 0 0 0 9 0 0 25 21 0 0 0 13 0 0 28 0 22 0 0 0 0 0 0 0 12 0 14 0 0 10 0 0 0 0 0 0 16 0 0 0 0 10 0 0 0 0 4 0 0 16 25 0 0 0 0 0 0 0 18 0 0 
0 1 0 13 0 0 7 19 0 6 0 3 0 2 0 0 0 0 0 0 0 18 0 0 0 0 0 0 0 0 0 0 0 0 0 0 0 0 0 24 0 17 6 3 0 0 0 0 0 0 0 0 0 29 0 0 0 0 0 0 0 0 0 0 0 8 0 0 0 6 
22 0 0 0 0 0 0 25 0 0 0 5 0 0 0 13 1 0 8 0 17 0 0 21 0 2 0 0 0 0 0 0 0 25 0 0 0 0 0 0 9 0 17 25 0 0 20 0 0 0 0 0 0 8 0 0 19 0 10 0 0 7 0 0 0 0 0 0 0 0 
0 15 0 0 0 13 0 0 0 16 0 0 0 0 0 0 3 0 0 0 0 0 0 0 0 0 0 0 24 12 0 25 0 17 0 0 0 14 1 0 16 0 0 1 0 0 19 0 0 23 15 9 0 0 0 0 0 7 0 0 0 0 0 0 0 13 0 0 0 0 
0 0 0 0 0 0 0 0 0 12 0 0 0 15 0 0 0 0 13 0 0 0 8 0 0 0 0 8 0 0 0 0 0 3 0 0 0 0 0 0 0 17 2 0 0 0 6 0 0 4 0 0 0 25 0 0 0 18 0 0 0 0 0 2 0 0 0 0 0 1 
0 0 0 20 0 0 0 0 0 0 0 2 24 0 0 5 0 0 0 0 14 0 0 0 24 0 3 0 7 0 4 11 0 0 0 10 0 24 0 0 0 0 0 0 0 0 13 0 0 0 0 23 22 17 0 0 0 0 0 0 0 0 0 0 0 0 0 0 0 0 
8 0 5 0 0 0 0 0 0 0 0 0 3 0 0 0 15 1 14 0 0 0 23 0 0 0 26 0 0 0 0 0 0 0 0 0 27 0 0 0 4 0 0 22 0 4 0 0 3 0 0 0 0 16 0 0 28 13 0 6 20 0 0 0 6 15 8 0 0 11 
8 0 0 0 0 0 9 0 0 0 0 0 0 25 0 0 0 0 0 0 0 0 0 0 26 28 5 0 0 0 9 0 0 0 0 0 0 0 0 0 0 8 0 0 0 0 17 19 0 0 0 0 0 0 0 0 20 0 0 0 0 0 0 0 0 0 0 0 0 0 
0 0 0 0 19 0 0 0 0 0 1 0 0 20 0 0 0 0 0 0 0 0 0 0 0 0 0 0 0 0 0 0 0 0 14 13 0 0 0 0 0 0 0 0 3 0 0 0 0 13 0 0 28 0 0 0 7 0 0 0 0 0 26 0 0 0 0 0 0 0 
