70

0 0 0 1 0 1 0 0 0 0 0 0 0 0 0 1 1 0 1 0 0 0 1 1 1 1 0 1 1 1 0 0 0 0 1 0 0 0 0 0 0 0 1 0 0 0 1 0 0 1 0 1 1 0 0 0 0 0 1 0 0 1 1 0 0 0 0 0 0 0 
0 0 0 0 0 0 0 1 0 0 0 1 0 0 1 0 0 0 1 1 0 0 1 0 0 1 0 0 1 0 0 0 0 1 0 1 0 0 0 1 0 1 0 0 0 0 0 0 0 0 1 0 0 0 0 1 0 1 1 0 0 1 1 0 0 0 0 1 1 0 
0 0 0 0 0 1 0 0 0 0 0 0 0 1 1 0 1 0 0 0 0 0 0 0 1 0 0 0 0 0 1 0 0 0 1 1 0 0 0 0 1 0 1 0 1 0 0 0 0 1 0 0 0 0 0 0 0 1 0 0 0 0 0 0 0 0 0 0 0 1 
1 0 0 0 0 0 0 1 0 0 0 0 1 0 0 1 1 0 1 0 0 1 0 0 1 0 0 0 1 0 1 0 1 1 0 0 0 1 1 0 0 1 0 0 0 0 1 0 1 0 0 0 0 1 0 1 0 0 0 1 0 1 0 0 0 0 1 0 1 0 
0 0 0 0 0 1 0 0 1 0 0 0 0 0 0 0 0 0 0 0 0 1 1 0 0 0 0 0 0 0 0 1 0 0 0 1 0 0 1 0 0 0 1 0 0 0 0 0 0 1 0 1 0 1 0 0 0 0 1 0 0 0 1 0 0 0 0 1 0 0 
1 0 1 0 1 0 0 0 0 0 0 0 0 0 0 0 0 0 0 0 0 1 0 0 1 0 0 1 1 0 1 1 1 0 1 1 0 0 0 0 1 0 0 0 0 0 0 0 1 0 0 1 0 0 0 0 1 0 1 0 1 0 1 0 1 1 0 0 1 0 
0 0 0 0 0 0 0 0 0 0 0 0 1 1 0 1 0 0 0 1 1 1 1 0 0 1 0 1 1 0 0 0 0 1 0 0 0 0 0 0 0 1 0 0 0 0 1 1 1 1 1 0 0 0 0 1 0 0 0 0 0 0 1 0 1 1 1 0 0 0 
0 1 0 1 0 0 0 0 1 0 0 0 0 0 0 0 0 0 0 0 0 0 1 0 0 0 0 1 0 0 0 0 0 0 1 0 0 0 0 0 0 1 0 0 1 0 1 0 1 0 1 1 1 0 0 0 0 1 1 0 1 0 0 1 0 0 0 0 1 0 
0 0 0 0 1 0 0 1 0 1 0 0 0 0 0 0 1 0 0 0 0 0 0 0 0 0 0 0 1 1 0 1 0 0 0 0 1 0 0 0 0 0 0 1 0 0 1 0 0 1 0 1 1 0 0 0 0 1 0 0 0 0 0 0 0 0 0 0 0 1 
0 0 0 0 0 0 0 0 1 0 0 0 0 0 0 0 0 0 0 0 1 1 0 1 0 0 0 1 0 0 0 0 0 0 0 1 0 0 0 0 1 0 1 0 0 0 0 0 0 0 0 0 0 1 0 1 0 1 0 0 0 0 0 0 0 1 0 0 0 1 
0 0 0 0 0 0 0 0 0 0 0 1 0 1 0 0 0 0 0 1 1 1 0 1 1 0 1 0 1 0 0 0 0 0 0 0 0 0 0 0 0 1 1 0 0 0 1 1 0 0 0 0 0 0 0 1 1 0 0 1 0 0 1 0 0 1 0 0 0 0 
0 1 0 0 0 0 0 0 0 0 1 0 0 0 0 0 0 0 1 0 1 1 1 0 1 0 1 0 0 0 0 0 0 0 0 0 1 1 0 1 0 1 0 1 0 0 0 0 0 0 1 1 0 0 1 0 0 1 0 1 1 0 0 0 0 1 0 0 0 0 
0 0 0 1 0 0 1 0 0 0 0 0 0 1 0 0 0 0 0 0 0 0 0 0 0 0 0 0 0 0 0 1 0 0 1 0 1 0 0 0 0 0 1 0 1 0 0 0 1 0 0 0 0 0 1 0 0 0 1 1 0 0 0 1 1 0 0 0 1 0 
0 0 1 0 0 0 1 0 0 0 1 0 1 0 0 1 1 0 0 1 1 0 1 0 0 0 0 0 1 0 0 0 1 0 0 0 1 0 0 0 0 0 1 0 0 0 0 1 0 1 0 0 1 0 0 0 0 1 0 1 0 0 1 1 0 0 1 1 0 0 
0 1 1 0 0 0 0 0 0 0 0 0 0 0 0 1 0 1 0 1 0 0 0 0 1 1 0 1 1 1 1 0 0 0 0 0 0 0 1 0 0 1 1 0 0 0 1 0 0 0 0 1 1 0 1 1 0 0 1 0 0 1 0 1 1 0 0 0 0 0 
1 0 0 1 0 0 1 0 0 0 0 0 0 1 1 0 0 0 0 1 1 1 0 0 1 0 0 0 1 0 0 0 1 1 1 0 0 0 1 0 0 0 1 0 0 0 0 0 0 1 1 0 0 1 0 0 0 0 0 0 0 0 0 1 1 0 0 0 1 0 
1 0 1 1 0 0 0 0 1 0 0 0 0 1 0 0 0 0 0 0 0 1 1 0 0 1 0 1 1 1 0 0 0 0 0 0 1 1 1 0 0 1 0 1 0 0 0 0 0 1 1 1 0 0 0 1 0 0 0 0 0 0 0 1 0 1 0 0 1 1 
0 0 0 0 0 0 0 0 0 0 0 0 0 0 1 0 0 0 0 0 0 1 0 0 0 0 0 0 0 0 1 0 0 0 0 0 0 1 0 0 0 0 0 1 0 0 1 0 1 0 1 1 1 1 1 0 0 1 0 0 0 0 0 1 0 1 1 1 0 0 
1 1 0 1 0 0 0 0 0 0 0 1 0 0 0 0 0 0 0 0 0 0 0 0 0 0 0 1 0 1 0 0 1 0 0 0 1 1 1 0 0 0 1 1 0 0 0 0 0 0 0 0 1 0 0 1 0 1 1 0 1 0 0 1 1 1 1 1 1 1 
0 1 0 0 0 0 1 0 0 0 1 0 0 1 1 1 0 0 0 0 0 1 0 0 0 0 0 0 0 1 0 0 0 1 0 0 0 0 0 0 0 0 0 1 0 1 1 0 1 0 0 0 0 1 1 1 0 0 0 1 0 0 0 1 0 0 0 0 0 1 
0 0 0 0 0 0 1 0 0 1 1 1 0 1 0 1 0 0 0 0 0 1 0 0 0 0 1 0 0 0 0 0 0 1 0 0 1 0 1 0 0 0 1 0 1 1 1 0 1 0 1 0 1 1 1 0 0 0 0 0 1 0 0 0 0 0 1 0 1 0 
0 0 0 1 1 1 1 0 0 1 1 1 0 0 0 1 1 1 0 1 1 0 0 0 1 1 0 0 0 1 0 0 1 0 0 1 1 0 1 0 0 0 1 0 0 0 1 0 0 0 0 0 1 1 0 0 0 1 1 0 0 0 0 0 0 0 1 1 1 0 
1 1 0 0 1 0 1 1 0 0 0 1 0 1 0 0 1 0 0 0 0 0 0 0 0 0 0 0 0 1 0 0 0 0 0 0 0 0 0 0 0 0 0 1 0 0 1 1 1 0 1 0 0 1 0 1 1 1 0 1 0 0 0 0 0 1 1 0 0 1 
1 0 0 0 0 0 0 0 0 1 1 0 0 0 0 0 0 0 0 0 0 0 0 0 0 0 0 0 1 0 1 1 0 1 0 1 0 0 1 0 0 0 0 0 0 0 1 0 1 0 0 0 0 0 0 0 0 0 0 0 0 1 0 1 0 0 0 0 0 1 
1 0 1 1 0 1 0 0 0 0 1 1 0 0 1 1 0 0 0 0 0 1 0 0 0 1 0 0 0 0 1 1 0 0 1 0 0 0 1 0 1 0 0 0 1 1 1 0 1 0 0 0 0 1 0 0 1 1 1 0 0 0 0 0 0 1 0 0 0 0 
1 1 0 0 0 0 1 0 0 0 0 0 0 0 1 0 1 0 0 0 0 1 0 0 1 0 0 0 1 1 0 0 0 1 0 0 0 1 1 0 1 0 0 0 1 0 0 0 0 0 0 0 0 1 0 1 0 0 1 0 0 1 0 1 1 0 0 0 1 1 
0 0 0 0 0 0 0 0 0 0 1 1 0 0 0 0 0 0 0 0 1 0 0 0 0 0 0 0 1 0 0 0 1 0 1 0 0 1 1 0 0 0 0 0 0 1 1 0 0 0 0 1 1 0 0 0 1 0 0 0 1 0 0 0 0 0 0 0 1 1 
1 0 0 0 0 1 1 1 0 1 0 0 0 0 1 0 1 0 1 0 0 0 0 0 0 0 0 0 0 0 0 0 1 1 0 1 0 0 1 0 0 0 1 0 0 0 0 0 1 0 1 0 0 0 1 0 0 1 1 0 0 0 0 0 1 0 0 0 0 1 
1 1 0 1 0 1 1 0 1 0 1 0 0 1 1 1 1 0 0 0 0 0 0 1 0 1 1 0 0 0 0 1 0 0 0 0 1 0 0 1 1 1 0 0 0 0 0 0 0 1 0 0 0 0 1 0 0 0 0 0 1 0 0 0 0 1 0 0 1 1 
1 0 0 0 0 0 0 0 1 0 0 0 0 0 1 0 1 0 1 1 0 1 1 0 0 1 0 0 0 0 0 0 0 0 1 0 1 0 0 1 0 0 0 0 0 0 0 0 0 0 1 0 1 0 0 1 0 0 1 0 0 0 1 0 0 1 0 0 0 0 
0 0 1 1 0 1 0 0 0 0 0 0 0 0 1 0 0 1 0 0 0 0 0 1 1 0 0 0 0 0 0 0 0 0 1 1 0 1 0 0 0 0 1 0 1 0 0 1 0 0 1 0 0 0 0 0 0 1 0 0 0 0 0 1 1 1 0 1 0 0 
0 0 0 0 1 1 0 0 1 0 0 0 1 0 0 0 0 0 0 0 0 0 0 1 1 0 0 0 1 0 0 0 0 0 0 1 1 0 0 0 0 0 0 0 0 0 0 0 0 0 1 0 0 0 0 1 0 1 0 1 1 1 0 0 0 0 0 0 0 1 
0 0 0 1 0 1 0 0 0 0 0 0 0 1 0 1 0 0 1 0 0 1 0 0 0 0 1 1 0 0 0 0 0 0 1 0 0 0 0 0 0 0 0 0 1 0 1 1 0 1 0 1 1 0 0 0 0 0 0 0 0 0 0 0 0 0 0 0 0 1 
0 1 0 1 0 0 1 0 0 0 0 0 0 0 0 1 0 0 0 1 1 0 0 1 0 1 0 1 0 0 0 0 0 0 1 0 1 0 0 1 0 0 0 1 0 0 1 1 0 0 0 1 0 0 1 0 1 0 0 1 0 0 0 1 0 1 1 0 1 0 
1 0 1 0 0 1 0 1 0 0 0 0 1 0 0 1 0 0 0 0 0 0 0 0 1 0 1 0 0 1 1 0 1 1 0 0 0 1 0 0 1 1 1 1 0 0 0 0 1 1 0 0 0 0 0 0 0 0 0 0 0 0 0 0 0 0 1 1 0 0 
0 1 1 0 1 1 0 0 0 1 0 0 0 0 0 0 0 0 0 0 0 1 0 1 0 0 0 1 0 0 1 1 0 0 0 0 0 0 1 0 0 0 0 0 1 0 0 0 0 0 0 0 0 0 0 0 0 0 0 0 1 1 0 0 0 1 0 0 0 0 
0 0 0 0 0 0 0 0 1 0 0 1 1 1 0 0 1 0 1 0 1 1 0 0 0 0 0 0 1 1 0 1 0 1 0 0 0 0 0 0 0 1 0 0 0 0 0 0 0 1 1 0 0 0 0 1 0 1 0 0 0 0 0 0 0 0 1 0 1 0 
0 0 0 1 0 0 0 0 0 0 0 1 0 0 0 0 1 1 1 0 0 0 0 0 0 1 1 0 0 0 1 0 0 0 1 0 0 0 0 0 0 1 0 1 0 0 0 1 0 0 0 0 0 1 0 0 1 1 0 0 0 1 0 1 0 0 0 0 1 0 
0 0 0 1 1 0 0 0 0 0 0 0 0 0 1 1 1 0 1 0 1 1 0 1 1 1 1 1 0 0 0 0 0 0 0 1 0 0 0 0 0 0 0 0 1 1 1 0 0 0 0 0 0 0 0 0 0 0 1 0 1 1 0 1 1 0 0 0 1 0 
0 1 0 0 0 0 0 0 0 0 0 1 0 0 0 0 0 0 0 0 0 0 0 0 0 0 0 0 1 1 0 0 0 1 0 0 0 0 0 0 1 1 0 0 1 0 0 0 0 0 1 0 0 0 1 0 0 1 1 0 0 0 0 1 1 0 0 0 0 0 
0 0 1 0 0 1 0 0 0 1 0 0 0 0 0 0 0 0 0 0 0 0 0 0 1 1 0 0 1 0 0 0 0 0 1 0 0 0 0 1 0 1 0 0 1 0 1 0 0 0 0 0 0 0 1 0 1 0 0 0 0 0 0 1 0 0 0 0 0 0 
0 1 0 1 0 0 1 1 0 0 1 1 0 0 1 0 1 0 0 0 0 0 0 0 0 0 0 0 1 0 0 0 0 0 1 0 1 1 0 1 1 0 0 0 0 0 1 0 0 1 0 0 1 0 0 0 0 1 0 1 0 0 0 0 0 1 0 1 0 1 
1 0 1 0 1 0 0 0 0 1 1 0 1 1 1 1 0 0 1 0 1 1 0 0 0 0 0 1 0 0 1 0 0 0 1 0 0 0 0 0 0 0 0 0 0 1 0 0 0 0 0 0 1 0 0 0 0 1 0 0 1 1 0 1 0 1 0 1 1 1 
0 0 0 0 0 0 0 0 1 0 0 1 0 0 0 0 1 1 1 1 0 0 1 0 0 0 0 0 0 0 0 0 0 1 1 0 0 1 0 0 0 0 0 0 1 0 0 1 0 0 0 0 0 0 1 0 1 1 1 1 0 0 1 0 0 1 0 1 1 0 
0 0 1 0 0 0 0 1 0 0 0 0 1 0 0 0 0 0 0 0 1 0 0 0 1 1 0 0 0 0 1 0 1 0 0 1 0 0 1 1 1 0 0 1 0 0 0 0 1 0 0 0 1 0 1 0 1 1 0 0 0 1 0 0 1 1 0 0 0 1 
0 0 0 0 0 0 0 0 0 0 0 0 0 0 0 0 0 0 0 1 1 0 0 0 1 0 1 0 0 0 0 0 0 0 0 0 0 0 1 0 0 0 1 0 0 0 1 1 1 1 0 0 0 1 0 0 0 0 0 0 0 0 1 1 0 0 0 1 1 0 
1 0 0 1 0 0 1 1 1 0 1 0 0 0 1 0 0 1 0 1 1 1 1 1 1 0 1 0 0 0 0 0 1 1 0 0 0 0 1 0 1 1 0 0 0 1 0 0 1 1 0 0 1 0 1 0 0 1 0 0 0 1 0 0 1 0 1 0 0 0 
0 0 0 0 0 0 1 0 0 0 1 0 0 1 0 0 0 0 0 0 0 0 1 0 0 0 0 0 0 0 1 0 1 1 0 0 0 1 0 0 0 0 0 1 0 1 0 0 0 1 1 0 0 0 0 0 1 0 1 1 0 1 1 0 1 0 1 1 0 0 
0 0 0 1 0 1 1 1 0 0 0 0 1 0 0 0 0 1 0 1 1 0 1 1 1 0 0 1 0 0 0 0 0 0 1 0 0 0 0 0 0 0 0 0 1 1 1 0 0 0 0 1 0 1 1 0 0 1 0 1 0 0 0 0 1 1 1 0 1 0 
1 0 1 0 1 0 1 0 1 0 0 0 0 1 0 1 1 0 0 0 0 0 0 0 0 0 0 0 1 0 0 0 1 0 1 0 1 0 0 0 0 1 0 0 0 1 1 1 0 0 0 1 0 0 1 0 0 0 0 1 1 0 1 1 1 0 0 0 0 0 
0 1 0 0 0 0 1 1 0 0 0 1 0 0 0 1 1 1 0 0 1 0 1 0 0 0 0 1 0 1 1 1 0 0 0 0 1 0 0 1 0 0 0 0 0 0 0 1 0 0 0 1 1 0 0 0 0 0 0 0 0 0 0 0 0 0 0 0 0 0 
1 0 0 0 1 1 0 1 1 0 0 1 0 0 1 0 1 1 0 0 0 0 0 0 0 0 1 0 0 0 0 0 1 1 0 0 0 0 0 0 0 0 0 0 0 0 0 0 1 1 1 0 0 0 0 0 1 0 1 1 1 1 1 0 0 1 0 0 0 0 
1 0 0 0 0 0 0 1 1 0 0 0 0 1 1 0 0 1 1 0 1 1 0 0 0 0 1 0 0 1 0 0 1 0 0 0 0 0 0 0 0 1 1 0 1 0 1 0 0 0 1 0 0 0 0 0 0 1 1 0 1 0 0 0 0 0 0 1 0 1 
0 0 0 1 1 0 0 0 0 1 0 0 0 0 0 1 0 1 0 1 1 1 1 0 1 1 0 0 0 0 0 0 0 0 0 0 0 1 0 0 0 0 0 0 0 1 0 0 1 0 0 0 0 0 1 1 0 0 1 0 0 0 0 0 0 1 0 0 0 1 
0 0 0 0 0 0 0 0 0 0 0 1 1 0 1 0 0 1 0 1 1 0 0 0 0 0 0 1 1 0 0 0 0 1 0 0 0 0 0 1 1 0 0 1 1 0 1 0 1 1 0 0 0 1 0 0 1 0 1 0 1 0 1 0 0 0 1 1 0 1 
0 1 0 1 0 0 1 0 0 1 1 0 0 0 1 0 1 0 1 1 0 0 1 0 0 1 0 0 0 1 0 1 0 0 0 0 1 0 0 0 0 0 0 0 0 0 0 0 0 0 0 0 0 1 0 0 1 0 0 0 0 1 1 1 1 0 0 0 0 0 
0 0 0 0 0 1 0 0 0 0 1 0 0 0 0 0 0 0 0 0 0 0 1 0 1 0 1 0 0 0 0 0 0 1 0 0 0 1 0 0 1 0 0 1 1 0 0 1 0 0 0 1 0 0 1 1 0 0 1 0 1 0 0 0 1 0 0 1 0 1 
0 1 1 0 0 0 0 1 1 1 0 1 0 1 0 0 0 1 1 0 0 1 1 0 1 0 0 1 0 0 1 1 0 0 0 0 1 1 0 1 0 1 1 1 1 0 1 0 1 0 0 0 1 0 0 0 0 0 0 0 1 0 0 0 1 1 0 1 1 0 
1 1 0 0 1 1 0 1 0 0 0 0 1 0 1 0 0 0 1 0 0 1 0 0 1 1 0 1 0 1 0 0 0 0 0 0 0 0 1 1 0 0 0 1 0 0 0 1 0 0 0 1 1 1 1 0 1 0 0 0 1 1 0 0 1 0 0 0 1 1 
0 0 0 1 0 0 0 0 0 0 1 1 1 1 0 0 0 0 0 1 0 0 1 0 0 0 0 0 0 0 0 1 0 1 0 0 0 0 0 0 0 1 0 1 0 0 0 1 1 1 0 1 0 0 0 0 0 0 0 0 1 0 1 0 1 0 1 1 1 0 
0 0 0 0 0 1 0 1 0 0 0 1 0 0 0 0 0 0 1 0 1 0 0 0 0 0 1 0 1 0 0 1 0 0 0 1 0 0 1 0 0 0 1 0 0 0 0 0 0 1 0 1 1 0 1 0 1 1 1 1 0 1 1 0 0 0 0 1 0 1 
1 1 0 1 0 0 0 0 0 0 0 0 0 0 1 0 0 0 0 0 0 0 0 1 0 1 0 0 0 0 0 1 0 0 0 1 0 1 1 0 0 0 1 0 1 0 1 1 0 0 0 1 0 0 0 1 0 0 1 0 1 0 0 1 0 0 0 0 1 0 
1 1 0 0 1 1 1 0 0 0 1 0 0 1 0 0 0 0 0 0 0 0 0 0 0 0 0 0 0 1 0 0 0 0 0 0 0 0 0 0 0 0 0 1 0 1 0 1 0 1 0 1 0 0 1 1 0 0 0 1 1 0 0 0 0 0 0 1 0 0 
0 0 0 0 0 0 0 1 0 0 0 0 1 1 1 1 1 1 1 1 0 0 0 1 0 1 0 0 0 0 1 0 0 1 0 0 0 1 1 1 1 0 1 0 0 1 0 0 0 1 0 0 0 0 0 1 0 0 0 0 0 1 0 0 0 1 0 1 0 1 
0 0 0 0 0 1 1 0 0 0 0 0 1 0 1 1 0 0 1 0 0 0 0 0 0 1 0 1 0 0 1 0 0 0 0 0 0 0 1 1 0 0 0 0 1 0 1 1 1 1 0 0 0 0 0 1 1 1 1 1 0 0 0 0 0 0 1 1 0 0 
0 0 0 0 0 1 1 0 0 1 1 1 0 0 0 0 1 1 1 0 0 0 1 0 1 0 0 0 1 1 1 0 0 1 0 1 0 0 0 0 0 1 1 1 1 0 0 0 1 0 0 1 0 1 0 0 0 1 0 0 0 0 0 1 0 0 1 1 0 0 
0 0 0 1 0 0 1 0 0 0 0 0 0 1 0 0 0 1 1 0 1 1 1 0 0 0 0 0 0 0 0 0 0 1 1 0 1 0 0 0 0 0 0 0 0 0 1 1 1 0 0 0 0 0 1 0 0 0 0 1 0 0 0 0 1 1 0 0 0 0 
0 1 0 0 1 0 0 0 0 0 0 0 0 1 0 0 0 1 1 0 0 1 0 0 0 0 0 0 0 0 1 0 0 0 1 0 0 0 0 0 0 1 1 1 0 1 0 1 0 0 0 0 1 0 1 0 1 1 0 1 1 0 1 1 1 1 0 0 0 0 
0 1 0 1 0 1 0 1 0 0 0 0 1 0 0 1 1 0 1 0 1 1 0 0 0 1 1 0 1 0 0 0 0 1 0 0 1 1 1 0 0 0 1 1 0 1 0 0 1 0 0 0 0 0 0 0 0 1 1 1 0 1 0 0 0 0 0 0 0 1 
0 0 1 0 0 0 0 0 1 1 0 0 0 0 0 0 1 0 1 1 0 0 1 1 0 1 1 1 1 0 0 1 1 0 0 0 0 0 0 0 0 1 1 0 1 0 0 0 0 0 0 0 1 1 1 0 1 0 1 0 1 0 0 1 0 0 0 0 1 0 

0 0 0 0 0 0 11 0 0 0 0 0 22 0 0 12 16 0 0 0 0 0 0 0 19 0 20 0 10 0 0 0 0 23 0 0 0 0 16 0 12 0 0 21 0 0 0 0 1 0 0 7 0 26 0 0 24 0 0 12 0 0 0 0 0 0 16 0 0 18 
9 0 0 0 12 0 22 0 0 0 0 0 0 17 0 0 25 0 0 0 0 0 0 10 0 0 5 0 0 4 0 0 0 11 0 0 0 0 25 1 0 0 0 0 0 0 0 0 13 0 0 0 0 8 0 0 0 5 0 13 0 0 6 0 0 5 17 0 0 0 
0 0 0 0 0 0 0 0 0 0 0 19 0 0 0 12 0 15 3 0 7 0 0 7 0 9 0 0 0 0 28 18 0 7 0 0 0 0 0 0 0 20 0 0 0 0 0 0 0 0 0 0 0 0 0 0 0 0 0 0 0 0 1 0 0 0 0 27 0 0 
0 27 0 0 0 24 0 0 0 0 0 0 0 0 11 0 0 15 24 26 23 0 0 0 1 0 18 0 0 0 14 0 0 0 0 0 0 0 19 0 0 0 0 0 0 0 22 22 0 0 0 0 0 0 0 0 0 0 5 0 22 0 0 17 0 0 0 9 0 0 
7 27 0 0 0 0 0 22 0 0 0 0 0 22 14 7 0 0 0 0 0 0 19 0 0 0 0 0 0 0 0 17 0 0 0 0 0 0 14 0 0 0 0 0 0 0 0 0 0 0 0 19 0 0 0 1 20 0 10 0 0 17 0 0 0 0 0 0 0 0 
0 11 0 0 0 0 0 0 0 1 0 0 0 0 0 0 27 0 0 0 20 0 27 0 17 0 0 0 0 0 17 0 0 0 0 0 0 0 0 0 0 0 0 0 0 0 0 0 0 0 9 0 0 0 0 0 11 24 0 0 0 0 0 0 15 0 0 0 0 0 
0 0 0 0 0 0 0 0 16 0 0 0 0 0 0 0 0 0 0 0 16 0 0 27 0 0 9 0 0 10 0 0 0 5 0 0 14 0 28 14 0 0 0 0 0 0 0 0 0 0 22 3 15 20 0 0 0 0 28 0 0 0 0 16 0 0 28 0 11 0 
0 0 0 0 0 0 0 0 0 0 0 0 0 24 12 0 0 0 0 20 0 0 0 0 19 0 0 0 0 0 0 0 0 0 0 0 0 15 0 0 0 0 0 0 0 0 17 0 12 0 0 7 0 15 0 0 0 23 0 0 0 0 0 0 0 0 0 0 0 0 
0 18 0 0 0 0 0 0 0 0 0 0 0 0 9 0 0 0 0 0 0 0 0 0 0 0 0 0 0 15 0 0 0 0 15 0 0 0 0 0 4 0 0 6 0 0 0 0 0 0 0 0 0 0 14 7 0 0 15 14 0 0 0 0 0 0 0 0 0 6 
0 0 5 0 0 15 0 0 0 0 0 0 0 0 5 0 19 0 12 0 0 0 0 3 12 24 0 0 0 0 14 0 0 0 0 0 0 0 0 0 0 0 0 0 0 0 0 0 0 0 0 0 0 0 0 0 28 23 26 13 0 0 0 0 0 0 5 0 0 28 
9 0 30 0 0 0 0 0 0 0 0 0 0 0 0 0 0 12 19 0 0 0 3 0 0 0 0 21 0 0 0 0 0 14 0 18 0 5 0 0 25 0 0 0 22 0 0 0 0 0 0 0 0 0 0 0 16 0 0 0 0 28 0 0 0 0 0 2 0 0 
0 0 0 0 0 19 0 7 0 0 0 0 0 0 0 0 0 0 0 0 23 1 0 0 3 0 0 0 0 0 0 0 0 0 0 0 0 0 18 14 0 0 3 0 0 26 0 0 0 0 0 0 15 18 0 18 0 0 0 15 0 0 0 0 0 0 0 0 0 26 
0 0 0 15 29 0 0 0 9 0 0 0 0 10 0 0 5 0 0 0 11 0 0 0 0 0 0 0 0 0 7 0 0 0 0 0 0 0 0 0 0 16 0 0 0 0 0 4 0 25 12 0 0 0 0 14 0 0 0 0 0 0 0 0 0 0 0 0 0 0 
0 0 16 5 0 0 0 0 1 0 0 0 0 0 0 0 0 27 0 0 0 0 0 0 0 0 0 0 0 3 0 0 0 0 0 0 0 0 0 0 0 0 0 0 0 18 0 7 0 0 0 0 0 0 0 0 0 0 19 0 27 0 0 0 0 0 0 17 0 0 
0 0 24 0 0 0 0 0 0 0 0 0 0 0 0 15 0 0 0 7 0 0 0 0 25 0 0 0 0 0 0 0 0 0 0 9 17 0 0 0 3 0 0 22 0 26 0 0 17 0 0 15 7 0 19 0 0 0 0 0 0 0 0 17 0 0 13 0 0 0 
0 0 0 1 0 25 17 0 0 28 0 0 0 26 0 0 23 0 0 0 0 0 0 0 0 25 0 0 9 0 17 0 0 0 0 0 0 0 0 0 0 11 0 0 0 23 0 0 0 1 2 10 0 23 0 0 18 0 24 16 0 23 0 20 0 0 0 0 7 3 
0 27 0 0 0 18 0 0 27 0 0 0 0 0 0 0 0 0 0 0 0 0 0 20 0 0 0 0 0 0 0 0 26 0 0 0 26 0 0 0 14 19 0 0 0 0 0 0 0 0 0 0 0 0 0 0 4 0 0 0 26 0 0 0 0 0 0 0 0 0 
0 0 10 0 3 0 0 0 0 0 0 0 0 0 0 0 11 0 0 0 0 25 0 18 0 0 17 0 0 0 0 13 20 0 0 0 0 0 0 0 0 0 0 0 0 0 0 0 0 0 0 0 0 0 0 0 8 0 0 16 0 12 0 0 0 17 9 0 0 0 
0 10 0 0 0 0 0 0 0 0 0 0 0 0 0 0 0 0 0 0 0 0 0 0 0 16 0 0 0 0 7 18 0 0 0 14 0 15 0 0 0 0 0 19 0 0 0 17 0 0 0 18 0 1 0 0 0 0 0 16 0 13 0 0 23 0 19 0 0 0 
0 0 0 0 0 0 0 0 18 0 22 0 0 0 0 0 8 0 6 0 0 0 8 0 8 0 0 0 0 0 0 0 0 7 0 0 0 0 0 0 21 0 0 4 0 0 0 10 0 1 0 0 0 0 14 0 0 0 0 0 0 14 29 0 0 0 0 0 0 23 
0 3 0 0 0 0 12 0 0 21 0 0 0 0 0 0 0 0 0 0 0 0 0 22 0 4 9 0 0 0 0 0 0 3 0 0 0 0 0 0 0 0 0 0 0 14 18 19 18 0 8 0 0 4 0 0 18 27 0 0 0 12 0 0 0 18 0 0 0 0 
0 0 0 0 0 0 0 0 0 16 17 0 30 18 0 0 0 0 0 25 0 0 29 0 0 0 9 0 0 0 0 0 0 0 6 29 0 25 0 0 0 0 29 0 0 0 0 0 12 0 0 0 2 0 0 0 0 0 0 12 0 0 0 0 14 0 26 20 6 0 
0 0 0 0 0 12 0 27 10 0 0 0 0 0 0 24 0 0 0 0 13 0 0 0 0 0 0 28 29 0 0 0 0 0 0 0 0 0 0 20 0 0 0 0 0 0 0 0 0 0 0 0 0 0 2 0 0 0 0 0 28 0 0 0 0 0 0 0 0 0 
0 0 30 0 0 0 0 13 0 0 0 0 0 0 0 5 0 0 0 0 0 0 0 0 0 17 0 0 0 25 10 0 0 0 0 0 0 0 23 0 0 0 0 0 0 0 0 0 0 5 0 27 0 0 0 0 0 0 0 0 0 0 27 0 0 0 0 0 0 0 
0 0 0 0 0 0 0 9 0 0 0 0 0 0 5 0 0 0 0 6 0 0 0 1 0 0 1 0 22 13 0 0 27 0 0 0 0 0 0 0 0 0 3 0 0 0 0 0 0 0 0 0 0 0 0 0 0 0 0 23 0 0 19 0 0 0 0 0 0 0 
0 15 0 0 21 6 0 0 20 0 2 0 0 29 0 0 0 5 0 0 0 25 5 0 13 0 0 0 1 0 17 0 0 0 0 0 26 0 0 0 0 0 0 0 3 25 0 0 0 0 0 4 0 0 8 0 0 0 0 11 0 0 0 0 0 0 0 0 0 0 
12 25 3 0 0 0 30 0 0 0 9 0 0 0 0 0 0 0 0 0 0 0 0 0 3 16 0 0 28 0 0 0 0 0 0 0 0 0 0 0 0 1 0 0 0 0 0 0 0 0 0 0 0 0 3 0 0 0 1 0 0 0 0 0 0 0 0 0 3 0 
27 0 0 0 0 0 0 0 0 0 0 3 0 0 0 0 0 0 0 0 0 0 0 13 16 18 0 0 0 0 0 0 0 0 0 0 5 21 0 0 0 0 0 0 0 0 0 0 0 10 0 7 18 0 0 0 0 0 0 0 0 25 0 0 0 0 0 0 0 0 
0 0 0 0 0 5 0 9 18 17 0 0 0 0 0 0 18 2 0 2 0 0 0 26 0 0 0 0 0 11 0 0 0 8 0 26 0 0 0 0 0 0 27 0 4 6 0 0 0 0 13 0 0 0 0 0 0 0 0 0 10 0 21 7 0 0 0 0 0 0 
2 0 0 0 0 25 0 0 15 0 0 0 0 0 0 2 1 0 0 0 0 0 0 0 0 0 0 0 0 0 0 17 0 0 0 0 0 19 0 0 0 25 0 0 0 0 0 0 0 10 0 0 0 0 0 0 0 0 0 0 0 0 0 0 0 0 0 0 0 0 
0 0 3 0 0 27 0 0 12 0 0 0 0 0 0 0 0 26 0 14 25 11 0 27 5 21 0 0 0 14 0 19 0 0 0 8 0 0 0 0 0 0 10 0 0 0 0 0 0 0 0 14 5 29 0 28 0 0 0 27 0 5 22 0 0 0 0 0 18 0 
13 0 0 6 14 0 0 0 20 0 6 0 0 16 29 0 0 0 9 0 2 0 1 0 0 0 0 8 0 0 0 0 0 0 23 0 0 0 0 0 26 0 0 0 0 0 0 0 0 0 0 16 0 0 0 14 0 0 0 28 0 0 0 0 0 0 0 0 0 15 
0 0 0 0 28 0 16 0 0 0 10 0 24 0 0 0 0 0 0 0 0 1 0 0 0 0 0 0 18 26 0 0 0 0 24 0 0 0 0 0 0 0 0 0 0 0 0 0 0 0 0 0 0 23 0 0 0 0 0 0 0 0 0 0 0 0 0 0 25 0 
0 0 2 0 0 17 0 0 0 1 0 6 0 0 12 6 0 0 0 0 0 0 0 0 0 5 0 0 5 4 0 0 0 0 0 1 23 23 0 0 0 0 0 0 14 0 0 0 0 0 0 0 4 0 0 0 0 5 0 0 21 24 0 0 0 0 15 0 17 0 
0 0 13 0 1 6 0 0 0 0 0 0 23 25 0 24 19 0 0 0 29 11 0 0 0 0 10 0 0 2 8 0 17 0 0 0 0 0 21 20 0 22 0 0 0 0 0 0 0 0 0 0 0 0 0 0 9 1 0 0 0 0 0 0 11 0 0 0 0 0 
0 0 0 0 0 0 0 17 0 0 0 9 0 0 0 0 0 0 0 0 0 0 0 0 0 0 0 16 0 0 0 14 28 7 0 0 0 0 0 0 0 0 0 0 0 0 0 0 0 0 0 0 12 0 0 2 0 0 19 0 5 0 0 3 0 0 0 0 0 0 
0 0 0 0 0 0 0 0 0 0 0 0 3 10 0 0 0 0 0 0 0 0 0 26 0 0 10 0 0 0 0 0 0 0 0 14 0 0 0 0 0 0 0 0 0 0 0 0 19 0 0 0 26 3 0 0 0 4 0 0 0 0 0 20 0 0 0 2 0 0 
0 0 0 0 0 24 0 0 0 9 18 0 25 0 0 0 9 0 0 0 0 0 0 0 0 26 0 0 0 0 0 0 0 0 0 15 0 0 0 17 4 0 27 0 0 24 4 0 0 0 1 0 0 0 0 0 0 0 0 0 0 0 15 0 6 0 0 12 0 0 
0 0 0 0 0 0 0 5 0 0 0 0 0 0 0 0 0 0 0 0 14 0 0 0 0 21 0 0 0 0 0 0 0 0 0 0 0 0 0 0 0 0 0 0 0 0 0 0 0 0 17 4 0 0 4 0 0 0 0 0 22 0 20 0 0 0 0 0 0 7 
0 0 0 0 0 0 0 0 0 0 0 0 0 13 1 0 0 0 0 0 0 0 0 0 0 0 0 25 26 0 0 0 0 0 0 0 0 0 0 0 8 0 0 0 0 0 0 0 0 0 0 0 9 10 0 0 7 0 0 0 0 0 7 0 0 0 14 0 0 0 
0 0 0 0 18 0 0 0 0 0 23 17 0 18 14 0 7 9 23 21 0 0 2 0 0 0 0 0 8 14 8 0 0 14 0 0 28 0 0 0 0 0 0 0 0 0 0 0 0 7 0 6 0 0 0 0 3 0 0 18 13 0 0 20 20 0 0 0 13 0 
0 0 0 0 0 0 0 5 0 0 26 0 0 0 0 0 0 0 10 0 20 0 0 0 0 0 0 0 5 11 0 15 0 0 0 23 27 0 0 0 0 0 0 0 0 0 0 0 4 0 0 2 0 0 0 0 26 0 27 0 0 0 0 27 0 23 0 0 0 0 
0 0 0 0 0 0 0 0 19 0 0 0 0 0 26 0 0 1 13 0 0 0 0 0 0 0 20 8 0 0 14 0 0 0 0 0 11 0 0 0 0 0 0 0 18 0 0 0 0 0 0 0 0 24 0 3 0 0 0 0 0 6 0 0 0 0 0 5 0 0 
0 0 0 0 0 0 0 27 0 0 6 0 0 0 0 0 0 0 0 26 0 0 0 0 11 0 0 0 0 0 0 0 0 0 10 0 0 0 24 0 0 24 0 0 0 0 0 8 0 5 29 0 0 26 0 0 0 0 0 5 27 2 0 0 21 0 0 0 0 0 
0 0 0 0 0 17 0 0 0 5 0 22 0 0 0 0 0 0 0 0 0 0 0 0 0 0 0 0 0 0 0 23 0 14 20 0 0 18 0 27 0 0 0 11 0 0 0 0 0 3 0 0 0 0 0 0 0 16 0 0 0 0 0 0 2 0 0 0 0 3 
0 0 0 0 0 0 0 0 0 7 0 0 0 0 0 0 0 21 0 5 0 25 0 0 0 0 0 15 0 0 0 0 0 0 0 0 0 0 0 0 0 0 0 0 0 0 0 0 0 0 22 0 0 0 27 16 0 0 0 0 0 0 0 0 11 18 0 0 0 0 
17 0 11 0 6 0 0 0 0 0 0 0 0 10 0 11 0 0 0 0 20 0 0 6 0 0 0 0 0 0 0 0 0 25 2 0 0 0 0 0 7 0 0 0 0 0 0 0 0 10 0 0 0 0 17 0 0 0 0 0 0 0 0 0 0 0 6 0 14 0 
0 0 0 0 0 0 0 27 0 27 0 28 0 0 14 0 10 0 0 29 0 0 0 0 0 0 21 0 5 0 0 0 0 0 0 0 0 25 0 0 0 21 0 0 16 0 0 0 0 0 23 0 0 0 0 0 0 0 0 0 0 0 0 0 29 0 0 0 0 0 
0 16 0 0 19 18 5 26 0 0 0 0 0 0 0 0 0 0 0 0 0 0 0 0 0 0 0 16 0 0 0 0 0 0 0 0 10 0 0 0 8 0 0 0 4 0 0 0 0 0 0 28 0 20 26 0 0 0 0 0 0 0 0 23 4 0 11 0 0 0 
0 0 27 21 0 0 0 0 18 0 0 0 0 0 0 18 0 0 0 0 6 0 0 0 0 0 7 0 29 0 0 0 15 0 0 0 0 4 0 0 0 0 0 0 0 0 0 0 0 0 0 0 0 0 0 0 0 0 0 0 0 8 0 0 0 0 2 18 0 3 
0 0 0 0 0 17 0 0 0 0 0 0 0 0 0 0 0 0 0 23 0 4 0 0 0 28 0 0 0 14 0 5 0 0 0 0 0 0 0 0 0 0 12 0 24 0 0 0 0 0 0 0 13 0 0 0 0 0 13 0 0 13 0 0 6 0 0 2 0 0 
0 26 0 0 9 0 0 0 0 0 0 25 0 0 0 15 0 0 0 0 0 0 0 0 0 0 0 1 0 0 15 0 0 0 0 0 0 16 0 0 0 0 0 1 0 0 0 11 0 1 0 0 0 0 0 0 0 0 0 0 23 0 15 0 10 0 21 0 0 0 
0 0 1 0 0 17 0 20 0 0 0 24 0 0 0 0 0 7 0 0 0 23 0 0 4 16 0 0 0 27 0 13 0 0 0 19 0 2 0 0 3 23 0 0 0 0 0 0 0 13 0 0 0 0 0 14 0 0 11 0 4 0 10 0 0 15 0 16 0 0 
0 0 0 0 0 0 0 0 14 16 0 7 0 0 0 10 0 27 0 0 0 0 0 0 0 0 0 0 0 0 9 0 0 21 0 0 0 0 0 0 0 0 0 22 0 0 0 0 0 2 20 6 0 0 0 0 22 0 0 0 0 0 0 0 0 0 0 0 0 0 
0 0 0 15 0 0 22 0 0 20 0 0 0 0 0 0 5 4 0 11 0 0 6 0 0 0 19 0 0 26 0 0 0 0 0 0 20 0 0 0 19 0 0 0 0 27 0 20 0 20 0 0 0 0 0 20 21 22 0 0 17 0 0 0 0 24 0 0 1 0 
13 0 0 21 0 0 0 0 0 0 0 0 0 26 0 0 0 11 0 0 4 0 8 0 0 0 0 0 0 10 0 0 0 0 0 9 0 0 21 0 15 0 0 21 0 19 0 0 0 0 0 0 0 0 0 0 0 0 22 0 26 0 26 0 1 0 0 0 0 0 
6 0 0 5 0 0 0 0 1 29 0 0 0 1 0 0 0 0 0 0 0 0 24 5 0 24 0 0 0 0 0 0 0 0 0 0 4 0 0 0 0 0 0 0 0 0 0 0 0 0 0 29 4 22 0 28 0 0 17 12 0 0 0 0 0 0 0 0 0 0 
0 0 2 0 23 0 0 0 20 0 29 0 0 13 0 0 0 0 0 0 0 0 14 0 14 0 0 0 0 0 0 5 1 0 0 0 23 0 0 0 0 0 0 0 0 0 0 0 0 0 0 0 0 0 0 0 0 0 0 0 0 0 0 0 0 0 0 17 0 2 
29 12 0 0 0 0 0 0 0 0 0 9 0 0 11 0 0 23 16 0 0 14 0 0 4 0 11 0 0 0 0 0 0 0 0 0 0 0 0 0 21 0 17 0 0 20 0 7 0 0 0 0 0 0 0 0 0 0 0 0 5 0 0 0 0 0 12 0 0 0 
7 1 0 0 0 0 3 0 0 0 0 0 0 0 0 0 0 1 0 0 0 0 0 8 0 0 17 0 0 0 0 0 0 0 0 0 19 0 0 0 0 26 0 2 0 0 0 26 0 0 0 0 0 0 26 13 0 0 0 0 0 0 0 0 0 0 0 22 0 0 
0 18 0 0 0 14 0 4 0 0 0 10 17 0 0 0 0 0 0 0 0 0 0 8 0 9 0 0 0 0 0 18 0 0 0 0 0 0 0 0 0 0 0 0 0 0 19 0 0 26 0 0 13 0 0 0 0 0 0 0 0 0 0 15 17 0 24 0 0 0 
0 0 0 0 0 0 5 0 0 0 0 0 9 15 0 0 0 0 0 20 0 19 0 0 9 0 0 20 0 0 0 0 0 4 24 15 8 9 0 0 0 0 0 0 0 0 0 0 0 0 0 0 0 0 0 0 0 0 0 0 29 0 0 0 0 0 27 0 21 0 
0 0 0 0 27 0 0 0 0 14 0 0 0 0 0 0 0 0 0 0 6 0 0 0 0 0 2 0 0 17 0 0 0 7 0 0 0 0 0 0 0 0 0 0 0 0 0 0 0 23 12 0 0 0 15 10 0 0 4 0 0 0 0 0 0 11 0 0 19 0 
0 0 0 0 0 0 0 22 0 0 25 0 0 28 0 0 4 0 0 0 0 0 22 0 28 0 0 0 4 0 0 17 28 0 0 0 0 0 0 0 0 0 0 24 0 6 27 0 0 0 0 0 0 0 1 0 0 0 25 0 14 0 23 0 0 0 0 0 0 5 
0 0 0 0 0 0 0 0 0 0 0 0 4 0 0 0 0 0 0 12 0 0 0 0 0 0 14 0 0 0 6 0 0 0 0 29 0 0 0 0 0 24 0 0 0 0 0 0 0 0 15 0 0 0 0 20 0 0 0 10 0 0 0 0 0 0 0 0 0 0 
0 17 0 0 0 0 0 0 8 0 0 3 0 0 0 0 0 0 26 0 0 0 0 0 0 0 7 0 0 0 0 0 0 16 0 0 0 14 0 0 0 0 0 0 14 0 0 0 0 0 0 0 0 0 0 0 0 0 0 0 2 0 0 0 0 0 0 0 0 16 
0 16 28 0 0 5 0 0 0 0 13 0 0 0 0 8 0 0 25 0 19 0 0 0 0 0 0 0 0 0 0 0 0 0 12 0 0 0 0 0 0 0 0 7 27 0 0 0 0 0 0 0 0 0 15 0 0 0 0 14 0 0 0 0 27 0 0 25 0 0 
0 0 0 1 0 0 6 18 0 0 0 16 0 0 0 0 0 17 0 22 0 0 3 0 0 0 0 0 26 0 0 11 0 0 0 0 0 0 0 0 0 0 0 0 0 0 0 0 13 0 0 0 0 0 0 8 0 0 0 0 0 0 0 15 0 3 2 0 0 0 
0 0 0 0 0 0 0 0 0 0 0 0 0 0 19 0 0 0 0 0 0 10 27 11 18 14 0 0 0 0 0 0 0 0 0 0 0 0 0 22 0 0 0 0 0 0 0 28 0 0 0 0 0 0 9 17 19 0 0 0 0 4 0 0 0 0 0 0 0 0 
0 0 0 0 10 0 0 0 0 11 13 2 6 0 1 0 0 0 0 0 8 0 0 0 0 0 0 0 0 1 0 0 0 0 0 0 0 11 0 18 0 0 0 0 0 0 29 0 22 0 0 0 0 0 0 0 0 0 0 0 0 0 0 0 0 0 0 0 0 0 
