70

0 1 0 1 1 0 1 0 0 1 0 1 1 0 1 0 0 1 0 1 0 0 0 1 1 0 1 1 0 1 1 0 0 0 0 0 1 0 0 0 0 1 1 1 1 0 0 0 1 0 1 1 1 1 0 1 1 0 0 1 0 1 0 1 0 0 0 1 0 0 
1 0 0 0 0 1 1 1 0 1 0 1 0 1 0 1 1 0 0 0 1 0 1 0 0 1 0 1 1 0 1 1 0 1 1 0 0 0 0 1 0 1 0 1 0 1 0 1 1 1 0 0 1 1 0 0 0 1 1 1 1 0 0 0 0 0 1 0 1 0 
0 0 0 1 0 0 1 0 0 1 1 1 0 0 1 0 0 0 1 0 1 1 1 1 1 0 1 0 1 0 0 0 1 0 1 0 1 0 0 1 0 0 0 1 1 1 0 1 1 0 0 1 1 0 0 0 1 0 0 0 1 0 1 1 0 1 0 0 0 0 
1 0 1 0 1 1 1 0 0 0 1 0 1 0 0 0 0 1 1 1 1 0 0 0 1 0 1 0 1 1 0 0 1 1 0 0 1 1 1 0 0 1 1 1 1 1 0 0 0 1 0 0 0 0 0 0 1 1 1 0 1 0 1 0 0 0 0 0 0 1 
1 0 0 1 0 1 0 0 0 1 0 1 0 0 1 0 0 0 0 0 1 0 1 1 1 0 0 1 1 1 0 1 1 1 1 1 0 0 0 0 0 1 0 1 1 0 0 1 1 0 0 1 1 0 1 0 1 0 1 1 1 1 0 1 1 1 0 1 0 1 
0 1 0 1 1 0 1 0 0 0 1 1 1 0 1 0 1 1 0 1 0 1 0 0 0 0 1 1 1 0 0 0 1 1 0 0 1 0 1 0 0 1 1 1 0 0 0 0 0 0 1 1 1 1 1 1 1 1 0 0 0 1 1 0 1 0 1 1 0 0 
1 1 1 1 0 1 0 1 1 0 1 0 0 0 1 0 1 1 0 0 0 0 0 1 0 0 1 0 0 1 0 0 0 1 0 1 1 0 0 1 0 0 1 1 1 0 0 0 1 0 1 0 0 0 0 0 1 0 1 1 0 1 0 0 1 1 1 0 0 0 
0 1 0 0 0 0 1 0 1 1 1 1 1 0 0 0 0 0 0 0 1 0 1 0 0 1 1 0 1 0 1 1 0 0 1 1 1 0 1 1 0 0 1 1 0 0 1 0 1 1 0 0 0 1 1 1 0 1 0 0 0 1 0 0 0 0 0 0 0 0 
0 0 0 0 0 0 1 1 0 0 0 1 0 1 0 0 0 0 1 0 1 1 1 0 1 1 0 0 1 1 1 0 1 0 1 0 0 0 0 1 1 0 1 1 1 0 0 0 1 0 1 0 0 0 0 0 1 0 1 1 1 1 0 1 0 1 1 1 0 1 
1 1 1 0 1 0 0 1 0 0 1 1 0 1 1 0 0 1 1 1 0 1 0 0 1 0 0 1 1 0 1 1 1 0 0 0 0 0 1 1 1 1 1 1 0 1 1 1 1 1 0 1 0 1 0 0 1 1 1 1 0 1 0 0 1 1 0 0 0 1 
0 0 1 1 0 1 1 1 0 1 0 0 1 0 0 0 1 0 0 1 1 1 1 1 0 0 0 1 1 0 1 0 0 1 1 0 0 0 0 0 0 1 1 0 0 1 1 0 1 1 0 1 0 0 1 0 1 0 0 0 1 1 1 1 0 0 0 0 0 1 
1 1 1 0 1 1 0 1 1 1 0 0 1 1 0 0 1 0 1 0 0 0 1 1 0 1 1 1 0 0 0 1 0 1 1 0 1 0 1 0 0 1 0 0 1 1 1 0 0 0 0 0 0 0 0 0 1 1 1 1 0 1 1 1 1 0 1 1 1 1 
1 0 0 1 0 1 0 1 0 0 1 1 0 0 1 1 1 0 0 1 1 1 0 1 0 0 1 1 0 1 1 0 1 0 1 1 0 0 0 0 1 1 0 1 0 1 1 0 1 1 0 0 0 1 1 1 1 0 1 0 0 0 0 1 1 1 0 1 1 0 
0 1 0 0 0 0 0 0 1 1 0 1 0 0 0 1 0 1 0 1 0 1 1 0 0 1 1 1 0 1 1 1 1 0 0 0 0 0 1 1 0 1 1 0 0 1 0 0 0 1 1 0 1 0 0 0 1 1 0 0 1 0 1 0 1 0 0 1 0 0 
1 0 1 0 1 1 1 0 0 1 0 0 1 0 0 0 1 0 1 1 0 1 0 0 1 1 1 1 1 1 1 0 1 0 0 1 1 0 0 0 0 1 1 1 1 1 1 0 1 0 0 0 0 1 0 0 1 1 1 1 0 1 0 0 1 1 0 0 0 1 
0 1 0 0 0 0 0 0 0 0 0 0 1 1 0 0 1 1 0 1 0 0 1 0 1 1 0 1 1 1 1 1 1 0 1 0 1 1 1 0 1 1 0 0 0 0 1 0 1 1 0 1 1 0 0 1 0 1 0 0 1 1 1 0 0 0 0 0 1 1 
0 1 0 0 0 1 1 0 0 0 1 1 1 0 1 1 0 1 1 1 1 1 1 0 0 0 0 0 0 1 1 1 0 0 1 0 1 1 1 0 0 1 0 0 1 1 0 1 0 0 0 0 0 1 1 0 1 0 1 1 1 0 1 0 0 1 0 0 0 1 
1 0 0 1 0 1 1 0 0 1 0 0 0 1 0 1 1 0 0 0 0 0 0 1 0 1 1 1 1 0 1 1 1 0 1 1 0 0 1 1 0 1 0 1 0 0 1 1 0 1 0 1 1 1 1 0 1 1 0 0 0 0 1 0 0 0 1 1 1 0 
0 0 1 1 0 0 0 0 1 1 0 1 0 0 1 0 1 0 0 1 1 1 1 1 0 1 1 0 0 0 1 1 0 0 1 1 0 1 0 0 0 0 0 1 1 0 1 1 1 0 1 1 1 0 1 1 0 0 0 0 0 0 0 1 0 0 1 0 0 1 
1 0 0 1 0 1 0 0 0 1 1 0 1 1 1 1 1 0 1 0 1 1 0 1 0 1 0 0 0 1 1 1 1 0 0 0 1 1 1 0 1 0 1 0 0 1 0 1 0 1 1 0 1 1 1 1 1 0 0 0 1 0 0 0 0 0 1 0 0 1 
0 1 1 1 1 0 0 1 1 0 1 0 1 0 0 0 1 0 1 1 0 0 1 1 1 1 1 1 1 1 0 1 0 1 0 0 1 0 0 1 1 0 1 0 1 0 0 1 1 0 1 0 1 1 0 0 0 1 1 0 0 0 0 1 1 1 0 1 0 0 
0 0 1 0 0 1 0 0 1 1 1 0 1 1 1 0 1 0 1 1 0 0 0 0 0 1 1 1 0 0 1 1 1 1 0 1 0 1 0 0 0 1 0 0 1 1 1 1 0 0 0 1 1 0 0 1 0 1 0 0 1 1 1 1 0 1 1 1 0 1 
0 1 1 0 1 0 0 1 1 0 1 1 0 1 0 1 1 0 1 0 1 0 0 0 1 0 0 0 0 0 0 1 1 1 0 1 1 1 0 1 1 0 0 0 1 1 1 0 0 1 0 1 1 1 0 1 0 0 0 1 1 0 1 0 0 0 0 0 0 1 
1 0 1 0 1 0 1 0 0 0 1 1 1 0 0 0 0 1 1 1 1 0 0 0 0 0 1 0 1 1 0 1 0 0 1 1 0 0 0 1 1 0 1 0 0 1 1 0 1 1 0 1 1 1 0 0 0 0 1 0 0 0 1 1 0 0 0 1 1 0 
1 0 1 1 1 0 0 0 1 1 0 0 0 0 1 1 0 0 0 0 1 0 1 0 0 1 1 0 0 1 1 1 0 0 1 0 1 0 0 0 0 1 1 1 1 1 1 1 0 1 1 0 0 0 1 0 0 1 1 1 1 1 1 0 0 0 0 1 1 1 
0 1 0 0 0 0 0 1 1 0 0 1 0 1 1 1 0 1 1 1 1 1 0 0 1 0 0 1 0 0 1 1 0 0 1 1 0 1 1 1 0 0 1 1 0 1 0 1 0 0 0 1 0 1 1 0 1 1 1 0 1 0 1 1 1 0 0 0 1 0 
1 0 1 1 0 1 1 1 0 0 0 1 1 1 1 0 0 1 1 0 1 1 0 1 1 0 0 1 1 1 0 1 0 1 0 0 1 0 1 0 1 1 0 1 0 0 0 0 0 1 1 1 1 1 1 0 0 1 0 0 0 0 1 1 1 0 0 1 0 0 
1 1 0 0 1 1 0 0 0 1 1 1 1 1 1 1 0 1 0 0 1 1 0 0 0 1 1 0 0 0 1 1 1 1 0 0 0 0 1 0 0 1 0 0 1 0 0 0 0 0 0 1 0 0 1 1 1 1 0 1 1 1 1 1 1 1 1 1 1 0 
0 1 1 1 1 1 0 1 1 1 1 0 0 0 1 1 0 1 0 0 1 0 0 1 0 0 1 0 0 0 1 1 0 1 0 1 1 0 1 0 1 0 0 0 0 1 0 0 1 1 1 0 0 0 0 0 0 0 1 0 0 0 1 1 0 1 0 1 0 0 
1 0 0 1 1 0 1 0 1 0 0 0 1 1 1 1 1 0 0 1 1 0 0 1 1 0 1 0 0 0 0 1 0 0 0 0 1 0 1 0 0 0 1 0 0 1 0 0 1 1 1 1 0 0 1 1 1 0 1 1 1 0 1 0 1 1 1 0 1 1 
1 1 0 0 0 0 0 1 1 1 1 0 1 1 1 1 1 1 1 1 0 1 0 0 1 1 0 1 1 0 0 1 1 1 1 0 1 0 0 0 1 0 1 0 0 1 0 1 1 1 1 1 1 0 1 1 1 1 0 1 0 0 0 1 1 0 0 0 1 1 
0 1 0 0 1 0 0 1 0 1 0 1 0 1 0 1 1 1 1 1 1 1 1 1 1 1 1 1 1 1 1 0 0 1 1 1 1 1 1 0 0 0 1 0 1 0 0 0 0 0 1 0 1 1 1 1 1 1 0 0 1 0 1 0 0 1 1 0 1 0 
0 0 1 1 1 1 0 0 1 1 0 0 1 1 1 1 0 1 0 1 0 1 1 0 0 0 0 1 0 0 1 0 0 0 1 0 1 1 1 0 1 0 1 1 0 1 0 0 1 0 1 1 0 1 1 0 1 1 1 0 1 1 1 1 1 0 0 0 0 1 
0 1 0 1 1 1 1 0 0 0 1 1 0 0 0 0 0 0 0 0 1 1 1 0 0 0 1 1 1 0 1 1 0 0 1 0 0 1 1 0 0 0 1 1 0 0 0 1 0 0 1 0 0 0 1 0 1 1 1 1 0 1 0 1 1 0 0 1 1 0 
0 1 1 0 1 0 0 1 1 0 1 1 1 0 0 1 1 1 1 0 0 0 0 1 1 1 0 0 0 0 1 1 1 1 0 0 1 0 0 0 0 1 0 0 1 1 1 1 0 1 0 0 0 1 0 1 0 1 0 0 0 0 0 1 1 0 1 1 1 0 
0 0 0 0 1 0 1 1 0 0 0 0 1 0 1 0 0 1 1 0 0 1 1 1 0 1 0 0 1 0 0 1 0 0 0 0 0 1 1 0 0 1 1 0 0 1 1 1 1 1 1 1 0 0 0 1 0 0 0 0 0 1 0 0 1 1 0 1 1 1 
1 0 1 1 0 1 1 1 0 0 0 1 0 0 1 1 1 0 0 1 1 0 1 0 1 0 1 0 1 1 1 1 1 0 1 0 0 1 0 0 1 0 0 0 0 1 1 1 1 1 1 1 0 0 1 0 0 0 0 1 1 1 0 1 0 1 1 1 0 0 
0 0 0 1 0 0 0 0 0 0 0 0 0 0 0 1 1 0 1 1 0 1 1 0 0 1 0 0 0 0 0 1 1 1 0 1 1 0 1 1 1 1 0 0 0 0 0 1 1 1 0 1 1 1 1 0 1 0 1 1 0 1 0 1 0 1 0 0 1 1 
0 0 0 1 0 1 0 1 0 1 0 1 0 1 0 1 1 1 0 1 0 0 0 0 0 1 1 1 1 1 0 1 1 1 0 1 0 1 0 0 0 0 0 1 1 1 0 0 0 1 0 0 1 0 0 0 0 0 1 0 1 1 1 0 1 1 0 1 0 1 
0 1 1 0 0 0 1 1 1 1 0 0 0 1 0 0 0 1 0 0 1 0 1 1 0 1 0 0 0 0 0 0 0 0 0 0 0 1 0 0 1 1 0 0 0 1 0 1 1 1 1 1 0 0 0 0 0 1 1 1 1 1 1 0 1 1 0 0 0 1 
0 0 0 0 0 0 0 0 1 1 0 0 1 0 0 1 0 0 0 1 1 0 1 1 0 0 1 0 1 0 1 0 1 0 0 0 1 1 0 1 0 1 1 0 0 1 0 0 1 0 0 1 1 1 1 1 0 1 0 1 1 1 0 1 0 0 0 0 1 0 
1 1 0 1 1 1 0 0 0 1 1 1 1 1 1 1 1 1 0 0 0 1 0 0 1 0 1 1 0 0 0 0 0 0 1 1 0 1 0 1 1 0 0 0 0 0 0 0 0 1 0 1 0 0 0 0 0 0 0 0 1 1 0 0 0 0 1 1 0 0 
1 0 0 1 0 1 1 1 1 1 1 0 0 1 1 0 0 0 0 1 1 0 0 1 1 1 0 0 0 1 1 1 1 1 0 1 0 0 0 0 1 0 0 0 1 0 1 1 0 0 0 0 0 0 0 0 0 0 1 0 0 1 1 0 1 1 1 0 0 0 
1 1 1 1 1 1 1 1 1 1 0 0 1 0 1 0 0 1 1 0 0 0 0 0 1 1 1 0 0 0 0 0 1 1 0 0 0 0 1 0 0 0 0 0 0 0 1 0 1 0 1 1 1 0 0 0 0 0 0 1 0 1 0 0 1 0 0 1 1 1 
1 0 1 1 1 0 1 0 1 0 0 1 0 0 1 0 1 0 1 0 1 1 1 0 1 0 0 1 0 0 0 1 0 0 1 0 0 0 1 0 0 0 1 0 0 0 0 0 1 1 1 1 0 0 0 0 0 0 0 1 1 0 1 0 1 1 0 1 1 0 
0 1 1 1 0 0 0 0 0 1 1 1 1 1 1 0 1 0 0 1 0 1 1 1 1 1 0 0 1 1 1 0 1 0 1 1 1 0 1 1 1 0 0 0 0 0 1 1 0 0 0 1 1 1 1 1 0 0 0 1 0 0 0 1 0 0 0 1 0 0 
0 0 0 0 0 0 0 1 0 1 1 1 1 0 1 1 0 1 1 0 0 1 1 1 1 0 0 0 0 0 0 0 0 0 1 1 1 0 0 0 0 0 1 1 0 1 0 0 0 0 1 1 1 0 1 1 0 1 0 0 0 1 1 0 0 1 1 1 1 0 
0 1 1 0 1 0 0 0 0 1 0 0 0 0 0 0 1 1 1 1 1 1 0 0 1 1 0 0 0 0 1 0 0 1 1 1 1 1 0 1 0 0 1 0 0 1 0 0 0 1 0 1 1 1 0 0 1 1 0 0 0 1 1 1 0 0 0 1 0 0 
1 1 1 0 1 0 1 1 1 1 1 0 1 0 1 1 0 0 1 0 1 0 0 1 0 0 0 0 1 1 1 0 1 0 0 1 1 1 0 1 1 0 0 1 1 0 0 0 0 0 0 0 1 0 1 0 0 0 0 0 1 0 1 0 1 0 1 1 0 1 
0 1 0 1 0 0 0 1 0 1 1 0 1 1 0 1 0 1 0 1 0 0 1 1 1 0 1 0 1 1 1 0 0 0 1 1 1 1 1 1 0 1 0 0 1 0 0 1 0 0 0 0 1 1 1 1 1 1 0 0 0 0 1 0 1 0 1 1 1 1 
1 0 0 0 0 1 1 0 1 0 0 0 0 1 0 0 0 0 1 1 1 0 0 0 1 0 1 0 1 1 1 1 1 1 0 1 1 0 0 1 0 0 0 1 1 0 1 0 0 0 0 0 0 0 1 1 0 1 0 1 0 1 0 1 1 0 1 0 0 0 
1 0 1 0 1 1 0 0 0 1 1 0 0 0 0 1 0 1 1 0 0 1 1 1 0 1 1 1 0 1 1 0 1 0 0 1 1 1 0 1 1 1 0 1 1 1 1 1 0 0 0 0 1 0 1 1 1 1 0 1 1 0 0 0 0 1 1 0 1 1 
1 1 1 0 1 1 0 0 0 0 0 0 0 1 0 1 0 1 1 1 1 1 1 1 0 0 1 0 0 0 1 1 0 0 0 0 0 1 1 0 1 0 0 1 0 1 1 1 1 1 0 1 0 1 0 1 0 1 0 1 1 1 0 1 0 0 0 1 1 1 
1 1 0 0 0 1 0 1 0 1 0 0 1 0 1 0 1 1 0 1 1 0 1 1 0 1 1 0 0 0 0 1 1 0 1 0 0 1 0 0 1 0 0 0 0 1 0 1 0 1 0 0 1 0 1 1 0 0 0 1 0 0 0 1 1 0 0 0 0 0 
0 0 0 0 1 1 0 1 0 0 1 0 1 0 0 0 1 1 1 1 0 0 0 0 1 1 1 1 0 1 1 1 1 1 0 0 1 1 0 0 1 0 0 0 0 1 1 0 1 1 1 1 0 1 0 1 1 0 0 0 1 0 0 0 1 1 0 0 1 0 
1 0 0 0 0 1 0 1 0 0 0 0 1 0 0 1 0 0 1 1 0 1 1 0 0 0 0 1 0 1 1 1 0 0 1 1 0 0 0 0 1 0 0 0 0 1 1 0 0 1 1 1 1 1 1 0 1 0 0 1 0 0 0 1 0 0 1 1 0 0 
1 0 1 1 1 1 1 0 1 1 1 1 1 1 1 0 1 1 0 1 0 0 0 0 0 1 0 1 0 1 1 1 1 1 0 0 0 1 0 0 0 0 0 0 0 0 0 1 0 1 0 1 0 0 1 1 0 0 1 0 0 1 1 0 1 1 0 1 1 0 
0 1 0 1 0 1 0 1 0 1 0 1 0 1 1 1 0 1 0 0 1 1 0 0 1 1 1 1 0 0 1 1 1 1 1 0 0 0 0 1 1 0 0 0 0 0 1 1 0 1 1 1 1 0 0 0 0 0 0 1 1 1 1 0 1 0 1 1 1 1 
0 1 0 1 1 0 1 0 1 1 0 1 1 0 1 0 1 0 0 0 1 0 0 1 1 1 0 0 1 1 0 0 1 1 0 0 0 1 1 1 0 0 1 0 0 0 0 0 0 0 0 0 0 0 0 0 1 0 0 0 1 0 0 1 1 0 1 1 0 1 
1 1 0 0 1 0 1 0 1 1 0 1 0 0 1 0 1 0 0 0 0 0 1 0 1 0 0 1 0 1 1 0 0 1 0 0 1 1 0 1 1 0 0 1 1 1 0 0 0 0 1 1 1 1 0 1 0 1 0 0 0 0 0 0 1 1 0 0 1 1 
0 1 1 1 1 0 0 0 1 0 1 0 0 1 0 1 1 0 0 1 0 1 1 0 1 1 0 1 0 1 0 1 1 0 0 0 1 0 1 1 1 1 0 0 1 0 0 0 1 0 0 1 1 0 1 0 0 1 1 0 0 0 0 1 0 1 0 0 1 1 
1 0 0 0 1 1 1 1 1 1 1 1 0 0 1 1 0 0 0 0 0 1 0 0 1 0 0 1 0 0 0 0 1 1 0 1 1 1 1 1 1 1 1 1 0 0 1 1 0 0 1 0 1 0 0 0 1 1 0 0 0 0 0 0 1 1 1 0 1 1 
0 0 1 1 0 1 0 0 0 0 1 1 0 1 0 1 1 1 0 0 0 1 1 1 1 1 1 1 1 1 0 1 1 0 0 0 0 0 1 1 0 0 1 0 1 0 1 1 1 1 0 0 0 0 0 0 1 1 0 0 0 0 0 0 0 1 0 0 0 0 
1 0 1 0 1 0 0 0 1 0 1 1 1 0 0 0 0 0 1 0 1 1 0 1 0 1 1 1 1 0 1 0 1 1 1 0 1 1 0 0 1 0 0 0 0 1 0 1 0 0 1 0 1 1 0 1 0 0 1 0 1 0 0 0 0 1 1 1 0 0 
0 0 0 0 1 1 1 0 0 1 0 1 1 1 1 0 0 0 0 0 1 0 0 0 0 1 1 1 0 1 1 0 1 1 1 1 0 0 1 1 0 0 1 1 1 0 0 0 1 1 1 0 0 1 1 0 1 1 1 1 0 1 0 0 0 1 0 1 0 0 
0 0 1 0 1 0 1 0 1 1 0 0 1 0 1 0 1 0 0 0 1 1 0 0 0 0 0 1 1 1 0 1 0 0 0 1 1 1 1 1 0 0 1 0 1 0 1 0 0 0 0 1 0 0 1 0 1 0 0 1 1 1 1 1 1 0 0 0 1 0 
0 1 0 0 0 1 1 0 1 0 0 1 0 0 0 0 0 1 1 1 0 1 0 0 0 0 0 1 0 1 0 1 0 0 1 0 1 0 0 0 0 1 1 0 0 0 1 0 1 1 1 1 0 0 0 1 0 1 1 0 0 1 0 1 0 0 0 0 0 0 
1 0 0 0 1 1 0 0 1 0 0 1 1 1 0 0 0 1 0 0 1 1 0 1 1 0 1 1 1 0 0 0 0 1 1 1 1 0 1 0 0 1 0 1 1 1 1 1 1 1 0 0 1 0 0 1 1 1 1 0 0 0 0 1 1 0 0 0 1 0 
0 1 0 0 0 0 0 0 0 0 0 1 1 0 0 1 0 1 0 0 0 0 0 1 1 1 0 1 0 1 1 1 0 1 1 1 0 1 0 0 1 0 0 1 1 0 1 0 0 1 0 1 1 0 1 0 1 1 0 1 1 1 0 0 0 1 0 1 0 1 
0 0 0 1 1 0 0 0 1 1 1 1 0 0 1 1 1 0 1 1 0 1 1 0 1 0 0 0 0 1 1 0 1 0 0 1 0 1 1 1 0 0 0 1 0 0 0 0 1 1 0 1 1 0 0 0 0 1 1 1 1 1 0 0 0 0 0 0 1 0 

0 0 1 0 0 0 0 0 0 0 0 0 0 0 0 0 0 0 2 14 4 11 0 0 0 0 0 8 5 0 0 0 1 0 0 0 2 0 0 12 0 0 0 0 0 0 20 0 0 0 0 13 0 0 0 0 0 0 10 0 0 0 0 0 0 0 5 0 0 0 
0 0 12 0 0 0 0 0 0 0 0 0 8 0 0 8 0 0 0 0 0 0 1 0 1 15 0 0 5 9 3 0 0 0 0 9 10 0 0 0 0 0 0 0 0 0 0 0 20 14 0 0 0 0 20 0 7 18 0 0 15 0 0 0 0 10 0 0 0 0 
0 0 0 0 0 0 2 0 0 0 0 0 13 0 6 0 0 0 6 0 0 0 0 0 0 0 19 0 0 0 0 0 0 0 0 0 0 0 18 0 0 8 0 0 16 6 0 0 0 9 7 0 3 0 0 0 0 11 0 0 0 0 20 0 0 0 7 0 0 0 
0 0 0 0 0 0 0 0 0 0 0 17 0 0 0 0 0 0 0 0 0 0 0 0 0 5 0 0 16 0 0 0 0 0 0 0 0 0 0 19 0 0 9 0 19 8 1 0 0 0 5 11 5 0 0 7 0 0 0 0 0 0 0 0 0 0 0 0 20 0 
0 15 0 0 0 0 0 8 0 0 0 0 0 6 0 0 0 9 6 13 0 0 0 0 0 0 0 0 0 0 0 0 18 0 0 18 0 0 0 0 0 0 2 0 0 0 0 0 0 0 0 0 5 0 0 0 1 0 0 6 0 0 0 0 0 0 0 0 0 0 
0 0 0 0 0 0 0 7 0 0 0 2 19 0 19 4 13 2 0 0 0 0 0 12 0 0 0 0 0 0 0 18 0 0 0 0 0 0 0 10 0 0 0 0 0 0 0 0 0 16 0 0 0 0 0 0 0 0 0 0 0 0 0 0 0 0 0 20 0 0 
0 10 0 3 0 0 0 0 0 0 0 19 0 0 11 0 0 0 0 0 4 0 0 0 0 0 0 13 0 0 1 0 0 0 0 0 0 0 0 0 0 0 0 0 0 7 0 0 0 18 0 0 0 0 0 0 0 17 0 19 0 0 0 1 20 0 0 8 0 0 
0 0 13 0 0 0 6 0 13 0 0 0 2 0 0 0 0 0 0 18 0 0 0 0 0 8 0 2 0 0 0 10 0 0 0 0 0 0 0 0 0 0 0 0 12 0 20 0 0 0 0 0 0 0 0 0 0 0 0 0 0 15 0 0 0 5 0 0 0 0 
11 0 0 6 0 0 0 0 0 0 0 0 0 0 0 20 0 0 0 0 0 0 5 0 0 0 0 0 0 0 1 0 0 13 0 0 0 0 4 0 0 0 0 0 0 0 11 0 0 0 0 0 0 0 0 0 0 0 1 5 0 0 0 12 0 0 0 7 0 0 
0 0 0 0 0 0 0 0 10 0 0 0 0 0 0 0 0 0 20 0 0 0 17 0 2 0 9 0 0 0 0 0 0 0 0 3 0 14 0 0 0 0 0 0 0 0 0 0 0 0 0 0 8 0 0 0 0 0 0 0 0 0 0 16 0 0 0 0 7 0 
0 0 2 0 0 0 0 0 10 6 0 0 0 0 0 0 0 0 0 0 0 0 3 0 18 0 0 0 0 18 0 0 18 0 0 9 7 0 0 0 0 0 0 0 0 0 0 16 8 0 0 9 0 0 0 0 0 0 0 0 0 17 0 0 0 0 0 0 19 0 
0 0 12 0 0 0 0 12 0 0 0 0 0 0 0 0 0 0 0 7 0 9 0 0 0 3 0 0 0 5 0 9 0 0 0 0 0 0 0 0 0 0 0 0 0 0 15 12 0 15 0 0 0 0 0 0 15 0 0 0 0 0 16 0 0 0 0 0 0 0 
11 10 0 0 0 0 0 0 0 0 13 0 0 0 0 0 0 0 0 0 13 0 0 0 0 0 0 0 0 0 9 0 0 0 7 3 0 15 0 0 0 0 0 10 0 0 9 0 0 0 0 0 0 0 0 0 0 0 0 10 0 1 13 0 0 4 3 0 0 0 
0 12 0 0 0 0 0 0 0 0 0 0 0 0 14 3 0 0 0 0 0 0 0 0 3 0 0 0 0 0 0 0 0 0 0 8 0 0 0 0 0 0 0 0 0 1 0 0 0 0 0 0 6 0 0 3 0 5 0 1 14 17 0 0 11 0 0 0 0 0 
0 0 0 14 0 0 0 0 0 0 15 0 15 0 0 12 0 0 6 0 0 0 0 8 0 0 7 0 0 0 0 0 15 0 0 0 0 0 0 0 0 0 0 0 5 15 0 0 5 18 0 0 0 0 0 2 0 0 0 0 0 0 10 0 0 0 0 0 0 0 
18 0 0 0 0 0 10 0 0 0 0 0 0 0 18 0 0 0 0 0 0 8 0 3 0 0 4 0 0 0 0 4 0 0 0 0 0 0 2 0 0 0 0 10 0 3 0 0 0 0 0 9 12 0 0 0 0 0 0 0 0 7 0 19 0 0 14 0 0 0 
0 0 0 5 16 0 20 0 17 0 0 0 0 0 0 0 0 0 0 2 0 0 0 0 0 0 0 0 0 0 0 0 0 0 6 0 0 0 0 0 0 0 0 0 0 0 0 0 0 0 17 0 0 0 2 9 0 0 0 2 0 0 0 4 0 0 0 0 0 0 
0 14 0 0 0 18 0 0 0 0 0 14 0 0 0 11 0 0 0 0 0 0 0 0 0 20 0 0 0 0 0 0 0 6 0 13 5 0 0 0 5 0 8 0 0 0 0 14 0 0 0 0 5 2 4 0 2 0 0 0 0 0 0 0 0 0 0 0 0 0 
0 0 0 0 0 0 0 0 0 0 0 0 18 0 8 0 0 0 0 0 0 0 11 0 0 0 0 0 0 7 0 0 0 0 0 0 0 0 0 0 0 0 14 0 0 0 15 0 0 0 0 0 0 10 0 0 13 0 0 0 0 19 0 0 20 0 0 0 0 0 
13 0 0 0 0 0 0 1 0 0 0 0 0 0 0 0 0 0 18 0 0 0 0 0 0 0 0 0 0 0 0 0 0 2 0 0 0 7 0 0 0 0 19 0 0 0 0 0 0 0 19 0 0 0 0 0 0 0 0 5 0 0 0 0 0 0 0 7 4 0 
0 3 0 9 0 0 0 0 0 20 0 0 0 15 0 0 9 0 19 0 0 0 0 0 0 0 0 0 0 16 0 13 6 0 20 0 2 4 0 0 0 0 0 0 0 0 13 0 0 17 0 0 0 12 0 3 0 0 7 0 0 0 0 0 0 0 0 0 0 8 
18 2 0 0 0 13 3 0 0 0 16 0 0 0 0 15 0 0 0 0 0 0 0 0 0 16 0 0 7 14 2 0 16 0 0 0 0 10 0 0 0 0 0 0 0 0 11 11 0 0 0 16 0 0 0 0 0 0 0 4 11 0 0 0 0 0 0 0 0 0 
0 0 0 0 0 11 0 17 0 0 0 2 17 0 0 0 0 0 0 0 0 0 0 0 6 7 20 0 0 0 5 14 0 0 0 0 0 0 4 0 0 0 0 0 17 0 0 0 0 0 11 0 0 5 11 0 0 0 0 0 0 0 0 0 0 0 0 0 12 0 
0 0 20 0 0 0 0 0 0 0 0 11 0 15 0 0 0 4 0 6 3 15 0 0 0 0 12 0 0 0 0 0 0 15 0 0 0 18 0 4 0 0 0 0 0 0 0 0 0 0 0 0 0 0 1 0 0 0 0 11 0 13 17 11 0 18 6 0 0 7 
0 0 0 2 0 0 9 0 0 0 0 0 0 0 0 12 0 0 0 0 0 0 0 0 0 0 0 0 3 0 0 18 0 0 19 0 0 4 10 0 0 0 1 0 0 0 4 0 12 10 1 0 0 0 0 0 0 0 0 0 0 2 0 1 0 0 10 0 0 0 
0 0 0 0 14 0 0 0 0 0 0 0 0 9 0 0 2 0 1 1 0 0 0 0 0 0 0 0 0 8 0 0 0 0 0 0 0 0 0 3 0 0 0 0 0 0 12 0 0 0 0 0 0 0 0 0 0 0 0 0 0 0 0 0 0 0 0 13 0 0 
12 0 5 0 0 0 2 0 0 0 0 0 0 0 6 19 0 0 0 14 0 0 5 0 12 7 0 0 0 0 0 0 0 0 0 0 0 1 0 2 0 0 0 0 19 7 0 0 0 0 0 0 0 0 0 0 0 0 0 0 20 0 0 11 0 0 0 0 1 0 
14 0 0 0 0 0 0 12 0 11 0 0 0 0 0 3 0 0 0 0 0 0 0 0 0 0 0 0 0 0 0 0 0 0 0 0 0 0 0 0 0 0 0 0 0 0 0 0 0 7 0 0 4 0 3 0 0 19 0 0 0 0 0 0 0 0 16 0 20 0 
0 0 0 0 0 0 19 0 10 0 0 0 4 12 5 3 0 10 0 7 0 0 1 0 0 0 0 18 0 0 0 1 0 5 0 0 2 2 0 18 20 0 0 1 0 0 17 0 0 12 12 0 0 0 10 0 12 0 0 8 0 0 18 1 0 9 0 0 0 0 
0 9 0 0 0 17 0 11 0 0 9 0 0 0 0 0 0 0 0 0 10 0 3 5 0 0 0 0 0 0 0 0 0 0 1 0 0 0 0 0 0 11 4 0 0 10 0 0 0 0 0 15 0 0 14 0 0 0 0 0 17 0 0 0 0 0 0 0 0 7 
0 0 0 0 0 0 0 0 14 0 1 0 0 0 0 0 0 4 0 0 0 7 0 0 0 0 14 16 0 0 0 0 0 0 0 2 0 0 12 2 1 0 0 0 13 5 0 0 0 4 12 0 0 9 0 0 0 0 0 17 0 0 0 17 0 0 7 0 11 0 
16 0 5 0 0 0 0 0 0 0 0 0 0 2 0 0 0 0 0 0 0 5 0 0 0 0 0 0 0 0 0 0 0 16 0 0 0 0 0 16 0 0 0 0 0 0 0 0 2 15 0 0 0 6 20 0 0 0 0 0 0 0 19 0 0 0 0 8 0 16 
0 0 0 6 0 0 0 0 0 0 0 7 0 0 9 0 0 0 10 0 0 0 0 0 0 0 0 0 0 2 0 17 0 0 3 0 0 8 0 0 0 0 2 0 0 0 0 5 0 0 0 0 0 0 0 0 20 0 0 10 0 0 3 0 0 0 0 0 0 0 
0 0 0 0 0 0 0 0 0 0 0 0 3 19 0 0 0 0 19 0 0 0 0 0 0 19 0 0 13 0 0 20 0 0 0 0 0 12 19 0 0 0 0 0 0 1 0 0 0 0 0 0 0 0 0 0 0 0 13 8 0 0 0 0 0 14 0 0 5 0 
6 19 5 1 17 0 0 0 0 0 0 0 12 0 0 0 0 0 0 0 0 0 0 0 0 0 12 0 0 0 0 0 1 0 0 3 15 4 0 0 0 12 0 0 0 0 0 0 0 0 0 6 0 0 17 0 0 0 0 0 0 0 2 0 0 0 0 7 0 0 
18 0 0 17 0 0 0 15 0 0 0 0 0 0 0 0 12 0 0 0 11 19 0 0 0 0 0 0 0 0 0 6 3 0 0 0 0 0 0 0 0 0 0 0 0 0 0 0 0 0 0 0 0 0 0 4 0 0 18 16 0 0 0 8 0 4 0 0 0 0 
0 0 14 0 0 0 0 0 0 0 0 0 0 0 0 1 0 0 19 2 6 5 0 0 3 0 0 0 0 19 0 11 0 16 0 0 0 0 0 0 0 14 0 0 0 0 0 0 3 0 0 0 0 8 0 0 19 0 0 0 0 0 0 0 0 0 0 0 0 0 
0 1 2 9 0 0 0 18 0 0 0 0 0 0 0 0 0 0 0 0 0 0 0 0 14 0 8 0 8 0 0 0 0 0 0 0 0 0 0 0 0 0 0 0 0 0 0 0 15 0 0 0 0 15 3 0 0 0 17 0 0 0 0 0 0 20 1 0 0 0 
0 2 11 0 0 0 17 0 0 10 0 0 0 0 0 0 17 0 0 0 0 9 0 0 9 4 11 0 0 18 3 0 0 19 0 0 0 0 0 0 2 0 0 0 0 0 6 0 0 0 18 0 0 0 4 0 10 17 0 0 0 0 0 0 0 0 4 0 0 0 
0 0 0 10 1 18 0 0 0 0 0 12 0 0 0 14 6 0 0 0 0 1 0 0 0 0 8 0 0 0 0 0 0 0 0 14 0 0 0 0 18 0 0 18 0 0 0 0 0 0 0 0 0 0 0 0 17 0 0 0 9 6 0 0 0 0 0 0 0 5 
0 0 0 0 0 0 0 0 0 0 0 0 6 0 0 0 0 2 0 0 0 0 0 1 0 10 0 8 0 0 0 0 2 5 0 0 0 20 0 0 0 0 0 0 0 0 8 13 0 0 0 0 0 0 0 0 0 0 0 0 0 0 0 0 0 0 0 14 0 0 
0 19 0 0 0 10 3 0 0 0 0 1 0 0 0 0 0 0 0 0 0 13 0 0 0 0 0 6 0 0 0 18 0 0 0 1 0 0 16 0 0 0 9 0 0 0 0 0 0 0 0 0 9 19 17 0 0 0 0 12 4 0 0 0 0 9 0 0 1 0 
4 20 0 15 0 0 0 8 0 0 0 18 0 0 0 0 1 0 0 0 0 0 19 0 0 0 0 0 0 9 0 0 0 0 0 0 0 0 0 4 9 0 0 0 9 10 0 0 0 8 0 0 0 0 0 0 0 0 0 11 0 0 0 11 0 5 0 0 0 15 
0 0 0 0 19 0 0 0 0 0 0 0 0 0 0 8 0 0 0 0 11 0 0 0 0 0 0 0 0 0 0 9 0 0 0 3 0 0 0 0 0 0 0 0 0 0 1 0 0 0 0 0 18 0 0 0 0 10 0 0 0 0 0 0 0 0 4 0 0 19 
0 0 0 0 0 0 0 0 0 0 0 0 0 0 0 6 0 0 0 0 17 0 0 0 0 0 0 0 0 0 0 0 0 0 0 0 0 0 3 0 0 0 0 0 0 0 0 0 6 0 0 0 10 0 0 0 0 6 0 0 0 0 0 0 0 0 0 0 19 0 
0 0 0 7 0 0 0 0 0 0 0 0 0 0 20 0 0 0 20 0 0 0 0 11 0 9 0 0 0 0 0 0 12 0 2 16 0 0 14 0 0 0 5 1 0 0 0 0 0 0 0 0 0 0 0 0 0 0 0 0 0 0 18 0 7 0 0 0 19 0 
0 1 0 0 0 0 0 0 0 0 0 0 0 0 0 1 0 0 1 0 14 0 0 6 0 0 0 0 0 0 0 0 9 0 0 0 15 0 0 0 0 0 0 0 0 0 0 0 6 1 0 0 0 0 0 0 0 1 0 0 0 0 4 0 0 0 0 0 0 0 
0 0 0 19 0 0 0 0 0 0 0 0 0 0 15 0 0 0 0 0 0 0 0 0 0 0 0 0 0 0 0 0 0 14 0 0 0 0 19 2 0 0 0 0 0 0 16 0 0 0 0 3 0 0 19 0 0 0 0 0 19 0 10 0 1 0 0 0 0 0 
0 11 0 0 0 0 10 0 0 0 0 0 17 10 8 0 1 0 2 0 0 7 0 0 6 0 2 0 0 0 0 0 0 1 0 0 0 4 0 9 0 0 0 0 0 0 0 0 0 0 0 0 0 0 0 0 0 0 0 19 0 0 0 0 6 4 0 0 0 0 
0 12 0 0 17 0 0 0 0 6 0 0 0 0 0 0 0 0 0 0 2 0 11 0 0 0 0 0 0 0 0 0 0 0 0 0 0 0 0 0 0 0 0 14 10 14 0 0 0 0 0 0 6 0 0 3 0 0 6 12 0 0 0 0 0 0 0 0 0 20 
16 0 0 0 0 0 0 15 0 0 0 0 0 0 0 0 4 16 0 0 1 2 0 0 0 0 0 0 0 0 0 0 0 0 0 0 0 0 19 0 11 0 0 0 0 0 0 0 10 3 0 0 0 0 0 0 0 0 0 0 0 0 0 0 0 0 0 6 0 0 
0 0 5 2 0 13 0 0 0 0 0 0 0 0 0 0 10 0 0 6 11 0 0 0 0 8 0 0 19 0 12 0 0 0 0 0 0 0 0 0 0 0 0 0 0 0 0 16 0 0 0 0 0 0 0 0 0 0 16 0 0 11 0 0 0 0 3 0 0 0 
0 0 0 0 0 0 13 0 0 0 10 0 2 0 0 13 0 7 0 0 0 0 0 6 0 0 0 9 0 6 0 0 14 0 0 6 0 17 14 0 0 0 0 0 0 0 0 0 0 0 0 0 0 11 0 0 0 0 0 0 0 0 0 0 0 0 0 0 0 0 
0 0 6 0 0 0 0 0 0 0 0 0 0 17 0 0 8 0 0 0 10 11 0 0 0 5 1 0 7 0 0 0 0 0 7 0 0 0 0 0 0 12 0 5 0 0 0 7 0 0 0 0 17 0 0 0 0 0 0 0 0 0 0 0 0 0 0 0 18 0 
0 0 0 0 0 0 0 0 0 0 0 0 0 17 0 0 2 0 0 0 0 0 0 0 0 0 0 0 0 0 0 0 12 0 0 13 0 16 0 0 0 0 0 0 8 0 0 0 0 0 4 4 14 0 0 0 0 0 0 0 8 0 0 0 0 0 0 0 0 0 
0 0 0 0 0 0 11 0 0 0 0 0 0 0 19 0 0 0 6 0 0 0 0 0 3 0 0 0 0 0 0 11 0 0 13 15 0 19 0 0 15 0 0 18 0 0 0 0 0 0 0 0 0 0 0 0 0 17 0 3 0 0 0 0 1 0 9 0 0 0 
0 0 0 0 0 0 7 0 0 0 0 0 0 0 0 0 0 5 1 0 0 0 0 0 0 0 1 0 0 0 0 19 0 0 0 0 0 12 0 12 0 0 0 0 0 10 0 0 0 0 0 0 6 0 0 0 0 0 0 0 19 17 0 0 0 0 0 0 0 1 
0 0 0 0 0 0 10 0 0 0 4 8 0 19 0 0 0 0 14 4 0 19 0 0 18 0 0 0 0 0 0 11 0 0 0 2 3 6 0 0 0 0 0 0 0 0 0 0 0 0 0 0 0 0 0 0 0 0 0 0 0 9 4 0 0 0 0 0 0 0 
0 0 1 0 0 0 16 14 0 15 0 0 0 0 0 0 0 0 0 18 0 0 0 4 0 0 0 0 0 0 0 0 0 0 0 0 0 0 0 0 0 0 0 12 19 0 0 0 0 0 0 0 0 20 0 10 0 0 0 0 0 13 15 0 0 0 0 0 0 0 
0 0 0 1 0 0 0 0 0 0 0 17 0 20 0 0 13 0 0 0 0 0 0 0 0 12 0 0 1 0 0 0 4 0 0 0 0 0 0 0 0 0 0 0 0 0 0 0 0 0 0 19 0 4 0 0 0 0 0 0 0 0 0 0 0 1 0 0 0 0 
3 10 0 0 0 0 0 15 0 0 8 17 0 0 0 4 1 0 0 1 3 0 1 0 0 0 0 7 0 0 0 0 0 0 0 0 7 0 0 0 0 0 0 0 0 17 10 4 0 0 0 10 0 0 0 3 0 0 0 0 0 5 0 5 0 0 0 0 0 0 
0 0 0 0 0 0 0 0 0 0 0 0 5 0 0 0 0 0 1 0 0 14 0 0 0 6 0 0 0 0 5 0 0 0 2 8 0 0 0 0 0 0 15 0 0 0 0 0 0 12 0 0 0 2 0 9 6 0 0 0 0 0 0 0 0 0 0 0 20 0 
0 0 4 0 0 0 0 10 0 19 0 12 0 0 0 0 19 11 0 0 0 0 0 0 0 15 0 0 15 13 0 0 7 0 0 8 0 0 14 0 12 0 0 0 0 0 0 8 0 0 0 0 0 16 0 0 0 0 0 0 9 0 0 0 0 0 20 0 19 0 
0 0 0 0 0 19 0 0 13 0 0 0 0 0 0 0 0 0 0 0 0 1 0 17 0 0 0 0 0 0 0 1 0 4 13 0 0 0 0 0 0 0 0 0 9 3 13 0 0 0 0 0 10 0 18 0 0 0 0 0 0 0 0 0 0 0 0 6 0 0 
0 0 0 0 0 0 0 3 0 18 0 0 0 0 0 0 0 0 0 0 0 0 0 5 6 3 0 0 0 0 0 0 0 0 0 0 0 0 0 0 0 18 0 7 0 0 5 0 0 0 0 0 0 0 0 17 0 0 5 1 0 0 0 0 0 0 0 0 0 0 
0 0 0 0 14 0 12 0 0 5 0 0 2 20 0 0 0 0 0 0 0 3 0 0 0 19 15 0 0 0 0 0 8 0 0 11 0 8 0 0 0 18 15 0 0 0 6 10 3 0 0 0 0 0 0 0 15 0 0 0 0 0 20 18 0 0 0 6 8 0 
6 13 0 0 18 0 0 0 15 0 11 0 8 0 0 0 14 0 0 8 13 1 0 4 0 0 18 0 0 15 0 0 0 0 0 0 0 0 14 0 19 0 0 0 0 0 8 0 0 0 0 0 4 14 0 0 15 0 0 12 0 0 9 0 0 0 0 18 0 0 
0 0 0 8 0 0 0 0 0 9 0 0 0 0 0 0 0 0 0 4 0 0 0 0 0 0 0 14 0 9 3 0 0 0 0 0 0 0 0 0 0 0 0 0 0 0 0 0 0 0 0 0 0 0 18 0 0 0 6 14 0 0 10 0 0 0 0 0 15 0 
12 0 0 0 0 0 0 5 0 0 0 0 0 0 0 0 0 0 0 0 0 0 0 14 0 0 0 0 0 0 0 0 0 0 0 0 3 0 1 0 0 0 14 0 0 0 0 13 8 0 0 0 0 20 0 0 0 0 0 0 16 0 0 0 0 4 0 0 0 0 
0 19 0 0 0 0 0 0 0 0 0 20 20 0 20 0 0 0 0 0 0 0 0 0 0 0 0 0 0 0 14 0 0 0 0 0 0 0 0 0 0 0 0 0 0 0 2 0 2 17 15 0 0 0 6 0 0 17 0 0 0 7 0 0 0 0 16 0 0 0 
