70

0 0 1 0 0 0 1 1 1 1 1 1 1 0 1 1 1 0 1 1 1 1 1 1 1 1 1 1 1 1 1 1 1 1 1 1 1 1 1 1 1 0 1 1 1 1 1 1 1 1 1 1 0 1 1 0 1 1 1 1 1 1 1 1 1 1 1 0 1 1 
0 0 1 1 1 1 1 0 0 1 1 0 1 1 1 1 1 1 1 1 0 1 0 1 0 1 1 1 1 1 1 1 0 1 0 1 1 1 1 1 1 1 1 1 1 1 1 1 1 1 1 0 1 1 1 1 1 1 1 1 0 1 0 1 1 1 1 0 0 1 
1 1 0 1 1 1 1 1 1 1 1 0 0 1 0 1 1 1 1 1 1 1 1 0 0 1 1 1 1 1 1 1 1 0 1 1 1 0 1 1 1 1 1 1 1 1 0 1 1 1 1 0 1 1 1 1 1 1 1 1 1 0 1 1 1 1 1 1 1 1 
0 1 1 0 1 1 1 1 1 1 1 1 1 1 1 1 1 1 1 1 1 1 1 1 1 1 0 0 1 1 0 1 1 1 1 1 0 1 1 1 1 1 0 1 1 0 0 1 1 1 1 1 1 1 1 1 1 1 1 0 0 1 0 1 1 1 1 1 1 1 
0 1 1 1 0 1 1 1 1 1 1 1 1 1 0 1 1 0 1 0 1 0 0 1 0 1 1 0 1 0 1 1 1 1 1 1 0 1 0 1 1 1 1 0 1 0 0 1 1 1 1 1 1 1 1 0 1 1 1 1 1 1 0 1 1 1 1 1 1 1 
0 1 1 1 1 0 1 1 1 1 1 0 0 1 1 1 1 1 1 1 1 1 1 0 1 1 1 1 0 1 1 1 0 0 1 1 1 0 1 1 1 0 1 1 1 1 0 1 0 1 0 1 1 1 1 1 1 1 0 1 1 1 1 1 0 1 0 1 1 1 
1 1 1 1 1 1 0 0 1 1 1 0 1 1 1 0 1 0 1 1 1 1 1 1 1 1 0 1 0 1 1 1 1 1 1 1 1 1 0 1 1 1 1 0 1 1 1 1 1 0 1 1 0 0 1 1 1 1 1 1 1 0 0 1 1 1 0 1 1 0 
1 0 1 1 1 1 0 0 1 1 1 0 0 1 1 1 1 1 1 1 1 1 1 1 1 1 0 0 1 1 1 1 1 1 1 0 1 1 1 1 1 1 1 1 0 1 1 1 1 1 1 1 0 1 1 1 1 1 1 1 1 1 1 0 1 1 1 0 1 1 
1 0 1 1 1 1 1 1 0 1 1 0 0 1 0 1 1 1 0 0 1 1 0 1 1 0 0 0 0 1 1 0 1 1 1 1 0 1 1 0 1 1 0 1 0 1 1 1 1 0 1 1 1 0 0 1 0 1 0 1 1 1 1 1 1 1 1 0 1 1 
1 1 1 1 1 1 1 1 1 0 1 1 1 1 1 1 1 1 1 1 0 1 0 1 0 0 1 1 1 1 1 0 1 0 1 0 0 1 1 1 1 1 1 1 1 1 1 1 1 1 0 0 1 1 1 0 0 1 1 1 1 0 1 1 1 1 0 1 0 1 
1 1 1 1 1 1 1 1 1 1 0 1 1 1 1 1 1 0 1 1 0 1 1 1 1 1 1 1 1 1 1 1 1 0 1 1 0 1 1 1 1 1 1 1 1 1 0 1 1 1 0 0 1 1 1 1 1 1 1 1 0 1 1 1 1 1 1 1 1 1 
1 0 0 1 1 0 0 0 0 1 1 0 1 1 0 1 0 0 0 1 1 1 1 1 0 1 1 1 1 1 0 1 1 1 0 1 1 1 1 1 0 0 1 1 1 1 1 0 1 1 0 1 1 1 1 0 1 1 1 1 1 1 0 1 1 1 1 1 1 1 
1 1 0 1 1 0 1 0 0 1 1 1 0 1 1 1 1 1 1 1 1 1 0 1 1 0 0 1 0 1 1 0 0 1 1 1 1 1 1 1 1 1 1 1 0 1 1 0 1 1 0 1 1 1 1 1 1 1 0 1 1 1 1 1 1 1 1 1 1 0 
0 1 1 1 1 1 1 1 1 1 1 1 1 0 1 1 1 1 0 1 1 0 1 0 1 0 1 1 1 0 1 1 1 1 1 1 1 0 1 1 1 1 1 1 1 1 1 0 1 0 1 0 1 1 1 1 0 0 1 1 1 1 1 1 0 1 1 1 1 1 
1 1 0 1 0 1 1 1 0 1 1 0 1 1 0 1 1 1 1 1 0 1 1 1 1 1 1 0 0 1 1 1 0 1 0 1 1 0 0 1 1 1 1 1 1 1 1 1 1 1 1 1 1 1 1 1 1 0 1 1 1 1 0 0 1 1 1 1 1 1 
1 1 1 1 1 1 0 1 1 1 1 1 1 1 1 0 1 1 0 1 0 1 1 1 0 0 1 1 1 0 1 1 1 1 1 1 1 1 1 1 1 1 0 0 0 1 0 1 1 0 1 1 1 1 1 1 1 1 1 1 1 1 1 1 1 1 0 1 1 1 
1 1 1 1 1 1 1 1 1 1 1 0 1 1 1 1 0 1 1 1 1 1 1 0 1 1 1 1 1 1 1 0 1 1 1 1 1 1 1 1 1 1 0 1 1 1 1 1 1 1 0 0 1 1 1 1 0 1 1 0 1 1 1 1 1 1 0 1 1 1 
0 1 1 1 0 1 0 1 1 1 0 0 1 1 1 1 1 0 0 1 1 1 0 1 1 0 1 0 1 1 1 1 1 1 1 0 1 0 1 1 1 0 1 1 1 0 1 1 1 1 0 0 1 0 1 1 1 1 1 1 0 0 1 0 1 1 1 1 1 1 
1 1 1 1 1 1 1 1 0 1 1 0 1 0 1 0 1 0 0 1 0 0 1 1 1 1 1 0 0 1 1 1 0 1 1 1 1 1 1 1 1 0 1 1 1 1 1 1 1 0 1 1 1 1 1 1 1 1 1 1 0 1 1 1 1 0 1 1 1 1 
1 1 1 1 0 1 1 1 0 1 1 1 1 1 1 1 1 1 1 0 1 1 1 1 1 1 1 1 1 1 1 1 1 1 1 0 0 0 1 0 1 1 1 1 1 1 0 1 1 1 1 1 1 1 1 0 1 1 1 1 1 1 1 1 1 1 1 1 1 1 
1 0 1 1 1 1 1 1 1 0 0 1 1 1 0 0 1 1 0 1 0 1 0 1 1 1 1 1 1 1 0 1 0 0 1 1 1 1 0 1 0 1 1 1 1 1 1 1 1 1 1 1 1 1 1 1 1 1 1 1 1 0 1 1 1 1 1 1 1 1 
1 1 1 1 0 1 1 1 1 1 1 1 1 0 1 1 1 1 0 1 1 0 1 1 1 1 1 1 0 1 1 1 0 1 1 1 1 1 1 0 1 1 1 1 1 1 1 1 1 0 1 1 0 1 1 0 1 0 1 1 1 1 1 1 1 0 1 1 0 1 
1 0 1 1 0 1 1 1 0 0 1 1 0 1 1 1 1 0 1 1 0 1 0 1 1 1 0 1 1 0 1 1 1 1 1 1 1 1 1 1 0 1 1 1 1 1 1 1 1 1 1 1 1 1 1 1 1 1 1 1 1 1 1 1 1 1 1 1 1 1 
1 1 0 1 1 0 1 1 1 1 1 1 1 0 1 1 0 1 1 1 1 1 1 0 0 0 0 1 1 1 1 1 0 1 0 1 1 1 1 1 0 1 1 1 0 1 1 1 0 1 0 1 1 1 1 0 1 0 0 1 1 1 1 1 1 1 0 0 1 1 
1 0 0 1 0 1 1 1 1 0 1 0 1 1 1 0 1 1 1 1 1 1 1 0 0 1 1 1 0 1 1 0 1 1 1 1 0 0 1 1 1 1 1 0 1 1 1 1 0 1 1 1 1 1 1 0 1 1 0 1 1 1 1 1 1 1 1 1 1 0 
1 1 1 1 1 1 1 1 0 0 1 1 0 0 1 0 1 0 1 1 1 1 1 0 1 0 1 1 1 1 1 1 1 1 1 1 1 1 1 1 0 1 1 1 1 1 1 1 1 1 1 1 0 1 1 1 1 1 1 1 1 1 1 1 0 1 1 0 1 1 
1 1 1 0 1 1 0 0 0 1 1 1 0 1 1 1 1 1 1 1 1 1 0 0 1 1 0 1 0 1 1 1 0 0 1 1 1 1 1 1 1 1 1 1 1 1 1 0 1 1 1 1 1 1 1 1 1 1 1 1 0 1 1 1 0 1 1 1 1 1 
1 1 1 0 0 1 1 0 0 1 1 1 1 1 0 1 1 0 0 1 1 1 1 1 1 1 1 0 0 1 1 1 1 1 1 1 1 1 0 0 1 1 1 1 1 0 1 1 1 0 1 1 1 1 1 1 1 1 1 1 1 1 1 1 0 1 1 1 0 1 
1 1 1 1 1 0 0 1 0 1 1 1 0 1 0 1 1 1 0 1 1 0 1 1 0 1 0 0 0 1 1 1 0 1 0 1 1 0 1 1 1 1 1 0 1 1 1 1 0 1 1 1 1 1 1 1 0 1 1 1 1 1 1 1 1 1 0 1 1 1 
1 1 1 1 0 1 1 1 1 1 1 1 1 0 1 0 1 1 1 1 1 1 0 1 1 1 1 1 1 0 1 1 0 1 1 1 1 1 1 1 1 1 1 1 1 1 1 1 1 1 0 0 1 1 1 0 1 0 0 1 0 1 1 1 1 1 1 0 0 0 
1 1 1 0 1 1 1 1 1 1 1 0 1 1 1 1 1 1 1 1 0 1 1 1 1 1 1 1 1 1 0 1 1 0 0 1 0 1 1 0 1 1 1 1 1 1 0 0 1 0 1 1 1 1 0 1 1 1 1 1 0 1 0 1 0 0 1 1 1 0 
1 1 1 1 1 1 1 1 0 0 1 1 0 1 1 1 0 1 1 1 1 1 1 1 0 1 1 1 1 1 1 0 0 1 1 1 1 1 1 0 1 1 1 1 1 1 1 1 1 0 1 1 1 1 1 1 1 1 1 1 1 1 1 1 1 1 1 0 1 1 
1 0 1 1 1 0 1 1 1 1 1 1 0 1 0 1 1 1 0 1 0 0 1 0 1 1 0 1 0 0 1 0 0 1 1 0 1 1 1 1 1 1 1 1 1 0 1 1 0 1 0 1 1 0 1 1 1 0 0 1 1 1 1 0 1 1 1 1 1 1 
1 1 0 1 1 0 1 1 1 0 0 1 1 1 1 1 1 1 1 1 0 1 1 1 1 1 0 1 1 1 0 1 1 0 1 1 1 1 1 1 1 1 1 1 0 1 1 1 1 0 1 1 0 1 1 0 0 1 1 1 1 1 1 1 1 1 0 1 1 1 
1 0 1 1 1 1 1 1 1 1 1 0 1 1 0 1 1 1 1 1 1 1 1 0 1 1 1 1 0 1 0 1 1 1 0 0 0 1 1 1 1 1 0 1 1 1 1 0 1 1 1 1 0 1 1 1 0 1 1 1 1 1 1 1 1 1 1 1 0 1 
1 1 1 1 1 1 1 0 1 0 1 1 1 1 1 1 1 0 1 0 1 1 1 1 1 1 1 1 1 1 1 1 0 1 0 0 1 1 1 0 0 1 1 1 1 1 0 0 0 1 1 1 1 1 1 1 0 1 1 1 1 1 1 1 1 1 1 1 1 0 
1 1 1 0 0 1 1 1 0 0 0 1 1 1 1 1 1 1 1 0 1 1 1 1 0 1 1 1 1 1 0 1 1 1 0 1 0 0 1 0 1 0 1 0 1 0 1 1 0 0 1 1 1 1 1 1 0 1 0 0 1 1 1 1 1 1 1 1 1 1 
1 1 0 1 1 0 1 1 1 1 1 1 1 0 0 1 1 0 1 0 1 1 1 1 0 1 1 1 0 1 1 1 1 1 1 1 0 0 1 0 1 0 1 1 1 1 1 1 1 1 1 1 1 1 1 1 1 1 1 1 1 1 1 1 1 1 1 1 1 1 
1 1 1 1 0 1 0 1 1 1 1 1 1 1 0 1 1 1 1 1 0 1 1 1 1 1 1 0 1 1 1 1 1 1 1 1 1 1 0 1 1 1 1 0 1 1 1 1 1 0 0 1 1 1 1 1 1 1 1 1 1 1 1 1 1 1 1 1 1 1 
1 1 1 1 1 1 1 1 0 1 1 1 1 1 1 1 1 1 1 0 1 0 1 1 1 1 1 0 1 1 0 0 1 1 1 0 0 0 1 0 1 1 1 0 1 0 0 1 1 1 1 1 1 1 0 0 1 0 1 0 1 1 1 1 1 1 0 1 1 0 
1 1 1 1 1 1 1 1 1 1 1 0 1 1 1 1 1 1 1 1 0 1 0 0 1 0 1 1 1 1 1 1 1 1 1 0 1 1 1 1 0 1 1 1 1 1 1 1 1 1 1 1 1 1 1 1 1 0 1 0 1 1 0 1 1 1 1 0 1 1 
0 1 1 1 1 0 1 1 1 1 1 0 1 1 1 1 1 0 0 1 1 1 1 1 1 1 1 1 1 1 1 1 1 1 1 1 0 0 1 1 1 0 1 1 1 1 1 1 1 1 1 1 1 0 1 1 1 1 1 0 1 1 1 0 1 1 1 1 1 0 
1 1 1 0 1 1 1 1 0 1 1 1 1 1 1 0 0 1 1 1 1 1 1 1 1 1 1 1 1 1 1 1 1 1 0 1 1 1 1 1 1 1 0 1 1 1 1 1 1 1 1 0 0 0 0 1 0 1 1 0 1 1 0 1 1 0 1 0 1 1 
1 1 1 1 0 1 0 1 1 1 1 1 1 1 1 0 1 1 1 1 1 1 1 1 0 1 1 1 0 1 1 1 1 1 1 1 0 1 0 0 1 1 1 0 1 1 1 0 0 1 1 1 1 1 0 0 1 0 1 1 1 1 1 0 1 1 1 1 1 0 
1 1 1 1 1 1 1 0 0 1 1 1 0 1 1 0 1 1 1 1 1 1 1 0 1 1 1 1 1 1 1 1 1 0 1 1 1 1 1 1 1 1 1 1 0 1 0 1 1 1 1 1 1 0 1 1 1 1 1 1 1 1 0 1 0 1 1 1 1 1 
1 1 1 0 0 1 1 1 1 1 1 1 1 1 1 1 1 0 1 1 1 1 1 1 1 1 1 0 1 1 1 1 0 1 1 1 0 1 1 0 1 1 1 1 1 0 1 1 0 0 1 1 1 1 1 1 1 1 1 0 1 0 1 1 1 1 1 1 0 1 
1 1 0 0 0 0 1 1 1 1 0 1 1 1 1 0 1 1 1 0 1 1 1 1 1 1 1 1 1 1 0 1 1 1 1 0 1 1 1 0 1 1 1 1 0 1 0 1 1 1 1 1 1 1 1 1 1 1 1 1 1 1 1 1 1 1 0 1 1 1 
1 1 1 1 1 1 1 1 1 1 1 0 0 0 1 1 1 1 1 1 1 1 1 1 1 1 0 1 1 1 0 1 1 1 0 0 1 1 1 1 1 1 1 0 1 1 1 0 0 1 1 1 0 1 1 1 1 0 1 1 0 1 1 1 1 1 1 1 1 0 
1 1 1 1 1 0 1 1 1 1 1 1 1 1 1 1 1 1 1 1 1 1 1 0 0 1 1 1 0 1 1 1 0 1 1 0 0 1 1 1 1 1 1 0 1 0 1 0 0 1 1 0 1 1 1 1 0 0 1 1 1 1 0 1 1 1 1 1 1 1 
1 1 1 1 1 1 0 1 0 1 1 1 1 0 1 0 1 1 0 1 1 0 1 1 1 1 1 0 1 1 0 0 1 0 1 1 0 1 0 1 1 1 1 1 1 0 1 1 1 0 1 1 1 1 0 1 1 1 1 1 1 1 1 1 0 1 0 0 1 1 
1 1 1 1 1 0 1 1 1 0 0 0 0 1 1 1 0 0 1 1 1 1 1 0 1 1 1 1 1 0 1 1 0 1 1 1 1 1 0 1 1 1 1 1 1 1 1 1 1 1 0 0 1 1 1 1 0 1 1 1 1 1 1 1 1 1 1 1 1 1 
1 0 0 1 1 1 1 1 1 0 0 1 1 0 1 1 0 0 1 1 1 1 1 1 1 1 1 1 1 0 1 1 1 1 1 1 1 1 1 1 1 1 0 1 1 1 1 1 0 1 0 0 1 1 1 0 1 1 1 1 1 1 1 1 0 1 1 1 1 1 
0 1 1 1 1 1 0 0 1 1 1 1 1 1 1 1 1 1 1 1 1 0 1 1 1 0 1 1 1 1 1 1 1 0 0 1 1 1 1 1 1 1 0 1 1 1 1 0 1 1 1 1 0 1 1 0 1 0 1 0 1 1 0 1 1 1 1 0 1 0 
1 1 1 1 1 1 0 1 0 1 1 1 1 1 1 1 1 0 1 1 1 1 1 1 1 1 1 1 1 1 1 1 0 1 1 1 1 1 1 1 1 0 0 1 0 1 1 1 1 1 1 1 1 0 1 0 0 1 1 1 1 1 0 1 1 1 0 1 1 0 
1 1 1 1 1 1 1 1 0 1 1 1 1 1 1 1 1 1 1 1 1 1 1 1 1 1 1 1 1 1 0 1 1 1 1 1 1 1 1 0 1 1 0 0 1 1 1 1 1 0 1 1 1 1 0 0 1 1 1 1 1 0 0 1 1 1 0 0 1 1 
0 1 1 1 0 1 1 1 1 0 1 0 1 1 1 1 1 1 1 0 1 0 1 0 0 1 1 1 1 0 1 1 1 0 1 1 1 1 1 0 1 1 1 0 1 1 1 1 1 1 1 0 0 0 0 0 0 1 1 1 1 1 1 1 1 1 0 0 1 0 
1 1 1 1 1 1 1 1 0 0 1 1 1 0 1 1 0 1 1 1 1 1 1 1 1 1 1 1 0 1 1 1 1 0 0 0 0 1 1 1 1 1 0 1 1 1 1 1 0 1 0 1 1 0 1 0 0 0 1 1 1 1 0 1 1 0 1 1 1 0 
1 1 1 1 1 1 1 1 1 1 1 1 1 0 0 1 1 1 1 1 1 0 1 0 1 1 1 1 1 0 1 1 0 1 1 1 1 1 1 0 0 1 1 0 1 1 1 0 0 1 1 1 0 1 1 1 0 0 1 1 1 1 1 1 1 1 0 1 1 1 
1 1 1 1 1 0 1 1 0 1 1 1 0 1 1 1 1 1 1 1 1 1 1 0 0 1 1 1 1 0 1 1 0 1 1 1 0 1 1 1 1 1 1 1 1 1 1 1 1 1 1 1 1 1 1 1 1 1 0 1 1 1 1 0 0 1 1 1 1 1 
1 1 1 0 1 1 1 1 1 1 1 1 1 1 1 1 0 1 1 1 1 1 1 1 1 1 1 1 1 1 1 1 1 1 1 1 0 1 1 0 0 0 0 1 1 0 1 1 1 1 1 1 0 1 1 1 1 1 1 0 1 1 1 1 1 1 1 1 1 1 
1 0 1 0 1 1 1 1 1 1 0 1 1 1 1 1 1 0 0 1 1 1 1 1 1 1 0 1 1 0 0 1 1 1 1 1 1 1 1 1 1 1 1 1 1 1 1 0 1 1 1 1 1 1 1 1 1 1 1 1 0 1 1 1 1 0 1 1 1 1 
1 1 0 1 1 1 0 1 1 0 1 1 1 1 1 1 1 0 1 1 0 1 1 1 1 1 1 1 1 1 1 1 1 1 1 1 1 1 1 1 1 1 1 1 1 0 1 1 1 1 1 1 1 1 0 1 1 1 1 1 1 0 1 1 1 0 1 0 1 1 
1 0 1 0 0 1 0 1 1 1 1 0 1 1 0 1 1 1 1 1 1 1 1 1 1 1 1 1 1 1 0 1 1 1 1 1 1 1 1 1 0 1 0 1 0 1 1 1 0 1 1 1 0 0 0 1 0 1 1 1 1 1 0 0 1 1 1 0 1 1 
1 1 1 1 1 1 1 0 1 1 1 1 1 1 0 1 1 0 1 1 1 1 1 1 1 1 1 1 1 1 1 1 0 1 1 1 1 1 1 1 1 0 1 0 1 1 1 1 1 1 1 1 1 1 1 1 1 1 0 1 1 1 0 0 1 1 1 1 1 1 
1 1 1 1 1 0 1 1 1 1 1 1 1 0 1 1 1 1 1 1 1 1 1 1 1 0 0 0 1 1 0 1 1 1 1 1 1 1 1 1 1 1 1 1 0 1 1 1 1 0 1 0 1 1 1 1 1 1 0 1 1 1 1 1 0 1 1 1 1 0 
1 1 1 1 1 1 1 1 1 1 1 1 1 1 1 1 1 1 0 1 1 0 1 1 1 1 1 1 1 1 0 1 1 1 1 1 1 1 1 1 1 1 0 1 1 1 1 1 1 1 1 1 1 1 1 1 0 1 1 1 0 0 1 1 1 0 1 1 1 0 
1 1 1 1 1 0 0 1 1 0 1 1 1 1 1 0 0 1 1 1 1 1 1 0 1 1 1 1 0 1 1 1 1 0 1 1 1 1 1 0 1 1 1 1 1 1 0 1 1 0 1 1 1 0 0 0 1 0 1 1 1 1 1 1 1 1 0 0 1 1 
0 0 1 1 1 1 1 0 0 1 1 1 1 1 1 1 1 1 1 1 1 1 1 0 1 0 1 1 1 0 1 0 1 1 1 1 1 1 1 1 0 1 0 1 1 1 1 1 1 0 1 1 0 1 0 0 1 1 1 1 1 0 0 1 1 1 0 0 1 1 
1 0 1 1 1 1 1 1 1 0 1 1 1 1 1 1 1 1 1 1 1 0 1 1 1 1 1 0 1 0 1 1 1 1 0 1 1 1 1 1 1 1 1 1 1 0 1 1 1 1 1 1 1 1 1 1 1 1 1 1 1 1 1 1 1 1 1 1 0 1 
1 1 1 1 1 1 0 1 1 1 1 1 0 1 1 1 1 1 1 1 1 1 1 1 0 1 1 1 1 0 0 1 1 1 1 0 1 1 1 0 1 0 1 0 1 1 1 0 1 1 1 1 0 0 1 0 0 1 1 1 1 1 1 1 0 0 1 1 1 0 

0 0 6 0 6 0 0 0 0 0 0 3 0 0 15 17 0 0 0 0 0 0 0 16 0 0 0 0 6 0 7 0 0 0 14 0 0 0 0 0 0 0 0 8 0 8 0 10 0 12 0 0 0 9 0 0 5 0 0 0 0 0 0 5 0 0 9 0 0 11 
0 0 0 0 0 0 0 0 0 0 0 0 0 12 0 0 0 0 0 7 0 8 0 0 0 0 0 0 0 0 0 0 0 0 0 5 15 0 0 0 7 0 0 0 0 0 5 0 0 11 0 14 0 0 18 0 0 0 0 0 0 9 0 0 0 11 0 0 0 0 
0 0 0 0 0 0 0 0 0 0 0 4 13 0 0 0 0 0 0 0 0 0 0 0 8 0 0 0 2 0 0 1 0 0 0 0 4 0 0 0 0 0 0 0 0 0 0 0 0 0 0 0 4 0 0 0 0 0 2 0 0 0 0 0 0 12 0 0 0 0 
0 13 0 0 0 19 0 0 0 0 0 0 0 2 0 13 14 0 0 0 0 0 0 6 0 9 0 0 0 0 0 0 0 0 0 0 0 12 0 0 0 0 0 0 0 0 11 16 0 0 0 0 16 0 11 0 0 0 13 0 0 0 0 10 0 0 0 0 0 0 
0 0 0 0 0 0 0 5 0 0 0 0 0 20 0 0 0 0 0 0 0 4 19 0 13 0 0 7 0 2 16 0 0 0 0 0 0 14 0 0 0 0 12 0 0 0 0 0 0 0 0 18 0 0 0 0 0 8 0 0 16 0 0 0 9 0 0 12 0 0 
0 0 0 20 16 0 2 0 0 0 0 0 0 15 0 0 0 0 0 0 14 0 0 0 14 0 0 3 0 0 0 0 0 0 14 0 0 0 0 7 0 0 0 0 0 18 0 0 0 0 0 0 0 0 8 14 14 0 0 0 15 0 0 0 8 0 13 0 0 18 
0 2 0 0 0 0 0 0 0 21 0 0 0 0 0 0 10 0 0 11 4 0 0 6 0 0 0 0 0 0 0 0 12 5 0 0 0 15 7 0 16 9 0 0 0 0 0 2 0 0 10 0 0 0 0 0 0 0 0 16 0 0 13 0 0 0 0 7 0 0 
0 0 0 0 0 0 0 0 11 19 0 0 0 0 0 3 11 17 0 0 10 0 13 0 0 0 20 0 0 17 0 0 0 0 0 0 0 0 0 0 0 0 0 17 0 0 0 0 0 0 0 0 1 0 0 2 0 12 0 16 11 0 0 0 0 0 0 0 0 0 
0 0 0 0 0 0 0 0 0 6 0 0 0 0 0 0 0 0 0 0 0 0 0 0 0 0 0 0 0 0 14 10 12 0 0 0 2 0 0 15 0 0 0 0 0 0 0 0 4 0 0 0 0 0 0 0 0 0 1 0 4 0 0 0 0 0 0 0 0 0 
0 0 0 0 0 0 0 0 0 0 0 0 0 19 0 0 0 0 0 0 0 0 0 0 0 0 14 0 0 14 1 0 0 0 0 0 0 0 17 0 0 15 0 0 0 0 0 0 0 3 0 0 0 0 12 0 0 0 19 0 9 0 5 0 0 0 16 0 0 0 
0 0 0 0 0 7 0 0 0 0 0 0 0 0 0 20 4 0 0 0 0 0 0 0 0 0 0 0 8 0 0 0 0 0 0 0 0 2 0 0 0 0 0 10 0 10 6 0 0 0 0 0 0 0 0 0 11 4 1 0 0 0 10 0 14 0 14 0 0 0 
0 0 0 0 0 0 4 0 0 9 0 0 0 0 0 0 3 0 0 0 0 0 0 0 0 0 0 14 0 20 0 0 0 0 6 11 0 8 2 7 14 0 0 0 0 0 0 0 0 0 0 0 0 0 2 0 0 0 0 0 0 0 13 0 0 10 18 6 6 10 
0 0 0 0 2 13 0 0 0 0 0 0 0 2 0 0 0 0 16 0 0 0 0 6 1 0 13 0 0 0 0 19 0 4 0 0 0 0 0 0 12 16 10 0 0 0 0 0 0 0 0 0 2 0 0 0 0 0 0 0 7 19 0 0 0 0 18 0 5 0 
0 0 0 0 0 10 17 0 0 0 0 0 0 0 0 0 0 0 13 0 0 0 0 0 0 13 0 0 0 0 0 0 0 0 0 0 5 0 13 0 0 0 10 2 0 0 0 0 5 0 0 0 0 0 18 14 2 0 11 0 0 0 0 0 0 0 0 7 3 0 
0 0 13 19 17 0 0 0 0 0 0 0 0 0 0 0 0 0 0 0 0 0 0 0 7 0 0 5 0 0 0 0 0 0 0 0 1 0 0 0 0 0 0 0 0 16 0 0 0 16 0 0 9 0 0 0 0 2 0 0 0 0 0 0 0 0 0 0 0 0 
0 15 0 0 0 0 10 0 0 0 0 0 0 0 0 0 0 0 0 0 13 0 1 0 0 0 0 0 0 7 0 4 0 0 0 0 0 0 10 0 0 0 0 8 4 0 0 2 0 0 0 0 0 18 17 0 1 0 0 1 10 0 7 0 0 0 0 0 14 9 
0 0 0 0 0 0 0 0 0 0 14 0 0 0 0 13 0 11 0 0 0 0 0 0 0 0 4 0 0 0 0 0 0 0 0 0 0 0 0 18 0 0 0 0 2 0 0 0 0 0 0 14 0 17 0 0 0 0 18 0 0 0 0 0 0 0 0 0 0 0 
6 0 0 0 0 15 0 0 0 0 6 0 0 0 0 0 0 0 0 2 0 0 0 0 0 4 0 0 0 2 4 0 10 0 0 0 0 0 0 1 0 0 0 0 0 0 0 0 0 0 0 0 12 0 0 0 0 0 0 0 0 0 0 0 10 0 0 0 0 0 
0 19 0 0 0 0 0 0 0 13 13 0 13 15 1 0 0 0 0 0 0 0 0 0 0 0 0 0 0 6 0 0 0 11 0 0 0 0 0 0 0 0 0 2 0 0 0 0 0 0 5 0 0 0 2 0 0 0 0 0 0 0 0 0 0 0 19 7 0 0 
0 17 6 16 0 0 0 19 0 0 0 0 0 0 19 3 0 0 0 0 0 0 0 0 0 0 0 0 0 0 0 2 0 0 0 0 0 9 0 0 0 0 0 19 0 0 0 10 2 0 0 0 11 0 0 0 0 0 0 0 16 0 9 1 0 0 0 0 0 3 
0 0 16 0 0 4 18 7 0 4 0 0 0 0 0 0 8 0 0 18 0 0 0 0 16 0 0 0 0 0 0 0 0 9 0 0 0 0 0 0 0 0 0 8 0 0 0 0 0 11 1 7 11 0 0 0 8 0 0 0 19 0 0 0 0 0 0 19 0 0 
0 0 0 0 0 0 0 0 0 0 0 0 0 0 0 0 0 0 19 0 7 0 0 0 0 0 0 0 0 0 0 0 0 0 0 0 0 17 0 17 10 0 2 0 0 0 0 0 0 4 0 0 0 13 0 0 0 6 3 16 0 0 16 12 0 0 7 0 10 0 
0 0 0 4 0 0 0 0 0 0 0 6 0 0 0 0 4 0 0 0 8 0 0 14 0 0 0 0 0 0 0 0 10 0 0 0 0 0 0 0 7 18 0 0 14 0 0 0 0 6 0 2 0 1 0 0 0 0 0 0 0 2 0 0 10 0 0 11 0 0 
0 0 0 0 16 0 0 0 0 0 0 0 0 10 0 0 0 0 17 0 11 0 11 0 0 4 10 0 12 0 0 3 0 0 0 0 12 0 0 0 0 0 0 0 0 0 0 0 18 0 3 0 0 0 0 0 0 0 0 0 0 0 19 18 0 8 0 0 0 0 
0 0 0 0 0 0 0 10 0 0 0 0 0 0 0 0 0 0 0 0 0 0 0 0 0 0 2 0 0 8 0 0 0 1 0 0 0 16 4 0 0 0 0 4 0 0 0 0 0 0 0 0 0 0 0 0 0 0 0 0 1 0 0 0 0 0 1 0 0 0 
7 0 0 7 0 0 0 0 0 0 0 0 0 15 0 0 13 0 0 0 0 0 0 13 0 0 0 0 0 0 0 17 0 0 0 0 0 1 0 0 0 13 0 0 0 0 13 0 19 0 0 0 0 4 0 0 0 0 0 0 0 0 0 0 0 0 1 0 14 9 
0 0 9 0 0 0 0 0 0 9 0 12 0 0 0 0 0 0 0 0 19 0 12 0 4 0 0 0 0 0 0 0 0 4 0 2 13 9 11 0 0 0 2 0 2 0 5 0 0 0 0 11 0 9 0 0 0 0 0 0 0 0 0 9 0 7 0 0 9 0 
0 0 0 0 0 0 0 20 0 0 0 0 3 0 0 0 0 0 14 0 0 0 0 0 0 15 0 0 0 0 0 0 14 0 0 0 1 0 6 0 0 0 0 0 0 0 0 0 8 0 15 0 0 0 5 0 2 0 0 0 0 0 0 0 0 0 0 0 0 0 
0 0 0 7 0 0 9 0 15 0 0 0 0 0 0 0 0 10 0 0 0 0 0 0 0 0 0 0 0 0 0 0 0 0 0 0 0 0 0 0 1 0 0 0 0 0 0 0 0 18 0 0 0 0 3 0 0 16 11 0 0 0 0 0 0 0 6 0 0 6 
0 0 0 0 0 0 0 0 0 0 0 3 14 0 0 0 0 0 0 2 0 0 0 0 0 0 0 0 0 0 0 0 0 0 0 0 3 0 11 0 0 17 0 0 0 0 0 0 0 0 0 0 0 0 0 19 0 0 0 0 4 0 0 0 0 0 18 13 0 0 
0 0 2 0 0 9 0 0 2 0 11 0 0 0 0 5 0 0 15 0 0 0 0 13 0 0 1 0 0 7 0 8 0 0 0 0 0 0 0 13 0 0 0 0 0 0 18 0 0 0 0 11 0 0 5 10 0 0 0 0 5 0 0 5 0 0 0 0 8 0 
0 0 0 0 0 0 0 19 3 0 0 16 0 0 1 0 0 0 0 0 0 0 0 15 0 0 0 0 0 21 0 0 0 0 0 0 0 0 0 0 0 0 0 0 0 0 0 0 0 0 0 0 0 0 5 0 0 0 1 0 0 7 0 0 0 0 2 4 0 0 
0 10 0 0 9 6 0 0 0 0 0 0 9 0 0 0 0 0 0 14 0 0 0 8 17 0 0 0 0 0 0 0 0 0 2 0 0 0 6 0 0 0 0 3 0 0 0 16 0 12 8 0 0 0 0 0 0 0 17 0 0 0 0 0 0 0 0 0 0 0 
0 0 0 0 0 0 0 0 0 0 0 11 0 0 0 0 0 0 0 0 0 0 0 0 0 0 0 0 0 0 0 0 3 0 0 0 0 0 0 0 0 3 0 16 2 0 16 0 3 0 0 0 0 0 0 19 0 0 12 0 0 0 0 0 0 0 0 0 5 1 
4 0 0 0 0 18 0 13 0 8 0 0 0 0 6 0 8 10 0 0 0 0 0 0 16 0 0 0 0 0 1 0 0 0 0 15 0 16 0 0 0 4 0 8 0 0 0 0 17 0 0 0 2 8 0 0 0 0 0 0 0 0 0 13 0 0 0 0 0 0 
0 0 0 0 0 0 0 0 0 0 0 0 0 0 12 0 0 11 10 0 0 0 0 0 6 0 0 0 0 0 0 3 0 1 0 0 0 11 15 0 0 19 0 0 0 0 0 8 0 0 0 0 0 0 0 0 0 0 5 0 0 0 4 8 0 0 0 0 0 0 
10 0 11 0 0 11 0 17 0 2 0 6 0 0 19 1 0 0 0 0 0 7 0 0 0 0 0 0 0 0 0 0 13 0 0 2 0 0 0 0 9 0 0 0 0 0 19 0 0 0 0 14 0 0 0 0 0 0 0 8 0 0 0 3 0 0 0 0 0 0 
0 0 0 0 0 9 7 0 2 11 0 0 0 0 0 0 0 0 6 12 0 2 0 0 0 0 1 0 7 0 0 0 18 0 0 15 0 0 0 0 0 0 0 12 0 0 5 0 0 0 0 0 0 0 0 0 0 0 0 3 0 0 0 0 0 0 2 0 9 0 
0 0 16 0 0 1 0 0 0 11 0 0 0 0 0 0 0 0 1 10 13 0 0 0 1 0 15 0 0 0 0 1 0 0 0 0 0 0 0 0 0 0 0 0 0 0 0 0 0 0 0 0 0 0 1 0 0 0 9 1 0 0 0 0 0 0 0 0 0 0 
0 0 0 0 7 0 0 0 0 17 2 0 16 0 0 0 0 0 0 0 0 0 0 0 15 0 0 14 0 1 16 0 0 0 4 11 21 2 0 0 13 6 3 0 0 0 18 1 0 3 0 17 0 1 0 0 0 1 0 0 0 0 0 0 0 11 0 0 12 0 
0 0 0 0 0 1 0 0 0 0 0 14 0 0 0 0 4 0 0 0 6 0 0 0 0 0 19 0 0 0 9 0 0 0 0 8 0 0 0 0 0 3 0 0 0 0 0 19 0 0 0 0 14 0 0 0 0 16 0 0 0 0 0 14 0 0 0 6 0 0 
12 0 0 0 0 0 0 0 0 0 0 0 0 0 0 0 0 0 14 0 0 6 0 0 0 0 0 0 0 0 0 0 0 0 0 10 9 0 0 0 0 0 6 10 0 12 0 4 0 5 0 4 2 0 0 0 0 0 0 0 1 0 0 0 0 0 7 0 0 0 
0 0 0 0 0 0 0 0 0 0 0 0 19 0 0 15 14 13 0 0 16 0 0 0 0 0 0 11 0 16 0 15 0 0 0 0 0 2 0 0 15 0 0 0 0 0 0 0 0 0 0 0 0 0 0 0 0 0 0 15 0 19 0 13 0 0 0 0 14 0 
0 0 8 0 0 0 0 0 19 0 13 0 11 2 0 0 0 0 0 15 0 0 10 0 0 15 14 0 0 0 8 0 0 0 0 6 0 0 0 0 4 0 0 0 0 0 0 0 0 0 0 0 0 0 0 0 0 0 0 0 0 0 0 15 0 15 0 0 1 0 
0 0 0 9 0 0 0 0 0 0 0 3 0 8 0 13 0 0 0 17 0 0 0 0 0 0 0 0 16 8 0 0 0 0 0 0 0 0 0 0 0 0 0 0 0 0 0 0 0 0 14 0 0 0 0 0 0 0 0 0 0 5 8 0 0 0 18 0 0 0 
0 0 0 0 0 0 18 0 0 0 0 0 0 0 0 17 0 19 0 0 0 0 0 0 0 0 0 0 0 0 0 0 0 0 0 0 2 0 0 0 0 0 0 0 0 0 0 0 0 15 0 0 0 5 0 0 0 0 0 0 0 0 3 0 0 0 0 7 2 0 
13 0 0 10 0 0 0 0 0 0 0 0 0 0 6 0 2 8 0 0 0 18 0 16 0 0 0 0 0 11 0 0 0 19 10 0 0 0 0 14 0 0 0 0 15 0 0 0 4 0 3 0 0 18 0 0 9 0 12 0 5 0 17 0 0 0 17 0 0 0 
0 12 4 0 0 0 0 0 0 0 0 2 0 0 0 0 0 0 3 0 13 0 0 0 0 0 0 16 0 19 21 0 19 0 0 0 0 0 0 0 0 0 6 0 0 0 0 0 0 14 0 0 10 0 0 0 0 0 3 0 20 0 0 0 0 0 6 0 0 0 
6 0 1 0 0 0 0 0 0 2 0 0 0 0 0 0 0 0 16 0 18 0 0 20 0 0 0 0 0 0 0 10 0 0 13 0 0 0 12 0 13 0 18 0 0 0 0 10 0 0 0 0 0 0 0 0 17 17 0 8 0 0 15 0 0 0 17 9 0 0 
0 0 0 0 0 0 0 0 0 0 0 0 0 0 0 0 0 0 0 0 0 0 2 0 0 0 0 0 0 0 2 0 0 0 0 10 0 0 0 0 0 0 12 0 0 0 0 0 0 0 0 9 0 0 0 9 0 0 0 0 0 0 19 0 0 10 0 0 0 0 
0 13 0 0 0 0 0 0 14 0 0 0 0 0 0 0 0 18 0 0 0 0 0 0 5 0 0 0 16 0 0 0 0 0 11 0 0 0 0 0 0 0 0 0 0 14 2 0 0 6 0 1 0 0 0 0 7 0 0 0 0 0 7 0 13 0 0 0 5 0 
0 5 0 0 0 0 0 0 0 0 0 8 0 0 0 17 0 0 10 0 0 0 0 0 0 10 0 0 0 0 0 9 2 0 0 0 0 0 15 0 0 0 0 5 0 0 0 0 0 0 0 0 0 0 0 0 0 0 15 0 0 0 0 0 0 0 0 0 0 2 
0 0 0 0 0 0 3 0 0 17 0 12 16 0 0 0 0 1 0 0 0 0 0 0 0 0 0 0 0 0 8 0 15 0 0 0 18 0 0 0 11 1 11 0 0 0 0 0 0 0 20 0 0 0 0 0 0 15 0 6 0 0 0 11 0 0 0 0 9 0 
0 0 0 1 0 4 0 17 0 0 0 0 0 10 11 0 0 0 0 1 0 0 0 0 17 2 0 0 0 19 0 0 0 0 0 19 0 0 0 0 0 0 0 0 0 0 0 0 0 0 0 0 5 0 0 0 0 0 0 0 0 0 0 0 0 0 0 0 0 13 
0 0 0 0 0 0 10 0 0 0 0 0 0 0 0 11 0 0 0 0 1 0 0 0 0 0 0 0 0 15 0 0 0 0 0 0 0 0 0 0 0 0 0 0 6 0 0 3 0 0 0 0 0 0 0 0 14 0 0 9 0 0 7 0 0 0 10 0 18 0 
0 2 0 0 0 0 4 0 18 0 3 0 0 0 17 0 0 1 0 0 0 0 6 0 0 0 0 11 6 0 0 19 2 0 0 5 3 4 0 0 0 0 0 0 0 0 14 0 19 0 0 0 0 0 18 0 0 14 0 0 0 15 0 0 0 0 0 12 0 7 
0 14 0 0 0 0 0 6 0 1 0 0 0 0 0 5 4 0 0 0 13 0 0 8 0 0 0 0 0 0 0 12 0 0 0 0 0 0 13 19 0 0 0 0 0 0 13 0 0 0 0 7 0 0 0 0 0 0 14 11 0 15 19 0 0 0 0 0 0 0 
0 0 11 0 0 0 10 0 0 0 0 0 0 0 8 0 10 0 0 0 0 0 0 0 0 5 0 0 0 8 19 0 0 1 0 0 0 0 0 0 0 0 0 16 0 0 11 0 0 0 0 2 0 0 0 17 0 0 7 17 0 15 0 0 0 0 0 0 0 0 
0 0 0 0 0 0 0 0 1 15 0 0 0 0 0 0 0 5 0 0 0 0 3 9 4 14 14 0 7 0 0 0 14 0 17 0 0 8 3 0 8 0 0 0 0 0 12 0 0 0 0 0 0 0 0 0 6 0 0 0 0 0 0 0 0 0 0 0 0 0 
0 0 0 0 0 7 15 0 0 6 19 0 0 18 7 0 0 0 0 0 14 0 0 0 0 18 0 0 0 0 0 0 7 0 0 19 0 0 0 17 0 0 0 2 0 0 0 0 0 0 0 0 0 0 0 0 0 0 0 0 0 0 1 14 0 0 0 0 5 0 
0 1 0 0 0 0 0 0 0 0 0 5 0 0 0 0 1 0 0 0 0 0 0 0 0 0 0 0 0 0 0 0 0 15 0 0 0 0 13 0 0 0 0 0 0 0 0 0 6 0 0 0 12 0 20 0 0 0 15 0 0 4 0 0 0 0 0 0 0 0 
0 0 0 14 0 2 0 1 0 0 0 19 0 0 0 0 0 0 0 13 0 0 0 0 0 0 0 0 0 0 14 0 0 0 0 0 5 0 0 0 0 16 0 0 0 0 0 0 0 7 0 0 0 0 6 0 0 0 0 0 0 0 0 0 0 0 0 0 0 0 
0 0 0 0 8 0 0 0 0 15 0 0 0 2 0 0 0 0 0 18 0 0 0 0 0 6 0 0 0 0 0 0 0 0 0 0 5 0 0 0 0 0 0 18 0 0 0 13 12 2 3 0 0 0 0 16 0 0 0 3 13 0 0 18 0 6 0 0 6 9 
0 0 0 0 0 0 0 0 0 4 0 0 0 0 4 0 0 0 1 0 4 0 0 0 5 0 0 0 0 0 13 4 0 0 0 0 0 0 18 1 19 0 0 0 0 18 0 0 0 0 0 0 3 0 0 0 0 0 0 19 0 5 13 0 0 0 0 11 0 0 
0 0 0 0 0 0 0 0 0 16 9 0 0 0 0 0 0 2 2 0 7 9 15 0 8 15 0 11 0 0 0 1 0 0 10 0 12 0 0 2 0 0 0 0 0 0 0 0 0 0 0 0 0 9 2 0 0 0 0 6 0 0 0 0 0 0 0 0 0 0 
0 0 0 0 0 14 0 0 0 0 0 0 0 13 0 0 5 9 0 7 0 0 0 0 0 0 0 0 0 0 0 0 19 0 0 16 0 0 0 0 0 0 0 0 0 0 0 0 0 17 5 0 0 0 0 0 0 0 0 0 0 0 0 0 0 0 0 0 0 0 
0 10 0 16 0 0 18 0 5 0 0 3 0 17 17 0 12 0 0 12 0 13 0 0 0 0 17 0 0 0 0 13 0 0 0 0 0 0 0 0 0 0 6 0 0 0 0 0 0 0 0 0 0 0 0 0 6 4 0 0 4 0 0 0 0 0 0 0 0 0 
0 4 0 0 0 0 0 0 0 0 0 0 0 0 0 0 0 12 0 0 0 0 0 10 0 0 0 0 0 0 0 0 9 15 0 0 0 9 0 13 0 0 0 0 0 15 7 9 9 0 0 0 0 0 0 0 0 0 0 0 0 0 0 0 0 14 14 0 18 0 
0 1 0 0 13 0 4 0 0 15 0 0 6 0 0 0 0 0 0 0 0 0 0 0 0 0 0 0 0 0 0 0 0 0 7 0 0 0 14 0 0 0 0 0 0 0 0 0 0 0 0 0 0 0 0 5 19 0 0 0 0 0 0 14 0 0 16 0 0 0 
0 0 0 0 0 0 0 0 19 0 0 0 0 15 16 19 0 1 0 0 4 15 0 0 0 0 0 0 0 0 0 10 0 0 0 0 0 0 0 0 0 12 0 0 0 0 1 2 0 6 0 0 0 0 0 0 0 0 0 0 0 9 0 13 0 0 0 0 0 0 
