70

0 0 0 1 0 0 0 1 1 1 1 0 0 0 1 1 1 1 0 1 1 0 1 1 1 1 0 0 1 0 1 1 1 0 1 1 1 1 1 1 0 1 1 1 0 0 0 1 1 0 0 0 1 0 1 0 0 0 0 1 1 1 0 0 1 0 0 1 1 1 
0 0 1 0 0 0 1 1 1 0 1 1 1 1 1 0 1 1 1 0 1 1 1 0 0 0 1 1 0 1 0 1 1 0 1 0 1 0 1 0 0 0 0 1 0 1 1 1 1 0 0 0 1 0 0 0 1 1 1 0 0 1 1 0 1 0 1 0 0 1 
0 1 0 0 1 1 1 1 0 0 0 1 1 1 1 0 1 1 1 1 0 0 0 1 0 1 0 0 1 1 1 0 1 1 0 1 0 0 0 0 1 1 0 0 1 1 1 0 1 0 1 0 0 1 1 0 0 0 0 0 0 1 0 0 0 1 1 0 1 1 
1 0 0 0 1 1 1 1 1 1 1 0 0 0 0 1 1 0 1 1 0 1 0 1 1 1 1 1 1 1 0 0 1 1 0 0 0 1 1 1 1 1 1 1 0 1 0 0 1 1 0 1 1 0 1 1 0 0 0 0 0 1 0 0 0 0 0 1 1 0 
0 0 1 1 0 1 1 1 0 0 0 1 1 1 0 1 1 0 1 1 0 1 0 1 0 0 1 1 0 0 1 1 1 0 0 1 1 1 1 1 1 1 0 0 1 0 0 0 1 1 0 0 1 0 1 1 0 0 1 1 0 1 0 1 1 0 0 1 1 0 
0 0 1 1 1 0 0 1 0 1 1 0 0 1 1 1 1 1 1 1 1 0 1 1 1 0 0 0 0 1 0 1 1 1 1 1 1 1 1 1 0 0 1 0 1 1 1 0 1 0 0 1 1 1 0 1 0 1 0 0 0 1 0 0 1 0 1 1 1 0 
0 1 1 1 1 0 0 1 0 1 1 0 1 1 0 1 0 1 1 1 0 1 1 1 1 1 0 0 0 0 1 0 0 1 1 1 1 1 1 0 0 1 1 0 0 0 1 0 1 0 1 0 0 0 1 1 0 1 1 0 0 1 0 1 0 1 0 0 1 0 
1 1 1 1 1 1 1 0 1 1 1 0 1 0 1 0 1 0 1 1 1 0 1 1 0 1 1 0 1 0 1 0 0 0 0 0 1 0 0 0 0 1 0 1 1 0 1 0 0 1 1 1 0 0 1 1 1 1 1 0 0 0 1 1 1 0 0 1 1 0 
1 1 0 1 0 0 0 1 0 0 1 1 0 1 0 0 0 1 1 1 1 0 1 0 1 1 1 1 1 1 0 0 1 0 1 1 0 0 1 1 1 0 0 0 1 0 0 0 0 0 0 1 0 0 1 0 0 0 1 0 0 1 1 1 0 0 1 1 0 1 
1 0 0 1 0 1 1 1 0 0 0 1 0 1 0 1 1 1 0 0 1 1 0 0 1 0 1 1 0 0 0 1 1 1 1 1 1 0 0 0 0 0 1 0 0 0 1 1 0 1 0 1 1 1 0 0 0 0 1 0 1 0 0 1 0 1 0 1 1 1 
1 1 0 1 0 1 1 1 1 0 0 0 0 0 1 1 1 1 0 1 1 1 0 0 0 0 0 0 1 0 0 1 0 0 1 0 0 0 0 0 0 1 1 0 1 0 0 0 1 0 1 1 1 1 1 1 1 1 1 1 0 1 1 0 1 1 1 1 1 0 
0 1 1 0 1 0 0 0 1 1 0 0 0 1 1 1 0 1 0 1 0 1 0 1 0 1 0 0 0 1 0 1 0 1 1 1 1 0 1 1 0 1 1 1 0 1 1 0 1 0 0 1 0 0 1 1 1 1 0 0 1 1 1 0 0 0 1 1 1 0 
0 1 1 0 1 0 1 1 0 0 0 0 0 1 0 0 1 1 0 1 1 1 1 0 1 0 0 0 1 1 1 1 1 1 1 0 1 0 1 1 1 1 1 1 1 0 0 1 1 1 1 1 0 0 1 1 1 0 1 0 1 0 1 0 1 0 0 0 1 0 
0 1 1 0 1 1 1 0 1 1 0 1 1 0 1 0 1 1 1 0 1 0 0 0 1 0 1 0 1 1 1 0 1 0 1 0 1 0 0 0 0 1 1 1 0 1 1 1 1 1 1 1 1 1 1 1 0 1 1 1 1 0 1 1 1 1 1 1 1 0 
1 1 1 0 0 1 0 1 0 0 1 1 0 1 0 1 0 0 1 0 1 0 0 1 0 1 1 0 1 1 1 0 1 1 0 1 0 0 1 0 0 0 1 0 0 0 0 0 1 1 0 1 0 1 1 0 1 1 0 0 1 1 1 0 1 0 1 0 0 0 
1 0 0 1 1 1 1 0 0 1 1 1 0 0 1 0 1 0 1 0 0 1 0 1 0 1 1 1 1 0 1 1 1 1 0 0 0 1 0 1 0 0 0 1 1 0 1 0 1 0 0 1 1 1 0 1 0 0 0 1 0 1 1 1 0 1 1 1 0 1 
1 1 1 1 1 1 0 1 0 1 1 0 1 1 0 1 0 1 1 0 1 1 0 1 1 0 0 1 1 0 0 1 0 1 1 1 1 0 0 0 0 0 1 1 1 1 1 1 0 0 1 0 1 0 0 1 1 0 0 1 1 0 1 0 1 1 1 0 1 0 
1 1 1 0 0 1 1 0 1 1 1 1 1 1 0 0 1 0 0 1 1 0 1 1 0 1 0 1 1 1 1 1 0 1 1 0 1 0 1 1 1 1 0 1 0 1 1 0 1 0 0 1 0 1 1 0 1 1 1 1 0 0 1 1 1 1 0 0 1 1 
0 1 1 1 1 1 1 1 1 0 0 0 0 1 1 1 1 0 0 1 1 1 1 0 1 1 1 1 1 0 0 0 1 1 1 0 0 0 0 1 0 0 0 1 0 1 1 0 1 0 1 1 1 0 0 1 1 0 1 1 0 0 1 1 0 0 0 1 1 1 
1 0 1 1 1 1 1 1 1 0 1 1 1 0 0 0 0 1 1 0 1 0 0 1 0 1 1 1 1 1 0 1 1 1 1 1 0 0 0 0 1 1 1 0 0 1 1 0 0 0 0 1 1 1 0 1 1 0 0 1 1 1 0 1 0 1 1 0 0 1 
1 1 0 0 0 1 0 1 1 1 1 0 1 1 1 0 1 1 1 1 0 1 1 1 1 1 0 1 1 1 1 1 0 1 1 1 0 0 0 0 0 0 1 1 1 1 1 1 1 1 0 0 1 1 1 1 1 1 1 0 0 0 0 1 1 1 0 1 0 0 
0 1 0 1 1 0 1 0 0 1 1 1 1 0 0 1 1 0 1 0 1 0 1 1 1 1 1 0 0 1 1 0 0 1 1 0 1 0 1 1 0 1 0 0 0 1 1 0 1 1 0 1 1 1 0 1 0 1 1 1 0 1 1 1 1 0 0 1 0 1 
1 1 0 0 0 1 1 1 1 0 0 0 1 0 0 0 0 1 1 0 1 1 0 1 1 1 1 1 0 0 1 0 1 1 0 0 1 0 0 1 0 0 1 0 0 1 1 0 1 1 0 1 1 1 1 1 1 0 1 1 1 1 1 1 1 1 0 1 1 1 
1 0 1 1 1 1 1 1 0 0 0 1 0 0 1 1 1 1 0 1 1 1 1 0 1 0 1 0 1 0 1 1 1 1 0 1 0 0 0 0 1 1 1 0 1 1 1 1 1 1 1 0 1 0 1 0 1 0 1 0 0 0 1 0 1 0 0 1 0 0 
1 0 0 1 0 1 1 0 1 1 0 0 1 1 0 0 1 0 1 0 1 1 1 1 0 1 0 0 0 0 1 0 1 1 1 0 0 1 0 0 0 0 1 0 1 1 0 1 1 1 0 1 0 1 1 0 1 1 0 1 0 0 0 1 1 1 1 1 0 0 
1 0 1 1 0 0 1 1 1 0 0 1 0 0 1 1 0 1 1 1 1 1 1 0 1 0 0 0 1 0 1 1 1 1 1 0 1 1 1 1 1 0 0 0 1 0 1 1 1 0 1 1 1 0 1 0 1 1 0 1 1 0 1 0 0 0 1 0 1 1 
0 1 0 1 1 0 0 1 1 1 0 0 0 1 1 1 0 0 1 1 0 1 1 1 0 0 0 0 0 1 1 1 0 0 1 1 1 1 0 1 0 1 0 0 1 0 0 0 1 0 1 0 1 1 1 0 0 1 0 0 0 0 1 1 1 0 0 1 0 0 
0 1 0 1 1 0 0 0 1 1 0 0 0 0 0 1 1 1 1 1 1 0 1 0 0 0 0 0 0 1 1 1 1 1 1 1 1 1 1 0 1 1 1 1 0 0 1 0 1 0 0 0 1 1 1 0 1 0 0 1 1 0 0 1 1 1 0 1 1 0 
1 0 1 1 0 0 0 1 1 0 1 0 1 1 1 1 1 1 1 1 1 0 0 1 0 1 0 0 0 1 0 0 0 1 0 1 1 0 1 0 0 1 0 0 1 0 1 0 1 0 1 0 1 1 1 1 1 1 0 1 1 0 0 1 1 1 0 1 1 1 
0 1 1 1 0 1 0 0 1 0 0 1 1 1 1 0 0 1 0 1 1 1 0 0 0 0 1 1 1 0 1 1 1 0 0 1 1 0 0 1 1 1 0 0 1 0 0 1 0 1 1 0 0 1 0 1 1 1 1 1 1 1 0 0 1 0 1 1 0 0 
1 0 1 0 1 0 1 1 0 0 0 0 1 1 1 1 0 1 0 0 1 1 1 1 1 1 1 1 0 1 0 1 0 1 1 1 1 0 1 1 0 1 1 1 0 1 1 1 1 1 1 0 0 1 0 1 0 1 1 1 0 0 1 0 1 0 0 1 1 1 
1 1 0 0 1 1 0 0 0 1 1 1 1 0 0 1 1 1 0 1 1 0 0 1 0 1 1 1 0 1 1 0 0 1 1 0 1 0 1 0 1 0 0 1 1 1 1 0 0 1 1 1 1 1 1 1 0 1 1 0 1 1 1 0 1 1 1 0 0 1 
1 1 1 1 1 1 0 0 1 1 0 0 1 1 1 1 0 0 1 1 0 0 1 1 1 1 0 1 0 1 0 0 0 1 1 1 1 1 0 1 1 1 0 1 1 0 1 0 1 1 1 0 1 1 1 1 1 1 0 1 1 0 0 0 0 1 1 1 1 0 
0 0 1 1 0 1 1 0 0 1 0 1 1 0 1 1 1 1 1 1 1 1 1 1 1 1 0 1 1 0 1 1 1 0 1 1 1 0 1 0 1 0 1 1 0 1 1 0 1 0 1 0 0 0 0 0 1 0 1 0 1 0 0 1 1 1 0 1 1 0 
1 1 0 0 0 1 1 0 1 1 1 1 1 1 0 0 1 1 1 1 1 1 0 0 1 1 1 1 0 0 1 1 1 1 0 1 1 1 1 0 1 0 1 1 0 1 1 1 1 0 0 1 0 1 1 0 1 0 1 1 0 0 0 0 1 1 1 1 1 1 
1 0 1 0 1 1 1 0 1 1 0 1 0 0 1 0 1 0 0 1 1 0 0 1 0 0 1 1 1 1 1 0 1 1 1 0 1 0 1 1 0 0 1 1 1 0 1 0 1 0 0 0 1 1 0 1 1 1 1 1 1 0 0 1 0 1 1 1 0 0 
1 1 0 0 1 1 1 1 0 1 0 1 1 1 0 0 1 1 0 0 0 1 1 0 0 1 1 1 1 1 1 1 1 1 1 1 0 0 1 0 0 0 1 1 1 1 1 1 0 0 1 1 1 0 1 1 1 1 0 0 0 1 0 1 0 0 1 0 1 1 
1 0 0 1 1 1 1 0 0 0 0 0 0 0 0 1 0 0 0 0 0 0 0 0 1 1 1 1 0 0 0 0 1 0 1 0 0 0 1 1 1 1 0 1 1 1 1 1 0 1 0 1 1 0 0 1 0 1 1 0 1 0 0 1 1 0 0 1 1 1 
1 1 0 1 1 1 1 0 1 0 0 1 1 0 1 0 0 1 0 0 0 1 0 0 0 1 0 1 1 0 1 1 0 1 1 1 1 1 0 1 1 1 1 0 1 0 1 0 1 0 1 0 1 0 1 0 1 1 0 1 1 1 1 1 1 1 1 0 1 0 
1 0 0 1 1 1 0 0 1 0 0 1 1 0 0 1 0 1 1 0 0 1 1 0 0 1 1 0 0 1 1 0 1 0 0 1 0 1 1 0 1 0 0 0 0 1 1 0 1 1 1 0 1 1 1 0 0 1 1 1 0 1 0 1 1 1 1 0 0 0 
0 0 1 1 1 0 0 0 1 0 0 0 1 0 0 0 0 1 0 1 0 0 0 1 0 1 0 1 0 1 0 1 1 1 1 0 0 1 1 1 0 1 1 1 1 1 0 0 1 1 0 1 1 1 0 0 0 1 1 1 1 1 1 1 1 1 1 0 1 1 
1 0 1 1 1 0 1 1 0 0 1 1 1 1 0 0 0 1 0 1 0 1 0 1 0 0 1 1 1 1 1 0 1 0 0 0 0 1 1 0 1 0 1 1 1 1 0 0 1 0 1 1 1 1 1 1 1 1 1 0 0 1 0 1 1 1 0 0 0 0 
1 0 0 1 0 1 1 0 0 1 1 1 1 1 1 0 1 0 0 1 1 0 1 1 1 0 0 1 0 0 1 0 0 1 1 1 1 0 1 0 1 1 0 0 1 1 0 1 1 0 1 1 0 0 0 0 1 1 0 0 1 1 0 1 1 0 0 1 0 1 
1 1 0 1 0 0 0 1 0 0 0 1 1 1 0 1 1 1 1 0 1 0 0 0 0 0 0 1 0 0 1 1 1 1 1 1 1 1 0 0 1 1 0 0 1 1 0 1 0 0 0 1 1 1 0 1 1 0 0 1 1 1 0 0 0 0 0 0 1 1 
0 0 1 0 1 1 0 1 1 0 1 0 1 0 0 1 1 0 0 0 1 0 0 1 1 1 1 0 1 1 0 1 1 0 0 1 1 1 1 0 1 1 1 1 0 1 0 0 0 0 1 1 0 1 1 1 1 0 1 1 1 0 1 1 1 1 0 1 1 0 
0 1 1 1 0 1 0 0 0 0 0 1 0 1 0 0 1 1 1 1 1 1 1 1 1 0 0 0 0 0 1 1 0 1 1 0 1 1 0 1 1 1 1 1 1 0 1 1 1 0 0 1 0 0 0 1 1 0 1 1 1 0 1 0 0 1 0 1 1 0 
0 1 1 0 0 1 1 1 0 1 0 1 0 1 0 1 1 1 1 1 1 1 1 1 0 1 0 1 1 0 1 1 1 1 1 1 1 1 1 1 0 0 0 0 0 1 0 0 0 0 1 1 1 1 0 0 0 0 1 0 1 0 0 0 1 1 1 1 0 1 
1 1 0 0 0 0 0 0 0 1 0 0 1 1 0 0 1 0 0 0 1 0 0 1 1 1 0 0 0 1 1 0 0 0 1 0 1 1 0 0 0 0 1 1 0 1 0 0 0 0 1 0 1 1 0 1 1 1 1 1 0 1 0 1 1 0 1 1 1 0 
1 1 1 1 1 1 1 0 0 0 1 1 1 1 1 1 0 1 1 0 1 1 1 1 1 1 1 1 1 0 1 0 1 1 1 1 0 0 1 1 1 1 1 0 0 1 0 0 0 0 0 1 1 1 1 0 0 1 1 0 1 1 1 0 0 1 1 1 1 0 
0 0 0 1 1 0 0 1 0 1 0 0 1 1 1 0 0 0 0 0 1 1 1 1 1 0 0 0 0 1 1 1 1 0 0 0 0 1 0 1 1 0 0 0 0 0 0 0 0 0 0 1 0 0 1 1 1 0 0 1 1 0 0 0 0 1 1 1 1 0 
0 0 1 0 0 0 1 1 0 0 1 0 1 1 0 0 1 0 1 0 0 0 0 1 0 1 1 0 1 1 1 1 1 1 0 0 1 0 1 1 0 1 1 0 1 0 1 1 0 0 0 0 1 0 0 1 0 1 1 1 0 0 1 1 1 0 1 0 1 1 
0 0 0 1 0 1 0 1 1 1 1 1 1 1 1 1 0 1 1 1 0 1 1 0 1 1 0 0 0 0 0 1 0 0 1 0 1 1 0 0 1 1 1 1 1 1 1 0 1 1 0 0 1 0 0 1 0 0 0 0 1 1 0 1 0 0 0 0 0 0 
1 1 0 1 1 1 0 0 0 1 1 0 0 1 0 1 1 0 1 1 1 1 1 1 0 1 1 1 1 0 0 1 1 0 0 1 1 1 1 1 1 1 0 1 0 0 1 1 1 0 1 1 0 0 0 1 0 0 1 1 1 1 0 1 0 0 1 0 1 1 
0 0 1 0 0 1 0 0 0 1 1 0 0 1 1 1 0 1 0 1 1 1 1 0 1 0 1 1 1 1 1 1 1 0 1 1 0 0 0 1 1 1 0 1 1 0 1 1 1 0 0 0 0 0 0 0 0 0 0 0 1 0 1 0 1 0 1 1 1 1 
1 0 1 1 1 0 1 1 1 0 1 1 1 1 1 0 0 1 0 0 1 0 1 1 1 1 1 1 1 0 0 1 1 0 1 0 1 0 1 1 0 1 0 0 1 0 0 0 1 1 0 0 0 0 0 0 0 1 0 1 1 1 1 1 1 1 0 0 1 0 
0 0 0 1 1 1 1 1 0 0 1 1 1 1 0 1 1 0 1 1 1 1 1 0 0 0 0 0 1 1 1 1 1 0 0 1 1 1 0 0 0 1 0 1 1 1 0 1 0 1 1 1 1 0 0 0 1 0 1 1 1 1 0 1 1 1 1 0 1 0 
0 1 0 0 0 0 0 1 0 0 1 1 1 0 1 0 1 1 1 1 1 0 1 1 1 1 0 1 1 1 0 0 1 1 1 1 1 0 1 0 0 1 1 1 1 1 0 1 0 1 0 0 0 0 0 1 0 1 1 1 0 1 0 1 1 0 1 1 1 1 
0 1 0 0 0 1 1 1 0 0 1 1 0 1 1 0 0 1 0 0 1 1 0 0 1 1 1 0 1 1 1 1 1 0 0 1 1 1 1 1 1 1 1 0 0 0 0 1 1 0 1 0 0 0 1 0 1 0 0 1 1 0 1 0 0 0 1 0 1 0 
0 1 0 0 1 0 1 1 1 1 1 0 1 1 0 0 0 1 1 0 1 1 1 1 0 0 0 0 0 1 1 1 0 1 1 1 0 1 0 1 1 1 0 0 1 1 1 1 1 0 1 0 1 0 0 1 1 0 0 1 1 1 0 0 1 1 0 0 1 1 
1 0 0 0 1 0 0 0 0 0 1 0 0 1 0 1 1 1 1 1 0 1 1 0 1 1 0 1 1 1 1 0 1 0 1 1 0 0 1 1 1 0 0 1 1 1 0 1 0 1 1 0 1 0 1 1 1 1 1 0 1 0 0 1 0 1 0 1 1 1 
1 0 0 0 0 0 0 0 0 1 0 1 1 1 1 0 1 0 0 1 0 0 1 0 0 1 0 1 1 1 0 1 1 1 0 1 0 1 1 0 1 0 1 1 1 1 1 0 1 1 0 1 1 1 1 1 0 1 1 1 0 1 1 1 0 0 1 0 1 1 
1 1 1 1 1 1 1 0 1 0 1 1 0 0 1 1 0 0 0 1 0 1 1 0 0 0 0 0 0 1 0 1 0 0 0 0 1 0 1 1 1 1 1 1 0 0 0 1 1 0 0 1 1 0 1 1 1 0 1 0 1 0 1 1 1 0 1 1 0 1 
0 1 0 0 0 0 0 1 1 0 1 1 1 1 1 1 1 1 1 0 0 1 1 1 0 1 1 0 0 0 1 1 0 0 0 0 0 0 1 0 1 0 0 0 1 1 0 0 1 0 1 0 0 1 1 0 0 1 0 0 1 1 0 0 1 0 1 1 0 1 
0 0 0 0 1 0 1 1 1 1 0 0 0 1 0 1 0 1 1 1 1 1 1 0 1 0 1 1 1 0 0 0 0 1 0 1 1 1 1 1 1 1 1 0 1 0 0 1 0 0 1 1 1 0 1 1 1 0 0 1 1 1 0 0 0 0 1 1 1 1 
1 1 0 0 1 1 0 1 0 0 1 0 1 1 1 0 1 1 0 0 1 1 1 1 1 0 1 1 1 1 1 1 0 1 1 0 0 1 1 1 1 1 1 0 1 0 1 1 0 0 1 0 0 1 1 1 1 0 1 0 0 1 1 0 0 0 0 1 0 1 
0 0 1 0 0 0 1 0 0 1 1 0 0 1 0 1 1 1 0 1 1 0 1 0 1 0 0 1 1 0 0 1 1 1 1 1 0 0 1 1 1 1 0 0 1 1 1 0 1 1 0 0 0 0 1 1 0 0 1 1 0 0 0 0 0 0 0 0 1 1 
0 1 1 0 0 1 0 0 1 0 1 1 0 1 1 1 1 0 0 1 0 0 0 0 1 1 0 0 0 1 0 1 1 0 1 1 1 0 1 1 1 0 0 0 0 0 1 1 1 1 1 0 1 1 0 1 1 1 0 0 1 1 1 1 0 0 0 0 0 0 
1 0 0 1 1 1 0 1 1 1 1 1 0 1 0 1 0 0 1 0 1 1 1 1 1 0 1 1 1 1 1 0 1 1 1 1 0 1 0 0 0 0 1 0 1 1 1 1 1 1 0 0 0 1 0 0 1 0 0 1 0 1 1 1 1 0 0 0 1 0 
1 0 1 1 1 1 1 1 0 1 1 1 1 1 0 0 1 1 1 0 0 0 1 0 0 1 0 1 1 0 1 0 1 1 1 0 1 1 1 0 1 0 0 1 1 1 0 1 1 1 1 0 1 1 1 1 1 1 1 1 1 0 0 1 0 1 0 1 0 0 
1 1 1 0 0 0 0 0 1 1 0 0 0 0 0 1 0 1 1 1 0 1 1 0 0 1 0 0 1 0 1 1 0 0 1 0 1 1 0 0 1 0 1 1 0 0 1 0 0 0 1 0 1 1 0 0 1 0 1 1 1 1 1 1 1 1 0 0 0 0 

0 0 0 0 0 0 0 0 3 0 0 10 0 0 0 3 0 0 0 0 0 5 0 0 15 17 0 0 0 0 0 0 2 0 0 0 14 0 6 0 0 0 9 1 0 0 0 0 0 0 0 0 0 0 0 0 19 2 0 0 0 12 0 0 11 0 0 1 0 0 
0 0 0 8 0 15 0 0 9 0 0 0 0 0 0 0 4 0 0 0 4 0 0 0 0 0 1 0 4 9 19 0 0 8 0 0 14 0 0 0 0 0 0 0 0 17 0 11 0 0 1 12 0 0 0 0 0 0 0 1 0 0 0 0 0 6 0 0 10 0 
0 0 0 10 0 0 0 0 4 0 0 0 0 0 0 0 0 9 0 17 0 0 9 0 0 0 0 4 0 0 0 13 0 0 0 0 0 0 0 0 0 0 0 0 0 0 0 0 12 0 0 0 0 0 0 0 11 0 0 0 1 0 0 1 0 0 19 0 0 0 
0 0 0 0 0 0 0 0 0 0 0 0 0 1 0 0 0 0 0 0 13 0 0 0 11 0 0 0 0 0 0 0 0 0 0 0 0 0 0 0 0 0 0 0 17 11 0 0 0 0 7 0 0 0 17 0 0 0 0 0 0 0 3 10 0 0 0 9 0 0 
0 0 0 0 0 0 9 0 0 0 0 0 13 0 0 0 0 0 0 0 0 0 0 0 0 0 0 0 0 0 0 16 15 14 0 6 0 0 0 0 0 18 0 0 19 0 0 0 0 0 0 0 0 0 0 0 0 0 0 0 0 0 0 0 0 0 0 3 0 0 
0 0 0 17 0 0 0 0 0 16 0 0 16 1 0 0 0 0 1 0 0 0 0 0 0 0 17 0 0 0 0 0 0 0 0 0 15 0 0 0 0 0 0 0 4 0 1 0 0 13 0 0 0 0 0 0 0 13 0 0 0 0 0 12 0 0 0 0 0 6 
1 0 0 0 0 0 0 0 0 0 0 18 10 1 0 0 0 0 1 0 0 12 0 0 13 0 0 8 0 0 0 0 1 0 0 20 0 0 0 0 0 0 11 0 0 0 0 0 0 0 0 0 0 0 0 0 0 12 12 0 0 2 0 0 0 12 0 0 0 0 
0 0 0 0 0 0 0 0 0 0 0 0 0 0 0 2 0 0 0 0 0 0 0 0 0 0 9 1 0 0 12 0 0 0 0 13 0 0 0 0 0 0 0 0 0 0 0 0 0 0 0 0 0 0 0 0 0 0 0 0 0 0 0 13 0 0 0 9 0 0 
16 0 0 0 0 0 0 0 0 0 0 0 8 0 6 0 0 0 0 0 0 8 0 12 0 0 0 17 0 1 0 0 17 0 0 5 7 11 0 0 4 0 0 0 0 14 0 0 0 0 2 0 0 0 0 0 12 7 0 0 0 14 0 0 19 8 0 0 0 0 
9 0 0 19 4 0 0 13 0 0 0 0 0 0 0 0 0 0 0 0 0 6 0 11 0 0 0 0 1 4 0 0 0 0 0 0 0 0 11 0 0 0 0 0 0 0 0 4 0 5 18 0 0 0 0 0 0 1 0 19 0 0 0 2 5 0 0 3 8 0 
0 0 0 0 14 0 0 0 0 0 0 0 11 0 0 0 0 0 5 0 0 0 0 0 0 0 0 0 0 0 0 0 0 19 0 0 0 17 5 0 0 0 7 0 0 0 0 0 0 0 0 0 3 0 0 0 0 4 16 0 0 0 0 0 0 17 0 19 0 0 
2 0 0 0 0 0 0 0 0 0 0 0 0 0 0 0 0 0 0 0 0 0 0 0 0 0 0 5 0 20 0 0 0 0 0 3 0 0 0 0 0 0 0 0 0 0 14 0 0 0 0 20 0 0 0 4 0 11 0 0 15 0 0 0 0 12 0 0 6 0 
8 9 5 15 0 0 0 0 0 6 0 0 0 0 0 12 0 0 0 0 0 0 0 20 0 0 0 0 8 0 0 0 5 0 0 0 0 0 12 0 0 0 0 0 14 0 0 9 15 0 0 0 0 0 4 0 0 0 6 17 0 0 5 7 0 0 0 0 0 0 
2 0 11 0 0 0 0 0 1 0 0 20 0 0 0 8 0 0 0 0 0 0 0 0 0 0 0 0 0 16 0 14 0 9 0 6 0 0 0 0 5 0 0 0 13 14 10 0 0 0 0 0 0 0 0 2 0 18 0 0 0 0 13 0 0 0 0 0 0 0 
0 0 0 2 0 0 0 0 0 0 0 0 0 0 0 0 0 0 0 3 0 0 0 0 0 0 0 0 0 0 0 2 0 11 0 13 0 0 0 0 19 0 14 0 0 0 0 0 7 15 0 15 0 0 9 0 0 0 0 0 0 0 0 0 0 12 0 0 0 0 
0 4 0 9 0 0 0 0 8 0 2 0 2 0 0 0 0 0 0 0 0 0 0 3 0 0 0 0 0 0 0 0 0 0 0 0 20 0 0 0 15 0 0 0 17 0 0 0 0 0 0 0 0 0 0 0 0 0 0 0 0 0 0 0 16 4 0 0 0 0 
13 0 0 0 7 0 0 19 0 13 0 0 1 0 0 13 0 0 0 12 0 1 0 0 13 0 0 0 1 0 10 0 0 0 19 0 19 0 0 0 18 15 0 5 0 0 0 0 0 0 18 0 0 0 20 0 14 4 0 4 0 0 0 5 0 0 16 0 0 0 
0 3 13 0 0 0 0 0 0 0 0 0 0 0 6 0 0 0 4 0 0 16 0 12 0 0 0 0 0 0 0 0 0 0 10 0 0 0 0 0 0 0 0 0 0 0 0 0 0 6 0 0 0 0 10 0 0 0 0 0 2 16 5 0 8 0 0 0 15 0 
0 0 0 0 11 0 0 0 0 0 0 0 0 0 0 7 19 0 0 0 0 0 4 11 0 2 0 0 0 0 0 0 0 13 0 0 15 0 0 0 0 0 1 0 19 0 0 0 0 10 0 0 0 7 0 0 0 16 0 0 0 0 0 0 0 0 0 0 0 0 
0 0 0 13 0 14 10 0 0 16 0 3 0 0 0 0 0 0 0 0 0 0 11 0 0 0 6 0 0 0 0 0 0 0 10 0 0 0 0 11 0 0 0 0 13 0 0 0 0 11 9 0 0 0 0 0 0 0 0 0 0 13 6 0 0 0 0 0 0 0 
0 0 0 0 0 18 0 0 0 0 0 0 6 12 0 0 0 0 0 0 0 0 12 0 0 0 0 0 0 5 0 13 2 0 0 0 0 0 0 3 0 0 0 6 0 0 0 0 0 0 16 0 1 13 0 0 0 2 7 0 0 0 0 6 0 0 1 0 0 0 
0 17 0 0 9 0 0 14 0 0 0 0 2 6 0 0 8 20 0 0 0 0 0 0 6 0 19 0 0 5 0 0 0 0 8 0 0 0 0 7 0 10 2 0 0 0 0 0 0 0 4 0 0 0 0 0 13 20 0 0 0 0 0 0 0 0 0 4 5 0 
0 0 0 0 0 0 0 0 0 15 14 15 9 0 0 0 0 0 0 0 0 0 0 0 19 0 0 12 0 0 0 0 0 0 0 0 0 0 0 0 0 0 0 0 0 0 0 0 0 0 0 0 0 17 0 15 0 0 0 0 0 0 0 0 0 0 0 0 0 7 
0 0 0 20 0 0 0 0 0 8 0 0 0 0 0 0 0 2 0 0 15 0 0 0 0 12 0 0 0 0 14 0 0 0 0 5 0 0 0 16 0 0 0 8 0 0 0 0 0 0 0 0 7 0 0 0 0 0 0 0 0 0 0 0 0 0 7 0 0 0 
2 0 0 0 0 0 0 0 0 0 0 0 0 0 0 10 14 20 4 0 0 0 0 0 0 0 0 0 0 0 0 0 0 8 2 0 0 0 0 7 0 0 0 5 0 0 7 0 0 0 0 0 1 0 20 0 0 0 4 0 0 0 16 0 0 0 0 0 0 0 
0 11 0 0 0 0 0 12 0 0 0 0 0 0 0 0 0 0 0 0 0 0 0 0 0 0 0 0 0 0 0 0 12 0 0 0 6 0 0 0 0 0 0 0 0 0 0 0 0 0 0 0 0 0 5 7 0 15 18 0 0 0 0 12 0 0 0 0 0 14 
0 0 0 0 0 20 0 12 0 0 0 0 0 1 0 0 0 0 19 0 0 0 0 0 0 0 0 0 15 0 0 0 7 12 0 0 0 0 8 0 14 0 0 0 0 0 0 0 0 0 0 16 0 0 0 0 0 19 0 0 0 0 3 0 0 0 0 9 0 0 
0 0 0 0 9 5 8 0 0 0 4 15 11 0 0 2 0 0 0 0 0 18 0 15 0 0 13 0 0 0 0 0 8 0 0 0 0 0 0 0 0 0 0 0 0 0 0 15 0 14 0 6 0 0 0 0 0 0 2 0 0 0 0 14 0 0 0 0 0 0 
0 0 0 0 0 0 0 0 0 0 0 0 0 0 0 0 0 0 0 18 0 0 10 0 0 0 0 18 0 0 0 0 0 0 8 0 0 14 8 0 0 0 0 0 0 0 0 0 0 0 0 11 0 0 0 0 6 0 0 7 0 0 0 0 0 0 18 0 0 17 
0 0 0 0 0 0 12 0 3 0 0 0 0 4 0 0 0 0 0 0 0 0 0 0 0 0 0 0 0 0 0 0 0 0 0 10 0 0 18 0 0 0 0 0 0 0 0 0 0 0 0 16 0 0 0 0 0 0 0 0 19 0 0 17 0 0 0 0 0 0 
0 0 0 0 0 0 0 11 0 0 0 0 0 0 0 0 0 0 0 0 0 0 0 10 0 0 0 0 0 0 0 7 0 0 2 0 0 0 0 0 0 0 0 0 0 0 0 0 0 0 0 0 1 0 0 13 0 6 16 7 0 0 0 0 0 0 0 0 0 0 
1 0 0 0 0 18 0 0 0 0 0 0 0 9 0 0 0 9 0 9 0 0 0 0 0 0 10 0 0 0 0 0 18 11 0 0 8 0 0 0 0 0 10 0 0 0 0 4 0 0 0 0 0 0 1 0 0 0 0 0 0 10 0 7 0 0 10 0 0 0 
0 3 0 0 0 0 0 6 14 0 0 0 0 0 0 0 0 16 0 0 0 0 0 6 0 0 0 0 7 0 0 0 0 0 0 0 0 19 0 7 0 0 0 1 0 16 0 0 0 0 12 0 2 0 0 0 0 0 0 20 0 0 7 0 0 0 0 0 0 0 
0 0 15 0 0 0 0 0 0 0 2 17 0 12 0 0 0 6 0 16 0 0 6 0 0 0 0 12 0 9 0 16 0 0 0 0 0 11 0 1 0 0 0 0 0 0 20 0 0 0 0 9 0 0 0 10 0 4 0 0 0 0 0 0 1 16 0 0 0 0 
0 0 4 0 0 0 0 0 0 0 0 13 0 0 0 0 0 0 11 0 0 0 0 0 0 0 0 0 0 9 0 0 0 0 0 0 0 5 0 15 0 0 0 0 0 1 0 0 0 17 17 0 0 0 0 0 0 1 0 0 16 18 0 0 0 0 0 0 0 0 
0 0 0 0 0 0 0 0 0 0 0 0 0 0 0 0 0 0 0 0 0 14 1 0 0 0 3 4 0 0 0 0 1 0 0 0 14 0 0 20 0 0 0 0 5 16 0 0 0 0 12 0 0 13 0 0 0 1 0 0 0 1 0 0 0 0 0 5 0 0 
0 1 16 0 0 13 0 0 0 0 7 0 15 0 0 0 0 0 15 0 10 0 5 0 0 8 8 0 0 12 10 0 17 0 1 0 0 0 0 0 0 14 0 0 0 16 10 0 10 0 0 0 0 0 0 3 0 0 5 4 0 7 0 0 0 0 0 0 0 0 
0 0 0 0 17 8 0 0 0 0 0 0 17 13 0 3 0 0 0 0 0 0 5 16 0 0 6 5 16 0 19 0 0 0 0 0 0 0 0 0 5 15 0 0 0 0 20 0 0 0 0 0 0 3 0 0 0 0 0 0 9 0 2 4 0 0 0 0 0 18 
0 0 4 2 19 0 0 13 0 12 11 0 0 5 0 0 0 16 0 0 0 0 0 0 0 0 0 0 0 0 0 0 0 0 0 0 0 0 0 0 0 0 0 0 0 0 0 0 0 0 1 0 0 0 0 0 10 0 0 0 0 0 0 0 0 0 14 0 13 18 
0 0 0 0 0 0 18 0 0 0 0 13 0 0 0 0 0 0 0 12 0 0 2 0 0 17 0 0 0 0 0 0 0 1 2 0 0 17 0 0 0 5 2 0 0 0 8 0 0 0 0 0 0 0 0 0 0 0 0 20 0 0 0 0 0 0 0 7 0 0 
0 0 6 0 0 0 0 14 0 0 9 0 0 0 0 11 0 0 0 0 0 2 0 0 0 16 0 8 0 0 0 0 0 0 0 3 0 15 0 0 0 0 0 2 0 0 0 0 0 15 0 0 0 0 12 0 0 0 0 0 5 1 19 0 0 14 1 0 0 0 
0 0 0 0 0 0 2 0 0 0 0 16 0 6 0 0 14 0 0 11 20 0 1 0 0 0 0 10 0 0 0 3 0 0 19 17 5 0 0 0 0 0 0 0 0 0 0 0 0 0 0 0 0 0 0 0 0 10 0 0 18 2 10 0 0 0 10 0 0 11 
0 1 0 0 0 0 0 0 0 0 0 0 14 0 0 0 0 0 13 0 0 8 0 0 0 0 0 20 0 15 0 0 0 0 0 0 0 0 0 11 0 0 0 7 0 0 0 17 0 19 0 0 19 0 7 0 0 0 19 18 0 0 11 0 0 2 0 0 0 0 
10 0 0 0 0 0 0 0 0 1 5 0 0 0 0 0 0 0 0 0 0 0 0 0 8 0 0 0 0 0 0 0 0 0 0 0 0 0 0 0 0 0 18 0 0 0 0 0 0 0 0 0 0 0 0 13 0 0 9 0 0 0 11 0 13 0 0 0 0 0 
0 0 0 0 18 0 0 0 0 0 0 0 0 0 0 0 0 16 0 0 13 0 18 0 17 0 0 0 0 0 0 4 0 0 0 0 0 0 1 0 1 0 0 10 0 0 18 0 0 0 0 0 0 1 0 0 0 0 0 0 0 0 2 16 0 0 0 6 0 0 
0 0 0 0 0 18 0 0 0 0 0 0 0 0 17 0 8 0 0 11 0 0 0 0 0 5 0 0 0 0 0 0 19 0 0 0 0 0 0 0 0 4 0 0 0 0 0 0 0 0 0 0 0 0 0 9 0 0 0 0 2 18 0 0 0 13 1 0 0 0 
0 0 0 0 0 0 0 0 0 0 0 0 0 0 0 0 0 0 0 0 0 0 0 0 0 0 0 0 0 0 17 0 11 0 0 0 0 0 3 0 0 0 0 0 0 12 0 6 0 0 0 0 0 18 17 8 20 0 0 0 0 0 1 0 0 20 9 0 0 0 
0 0 0 0 0 0 0 14 0 1 16 0 0 0 0 0 0 2 0 14 0 0 0 0 0 0 0 0 0 0 0 0 0 0 0 15 0 0 14 0 0 0 0 0 0 0 0 0 0 0 20 6 0 0 13 0 0 0 6 0 0 0 0 0 0 5 0 18 0 0 
0 0 0 0 0 0 0 0 0 0 0 7 0 0 0 0 1 0 0 0 0 0 0 0 0 0 0 0 0 10 0 0 13 0 6 0 0 17 0 0 0 15 0 12 0 0 0 0 0 10 0 0 0 0 16 0 0 0 0 0 0 0 9 0 0 2 0 0 0 13 
5 0 0 0 0 0 0 0 0 0 0 6 12 0 0 11 0 0 12 0 0 0 0 0 0 14 12 0 0 0 0 0 0 0 0 0 17 0 7 0 0 0 0 0 0 0 0 2 0 0 0 20 0 0 0 15 0 0 0 0 0 20 0 8 0 0 0 0 0 0 
0 0 0 0 0 0 0 5 0 0 0 0 0 0 0 0 14 0 0 0 7 0 11 0 0 0 12 13 0 10 0 0 0 0 0 0 0 3 0 0 0 0 0 0 0 0 0 8 15 0 0 0 0 0 15 0 0 0 0 0 0 7 0 18 0 14 17 0 2 0 
0 0 16 3 0 0 0 0 0 0 0 0 0 0 0 0 0 0 0 0 0 6 0 8 0 0 0 0 0 0 2 0 0 6 8 0 0 0 3 0 0 0 0 0 0 0 10 0 0 7 0 0 18 0 0 0 0 0 0 17 1 0 17 0 0 0 0 0 8 0 
0 0 0 0 0 2 0 5 5 6 0 18 0 0 0 0 3 0 0 0 0 0 1 0 0 0 0 0 0 0 0 0 0 0 0 0 0 0 0 0 0 0 0 1 0 0 0 0 0 0 0 0 0 0 0 0 0 0 0 0 17 0 0 0 0 9 0 0 0 0 
0 0 0 0 0 0 0 0 15 0 0 0 0 0 0 0 0 0 0 19 0 0 0 0 0 0 8 0 0 0 5 0 14 0 0 0 0 0 0 0 0 0 9 0 0 0 0 0 0 0 10 0 9 0 10 0 0 0 0 12 0 0 0 0 0 0 0 8 10 0 
0 0 0 0 0 15 2 0 3 0 0 0 0 0 6 0 0 0 0 0 0 3 0 5 0 0 0 3 0 0 0 0 0 0 0 0 0 0 6 17 0 0 0 4 0 0 0 0 0 17 0 0 0 0 0 14 0 0 0 0 0 0 0 0 7 0 0 15 0 0 
0 0 2 0 5 0 0 0 0 0 3 1 0 1 0 0 0 0 19 0 0 0 2 0 0 0 0 0 0 0 0 0 14 0 0 0 19 0 0 0 0 0 0 0 0 1 0 0 3 9 0 19 0 0 0 0 13 10 0 0 0 0 15 0 0 0 0 0 0 0 
0 0 0 0 0 0 5 0 0 6 0 0 5 0 0 16 0 0 0 0 0 0 0 0 0 0 0 11 0 18 9 0 0 0 17 0 1 15 0 0 13 0 9 0 0 12 7 0 0 0 0 0 0 0 0 0 0 0 7 0 0 0 2 0 0 0 0 0 0 0 
0 0 0 9 0 19 0 0 0 0 14 3 0 0 0 0 0 0 0 0 0 0 9 12 0 0 0 12 0 0 0 0 0 0 0 0 0 0 0 0 0 0 0 0 0 0 0 0 14 0 0 0 0 8 0 0 0 0 0 0 0 0 0 0 0 0 0 0 0 7 
14 0 16 0 0 0 0 0 0 0 0 0 0 4 0 3 0 0 0 0 0 0 0 13 0 0 0 0 1 19 0 0 0 0 0 8 8 0 0 7 0 0 17 0 0 11 0 0 20 0 7 0 0 0 0 0 0 0 0 0 0 0 0 0 1 12 0 0 0 0 
1 14 0 0 0 0 1 0 0 0 0 0 0 0 0 1 8 18 0 0 0 0 0 0 0 0 0 0 0 0 0 0 0 0 0 0 0 6 0 0 0 0 0 0 0 7 0 0 14 0 14 0 0 2 0 0 0 0 0 0 1 0 0 0 0 0 7 0 0 0 
0 0 0 0 0 0 0 0 0 0 0 2 14 0 0 0 18 0 0 0 0 17 0 0 0 0 0 0 0 0 8 0 0 0 0 16 3 0 0 6 0 0 9 0 0 0 0 0 0 0 0 18 0 0 0 0 0 0 0 0 0 0 0 0 0 0 0 0 15 15 
0 0 0 0 4 11 10 0 0 0 4 6 0 0 0 0 0 5 0 0 0 0 0 0 0 0 9 0 0 14 0 0 0 0 0 0 0 0 0 0 0 14 0 0 0 0 0 0 0 0 7 0 0 0 0 0 0 0 0 0 0 0 0 0 0 0 0 0 0 0 
0 0 0 9 0 0 0 0 0 0 0 14 0 0 0 0 0 0 0 0 0 0 0 0 0 0 8 0 2 0 0 0 0 7 18 0 11 0 0 0 0 0 0 0 0 8 0 0 0 0 0 0 0 0 0 0 0 0 0 7 0 0 0 0 0 0 0 0 0 0 
0 9 3 6 0 0 16 0 3 10 0 0 19 0 12 0 0 0 15 0 5 0 0 19 11 0 0 19 0 13 0 0 0 1 0 0 0 0 15 0 0 0 0 0 0 0 0 0 0 0 13 0 18 0 0 0 5 0 0 0 0 0 0 0 0 0 0 0 0 0 
0 0 0 0 0 0 0 0 0 3 0 0 0 5 0 0 0 0 1 0 0 10 0 0 0 0 3 0 0 0 8 0 14 0 15 19 0 18 0 0 0 0 0 0 0 0 0 0 0 0 0 0 0 0 0 0 0 5 0 3 0 0 14 0 0 0 11 5 13 0 
0 0 0 17 2 0 0 0 0 0 0 18 0 0 0 0 13 0 0 0 0 12 0 5 0 6 1 0 12 0 0 0 0 0 0 0 3 0 0 11 0 0 0 0 0 0 0 6 0 0 0 0 0 0 2 19 0 0 0 17 0 20 0 0 0 0 0 9 0 0 
0 0 0 0 0 0 0 0 0 0 2 0 19 11 4 0 6 0 0 0 6 0 4 0 0 0 0 0 17 0 0 0 0 0 17 0 0 0 0 0 10 0 4 0 0 0 0 0 0 0 13 0 0 0 0 0 0 0 2 5 8 8 0 0 0 14 0 0 0 1 
4 14 0 0 0 0 0 8 0 13 0 0 0 12 0 0 0 0 0 0 0 2 0 0 0 0 0 0 0 0 0 0 0 0 0 0 0 0 1 7 0 10 0 0 0 0 0 0 0 14 0 0 0 0 6 0 0 5 0 0 0 0 0 0 0 0 0 0 0 15 
0 0 0 1 14 0 0 0 0 0 0 0 0 20 0 0 0 0 0 0 0 0 11 0 0 0 0 0 0 5 18 0 0 0 0 0 19 0 0 0 0 0 0 0 0 0 0 0 0 0 0 0 0 0 0 0 17 0 0 0 0 0 0 0 0 18 0 0 0 0 
0 0 0 0 9 19 0 0 0 0 18 0 0 0 0 0 0 0 0 0 0 8 0 0 17 6 0 12 0 0 2 0 3 0 8 0 0 0 0 18 0 0 0 0 3 0 0 0 18 0 13 0 0 0 0 0 19 17 0 0 0 0 0 0 0 0 0 17 0 0 
