70

0 0 0 1 0 0 0 0 0 0 0 0 1 0 0 0 0 1 0 0 0 1 1 0 0 0 0 0 0 0 1 1 0 1 0 0 0 1 0 0 1 1 1 1 0 1 1 0 0 0 1 0 0 0 1 0 1 0 1 0 1 0 1 1 0 0 1 0 1 0 
0 0 0 0 1 0 0 0 1 1 1 0 1 0 1 1 0 0 0 0 0 0 1 0 1 0 0 0 1 0 0 0 0 0 1 0 0 1 0 0 0 0 0 0 0 0 1 0 1 0 0 0 0 1 0 1 0 1 0 0 0 0 1 0 0 0 0 0 1 1 
0 0 0 0 0 1 0 0 0 0 0 0 0 0 0 0 0 0 0 1 1 0 0 0 0 1 1 1 1 1 0 0 0 0 1 1 1 0 0 0 0 0 0 1 1 1 1 0 0 0 0 0 0 0 0 0 0 1 1 0 1 0 0 0 1 0 0 0 0 0 
1 0 0 0 0 0 0 0 1 0 0 0 0 0 1 0 0 0 0 0 0 0 0 0 1 0 0 1 0 0 0 0 1 0 0 0 1 0 1 0 1 0 0 0 1 0 0 0 0 1 0 0 1 1 1 1 0 0 1 1 0 0 0 0 0 0 1 0 1 0 
0 1 0 0 0 1 0 1 0 1 0 0 0 1 0 0 0 1 0 0 0 0 1 1 0 0 1 0 0 0 0 0 0 0 1 1 0 0 0 1 0 0 1 1 0 0 0 0 1 0 0 1 0 0 0 0 0 0 0 1 0 0 1 0 0 1 0 0 0 0 
0 0 1 0 1 0 0 0 1 1 0 0 1 0 1 0 0 1 0 1 0 0 1 1 0 0 0 0 1 0 0 0 0 0 0 0 0 0 0 0 0 0 0 0 1 0 0 1 0 0 0 1 1 0 1 0 0 1 0 0 0 1 0 1 0 0 1 1 0 0 
0 0 0 0 0 0 0 1 1 0 0 0 1 0 0 0 0 0 0 0 0 1 1 1 0 0 0 0 1 1 1 0 0 0 0 0 1 0 0 1 1 0 0 1 0 0 0 0 0 0 1 1 0 0 0 0 1 1 1 0 0 1 0 0 1 0 0 0 1 0 
0 0 0 0 1 0 1 0 1 0 0 0 0 0 1 1 1 1 0 1 0 0 0 1 0 0 0 1 1 0 1 1 0 1 0 1 0 0 1 1 0 0 0 1 0 1 1 0 1 0 1 1 0 1 0 0 1 0 0 1 0 1 1 1 0 1 0 0 0 0 
0 1 0 1 0 1 1 1 0 0 0 0 0 1 1 0 0 0 0 0 0 0 0 1 0 1 0 1 1 1 0 0 1 1 0 0 0 0 0 0 0 1 0 1 1 0 1 0 1 0 0 0 1 0 0 0 0 0 0 0 1 0 0 0 0 0 0 0 0 0 
0 1 0 0 1 1 0 0 0 0 0 0 0 0 0 0 0 0 1 0 0 0 1 1 1 0 0 1 1 0 0 1 1 0 0 1 1 0 0 0 1 0 0 0 0 0 1 0 1 1 0 0 0 0 0 0 0 1 0 1 0 0 0 0 1 0 0 0 0 0 
0 1 0 0 0 0 0 0 0 0 0 0 0 1 0 0 0 0 0 1 1 0 0 1 0 0 0 0 1 1 1 0 1 1 1 1 1 0 0 0 0 0 0 0 0 1 1 0 0 0 1 1 0 0 0 1 0 0 0 1 1 0 0 0 1 1 0 0 1 0 
0 0 0 0 0 0 0 0 0 0 0 0 1 0 0 0 0 0 1 0 0 0 1 1 0 0 0 0 0 1 1 1 0 0 0 1 0 1 0 0 1 0 0 0 1 1 1 0 1 0 0 0 0 1 0 1 1 0 0 1 0 0 0 0 0 0 0 0 0 0 
1 1 0 0 0 1 1 0 0 0 0 1 0 1 0 0 0 0 0 1 0 0 1 0 0 1 0 0 0 0 1 1 0 1 0 1 0 0 0 0 1 0 0 0 1 1 0 0 0 0 0 1 0 0 0 0 0 0 1 0 0 0 0 1 0 0 0 1 1 0 
0 0 0 0 1 0 0 0 1 0 1 0 1 0 1 1 0 1 0 0 0 0 1 0 0 0 1 1 0 0 0 0 1 0 1 1 1 0 1 0 0 0 0 1 1 0 1 0 0 0 1 0 0 0 0 0 0 1 0 1 0 1 0 0 0 1 0 1 1 1 
0 1 0 1 0 1 0 1 1 0 0 0 0 1 0 0 0 1 0 0 0 1 0 1 0 1 0 1 0 0 0 0 0 1 0 1 0 0 0 0 0 0 0 0 1 1 0 0 1 0 0 0 0 0 0 1 0 1 0 0 0 0 0 0 1 0 0 0 1 0 
0 1 0 0 0 0 0 1 0 0 0 0 0 1 0 0 1 0 0 0 0 0 0 1 0 1 1 0 0 0 0 0 0 0 0 0 0 0 0 0 1 0 0 1 0 0 0 1 1 0 0 0 0 1 0 0 0 0 0 0 1 0 1 1 0 0 0 0 0 1 
0 0 0 0 0 0 0 1 0 0 0 0 0 0 0 1 0 0 0 1 1 0 1 0 0 1 1 1 0 0 1 1 1 0 0 0 1 0 0 1 0 1 0 0 1 1 0 0 0 0 0 1 1 0 1 1 1 0 0 1 1 0 1 0 0 0 0 0 0 1 
1 0 0 0 1 1 0 1 0 0 0 0 0 1 1 0 0 0 0 0 0 1 0 0 0 0 0 0 0 0 0 0 1 0 0 0 1 0 0 0 1 1 1 1 1 0 0 0 1 0 0 1 0 1 0 0 0 0 0 1 1 1 1 0 1 1 0 0 1 1 
0 0 0 0 0 0 0 0 0 1 0 1 0 0 0 0 0 0 0 0 0 1 0 0 0 1 1 0 0 0 0 0 0 1 0 0 0 0 0 0 0 1 1 0 1 0 1 1 0 0 1 1 1 0 1 0 0 1 0 0 0 0 0 0 0 0 0 1 0 0 
0 0 1 0 0 1 0 1 0 0 1 0 1 0 0 0 1 0 0 0 0 0 0 0 0 0 0 0 1 0 1 1 1 1 0 1 0 0 1 0 0 0 1 1 0 1 0 1 1 0 0 0 0 0 1 0 1 0 0 1 0 0 0 0 1 0 1 1 0 1 
0 0 1 0 0 0 0 0 0 0 1 0 0 0 0 0 1 0 0 0 0 0 0 0 0 0 0 0 0 0 0 0 0 0 0 0 1 0 0 0 1 1 0 0 1 1 0 0 1 1 0 0 0 1 0 0 0 0 0 0 0 0 0 1 0 0 0 1 1 1 
1 0 0 0 0 0 1 0 0 0 0 0 0 0 1 0 0 1 1 0 0 0 1 0 0 0 0 0 0 0 0 0 1 1 1 1 1 0 1 0 0 1 0 0 0 0 0 0 0 0 0 0 0 1 1 0 1 0 0 1 0 0 1 0 0 0 0 0 0 0 
1 1 0 0 1 1 1 0 0 1 0 1 1 1 0 0 1 0 0 0 0 1 0 1 0 0 1 1 1 0 1 1 0 1 1 0 0 0 0 0 0 1 1 0 0 0 0 0 0 1 0 0 0 0 0 1 0 0 0 1 1 1 0 0 0 0 0 0 0 0 
0 0 0 0 1 1 1 1 1 1 1 1 0 0 1 1 0 0 0 0 0 0 1 0 0 0 0 1 0 1 0 0 1 0 1 1 0 0 0 0 0 0 0 0 0 0 0 1 0 1 0 0 0 0 0 0 0 0 1 1 1 0 0 1 0 0 1 0 0 0 
0 1 0 1 0 0 0 0 0 1 0 0 0 0 0 0 0 0 0 0 0 0 0 0 0 0 0 0 1 0 0 0 0 1 0 1 0 0 0 0 1 0 0 1 0 1 0 0 0 0 0 0 0 1 0 0 0 1 1 1 0 0 0 0 0 0 1 0 0 1 
0 0 1 0 0 0 0 0 1 0 0 0 1 0 1 1 1 0 1 0 0 0 0 0 0 0 0 1 0 0 1 0 0 0 0 0 0 1 0 0 0 0 0 0 0 0 0 0 0 0 1 0 0 0 0 0 0 0 1 0 0 0 0 0 1 0 1 0 1 0 
0 0 1 0 1 0 0 0 0 0 0 0 0 1 0 1 1 0 1 0 0 0 1 0 0 0 0 1 1 0 1 0 1 0 0 0 0 0 1 0 0 0 0 0 0 0 0 0 1 0 0 0 0 0 0 0 1 0 0 1 0 1 1 1 1 0 0 0 0 1 
0 0 1 1 0 0 0 1 1 1 0 0 0 1 1 0 1 0 0 0 0 0 1 1 0 1 1 0 1 0 1 0 0 0 1 1 0 1 0 1 1 1 0 0 0 0 1 0 0 0 0 0 0 1 0 0 0 0 0 1 0 0 0 0 0 1 1 0 1 1 
0 1 1 0 0 1 1 1 1 1 1 0 0 0 0 0 0 0 0 1 0 0 1 0 1 0 1 1 0 0 0 0 1 1 1 0 0 1 0 0 1 0 1 0 1 0 0 1 0 0 0 0 0 0 0 0 0 0 0 1 1 0 0 0 0 1 0 0 1 0 
0 0 1 0 0 0 1 0 1 0 1 1 0 0 0 0 0 0 0 0 0 0 0 1 0 0 0 0 0 0 0 1 1 0 0 0 1 0 0 0 0 0 1 0 0 0 0 0 1 0 1 0 1 0 0 0 1 0 0 1 1 1 0 0 1 0 0 0 0 1 
1 0 0 0 0 0 1 1 0 0 1 1 1 0 0 0 1 0 0 1 0 0 1 0 0 1 1 1 0 0 0 0 1 1 0 1 0 0 1 1 0 0 0 1 1 0 0 1 0 0 0 1 0 0 0 0 0 0 1 0 1 0 0 1 1 0 0 0 0 1 
1 0 0 0 0 0 0 1 0 1 0 1 1 0 0 0 1 0 0 1 0 0 1 0 0 0 0 0 0 1 0 0 0 1 1 0 0 1 0 0 0 0 0 0 0 0 0 1 0 1 0 0 1 0 1 0 1 1 1 0 0 0 1 0 1 0 0 0 0 1 
0 0 0 1 0 0 0 0 1 1 1 0 0 1 0 0 1 1 0 1 0 1 0 1 0 0 1 0 1 1 1 0 0 0 0 1 0 0 0 1 0 0 0 0 0 0 0 0 1 0 0 0 1 0 0 0 0 0 0 0 0 1 1 0 0 0 0 0 0 1 
1 0 0 0 0 0 0 1 1 0 1 0 1 0 1 0 0 0 1 1 0 1 1 0 1 0 0 0 1 0 1 1 0 0 0 0 0 1 0 0 0 0 0 0 0 0 0 0 0 0 0 0 0 0 1 0 0 1 1 0 0 1 1 0 0 1 0 0 0 0 
0 1 1 0 1 0 0 0 0 0 1 0 0 1 0 0 0 0 0 0 0 1 1 1 0 0 0 1 1 0 0 1 0 0 0 0 0 0 1 0 0 0 1 0 0 1 0 0 0 1 0 0 0 0 0 1 0 0 0 0 0 0 0 0 0 0 0 0 1 0 
0 0 1 0 1 0 0 1 0 1 1 1 1 1 1 0 0 0 0 1 0 1 0 1 1 0 0 1 0 0 1 0 1 0 0 0 0 1 1 0 1 0 0 1 1 0 0 0 1 1 0 0 0 1 0 0 0 0 0 0 1 0 0 0 0 1 0 0 0 0 
0 0 1 1 0 0 1 0 0 1 1 0 0 1 0 0 1 1 0 0 1 1 0 0 0 0 0 0 0 1 0 0 0 0 0 0 0 0 1 1 1 0 0 0 0 1 1 0 1 0 1 0 1 0 0 0 1 0 0 0 0 0 0 1 0 0 0 0 1 0 
1 1 0 0 0 0 0 0 0 0 0 1 0 0 0 0 0 0 0 0 0 0 0 0 0 1 0 1 1 0 0 1 0 1 0 1 0 0 0 0 0 0 0 0 0 0 0 1 0 1 1 0 0 0 0 1 0 1 0 1 0 1 0 1 1 0 1 0 0 0 
0 0 0 1 0 0 0 1 0 0 0 0 0 1 0 0 0 0 0 1 0 1 0 0 0 0 1 0 0 0 1 0 0 0 1 1 1 0 0 0 1 1 1 1 0 0 0 0 0 0 0 1 0 0 0 0 0 1 0 0 0 0 0 1 0 0 0 1 0 0 
0 0 0 0 1 0 1 1 0 0 0 0 0 0 0 0 1 0 0 0 0 0 0 0 0 0 0 1 0 0 1 0 1 0 0 0 1 0 0 0 0 1 1 1 0 1 0 1 0 0 0 0 0 0 0 0 0 0 1 0 0 1 1 1 1 0 1 1 0 1 
1 0 0 1 0 0 1 0 0 1 0 1 1 0 0 1 0 1 0 0 1 0 0 0 1 0 0 1 1 0 0 0 0 0 0 1 1 0 1 0 0 0 1 0 1 0 1 0 1 0 1 0 0 1 0 0 1 1 0 0 0 0 0 1 1 0 0 1 1 0 
1 0 0 0 0 0 0 0 1 0 0 0 0 0 0 0 1 1 1 0 1 1 1 0 0 0 0 1 0 0 0 0 0 0 0 0 0 0 1 1 0 0 1 0 0 1 1 0 0 1 0 0 0 0 1 0 1 1 0 0 1 1 0 0 1 0 0 0 1 0 
1 0 0 0 1 0 0 0 0 0 0 0 0 0 0 0 0 1 1 1 0 0 1 0 0 0 0 0 1 1 0 0 0 0 1 0 0 0 1 1 1 1 0 0 1 0 0 0 0 1 1 1 0 1 0 0 1 0 1 1 0 0 0 0 1 1 1 1 0 0 
1 0 1 0 1 0 1 1 1 0 0 0 0 1 0 1 0 1 0 1 0 0 0 0 1 0 0 0 0 0 1 0 0 0 0 1 0 0 1 1 0 0 0 0 0 0 0 0 0 0 1 0 0 0 0 1 0 0 0 0 1 1 0 0 1 1 1 0 0 0 
0 0 1 1 0 1 0 0 1 0 0 1 1 1 1 0 1 1 1 0 1 0 0 0 0 0 0 0 1 0 1 0 0 0 0 1 0 0 0 0 1 0 1 0 0 0 0 0 0 0 0 1 1 0 0 0 1 0 1 1 0 0 0 0 1 0 0 0 0 0 
1 0 1 0 0 0 0 1 0 0 1 1 1 0 1 0 1 0 0 1 1 0 0 0 1 0 0 0 0 0 0 0 0 0 1 0 1 0 0 1 0 1 0 0 0 0 0 0 1 1 0 0 0 0 1 0 0 0 1 0 0 0 0 0 1 1 1 0 1 0 
1 1 1 0 0 0 0 1 1 1 1 1 0 1 0 0 0 0 1 0 0 0 0 0 0 0 0 1 0 0 0 0 0 0 0 0 1 0 0 0 1 1 0 0 0 0 0 0 0 0 0 0 1 0 1 0 0 0 0 0 0 1 0 1 1 1 0 0 1 1 
0 0 0 0 0 1 0 0 0 0 0 0 0 0 0 1 0 0 1 1 0 0 0 1 0 0 0 0 1 0 1 1 0 0 0 0 0 1 0 1 0 0 0 0 0 0 0 0 0 0 0 0 0 0 0 1 0 0 0 1 0 1 0 0 0 1 0 0 0 0 
0 1 0 0 1 0 0 1 1 1 0 1 0 0 1 1 0 1 0 1 1 0 0 0 0 0 1 0 0 1 0 0 1 0 0 1 1 0 0 0 1 0 0 0 0 1 0 0 0 0 0 0 0 1 0 1 0 1 0 0 1 0 1 0 0 0 0 0 0 1 
0 0 0 1 0 0 0 0 0 1 0 0 0 0 0 0 0 0 0 0 1 0 1 1 0 0 0 0 0 0 0 1 0 0 1 1 0 1 0 0 0 1 1 0 0 1 0 0 0 0 1 0 0 0 0 0 1 0 0 0 0 0 0 0 0 1 1 0 0 0 
1 0 0 0 0 0 1 1 0 0 1 0 0 1 0 0 0 0 1 0 0 0 0 0 0 1 0 0 0 1 0 0 0 0 0 0 1 1 0 0 1 0 1 1 0 0 0 0 0 1 0 0 0 0 1 1 1 0 1 0 0 0 0 0 1 0 0 0 0 1 
0 0 0 0 1 1 1 1 0 0 1 0 1 0 0 0 1 1 1 0 0 0 0 0 0 0 0 0 0 0 1 0 0 0 0 0 0 0 1 0 0 0 1 0 1 0 0 0 0 0 0 0 0 1 0 0 1 0 1 0 0 0 1 0 0 0 1 0 0 0 
0 0 0 1 0 1 0 0 1 0 0 0 0 0 0 0 1 0 1 0 0 0 0 0 0 0 0 0 0 1 0 1 1 0 0 0 1 0 0 0 0 0 0 0 1 0 1 0 0 0 0 0 0 0 0 0 0 1 0 0 0 0 0 1 0 0 1 0 0 0 
0 1 0 1 0 0 0 1 0 0 0 1 0 0 0 1 0 1 0 0 1 1 0 0 1 0 0 1 0 0 0 0 0 0 0 1 0 0 0 0 1 0 1 0 0 0 0 0 1 0 0 1 0 0 0 1 1 0 0 0 1 0 0 0 0 0 0 0 1 0 
1 0 0 1 0 1 0 0 0 0 0 0 0 0 0 0 1 0 1 1 0 1 0 0 0 0 0 0 0 0 0 1 0 1 0 0 0 0 0 0 0 1 0 0 0 1 1 0 0 0 1 0 0 0 0 0 1 0 0 0 0 0 1 0 0 0 0 0 0 0 
0 1 0 1 0 0 0 0 0 0 1 1 0 0 1 0 1 0 0 0 0 0 1 0 0 0 0 0 0 0 0 0 0 0 1 0 0 1 0 0 0 0 0 1 0 0 0 1 1 0 1 0 0 1 0 0 1 1 0 1 0 1 1 1 0 0 0 0 1 1 
1 0 0 0 0 0 1 1 0 0 0 1 0 0 0 0 1 0 0 1 0 1 0 0 0 0 1 0 0 1 0 1 0 0 0 0 1 0 0 0 1 1 1 0 1 0 0 0 0 1 1 1 0 1 1 1 0 0 1 0 1 0 0 0 0 1 0 1 0 1 
0 1 1 0 0 1 1 0 0 1 0 0 0 1 1 0 0 0 1 0 0 0 0 0 1 0 0 0 0 0 0 1 0 1 0 0 0 1 1 0 1 1 0 0 0 0 0 0 1 0 0 0 1 0 0 1 0 0 0 0 0 0 0 1 0 0 0 0 0 1 
1 0 1 1 0 0 1 0 0 0 0 0 1 0 0 0 0 0 0 0 0 0 0 1 1 1 0 0 0 0 1 1 0 1 0 0 0 0 0 1 0 0 1 0 1 1 0 0 0 0 1 1 0 0 0 0 1 0 0 0 1 0 1 1 0 0 0 1 0 1 
0 0 0 1 1 0 0 1 0 1 1 1 0 1 0 0 1 1 0 1 0 1 1 1 1 0 1 1 1 1 0 0 0 0 0 0 0 1 0 0 0 0 1 0 1 0 0 1 0 0 0 0 0 0 0 1 0 0 0 0 0 0 0 0 1 0 0 1 0 0 
1 0 1 0 0 0 0 0 1 0 1 0 0 0 0 1 1 1 0 0 0 0 1 1 0 0 0 0 1 1 1 0 0 0 0 1 0 0 0 0 0 1 0 1 0 0 0 0 1 0 0 0 0 1 0 0 1 0 1 0 0 0 1 0 0 1 0 1 1 1 
0 0 0 0 0 1 1 1 0 0 0 0 0 1 0 0 0 1 0 0 0 0 1 0 0 0 1 0 0 1 0 0 1 1 0 0 0 1 0 1 0 1 0 1 0 0 1 1 0 0 0 0 0 0 0 1 0 0 0 0 0 0 1 0 0 0 1 0 1 0 
1 1 0 0 1 0 0 1 0 0 0 0 0 0 0 1 1 1 0 0 0 1 0 0 0 0 1 0 0 0 0 1 1 1 0 0 0 0 0 1 0 0 0 0 0 0 0 0 1 0 0 1 0 0 1 1 0 0 1 0 1 1 0 0 0 1 0 0 1 0 
1 0 0 0 0 1 0 1 0 0 0 0 1 0 0 1 0 0 0 0 1 0 0 1 0 0 1 0 0 0 1 0 0 0 0 0 1 1 1 1 1 0 0 0 0 0 1 0 0 0 0 0 1 0 0 1 0 1 1 0 0 0 0 0 0 0 0 0 0 0 
0 0 1 0 0 0 1 0 0 1 1 0 0 0 1 0 0 1 0 1 0 0 0 0 0 1 1 0 0 1 1 1 0 0 0 0 0 1 0 1 1 1 1 1 1 1 1 0 0 0 1 0 0 0 0 0 0 0 0 1 0 0 0 0 0 0 0 0 0 0 
0 0 0 0 1 0 0 1 0 0 1 0 0 1 0 0 0 1 0 0 0 0 0 0 0 0 0 1 1 0 0 0 0 1 0 1 0 0 0 0 0 0 1 1 0 1 1 1 0 1 0 0 0 0 0 0 1 0 0 0 1 0 1 0 0 0 0 0 1 1 
1 0 0 1 0 1 0 0 0 0 0 0 0 0 0 0 0 0 0 1 0 0 0 1 1 1 0 1 0 0 0 0 0 0 0 0 0 1 0 1 0 0 1 1 0 1 0 0 0 1 0 1 1 0 0 0 0 0 0 0 0 1 0 0 0 0 0 1 1 0 
0 0 0 0 0 1 0 0 0 0 0 0 1 1 0 0 0 0 1 1 1 0 0 0 0 0 0 0 0 0 0 0 0 0 0 0 0 0 1 1 1 0 1 0 0 0 0 0 0 0 0 0 0 0 0 0 1 0 1 1 1 0 0 0 0 0 1 0 1 0 
1 1 0 1 0 0 1 0 0 0 1 0 1 1 1 0 0 1 0 0 1 0 0 0 0 1 0 1 1 0 0 0 0 0 1 0 1 0 0 0 1 1 0 0 0 1 1 0 0 0 0 0 0 1 0 1 0 0 0 0 1 1 1 0 0 1 1 1 0 0 
0 1 0 0 0 0 0 0 0 0 0 0 0 1 0 1 1 1 0 1 1 0 0 0 1 0 1 1 0 1 1 1 1 0 0 0 0 0 0 1 0 0 0 0 0 0 1 0 1 0 1 0 0 0 0 1 1 1 1 0 1 0 0 0 0 1 0 0 0 0 

0 0 4 1 0 0 0 0 0 0 0 0 0 0 0 0 0 0 0 0 20 0 0 0 18 0 0 0 0 0 0 0 0 1 0 0 0 0 0 0 0 0 25 0 0 0 0 0 0 0 8 0 29 20 1 0 0 0 0 0 0 0 0 0 2 0 0 17 2 24 
0 0 0 0 0 31 0 0 0 0 0 0 0 0 8 0 0 30 4 0 0 0 0 0 0 0 0 0 0 0 0 0 0 0 0 0 0 0 0 0 0 0 0 10 0 2 0 0 0 0 0 0 0 0 0 0 27 9 13 0 20 0 3 0 17 0 0 0 0 0 
0 0 0 0 0 0 0 0 5 30 0 0 0 0 0 0 0 0 14 0 0 0 0 0 0 31 0 0 9 0 0 0 0 0 0 0 9 27 0 0 0 0 0 0 0 7 0 0 0 0 0 0 0 0 0 0 0 0 0 0 0 0 0 0 0 0 20 0 0 0 
0 0 30 0 0 0 0 0 0 0 0 0 0 0 0 0 0 0 27 29 0 1 0 0 0 0 0 0 0 0 0 0 0 0 0 0 20 1 0 0 0 0 0 0 0 0 4 0 0 0 0 0 0 0 0 29 0 0 0 5 0 0 2 0 0 0 0 27 0 4 
0 0 0 0 0 31 0 15 0 0 0 16 0 1 0 0 0 0 0 0 0 0 0 0 16 0 21 10 0 0 0 0 0 0 0 0 0 0 27 0 0 0 9 0 0 0 0 0 0 0 0 0 0 0 0 0 0 5 0 0 0 0 0 28 0 0 0 0 8 0 
0 0 0 18 0 0 0 1 0 11 0 0 0 0 0 0 0 31 0 0 0 0 0 0 0 0 0 0 21 0 0 0 0 5 0 0 0 0 0 0 0 0 28 0 0 0 0 0 0 29 20 0 0 0 21 0 0 0 0 13 0 0 0 0 0 0 0 0 17 0 
13 0 0 0 0 0 0 0 0 22 0 0 0 0 0 20 0 0 0 0 0 0 0 0 4 0 0 0 0 0 2 0 0 0 0 0 0 0 0 0 0 0 0 0 12 29 0 0 0 29 0 0 0 16 0 0 1 0 0 15 0 0 0 0 0 0 0 0 0 0 
0 0 0 6 0 0 0 0 0 18 10 0 0 0 0 0 0 0 0 0 22 24 0 0 17 0 0 0 0 0 0 0 0 0 0 0 0 0 29 0 0 20 0 0 0 0 0 0 0 0 23 0 0 0 0 0 0 0 0 0 0 0 0 0 0 0 0 0 0 0 
0 25 0 0 0 0 2 0 0 0 0 0 0 0 0 0 0 0 0 0 0 0 0 0 0 0 0 13 0 0 20 0 0 0 0 0 0 0 0 0 0 0 0 0 0 0 0 0 0 0 0 0 0 0 29 0 0 0 0 18 0 0 0 13 0 0 0 0 0 0 
0 27 0 0 0 0 0 24 30 0 0 0 0 18 23 11 0 0 0 14 0 0 0 0 0 0 0 0 0 0 0 0 22 0 0 0 0 0 0 0 0 0 0 25 0 31 0 0 0 0 0 0 0 0 0 0 8 0 0 5 0 0 25 18 0 0 22 0 8 19 
0 0 0 0 0 0 0 0 0 0 0 0 0 0 0 8 0 23 17 0 0 0 0 0 3 20 0 0 0 2 0 12 0 0 0 0 0 15 0 15 0 0 0 0 0 0 0 0 0 31 0 0 0 0 0 0 0 0 0 0 0 0 0 0 0 0 0 0 0 0 
0 0 0 0 8 0 0 0 0 0 0 0 0 0 0 7 0 0 0 0 0 0 0 0 0 0 0 0 0 0 0 0 0 0 0 8 25 0 0 0 0 0 0 0 19 0 0 0 0 0 0 0 0 0 17 28 0 0 0 21 0 0 23 0 12 0 0 0 0 0 
0 0 0 0 1 0 22 6 0 0 0 0 0 0 0 0 0 0 0 0 0 8 0 0 0 30 0 0 0 0 0 0 0 0 0 0 0 0 0 0 0 1 0 20 0 0 23 0 0 0 0 10 0 0 0 27 0 9 0 0 0 25 0 0 0 0 0 0 0 0 
0 0 0 0 0 0 0 0 0 0 26 27 0 0 0 0 10 23 27 6 0 0 7 0 0 22 0 0 0 0 23 0 0 0 0 12 0 0 0 0 0 0 0 16 0 0 30 0 0 0 15 0 0 0 0 0 0 0 15 0 0 0 0 0 12 0 3 0 7 0 
0 20 0 24 0 0 18 0 0 26 0 0 0 0 0 0 15 0 0 0 0 0 0 15 0 0 5 0 0 0 0 0 25 0 0 0 23 0 29 0 0 10 19 10 3 0 0 0 0 0 0 10 0 0 25 26 14 0 19 0 0 0 32 0 0 4 0 0 0 0 
0 0 0 0 0 0 0 0 0 0 0 0 0 0 0 0 0 0 12 0 30 11 0 0 7 0 9 6 0 12 0 0 0 0 0 0 0 2 0 0 0 0 0 0 0 25 0 0 0 0 0 0 6 7 0 9 0 0 0 0 0 2 16 0 5 0 0 0 0 0 
16 0 8 20 0 0 0 23 0 0 0 0 0 0 0 0 0 31 0 0 0 0 28 27 0 5 0 0 0 0 0 0 0 0 0 0 0 0 0 0 0 0 0 0 21 0 0 17 27 0 0 0 28 0 0 0 0 26 3 0 0 4 0 0 0 0 0 13 0 0 
0 0 0 6 0 0 0 0 0 0 0 0 0 0 0 0 0 0 5 0 31 0 19 0 0 0 0 0 7 15 0 0 0 0 0 3 0 0 26 0 0 0 0 0 0 2 0 0 0 0 0 0 18 0 0 0 0 0 0 0 0 0 0 0 0 0 0 0 0 0 
0 12 0 0 0 0 0 2 0 17 16 0 11 27 0 21 0 0 0 0 0 0 0 0 16 0 26 0 0 0 27 0 0 24 0 0 0 0 0 0 0 14 12 0 0 0 0 0 0 0 0 0 0 0 0 0 0 15 24 0 0 0 0 0 0 0 0 0 0 7 
16 13 0 0 0 0 0 32 0 0 20 0 0 14 20 8 0 9 17 0 0 26 0 0 24 30 0 31 0 0 0 12 25 24 0 0 0 9 0 0 0 0 0 0 0 8 0 0 5 0 0 0 19 0 0 0 0 18 0 0 0 0 0 0 0 0 0 0 0 0 
28 0 11 22 0 2 0 0 0 0 0 0 0 0 0 12 0 0 0 19 0 10 0 0 0 0 0 9 0 0 0 13 0 0 10 0 0 0 0 0 16 0 16 0 0 0 0 0 8 15 6 0 0 0 0 0 9 0 30 0 29 0 6 0 0 0 9 0 27 0 
0 8 18 21 0 0 0 0 0 0 0 0 0 0 0 0 0 0 26 0 24 0 0 0 18 1 0 16 0 0 15 0 0 26 0 0 0 0 0 0 0 0 0 10 0 0 0 0 18 0 0 0 0 0 0 0 0 0 0 2 0 0 0 26 0 0 0 16 0 0 
23 0 0 19 0 3 0 0 0 0 0 17 0 4 0 30 0 0 0 0 0 25 0 0 0 0 18 0 0 0 0 0 0 9 0 0 0 0 21 0 0 0 1 0 17 0 19 0 0 25 0 0 30 0 8 0 0 0 0 0 29 0 0 0 25 0 0 0 2 5 
15 0 0 0 0 0 0 0 0 0 0 0 0 0 29 0 0 0 19 0 0 0 24 0 0 0 0 8 0 5 0 0 0 18 0 0 0 0 1 15 23 0 0 0 0 0 5 0 0 8 0 0 18 0 7 0 0 0 0 0 0 0 0 0 0 0 0 0 0 0 
0 0 0 2 0 0 0 0 0 0 0 0 0 0 0 0 0 0 0 0 0 31 0 0 0 0 0 29 0 0 0 0 9 0 0 0 0 0 9 9 0 0 0 0 0 0 0 0 0 0 0 0 0 0 0 0 0 0 0 0 0 0 0 0 0 0 8 0 0 0 
0 0 0 0 0 0 0 0 0 0 0 31 0 0 0 0 0 19 0 0 0 0 17 0 0 0 0 29 0 0 0 0 0 17 0 0 0 0 0 0 2 19 0 0 0 0 0 0 0 14 0 2 0 0 0 0 0 0 1 1 0 0 0 0 0 0 0 0 0 0 
0 0 6 0 0 0 16 0 0 0 0 0 0 0 0 0 0 0 0 7 0 0 0 0 0 0 0 10 0 0 0 0 0 0 9 0 0 0 0 0 0 0 0 13 0 23 0 0 0 0 0 0 0 0 0 0 0 0 0 0 0 0 0 0 0 0 4 0 0 0 
0 15 0 0 0 0 0 0 0 0 0 0 0 0 21 0 18 0 0 0 0 0 0 0 0 0 28 0 0 0 0 17 0 18 0 0 29 0 0 0 0 0 7 0 0 30 0 0 0 0 0 0 0 0 0 0 23 0 0 0 0 0 0 0 21 0 0 0 17 17 
0 5 0 0 2 0 7 0 4 0 0 0 0 0 0 8 0 18 0 0 0 0 0 0 0 0 0 0 0 0 15 29 0 0 0 0 0 0 0 0 0 0 9 0 0 0 0 0 0 0 0 0 0 26 0 0 0 0 0 0 0 0 0 0 0 0 22 0 0 29 
0 0 0 0 0 0 0 0 24 0 0 0 0 20 0 0 0 0 0 14 0 0 0 0 0 0 0 0 0 0 19 0 24 30 0 0 0 16 0 0 0 0 11 0 14 0 0 17 15 0 0 0 0 0 0 2 0 0 0 0 14 0 23 0 0 0 0 0 0 0 
0 0 13 0 0 0 14 0 0 0 0 0 0 0 21 0 0 0 0 0 0 0 0 10 30 0 0 0 0 0 0 0 10 0 0 0 0 4 0 0 0 0 0 24 0 0 5 0 0 0 0 0 0 0 0 25 19 0 0 0 3 0 0 0 0 11 0 0 0 0 
0 2 15 0 0 0 0 0 0 0 26 0 0 0 0 0 0 0 0 0 0 0 0 19 0 0 0 0 0 0 0 0 0 0 0 0 0 0 0 0 0 0 0 21 0 0 19 0 0 0 0 22 0 0 0 0 0 0 0 0 0 0 0 0 0 0 18 0 19 2 
0 0 0 0 0 0 12 0 21 0 0 0 4 17 0 0 0 0 0 0 0 0 0 0 13 0 29 0 0 0 17 2 0 0 0 0 0 0 16 0 14 2 12 0 30 0 0 0 0 18 0 0 0 0 0 0 0 0 23 0 0 24 0 0 0 0 27 0 0 0 
0 0 0 0 0 0 0 0 0 0 0 0 11 0 0 13 0 23 15 0 14 0 0 0 0 0 0 0 29 0 0 10 0 0 21 0 0 0 0 0 0 0 0 14 0 0 0 0 0 0 0 0 29 25 25 0 7 0 6 0 0 10 0 0 3 0 0 0 0 0 
0 0 0 0 13 0 0 5 0 0 0 0 0 0 0 1 0 0 0 0 4 0 0 0 0 0 0 0 2 0 0 19 0 0 0 0 22 0 0 0 0 0 0 0 0 0 0 0 0 0 7 0 0 0 0 0 0 0 1 0 0 0 0 0 0 0 0 0 0 0 
0 0 5 0 3 0 0 0 0 0 0 0 0 0 11 7 0 0 0 0 0 0 2 0 4 0 0 0 0 0 0 29 0 0 0 0 0 0 0 0 0 12 0 16 0 0 0 0 31 0 0 0 0 0 0 9 0 25 0 0 0 0 0 0 0 0 0 0 0 0 
0 0 0 0 0 0 0 6 2 18 0 0 0 0 0 0 0 0 0 0 0 0 0 0 0 0 0 0 0 0 0 4 0 1 0 0 0 0 14 11 0 0 7 0 5 0 0 0 0 0 18 0 0 0 0 0 21 0 0 14 0 0 0 3 0 0 0 0 0 0 
0 0 0 0 0 0 0 0 20 0 0 2 0 0 20 0 0 0 0 0 0 0 0 6 0 0 0 0 0 0 0 0 0 0 0 0 0 0 0 0 0 0 0 0 0 0 0 0 0 0 0 0 0 0 0 0 0 12 0 7 0 0 0 17 0 0 0 0 0 20 
27 0 0 7 0 0 0 0 3 6 0 24 0 3 0 0 0 0 10 0 0 0 0 15 0 0 0 0 0 9 0 0 0 26 0 21 0 0 0 0 0 0 0 0 0 0 13 0 0 0 0 6 0 0 0 0 0 0 0 0 0 0 1 0 0 0 0 0 21 0 
0 0 0 23 16 0 0 0 0 0 0 0 0 6 0 0 0 0 0 0 0 0 0 0 0 30 0 0 0 0 30 0 2 0 0 0 0 0 6 0 0 0 0 0 0 30 0 0 0 28 0 29 3 0 0 0 0 0 0 0 0 0 0 0 0 29 25 0 8 0 
0 0 0 0 0 0 0 2 0 0 26 0 0 12 0 0 0 0 0 15 0 11 0 0 0 0 0 0 0 0 0 0 18 18 0 0 0 0 0 16 0 0 0 0 32 0 0 0 0 0 0 0 0 17 8 0 0 2 0 25 0 0 0 3 0 0 0 0 0 0 
0 2 4 16 0 0 0 0 0 0 0 0 0 0 0 0 0 0 0 0 0 0 14 16 0 0 0 0 0 19 16 0 10 0 0 0 0 0 12 0 0 0 0 24 0 0 0 23 0 0 25 0 0 0 0 0 20 0 17 0 0 0 0 0 0 0 0 0 0 0 
0 1 0 0 0 0 0 20 29 5 0 0 0 0 0 16 0 0 0 0 0 0 0 0 0 0 0 0 0 0 0 3 0 0 0 5 0 0 0 0 0 0 0 0 0 0 0 0 0 0 0 0 0 0 17 0 0 0 0 0 0 0 0 0 0 15 0 0 0 0 
0 3 0 0 0 0 12 19 0 0 0 30 0 0 0 0 0 6 0 0 0 6 0 0 0 0 11 0 18 0 0 0 5 0 19 14 20 0 16 0 0 0 0 0 29 1 0 0 0 0 0 0 0 0 0 0 0 0 0 0 0 0 0 0 0 0 0 0 0 23 
0 0 0 0 0 0 0 0 0 0 19 0 18 0 0 0 0 0 2 0 0 0 16 0 0 0 26 17 0 0 0 0 0 0 0 0 0 0 14 0 0 20 0 0 0 0 0 0 0 0 0 0 0 0 20 0 0 1 0 21 17 0 0 0 25 0 0 0 24 0 
0 0 2 2 0 0 0 0 0 23 0 0 0 0 0 0 0 0 0 18 0 0 0 0 0 0 0 0 0 0 0 0 2 0 0 1 18 23 0 0 0 0 0 20 0 0 15 0 0 0 0 0 0 0 17 0 10 0 0 0 0 0 0 0 0 0 0 0 0 0 
0 0 0 0 0 0 0 6 3 0 0 0 0 0 0 0 0 0 0 0 0 0 0 19 0 0 0 0 0 0 22 0 0 14 0 0 15 0 0 0 1 0 0 0 0 1 0 0 0 0 0 0 0 24 0 1 0 0 3 0 0 0 0 0 0 0 0 5 20 0 
27 0 0 0 0 0 3 0 0 0 0 17 0 0 0 0 0 0 0 0 0 0 0 0 0 29 0 0 0 23 0 0 0 0 0 0 0 0 0 0 0 0 0 0 8 0 0 0 2 0 0 0 0 0 18 20 0 18 0 0 0 0 3 5 0 9 0 0 0 30 
0 0 13 0 0 0 0 0 0 0 0 27 0 0 0 0 0 27 0 8 0 0 0 10 22 0 0 18 11 5 0 0 18 0 0 13 21 17 0 0 15 0 0 20 11 0 16 0 0 27 0 0 0 0 0 0 0 0 0 0 0 0 0 0 0 0 0 0 0 0 
16 24 0 0 0 0 0 0 0 0 0 0 0 0 20 0 0 6 0 0 0 0 0 0 0 0 0 0 15 0 0 0 0 0 0 26 0 0 28 0 0 0 0 0 0 0 0 0 7 0 0 2 0 0 0 0 0 11 0 0 0 0 0 0 0 24 0 0 0 0 
0 0 0 0 0 16 0 3 0 31 0 9 0 16 0 21 23 0 0 2 0 0 0 0 0 0 11 0 0 0 0 0 21 0 0 7 0 0 0 9 0 0 0 5 7 0 0 0 0 0 0 0 12 0 0 0 0 0 29 0 0 0 0 0 9 0 3 28 0 0 
7 0 0 25 0 0 0 1 0 0 0 6 17 0 0 0 0 0 0 0 0 0 0 0 0 0 0 0 16 0 11 0 0 0 0 0 4 0 0 10 0 15 0 0 0 0 0 0 7 0 0 0 0 0 0 8 0 0 0 1 3 0 16 0 6 10 0 0 0 10 
0 0 0 27 29 0 0 16 0 0 0 0 0 0 0 0 0 0 3 24 0 0 0 27 0 0 24 0 0 0 0 0 0 22 0 0 26 0 0 0 0 0 0 0 0 8 0 0 0 0 20 0 0 28 0 0 0 26 0 10 5 0 0 0 0 0 0 0 0 0 
0 0 0 0 0 0 0 0 0 0 0 0 0 0 0 13 0 0 0 0 0 0 16 0 0 0 0 0 0 0 0 0 6 0 0 0 0 0 0 0 0 0 0 0 0 0 25 0 0 18 22 0 14 0 0 0 0 0 0 0 0 0 13 0 0 0 0 0 0 0 
26 0 0 0 30 0 0 25 0 0 0 2 0 8 0 0 0 0 0 30 6 0 0 0 0 0 0 0 6 0 1 21 0 0 0 0 0 0 0 0 23 0 0 0 0 0 0 0 0 0 0 0 9 0 0 2 0 0 0 0 0 0 0 0 0 0 18 0 0 0 
0 25 0 0 0 14 0 0 4 0 0 0 0 0 0 21 0 0 0 0 0 0 0 0 0 0 0 11 0 14 0 0 0 0 0 16 24 0 0 0 0 0 28 0 0 0 24 16 0 0 0 0 0 0 10 0 0 0 0 0 0 0 0 0 0 0 22 3 0 0 
0 0 0 0 0 0 8 20 0 0 0 0 0 0 19 0 0 0 0 0 0 7 0 0 22 0 0 0 0 0 0 0 0 0 0 0 0 16 0 0 27 2 0 0 0 0 9 0 0 0 0 0 0 0 0 0 0 0 0 0 0 0 0 0 0 16 24 17 0 0 
14 0 0 0 0 14 0 0 17 0 20 26 0 0 0 0 0 0 28 0 0 0 7 0 26 0 0 0 0 0 0 4 0 0 0 0 0 8 0 0 0 0 1 0 10 0 0 0 0 14 0 0 0 0 0 0 0 0 0 0 0 0 10 0 0 0 5 0 21 0 
0 0 0 0 0 0 0 0 0 0 0 0 0 5 0 0 25 0 3 4 0 0 0 0 0 10 0 9 4 0 0 0 0 0 0 0 0 0 0 0 27 0 0 0 0 0 0 0 0 0 0 0 0 0 0 0 0 0 0 0 0 0 0 0 0 21 0 0 0 0 
0 0 3 0 0 0 0 0 2 29 0 0 0 0 0 0 9 0 0 0 15 0 0 26 0 0 0 2 2 0 0 0 0 0 0 0 0 0 28 0 0 0 6 0 0 0 0 0 26 11 0 0 8 0 0 0 0 0 18 0 0 0 17 0 0 0 0 0 26 11 
12 0 5 0 10 0 7 8 0 23 0 0 0 0 0 0 0 0 19 0 0 0 0 16 0 0 3 0 0 0 0 0 0 26 0 24 0 0 0 0 0 0 0 0 0 0 0 0 13 0 27 0 28 7 0 15 0 2 25 0 0 0 0 0 0 2 0 0 0 0 
0 19 19 0 0 0 0 0 0 0 0 0 23 0 0 11 0 0 0 0 0 0 0 6 0 0 30 1 0 0 29 0 0 0 0 0 0 0 0 0 0 0 0 0 0 20 0 0 0 0 9 0 0 0 0 0 0 0 0 0 0 0 0 0 0 0 0 0 0 0 
0 0 0 31 23 9 29 0 0 0 0 0 0 0 0 0 0 0 0 12 7 0 22 0 0 8 14 0 0 0 0 0 0 0 14 0 0 0 0 0 0 0 0 0 0 0 0 0 0 0 0 0 0 13 0 0 0 0 0 0 0 0 0 0 0 0 0 0 0 0 
0 0 9 0 0 18 11 0 0 0 0 0 0 0 0 17 24 0 11 0 0 0 30 27 21 0 0 0 0 0 0 0 8 18 0 0 0 0 0 0 0 0 0 0 0 0 0 27 0 0 0 0 0 0 0 0 0 26 0 0 0 0 2 0 10 0 0 16 0 0 
0 0 0 0 26 0 0 0 0 0 0 0 0 1 0 0 0 19 10 0 0 26 0 0 29 6 0 0 0 15 0 0 0 0 0 0 0 0 0 20 14 0 0 0 0 0 0 0 0 4 23 0 0 0 5 0 3 0 25 0 0 0 0 0 0 0 0 0 26 0 
0 0 0 0 0 0 0 0 0 0 0 0 29 0 0 0 0 0 20 0 0 0 0 22 10 0 0 0 30 24 0 0 0 21 0 13 0 0 0 0 0 0 0 8 0 0 0 0 0 0 0 0 0 0 23 0 0 0 0 0 0 0 0 0 0 0 0 0 0 0 
0 0 2 0 1 0 0 0 0 0 7 0 0 0 5 0 14 0 0 0 0 0 0 0 0 0 0 0 0 10 0 0 0 0 0 0 0 23 23 5 0 25 21 0 0 0 14 0 0 0 0 0 11 0 0 0 0 0 0 0 0 17 4 0 9 30 0 0 0 0 
0 18 0 0 0 0 0 0 0 0 19 0 0 0 0 1 0 0 15 0 0 18 0 0 0 0 4 0 0 0 11 0 0 6 14 0 0 0 14 0 0 0 24 0 0 0 8 20 0 0 0 0 0 19 4 0 0 0 0 0 0 0 0 0 9 19 0 0 0 0 
6 0 0 0 0 0 0 0 0 0 0 0 0 0 0 0 0 0 5 0 0 0 0 0 0 0 22 27 0 0 0 0 17 10 0 4 29 0 0 0 0 21 5 0 6 25 0 0 0 14 0 0 0 0 0 0 0 0 7 19 0 0 0 0 0 0 0 0 0 0 
0 4 0 14 0 0 0 0 0 0 0 0 30 0 0 0 0 5 0 0 0 10 7 0 24 0 26 0 0 0 0 0 22 0 13 0 0 25 0 15 0 0 0 27 0 0 0 0 0 0 0 0 0 0 0 3 0 19 30 0 29 0 0 0 0 0 0 0 0 0 
