70

0 1 0 1 0 0 0 1 1 0 0 1 0 1 0 0 0 1 1 1 0 0 0 0 0 0 1 1 0 0 0 0 1 0 1 0 0 0 1 1 0 1 0 1 1 1 0 0 0 1 1 0 1 1 0 0 0 0 0 0 0 0 0 1 1 0 0 1 0 0 
1 0 1 1 1 1 1 1 0 1 1 1 0 0 1 1 0 0 1 1 1 0 0 1 1 0 1 0 0 0 1 1 1 1 1 0 1 0 0 1 0 0 1 0 1 0 1 1 0 0 0 1 0 1 1 0 0 0 1 1 1 0 1 1 1 1 1 0 0 0 
0 1 0 1 1 0 0 0 0 1 0 1 1 0 0 0 0 1 0 1 1 1 1 1 0 1 0 1 0 1 0 0 1 0 1 0 1 1 1 0 1 0 0 0 1 1 0 1 1 0 1 1 0 1 0 1 0 1 0 0 0 0 0 0 0 0 1 1 1 1 
1 1 1 0 1 1 1 1 0 1 1 1 0 1 1 0 0 1 1 1 0 1 0 0 0 1 0 1 0 0 0 1 1 0 0 0 0 0 0 1 1 1 1 0 0 0 1 1 1 0 0 0 1 0 0 0 0 1 0 0 1 1 0 0 0 1 0 1 1 1 
0 1 1 1 0 0 0 0 1 1 0 1 1 0 0 1 1 1 0 1 1 0 1 1 0 0 0 1 0 0 0 0 1 1 0 0 1 0 0 1 1 0 0 1 1 1 1 0 0 1 1 1 0 1 1 1 0 0 1 0 0 0 1 0 1 1 1 1 0 1 
0 1 0 1 0 0 1 1 1 0 0 0 0 0 1 1 1 1 1 0 1 1 1 1 0 1 1 1 1 0 0 0 0 0 0 1 1 0 0 0 0 0 1 1 0 0 1 0 0 1 1 0 1 0 1 0 0 1 0 0 1 0 0 1 1 1 1 1 0 1 
0 1 0 1 0 1 0 0 0 0 1 0 0 1 0 1 1 0 0 0 1 1 0 0 1 1 0 0 1 0 0 0 1 1 1 0 1 0 1 0 0 0 1 1 0 0 0 1 0 0 1 1 1 0 1 1 1 0 1 0 1 0 1 0 1 1 0 0 0 1 
1 1 0 1 0 1 0 0 1 0 0 1 1 1 1 1 0 1 1 1 0 0 0 0 1 0 1 1 1 0 0 1 0 1 0 1 0 1 0 0 0 0 0 0 0 0 0 0 1 0 1 0 1 1 0 0 1 1 0 1 0 0 0 0 0 1 0 1 0 1 
1 0 0 0 1 1 0 1 0 1 0 0 0 1 0 1 1 0 1 0 0 0 0 1 0 1 1 0 0 1 0 0 0 1 0 1 0 0 0 1 0 0 0 1 1 0 1 1 0 0 0 1 0 0 0 0 0 1 1 1 1 0 0 1 1 0 0 0 0 0 
0 1 1 1 1 0 0 0 1 0 1 0 0 1 1 0 0 0 0 0 0 0 1 0 0 0 1 1 0 0 0 0 0 1 1 1 1 0 0 0 0 1 1 0 1 1 1 1 0 0 1 1 0 1 0 0 1 0 0 0 0 1 0 1 0 0 1 0 1 1 
0 1 0 1 0 0 1 0 0 1 0 0 0 1 0 1 0 0 1 0 0 1 1 1 1 0 0 1 1 0 0 1 1 1 0 0 0 1 0 0 1 0 1 1 0 1 1 0 0 0 1 1 0 0 1 0 1 0 1 0 1 1 0 1 1 1 0 0 1 0 
1 1 1 1 1 0 0 1 0 0 0 0 0 1 1 1 1 1 1 0 1 0 0 0 1 0 0 1 1 0 0 0 0 0 0 0 1 1 0 0 0 1 1 1 0 1 1 0 1 0 1 1 0 1 1 0 1 0 1 1 0 0 1 0 1 1 0 1 0 1 
0 0 1 0 1 0 0 1 0 0 0 0 0 0 1 1 0 0 0 0 0 0 0 1 0 0 1 0 1 1 1 0 1 0 0 0 1 0 0 1 1 0 0 0 1 1 1 1 0 1 0 1 1 0 1 0 0 1 0 0 1 0 0 1 1 0 0 1 1 0 
1 0 0 1 0 0 1 1 1 1 1 1 0 0 1 1 0 0 1 1 0 0 0 0 0 1 0 1 1 1 0 0 1 1 1 1 1 1 0 0 1 1 0 0 0 1 0 0 1 0 0 0 1 0 0 0 1 1 1 0 1 0 0 1 1 0 1 0 1 0 
0 1 0 1 0 1 0 1 0 1 0 1 1 1 0 1 0 1 0 1 0 0 1 0 1 1 0 1 1 0 0 1 1 1 1 1 0 0 1 0 0 0 0 0 1 0 0 0 1 1 1 1 1 0 0 0 1 1 1 1 1 0 0 0 0 1 1 0 0 0 
0 1 0 0 1 1 1 1 1 0 1 1 1 1 1 0 0 0 0 0 1 1 1 1 1 0 0 1 0 1 0 0 1 0 0 0 1 1 0 1 1 1 1 0 1 1 1 0 1 0 0 0 1 0 0 1 1 0 1 1 0 1 0 0 1 0 0 1 1 0 
0 0 0 0 1 1 1 0 1 0 0 1 0 0 0 0 0 0 1 0 1 1 1 1 1 1 0 1 0 1 1 1 1 0 1 1 1 0 1 0 0 1 1 0 0 0 1 1 0 0 1 0 1 1 0 1 1 0 0 1 1 1 0 1 1 0 1 1 0 1 
1 0 1 1 1 1 0 1 0 0 0 1 0 0 1 0 0 0 1 1 1 1 0 1 0 1 0 0 0 1 1 1 0 1 1 0 0 0 1 1 0 0 0 1 1 0 1 0 0 1 0 0 0 1 1 1 1 0 1 1 1 1 0 1 0 1 1 1 0 0 
1 1 0 1 0 1 0 1 1 0 1 1 0 1 0 0 1 1 0 0 0 0 1 0 1 1 0 1 1 1 0 1 0 0 1 1 0 0 1 1 1 1 0 0 0 1 1 0 1 0 0 0 1 0 1 1 1 1 0 1 1 1 0 1 0 0 1 1 0 1 
1 1 1 1 1 0 0 1 0 0 0 0 0 1 1 0 0 1 0 0 0 1 1 0 0 0 0 0 1 1 1 1 0 1 1 1 0 0 1 0 1 1 1 1 1 0 1 0 0 0 0 1 0 0 1 0 1 1 0 1 1 1 1 0 0 0 1 0 0 0 
0 1 1 0 1 1 1 0 0 0 0 1 0 0 0 1 1 1 0 0 0 0 1 1 1 1 0 1 1 0 0 0 0 1 0 0 1 1 0 1 1 1 1 1 0 0 0 1 1 0 1 1 1 1 0 1 0 0 1 0 1 0 0 1 1 1 1 0 1 0 
0 0 1 1 0 1 1 0 0 0 1 0 0 0 0 1 1 1 0 1 0 0 1 0 1 1 0 1 0 0 1 0 0 0 1 0 1 1 0 0 0 1 0 1 1 0 1 0 1 1 0 0 1 1 0 0 1 0 0 1 1 0 1 0 1 0 0 0 1 0 
0 0 1 0 1 1 0 0 0 1 1 0 0 0 1 1 1 0 1 1 1 1 0 0 1 1 1 1 0 0 1 1 1 0 0 1 0 0 1 0 0 0 1 0 0 1 1 0 1 0 1 0 0 0 1 1 1 0 1 0 0 0 0 1 1 1 0 1 1 1 
0 1 1 0 1 1 0 0 1 0 1 0 1 0 0 1 1 1 0 0 1 0 0 0 1 0 1 0 1 0 1 0 1 1 1 1 1 0 1 0 0 0 1 1 1 0 1 0 0 1 1 0 0 0 0 0 0 1 0 1 1 0 1 0 1 1 0 1 0 0 
0 1 0 0 0 0 1 1 0 0 1 1 0 0 1 1 1 0 1 0 1 1 1 1 0 1 0 1 0 0 1 1 1 1 0 1 0 1 0 0 1 1 1 0 0 1 0 0 0 0 0 0 1 1 0 0 1 0 1 1 1 1 0 1 1 0 0 0 0 1 
0 0 1 1 0 1 1 0 1 0 0 0 0 1 1 0 1 1 1 0 1 1 1 0 1 0 1 1 0 0 1 1 0 0 0 0 1 1 1 0 1 0 1 1 0 1 1 1 1 1 1 0 0 1 0 0 1 0 1 1 0 1 0 0 0 1 1 0 0 0 
1 1 0 0 0 1 0 1 1 1 0 0 1 0 0 0 0 0 0 0 0 0 1 1 0 1 0 1 1 0 1 0 1 0 0 0 1 0 0 0 0 1 1 0 1 0 0 1 0 0 0 0 0 1 0 0 1 0 0 0 0 0 0 0 0 1 0 1 1 1 
1 0 1 1 1 1 0 1 0 1 1 1 0 1 1 1 1 0 1 0 1 1 1 0 1 1 1 0 0 0 0 0 1 0 1 0 0 0 1 1 1 0 1 0 1 1 1 0 1 1 1 0 1 1 1 0 1 0 0 0 1 1 0 1 1 0 0 1 1 0 
0 0 0 0 0 1 1 1 0 0 1 1 1 1 1 0 0 0 1 1 1 0 0 1 0 0 1 0 0 1 0 0 1 0 1 0 1 1 1 0 0 0 0 1 1 1 1 0 1 1 1 0 0 1 1 0 1 0 0 1 1 0 0 0 0 0 1 0 0 1 
0 0 1 0 0 0 0 0 1 0 0 0 1 1 0 1 1 1 1 1 0 0 0 0 0 0 0 0 1 0 0 1 1 0 1 0 1 0 1 1 0 1 0 1 0 1 0 1 1 1 1 1 1 1 0 1 1 0 1 1 0 1 0 1 0 1 0 0 0 0 
0 1 0 0 0 0 0 0 0 0 0 0 1 0 0 0 1 1 0 1 0 1 1 1 1 1 1 0 0 0 0 1 0 1 1 0 1 1 1 0 0 0 1 0 0 0 0 0 1 1 0 1 0 1 1 1 1 1 0 0 1 1 0 1 0 1 1 0 0 0 
0 1 0 1 0 0 0 1 0 0 1 0 0 0 1 0 1 1 1 1 0 0 1 0 1 1 0 0 0 1 1 0 0 1 1 1 1 0 0 0 1 0 0 1 0 1 0 1 1 0 1 1 0 0 0 0 0 0 0 1 0 1 0 1 0 1 0 0 1 1 
1 1 1 1 1 0 1 0 0 0 1 0 1 1 1 1 1 0 0 0 0 0 1 1 1 0 1 1 1 1 0 0 0 0 1 0 1 0 0 1 0 1 0 0 1 1 0 0 1 0 1 0 0 1 1 1 0 0 1 0 0 1 1 0 0 0 1 0 1 1 
0 1 0 0 1 0 1 1 1 1 1 0 0 1 1 0 0 1 0 1 1 0 0 1 1 0 0 0 0 0 1 1 0 0 1 0 1 0 0 0 1 1 1 1 0 0 1 0 1 1 0 1 0 1 0 1 1 0 1 0 1 0 0 0 1 0 1 1 1 1 
1 1 1 0 0 0 1 0 0 1 0 0 0 1 1 0 1 1 1 1 0 1 0 1 0 0 0 1 1 1 1 1 1 1 0 1 0 0 0 1 0 0 0 1 0 0 1 0 0 0 0 1 0 1 0 1 1 0 1 0 1 1 0 0 0 0 1 1 1 0 
0 0 0 0 0 1 0 1 1 1 0 0 0 1 1 0 1 0 1 1 0 0 1 1 1 0 0 0 0 0 0 1 0 0 1 0 1 1 1 1 1 0 0 0 0 1 0 1 0 1 0 0 1 0 1 0 0 1 1 1 1 1 0 1 1 1 1 0 0 0 
0 1 1 0 1 1 1 0 0 1 0 1 1 1 0 1 1 0 0 0 1 1 0 1 0 1 1 0 1 1 1 1 1 1 0 1 0 1 0 1 1 0 0 0 0 0 1 1 0 1 0 1 0 1 0 0 0 1 0 1 1 1 1 1 1 0 0 0 0 0 
0 0 1 0 0 0 0 1 0 0 1 1 0 1 0 1 0 0 0 0 1 1 0 0 1 1 0 0 1 0 1 0 0 0 0 1 1 0 0 1 1 0 0 1 0 1 1 1 1 1 0 1 1 1 0 1 1 0 0 1 1 0 1 1 0 1 1 0 0 0 
1 0 1 0 0 0 1 0 0 0 0 0 0 0 1 0 1 1 1 1 0 0 1 1 0 1 0 1 1 1 1 0 0 0 0 1 0 0 0 1 0 0 1 1 0 0 0 0 1 0 0 0 1 0 0 0 1 0 1 0 0 1 1 1 0 0 1 1 0 0 
1 1 0 1 1 0 0 0 1 0 0 0 1 0 0 1 0 1 1 0 1 0 0 0 0 0 0 1 0 1 0 0 1 0 1 1 1 1 1 0 0 0 0 0 1 0 0 0 0 1 1 0 0 1 0 1 1 1 0 1 1 0 1 0 0 0 0 1 1 0 
0 0 1 1 1 0 0 0 0 0 1 0 1 1 0 1 0 0 1 1 1 0 0 0 1 1 0 1 0 0 0 1 0 1 0 1 1 1 0 0 0 1 1 1 0 1 0 0 0 1 0 0 1 1 0 1 1 1 1 1 1 0 1 1 1 0 1 0 1 0 
1 0 0 1 0 0 0 0 0 1 0 1 0 1 0 1 1 0 1 1 1 1 0 0 1 0 1 0 0 1 0 0 1 1 0 0 0 0 0 0 1 0 0 1 0 1 0 1 0 1 0 0 0 0 1 0 0 1 1 0 0 0 1 0 1 0 1 1 0 1 
0 1 0 1 0 1 1 0 0 1 1 1 0 0 0 1 1 0 0 1 1 0 1 1 1 1 1 1 0 0 1 0 0 1 0 0 0 0 1 0 1 0 0 1 1 1 0 1 0 0 0 0 0 0 1 0 1 0 0 1 0 1 0 0 0 0 0 0 0 1 
1 0 0 0 1 1 1 0 1 0 1 1 0 0 0 0 0 1 0 1 1 1 0 1 0 1 0 0 1 1 0 1 0 1 1 0 0 1 1 0 1 1 1 0 1 0 0 0 1 0 0 0 1 0 1 0 0 0 0 0 1 0 0 1 1 1 0 0 1 0 
1 1 1 0 1 0 0 0 1 1 0 0 1 0 1 1 0 1 0 1 0 1 0 1 0 0 1 1 1 0 0 0 1 0 0 0 0 0 0 1 0 0 1 1 0 1 1 1 1 0 1 1 1 0 1 0 1 1 0 0 1 1 0 0 1 1 0 1 1 0 
1 0 1 0 1 0 0 0 0 1 1 1 1 1 0 1 0 0 1 0 0 0 1 0 1 1 0 1 1 1 0 1 1 0 0 1 0 1 0 0 1 1 1 0 1 0 0 1 1 0 0 1 0 1 0 1 0 1 1 1 1 1 1 1 1 1 0 1 0 1 
0 1 0 1 1 1 0 0 1 1 1 1 1 0 0 1 1 1 1 1 0 1 1 1 0 1 0 1 1 0 0 0 0 1 1 0 1 1 0 0 0 0 0 0 1 0 0 0 1 1 0 0 1 0 1 1 0 1 0 1 1 0 1 0 1 1 1 0 1 1 
0 1 1 1 0 0 1 0 1 1 0 0 1 0 0 0 1 0 0 0 1 0 0 0 0 1 1 0 0 1 0 1 0 0 0 1 1 1 0 0 0 1 1 0 1 1 0 0 1 0 1 1 1 1 0 1 1 0 0 0 0 0 1 0 0 0 1 0 0 1 
0 0 1 1 0 0 0 1 0 0 0 1 0 1 1 1 0 0 1 0 1 1 1 0 0 1 0 1 1 1 1 1 1 1 0 0 0 1 1 0 0 0 0 1 1 1 1 1 0 1 0 0 0 1 0 1 0 1 1 1 0 1 0 1 0 1 0 0 1 0 
1 0 0 0 1 1 0 0 0 0 0 0 1 0 1 0 0 1 0 0 0 1 0 1 0 1 0 1 1 1 1 0 0 1 0 1 1 1 0 1 1 1 0 0 0 0 1 0 1 0 0 1 0 1 1 0 1 0 1 1 1 0 0 0 0 1 1 0 0 0 
1 0 1 0 1 1 1 1 0 1 1 1 0 0 1 0 1 0 0 0 1 0 1 1 0 1 0 1 1 1 0 1 1 0 0 0 0 0 0 1 0 0 0 0 1 0 0 1 0 0 0 1 1 0 1 0 1 1 0 1 1 0 1 1 0 1 0 0 1 0 
0 1 1 0 1 0 1 0 1 1 1 1 1 0 1 0 0 0 0 1 1 0 0 0 0 0 0 0 0 1 1 1 0 1 1 0 1 1 0 0 0 0 0 0 1 1 0 1 0 1 1 0 1 0 1 1 0 0 1 1 1 0 1 0 0 0 1 0 1 1 
1 0 0 1 0 1 1 1 0 0 0 0 1 1 1 1 1 0 1 0 1 1 0 0 1 0 0 1 0 1 0 0 0 0 0 1 0 1 1 0 1 0 0 1 1 0 1 1 0 0 1 1 0 1 0 1 0 0 0 0 1 1 1 1 1 0 1 1 0 0 
1 1 1 0 1 0 0 1 0 1 0 1 0 0 0 0 1 1 0 0 1 1 0 0 1 1 1 1 1 1 1 0 1 1 1 0 1 1 0 1 1 0 0 0 0 1 0 1 1 1 0 0 1 0 0 1 1 1 1 1 1 0 1 0 1 0 1 1 1 1 
0 1 0 0 1 1 1 0 0 0 1 1 1 0 0 0 0 1 1 1 0 0 1 0 0 0 0 1 1 0 1 0 1 0 0 1 0 0 0 0 0 1 1 1 1 0 1 0 0 1 1 1 0 0 0 1 0 0 0 0 1 0 1 1 0 0 0 1 1 1 
0 0 1 0 1 0 1 0 0 0 0 0 0 0 0 1 1 1 1 0 1 0 1 0 0 0 0 0 0 1 1 0 1 1 1 0 0 1 0 1 1 0 0 0 0 1 1 1 1 0 0 1 1 1 1 0 0 1 1 0 0 0 1 0 0 0 1 1 0 1 
0 0 0 0 0 0 1 1 0 1 1 1 0 1 1 1 1 1 1 1 0 1 1 0 1 1 1 1 1 1 1 0 0 1 1 0 0 1 1 1 1 0 1 0 1 0 0 1 0 1 1 0 0 1 0 0 0 1 1 1 1 1 0 1 1 0 0 0 0 0 
0 0 1 1 0 1 0 1 1 0 0 0 1 1 1 0 0 0 1 1 0 0 0 1 0 0 0 0 0 0 1 0 0 0 0 1 1 0 0 1 1 1 0 0 1 1 1 0 1 0 1 0 0 1 0 1 1 0 1 0 1 1 0 1 0 0 1 0 0 1 
0 1 0 0 1 0 1 0 1 0 1 1 0 1 1 1 0 1 0 0 1 0 1 0 1 1 0 0 0 1 0 0 1 1 1 1 0 0 1 0 1 1 0 0 0 1 0 0 1 1 0 1 0 1 0 1 1 1 0 0 0 0 1 1 0 0 0 0 1 0 
0 1 0 0 0 0 0 1 1 0 0 1 0 0 1 1 1 1 1 1 0 1 0 1 1 1 0 0 1 1 0 1 0 0 0 1 1 1 0 1 1 0 1 0 0 1 1 0 1 1 1 1 0 1 0 0 1 0 0 0 1 0 0 1 1 1 0 0 1 0 
0 1 0 1 0 1 1 0 1 0 1 0 1 1 1 0 1 1 1 1 1 1 0 1 1 0 0 1 1 0 1 0 0 1 1 1 1 1 0 1 1 0 0 1 1 1 1 0 0 1 1 1 1 1 1 0 1 1 0 1 0 0 1 0 0 1 1 1 0 1 
0 0 0 1 0 0 0 0 0 1 1 0 0 0 0 1 1 1 1 1 0 0 0 0 1 1 0 1 0 1 1 1 1 0 1 1 1 0 1 0 0 0 1 0 1 1 0 0 1 0 0 0 1 0 0 0 1 1 0 0 0 0 0 0 0 0 0 1 1 0 
0 1 0 0 1 0 1 0 0 0 0 1 0 0 0 0 0 0 0 1 0 1 0 1 0 0 0 0 0 0 0 0 1 0 0 0 1 1 1 1 1 1 0 0 0 1 1 1 0 0 1 1 1 1 1 1 0 0 1 0 1 0 0 1 1 1 1 1 1 1 
1 1 0 0 0 1 0 0 1 1 1 0 1 1 0 0 1 1 1 0 1 0 1 0 1 0 0 1 0 1 1 1 0 0 0 1 1 1 1 0 1 0 0 1 0 1 0 0 1 0 1 0 1 0 1 0 1 1 1 1 0 0 1 0 1 1 0 0 1 1 
1 1 0 0 1 1 1 0 1 0 1 1 1 1 0 1 1 0 0 0 1 1 1 1 1 0 0 1 0 0 0 0 0 1 0 1 1 0 0 0 1 1 0 1 1 1 1 0 0 0 0 0 1 1 0 0 1 0 0 1 0 0 1 1 0 0 0 0 1 1 
0 1 0 1 1 1 1 1 0 0 1 1 0 0 1 0 0 1 0 0 1 0 1 1 0 1 1 0 0 1 1 1 0 0 0 1 0 1 0 0 0 0 0 1 1 1 1 0 1 1 1 0 0 0 0 0 0 0 0 1 1 0 1 1 0 0 1 0 0 1 
0 1 1 0 1 1 0 0 0 1 0 0 0 1 1 0 1 1 1 1 1 0 0 0 0 1 0 0 1 0 1 0 1 1 1 1 0 1 1 0 1 1 0 0 0 0 1 1 0 1 0 1 1 1 0 1 0 1 0 0 1 0 1 0 0 1 0 1 0 0 
1 0 1 1 1 1 0 1 0 0 0 1 1 0 0 1 1 1 1 0 0 0 1 1 0 0 1 1 0 0 0 0 0 1 1 0 0 0 1 1 0 1 0 0 1 1 0 0 0 0 0 0 1 1 1 1 0 0 0 0 1 1 1 0 0 0 1 0 1 1 
0 0 1 1 0 0 0 0 0 1 1 0 1 1 0 1 0 0 0 0 1 1 1 0 0 0 1 1 0 0 0 1 1 1 1 0 0 0 0 1 1 0 0 1 1 0 1 0 1 0 1 1 0 1 1 0 0 0 1 1 0 1 1 1 1 0 0 1 0 0 
0 0 1 1 1 1 1 1 0 1 0 1 0 0 0 0 1 0 1 0 0 0 1 0 1 0 1 0 1 0 0 1 1 1 0 0 0 0 0 0 0 1 1 0 0 1 1 1 0 0 0 1 0 1 1 1 0 1 0 0 1 0 1 1 1 1 0 1 0 0 

0 0 0 0 1 0 1 15 0 0 0 29 0 0 0 0 0 0 0 0 0 0 0 1 28 0 22 0 0 0 6 0 0 27 0 0 0 0 0 0 0 0 0 0 0 13 0 17 0 0 0 0 14 0 20 0 0 0 0 0 19 0 13 0 0 0 0 0 1 0 
0 0 0 29 0 0 3 0 0 0 0 0 18 0 0 0 0 0 0 0 28 0 0 0 18 0 0 0 27 0 0 0 0 0 0 0 0 0 0 0 0 0 0 26 0 20 0 0 0 0 0 0 0 0 16 0 0 0 14 0 0 0 0 0 21 0 0 6 0 0 
28 0 0 0 0 0 22 21 26 0 0 0 0 0 0 0 0 0 0 0 0 7 27 0 0 0 23 0 0 23 19 0 0 4 0 0 0 0 0 24 0 0 7 0 29 0 0 0 0 0 0 0 8 0 0 4 0 0 0 22 0 0 0 0 0 12 0 0 0 0 
0 0 0 0 0 0 0 0 0 0 0 0 0 0 0 0 27 0 0 0 5 15 2 26 0 24 0 0 0 15 0 0 0 0 26 0 0 0 0 0 0 0 0 27 0 0 0 0 0 0 0 0 0 0 0 0 0 0 0 27 0 0 0 0 0 0 27 0 0 0 
9 0 27 13 0 0 0 0 0 0 0 5 0 0 0 23 0 0 0 0 0 25 0 0 0 0 0 0 18 0 2 0 0 0 0 0 0 21 0 0 2 0 0 7 6 0 0 5 0 0 0 0 0 0 0 0 0 0 0 24 0 0 15 7 0 0 0 0 0 0 
0 0 0 17 0 0 0 0 0 16 0 0 0 7 5 0 0 0 0 0 0 8 0 0 0 12 12 0 10 0 0 0 8 15 0 0 0 0 0 0 9 0 0 0 0 0 0 0 15 26 0 25 0 0 11 0 15 0 0 0 28 0 0 0 0 0 0 17 11 0 
0 3 0 0 0 0 0 0 0 0 0 0 0 0 0 20 28 0 0 0 0 0 0 4 0 0 0 0 0 0 0 0 0 0 0 12 0 0 0 0 0 14 0 0 1 0 0 0 0 1 12 0 0 0 0 0 0 0 0 0 0 0 1 0 0 0 0 0 0 0 
0 27 0 0 24 0 0 0 8 4 7 10 24 0 16 0 0 0 0 0 0 0 0 8 0 0 0 0 27 5 0 0 0 0 0 0 0 26 23 0 0 11 0 0 0 0 0 0 0 0 0 0 16 0 0 0 0 10 0 0 15 12 0 0 0 0 0 0 0 0 
0 0 22 0 0 0 0 0 0 0 13 0 0 0 6 22 0 0 0 3 27 0 0 0 0 0 0 9 0 0 0 0 0 9 0 0 0 0 20 0 0 0 0 0 0 0 0 0 13 0 25 0 0 0 10 0 0 0 0 0 2 0 0 0 0 0 0 0 0 0 
0 0 0 0 0 0 16 0 0 0 0 0 25 0 0 0 0 0 0 0 12 0 0 0 0 27 0 0 0 0 0 0 0 0 0 0 0 0 0 22 0 0 0 0 0 25 0 0 0 0 0 24 0 27 29 0 0 0 0 0 0 0 0 0 0 0 0 0 9 0 
0 0 0 0 0 16 0 27 0 0 0 0 18 0 0 24 0 0 0 0 0 26 17 0 26 0 0 0 0 0 0 0 0 0 0 0 0 0 0 8 13 12 12 20 0 0 0 0 4 18 0 0 12 0 0 3 0 0 0 26 0 0 0 0 0 0 0 5 0 0 
0 0 0 0 15 0 0 0 0 0 0 0 22 0 14 0 20 0 0 0 14 0 0 0 0 0 0 0 0 0 0 21 0 0 0 1 0 0 0 8 25 0 0 0 0 10 0 0 0 0 0 26 0 0 8 0 0 5 0 0 0 0 0 0 0 0 3 0 0 0 
0 3 6 0 0 0 0 0 0 0 0 0 0 0 0 0 0 0 0 0 0 0 0 0 0 0 0 0 0 27 0 0 0 0 0 0 0 0 0 0 0 0 0 5 0 0 0 0 0 0 0 0 0 0 0 0 0 0 0 0 0 0 0 0 11 5 0 0 9 7 
27 0 0 0 1 0 0 0 0 0 0 11 0 0 0 0 0 0 0 18 24 0 0 0 0 0 0 0 1 0 0 0 0 0 0 0 0 20 0 0 8 0 0 0 0 0 0 0 6 0 0 3 0 0 0 0 0 0 0 10 0 0 0 0 3 23 0 12 0 26 
28 0 0 0 0 0 0 12 0 0 19 0 2 0 0 0 0 0 0 21 0 0 0 0 0 0 0 0 0 0 1 0 0 5 0 0 0 0 0 0 0 0 0 0 0 0 2 0 0 0 7 0 0 0 0 0 0 0 0 0 0 0 0 0 0 0 2 0 0 0 
0 13 0 0 0 0 0 0 0 0 0 0 0 0 0 0 29 0 0 28 0 1 8 0 8 3 0 0 15 0 0 0 0 0 0 0 0 22 0 0 0 0 0 0 0 6 0 0 21 0 0 0 5 16 0 0 8 0 0 0 2 0 0 6 10 0 12 27 0 0 
0 8 0 0 0 0 0 0 0 0 0 0 0 0 0 17 0 0 0 0 0 0 0 22 0 0 0 0 0 0 0 0 20 2 0 0 0 0 0 0 0 0 0 25 0 16 0 0 0 4 0 0 0 22 0 0 0 0 0 0 0 0 0 0 0 12 0 0 14 0 
0 4 0 0 0 0 0 0 19 0 0 0 0 0 0 0 0 0 1 0 3 0 0 12 0 0 0 0 0 0 11 0 0 0 0 0 0 0 0 0 0 0 0 0 0 0 12 24 0 0 0 0 0 0 8 23 6 0 0 0 0 0 0 0 0 0 0 0 0 0 
12 0 23 0 0 0 0 0 0 16 0 9 0 0 0 0 0 0 0 8 0 13 0 0 0 0 17 0 0 0 0 0 0 0 3 0 24 0 0 0 0 0 0 0 0 0 0 0 28 0 0 0 0 0 0 0 20 0 12 0 21 0 0 0 0 0 0 9 0 0 
0 0 0 0 28 0 0 0 0 26 0 0 0 18 3 0 0 0 2 0 4 0 2 0 0 0 1 28 0 0 15 0 0 0 0 0 0 0 15 11 0 1 0 17 0 0 13 0 0 0 22 25 0 13 0 0 0 0 28 0 28 0 27 0 0 0 0 0 0 0 
0 0 0 4 19 0 0 15 0 0 0 0 0 6 0 0 0 0 0 0 0 0 0 0 0 0 0 0 0 0 14 0 0 0 0 0 0 0 0 0 0 0 0 0 26 0 3 0 0 0 0 0 24 0 28 0 0 6 0 0 0 0 0 18 0 0 0 0 0 13 
0 0 0 0 0 0 0 0 0 0 20 0 0 0 0 0 0 12 14 0 0 0 0 0 0 0 0 0 12 0 0 8 0 0 28 0 10 0 2 0 0 0 0 0 7 0 0 0 0 0 0 0 0 0 0 19 0 1 0 0 0 10 16 0 24 0 0 0 0 0 
3 0 0 0 0 2 0 11 17 12 0 20 0 0 0 0 0 6 16 5 0 0 0 0 0 0 1 0 0 0 0 5 22 0 0 28 0 0 0 0 13 0 4 0 0 26 16 0 0 0 0 0 0 0 0 9 0 5 0 16 0 0 0 0 0 18 12 0 0 0 
0 0 0 0 0 16 0 0 0 0 0 0 0 0 0 0 0 0 0 0 0 12 0 0 0 17 0 0 0 10 0 0 0 0 21 0 0 0 0 27 2 0 0 0 9 14 0 0 0 0 20 0 0 0 0 22 0 0 0 0 0 0 0 0 0 0 21 19 0 0 
2 0 0 0 2 0 0 0 1 0 8 0 0 0 0 0 0 0 0 0 0 0 0 0 0 25 0 0 1 26 12 0 0 0 25 0 0 0 0 0 0 27 2 0 0 0 0 0 9 0 0 0 0 0 17 0 0 0 2 0 0 0 0 0 0 0 0 0 0 0 
0 0 0 21 0 8 0 4 0 0 0 12 0 0 9 27 0 29 0 0 0 0 0 0 0 0 0 0 0 0 0 0 0 3 9 23 0 0 0 22 0 1 0 15 0 0 0 0 0 0 0 0 0 0 0 0 0 25 0 0 0 7 0 14 0 0 0 0 0 0 
16 0 0 23 0 8 26 1 5 4 0 0 0 0 0 0 0 0 0 1 0 0 0 0 0 0 0 0 0 11 0 0 16 0 0 0 0 22 4 0 0 0 25 0 0 0 0 0 0 0 0 0 0 28 0 0 16 16 0 0 0 0 0 0 0 0 0 0 0 0 
0 0 0 0 0 0 18 12 0 0 0 0 0 0 21 0 22 24 0 0 0 3 0 0 18 0 0 0 0 0 0 0 0 26 0 14 0 15 0 0 16 0 23 0 0 0 0 0 0 0 0 0 0 0 0 0 0 0 0 0 0 3 0 0 0 0 0 0 0 0 
0 0 0 0 5 0 11 0 0 0 0 0 0 0 28 22 0 0 10 0 0 0 0 0 0 0 0 0 0 0 12 0 0 0 0 0 0 0 0 0 0 0 0 0 0 0 0 27 0 0 20 0 0 0 23 0 6 0 0 4 28 12 0 0 0 0 2 0 0 11 
0 0 0 0 0 0 0 0 0 0 0 0 0 0 0 0 0 4 0 0 0 0 11 0 0 0 0 0 0 0 0 21 0 0 11 0 0 14 0 0 4 0 0 0 10 0 0 0 28 0 6 0 0 0 0 0 0 0 0 0 0 0 12 0 0 0 16 0 0 0 
0 0 0 0 0 20 0 0 0 16 0 2 0 0 0 0 0 0 0 0 0 25 0 0 0 0 0 0 0 28 0 0 15 0 0 20 21 0 0 0 0 22 17 0 0 0 0 0 0 0 0 0 25 0 0 0 0 0 20 0 0 23 19 0 0 0 0 0 0 0 
0 0 0 0 0 0 0 0 0 0 0 0 0 0 0 0 0 0 0 24 0 8 13 0 0 25 10 0 0 0 0 0 0 0 0 0 0 0 0 18 0 0 0 0 0 25 22 0 0 0 0 0 16 0 15 0 7 0 0 21 0 4 0 0 27 0 0 0 13 18 
0 0 0 0 0 26 0 0 0 19 0 0 14 20 4 0 0 0 0 0 0 0 0 0 0 0 0 0 0 22 24 0 0 0 0 13 0 0 0 0 0 1 12 0 0 27 0 4 25 0 0 0 0 0 0 22 3 0 5 0 0 27 0 0 8 0 0 0 0 0 
0 0 0 0 4 0 0 5 0 0 0 16 0 0 1 0 0 0 9 0 23 0 0 0 0 0 0 0 0 0 0 0 11 0 0 2 26 0 0 0 0 0 0 0 19 0 0 0 0 0 0 22 19 0 0 0 0 0 0 0 0 0 0 13 0 14 0 0 2 0 
0 0 0 0 0 0 0 0 0 5 27 0 3 0 0 22 0 0 0 4 0 0 0 0 0 20 0 0 27 0 0 7 0 0 0 0 0 0 0 0 0 2 0 0 0 0 0 0 0 0 0 0 0 0 0 0 0 0 0 4 0 9 0 0 25 0 0 0 0 0 
0 0 0 0 4 0 0 0 0 0 0 0 26 0 0 0 0 0 0 0 0 0 0 14 17 18 6 0 28 12 0 0 0 0 0 0 0 15 5 0 0 0 0 0 0 0 0 0 0 0 0 0 1 0 0 0 0 0 0 28 0 0 0 0 0 0 19 0 0 0 
0 0 0 26 24 6 0 0 0 0 9 0 0 2 0 7 0 17 0 0 28 0 0 0 0 20 0 1 0 0 27 0 0 0 0 0 0 0 0 0 0 0 0 0 15 0 0 0 29 0 0 18 0 0 0 0 0 15 0 0 0 0 0 6 0 0 0 14 0 0 
0 0 0 0 0 22 15 0 0 19 23 0 0 21 16 0 13 0 11 0 0 0 0 0 16 0 0 0 0 0 0 0 0 0 23 0 0 0 6 0 28 0 0 1 0 0 0 0 0 0 0 0 0 13 15 0 0 0 0 0 0 25 0 5 0 0 0 14 15 0 
0 13 0 0 0 11 0 0 0 0 0 0 0 0 4 0 0 0 0 0 0 0 0 0 0 0 0 0 10 0 0 0 0 2 16 0 0 0 0 6 0 0 0 0 0 0 0 0 0 0 0 0 0 0 0 0 0 0 0 0 0 17 0 0 20 0 0 0 0 0 
0 0 0 6 0 0 0 0 0 0 0 0 0 0 23 0 0 0 0 0 0 22 24 0 0 0 18 0 0 8 26 28 0 0 0 0 0 0 0 0 16 0 0 0 0 10 8 29 0 0 0 0 0 0 0 0 0 11 0 0 0 21 0 0 0 0 0 0 0 8 
0 0 27 6 6 0 0 0 22 5 0 0 0 0 0 0 0 0 0 0 0 0 0 8 0 0 0 0 0 28 0 0 8 0 0 0 22 0 0 0 0 0 0 0 0 12 0 0 20 0 0 24 0 0 0 7 0 21 0 0 0 1 0 27 0 0 0 0 0 0 
0 0 0 0 11 0 0 0 0 0 1 0 0 0 0 0 16 0 0 0 0 0 0 0 0 0 7 0 0 12 0 1 0 0 0 11 0 0 0 0 0 0 0 14 1 0 0 0 19 0 0 0 0 0 3 0 0 12 0 0 22 0 0 0 0 0 5 0 19 23 
0 0 0 0 0 0 3 0 0 0 0 0 0 0 0 0 0 0 15 0 8 0 0 0 0 0 0 0 0 7 0 0 10 0 0 0 0 0 0 0 0 0 0 18 0 0 0 0 0 0 0 0 0 0 0 0 0 0 0 0 0 8 0 0 0 9 0 0 0 0 
0 1 0 0 0 0 0 0 28 0 0 0 14 0 3 0 21 0 0 0 0 0 0 0 0 0 0 7 0 0 0 23 0 0 0 0 0 0 14 0 0 4 0 0 0 0 0 0 10 0 20 0 16 23 0 0 15 0 0 0 0 0 0 0 0 0 9 0 0 14 
0 0 0 0 0 4 0 0 0 0 0 0 0 0 2 0 0 26 0 0 0 25 1 0 0 0 0 0 0 0 0 20 0 0 0 18 0 0 0 0 0 0 22 0 0 8 0 0 0 5 0 0 0 0 0 0 0 0 0 0 0 15 17 20 0 0 0 2 0 0 
0 0 0 19 0 0 0 0 0 14 13 0 11 17 0 0 0 0 0 0 0 22 0 3 25 7 0 0 0 0 1 0 0 0 0 25 1 8 0 0 0 0 0 0 7 0 0 0 0 0 0 0 0 0 4 0 0 15 0 0 26 0 0 0 0 0 0 0 3 0 
0 19 24 0 0 0 0 0 24 0 10 0 0 29 28 0 0 0 0 0 0 0 0 0 0 0 0 0 16 0 0 0 6 28 0 0 0 0 0 0 0 0 0 0 27 0 0 0 0 0 0 0 0 0 29 0 0 0 5 0 0 0 0 0 10 10 0 0 0 0 
0 23 23 28 0 0 0 0 0 1 0 0 0 0 0 0 0 0 0 0 0 0 0 0 17 0 0 0 0 0 20 0 0 0 23 0 3 0 0 0 0 0 24 20 0 28 0 0 1 0 22 0 0 0 0 0 0 0 0 0 0 0 0 0 0 0 4 0 0 0 
0 0 0 0 11 0 0 0 0 0 14 0 0 0 21 0 14 0 0 0 0 4 0 0 0 0 0 0 0 0 0 11 0 2 7 21 0 0 0 0 0 0 0 0 0 7 0 0 0 0 0 0 0 0 0 0 0 0 12 0 0 0 21 0 5 0 0 26 0 0 
0 22 0 0 21 0 0 0 1 0 0 0 0 0 0 0 0 0 25 0 28 0 27 0 0 0 0 0 10 0 0 0 0 0 0 0 7 0 23 0 6 10 14 27 0 0 0 0 0 0 19 0 0 0 0 1 0 0 0 0 0 0 0 0 0 3 0 28 0 0 
0 13 0 0 4 4 0 12 0 0 0 6 0 0 0 0 0 0 0 9 0 0 16 0 0 0 0 0 0 2 0 0 0 0 0 0 0 0 8 26 0 18 0 0 0 11 0 6 0 0 0 0 0 0 0 0 0 20 0 21 16 0 0 0 0 0 0 0 0 0 
0 0 0 0 0 0 0 0 0 0 23 5 20 0 0 0 18 0 0 0 0 0 0 0 0 0 0 1 0 0 0 0 0 0 25 0 0 0 0 21 0 0 0 0 0 0 24 0 0 0 0 0 14 0 24 22 20 0 0 0 0 7 0 10 16 0 0 0 0 14 
0 0 0 27 0 0 0 0 0 0 0 0 15 0 0 0 0 0 0 0 0 0 0 0 0 3 0 0 0 0 0 0 0 0 0 0 0 0 19 0 0 0 23 0 0 10 0 0 0 0 10 0 0 0 0 0 0 0 0 0 0 0 0 0 0 6 0 0 0 0 
0 0 0 8 0 0 0 0 0 27 0 0 5 0 0 0 0 0 0 0 0 0 21 4 0 0 0 0 25 5 0 21 0 0 0 0 0 0 0 5 0 0 0 0 0 0 0 0 0 0 0 0 0 0 0 0 0 0 0 0 0 0 30 26 25 0 3 10 0 0 
0 0 0 0 0 0 26 0 0 0 0 0 0 0 0 27 0 0 0 14 0 0 0 0 0 0 0 0 0 0 0 0 0 0 0 0 0 26 2 0 0 1 27 0 0 0 7 0 0 0 0 0 22 0 0 0 0 0 0 0 0 28 1 25 0 0 0 12 0 1 
0 19 0 0 0 0 0 0 0 0 0 0 0 0 0 0 0 0 0 14 26 0 4 3 0 0 0 0 0 0 0 0 0 0 0 0 0 0 0 0 0 0 0 0 0 0 0 0 0 0 0 3 0 0 25 0 0 2 0 5 0 0 0 0 0 0 10 0 0 0 
29 0 0 10 0 14 18 0 0 0 0 0 0 0 1 0 5 0 18 21 0 0 0 9 0 0 0 0 19 0 20 0 0 0 18 0 12 0 18 9 0 0 0 0 0 0 0 24 0 26 0 0 0 0 0 0 0 0 27 0 0 0 0 0 0 0 0 0 0 0 
0 0 0 0 0 0 0 0 7 0 0 0 0 0 13 0 12 0 0 0 0 0 0 0 0 4 0 0 22 0 0 0 0 4 0 14 25 21 0 0 0 0 0 0 0 0 0 17 0 25 0 0 0 0 0 0 0 0 0 0 0 22 0 0 0 0 0 21 0 15 
0 0 0 0 0 0 20 0 0 0 0 0 0 0 0 0 0 0 21 28 25 0 0 0 0 0 0 0 0 0 5 15 0 0 0 0 0 0 0 0 0 0 0 0 0 27 0 12 0 7 0 0 0 0 0 26 0 0 0 0 0 0 0 0 0 0 0 0 8 0 
0 0 29 0 0 0 0 0 0 0 16 0 0 25 0 13 0 0 0 13 0 14 0 0 0 25 0 0 0 0 0 0 0 0 28 0 0 0 0 0 0 0 15 0 3 0 0 0 0 0 0 0 0 0 0 0 0 0 0 0 6 0 0 0 0 26 0 0 0 0 
0 0 0 0 0 0 0 5 0 11 0 22 13 0 0 0 11 14 0 0 2 0 0 0 0 0 0 0 0 0 0 0 0 7 23 0 0 0 0 0 0 0 0 16 0 8 0 0 0 0 0 0 0 0 0 0 0 0 0 0 0 0 0 0 2 0 0 0 0 0 
0 0 0 0 0 0 12 15 0 0 0 20 0 0 0 0 5 0 0 0 7 6 0 0 0 14 0 0 0 17 0 0 0 0 10 0 0 0 27 0 0 0 0 0 0 0 0 0 0 0 19 0 0 0 0 19 0 0 0 0 0 0 0 0 0 0 0 0 0 0 
0 10 16 0 0 0 0 0 28 0 0 0 6 0 0 0 0 0 9 0 0 0 0 0 0 0 0 0 0 0 0 0 0 0 0 0 26 0 0 0 0 0 0 0 0 0 0 0 22 23 0 0 0 0 0 19 0 0 0 7 0 0 0 0 0 0 22 0 0 0 
1 26 0 0 0 0 0 0 19 0 29 0 0 15 8 0 0 19 0 0 26 0 16 0 28 0 7 0 0 0 0 25 0 0 0 0 0 0 2 0 0 0 20 0 22 0 24 0 0 0 0 0 0 0 0 0 0 0 0 0 0 0 14 0 0 24 0 0 0 0 
15 0 0 6 0 0 1 0 0 0 13 0 0 24 0 0 0 0 14 0 0 0 0 0 0 0 0 0 0 28 0 0 0 0 0 0 0 0 0 18 0 0 0 0 10 0 0 0 0 0 0 0 0 9 0 0 0 0 13 6 0 11 0 0 0 0 10 0 0 0 
26 0 0 0 0 0 0 0 0 19 0 0 0 0 0 0 0 0 0 0 0 0 0 0 15 0 0 0 21 0 0 0 0 0 0 0 0 0 0 0 0 0 0 9 13 0 0 0 0 0 20 0 6 0 0 0 0 0 0 0 25 0 0 0 0 0 0 0 0 0 
23 0 13 0 0 0 15 10 0 9 0 0 0 0 0 0 0 0 0 0 9 0 0 13 0 0 21 15 0 0 23 0 0 0 0 0 0 0 0 0 0 13 0 0 0 0 0 0 0 0 22 0 0 0 0 0 0 0 0 0 12 0 0 0 0 0 0 14 0 0 
0 0 0 0 0 0 2 0 0 0 0 0 0 0 21 10 0 24 0 0 0 2 0 3 0 0 18 7 0 0 0 0 18 0 0 16 0 0 0 0 0 16 0 0 0 0 0 0 0 0 0 0 0 0 0 0 0 0 0 0 0 0 0 14 4 0 0 0 0 0 
0 0 0 0 0 0 3 0 0 0 23 0 0 0 0 0 0 0 0 0 0 0 0 11 0 0 14 0 0 23 0 0 0 0 0 0 18 25 0 0 11 5 0 0 21 0 26 0 0 0 13 16 26 14 0 0 10 0 0 0 0 0 0 0 0 0 0 0 0 0 
0 0 7 0 0 0 2 0 0 1 0 0 27 0 0 16 0 0 14 0 0 0 0 0 0 0 0 0 0 0 4 0 0 0 0 0 23 0 3 0 0 7 26 0 0 0 0 0 0 0 0 0 4 0 0 0 0 4 0 0 26 0 0 9 0 0 0 0 0 0 
