70

0 0 1 0 0 0 1 0 0 0 0 0 1 1 0 0 1 0 0 0 0 1 0 1 0 1 0 0 0 0 1 0 0 1 0 1 0 1 0 0 0 0 0 0 0 0 0 0 0 0 0 0 1 1 1 0 0 0 0 0 0 1 1 0 1 1 0 1 0 0 
0 0 0 1 1 1 1 1 0 1 0 0 1 0 0 1 1 0 1 1 1 1 1 0 1 0 1 1 1 0 0 0 1 1 1 1 1 0 0 0 0 0 0 0 0 1 1 1 0 0 0 0 1 0 0 0 1 0 1 0 0 0 1 0 1 0 1 0 0 0 
1 0 0 0 1 0 1 1 0 0 1 0 1 0 1 1 1 0 0 0 0 0 0 0 1 1 0 1 1 1 1 0 1 1 0 1 1 0 0 0 0 1 0 0 0 1 1 0 1 0 1 1 0 1 0 0 0 1 0 0 1 0 1 0 1 0 1 1 1 0 
0 1 0 0 0 0 0 1 0 0 0 0 0 0 1 0 0 0 0 1 1 1 0 0 1 0 1 0 1 0 0 0 0 1 0 0 0 1 1 0 0 0 0 0 0 0 1 0 1 0 0 0 0 0 1 0 0 0 0 1 0 0 0 0 0 0 0 0 0 1 
0 1 1 0 0 1 1 1 1 0 0 1 1 0 1 0 1 0 1 1 0 1 0 0 1 0 1 0 1 1 0 1 1 0 1 0 0 0 1 1 0 1 0 1 1 1 0 1 1 0 1 1 0 1 0 0 0 0 1 0 0 0 0 0 0 0 0 1 0 0 
0 1 0 0 1 0 0 1 0 0 0 1 1 0 0 0 0 0 1 1 1 1 0 1 1 0 1 0 0 1 1 0 0 1 0 0 0 1 0 0 0 1 0 1 0 1 0 0 1 0 0 1 1 0 1 0 1 0 0 0 0 1 1 0 1 0 1 0 0 1 
1 1 1 0 1 0 0 0 0 0 1 0 1 0 0 0 0 0 0 0 1 0 0 0 1 0 0 0 0 0 0 0 1 1 1 1 1 0 0 0 0 1 0 0 1 0 1 0 0 0 1 0 1 0 0 0 0 0 0 0 0 0 0 0 1 0 0 0 0 0 
0 1 1 1 1 1 0 0 0 0 0 1 0 1 0 0 1 0 0 1 1 0 1 1 0 1 0 1 0 1 1 1 1 0 1 0 1 0 0 1 0 0 1 0 1 1 0 1 0 1 0 1 0 1 0 0 1 1 0 1 0 1 1 1 0 0 0 1 1 1 
0 0 0 0 1 0 0 0 0 1 1 0 0 0 1 1 0 1 0 0 0 0 0 1 1 0 1 1 1 0 0 0 0 1 1 0 0 0 0 1 0 0 1 0 0 1 0 1 0 0 1 1 1 0 0 1 0 0 1 0 1 0 0 1 0 0 0 0 1 1 
0 1 0 0 0 0 0 0 1 0 0 1 1 0 0 0 0 0 0 1 0 0 0 0 1 1 1 0 1 0 0 1 0 0 0 1 0 1 0 0 1 1 0 1 0 1 0 0 0 1 0 0 1 0 0 1 0 1 0 0 1 1 1 0 1 1 1 1 1 0 
0 0 1 0 0 0 1 0 1 0 0 1 1 0 1 0 0 0 0 0 0 1 1 0 0 1 0 1 0 0 0 0 1 0 1 0 1 1 0 0 1 0 0 0 1 0 0 0 1 1 0 0 1 1 0 1 0 1 1 0 1 0 1 0 0 1 0 1 1 0 
0 0 0 0 1 1 0 1 0 1 1 0 0 1 1 1 0 1 1 0 0 0 0 0 0 1 1 1 0 0 0 1 1 1 0 0 0 1 0 0 1 0 1 0 0 1 0 0 0 1 0 1 1 1 1 0 0 1 1 0 0 0 0 1 0 1 0 0 1 0 
1 1 1 0 1 1 1 0 0 1 1 0 0 0 0 1 0 1 0 1 1 1 0 1 0 1 0 0 1 1 1 0 0 0 0 1 1 0 1 1 0 0 0 0 1 0 0 0 0 1 0 0 1 0 0 1 1 1 1 0 1 0 0 1 0 0 0 1 1 0 
1 0 0 0 0 0 0 1 0 0 0 1 0 0 0 0 1 1 0 1 0 0 0 0 1 0 1 1 1 1 0 0 0 0 0 0 1 0 1 1 0 0 1 0 1 1 0 0 1 0 1 0 1 1 0 1 0 0 0 0 0 1 1 1 0 0 0 0 1 0 
0 0 1 1 1 0 0 0 1 0 1 1 0 0 0 0 0 0 0 0 0 0 0 0 1 0 0 0 1 1 1 0 1 1 0 0 1 0 1 0 0 0 1 1 0 1 0 0 0 1 1 1 0 1 0 1 0 0 1 0 0 0 0 1 0 0 0 0 0 0 
0 1 1 0 0 0 0 0 1 0 0 1 1 0 0 0 0 0 0 1 1 0 0 0 0 0 0 1 0 0 1 0 1 0 0 1 1 1 0 1 1 0 1 0 0 1 1 1 1 0 1 0 1 1 1 1 1 0 0 0 0 1 0 1 0 1 1 1 0 0 
1 1 1 0 1 0 0 1 0 0 0 0 0 1 0 0 0 0 0 0 0 1 0 0 1 0 0 1 1 0 1 1 0 0 1 0 0 1 0 1 1 0 0 0 1 1 1 1 0 0 0 0 1 0 1 0 1 0 0 1 1 0 0 0 0 0 1 0 0 0 
0 0 0 0 0 0 0 0 1 0 0 1 1 1 0 0 0 0 0 1 1 0 1 1 0 1 1 0 0 0 0 0 0 0 1 0 0 0 1 0 1 0 0 0 0 1 0 1 0 0 0 1 1 0 0 0 0 0 0 0 1 0 1 0 0 0 0 0 0 0 
0 1 0 0 1 1 0 0 0 0 0 1 0 0 0 0 0 0 0 1 1 1 0 0 0 1 0 1 0 0 0 1 0 0 1 0 0 1 0 0 1 0 0 0 0 0 0 1 0 1 0 1 0 1 0 0 0 0 0 0 0 0 0 0 0 0 0 0 1 0 
0 1 0 1 1 1 0 1 0 1 0 0 1 1 0 1 0 1 1 0 0 1 0 0 0 0 1 0 0 0 0 0 0 0 0 0 1 1 0 0 0 0 0 0 0 0 0 0 1 1 0 0 1 1 0 0 0 0 0 0 1 0 1 0 0 1 0 0 1 0 
0 1 0 1 0 1 1 1 0 0 0 0 1 0 0 1 0 1 1 0 0 1 0 0 0 1 0 0 1 0 0 1 0 0 0 0 0 0 0 0 1 0 1 0 0 0 0 1 0 1 1 0 0 1 0 1 0 0 0 1 0 0 1 1 0 0 0 0 0 0 
1 1 0 1 1 1 0 0 0 0 1 0 1 0 0 0 1 0 1 1 1 0 0 1 0 0 0 0 0 1 0 0 0 1 1 1 1 0 0 1 1 0 0 0 1 0 0 1 1 1 1 1 1 0 0 1 0 0 1 1 0 0 0 0 0 0 0 0 0 1 
0 1 0 0 0 0 0 1 0 0 1 0 0 0 0 0 0 1 0 0 0 0 0 0 0 0 0 0 0 1 0 1 0 1 1 1 0 1 0 1 1 0 0 0 0 0 0 0 0 1 0 0 0 1 0 0 0 1 1 0 1 1 0 0 0 0 0 1 0 0 
1 0 0 0 0 1 0 1 1 0 0 0 1 0 0 0 0 1 0 0 0 1 0 0 1 1 0 1 0 0 0 0 1 0 1 1 0 0 0 0 1 1 0 0 0 1 1 0 0 0 0 1 1 0 0 0 0 0 0 0 0 0 0 0 0 0 0 1 1 0 
0 1 1 1 1 1 1 0 1 1 0 0 0 1 1 0 1 0 0 0 0 0 0 1 0 0 0 1 0 1 1 1 0 1 1 0 1 1 0 0 1 1 0 0 0 1 1 0 1 1 1 0 1 0 0 0 0 1 0 0 1 1 0 0 0 0 0 0 0 1 
1 0 1 0 0 0 0 1 0 1 1 1 1 0 0 0 0 1 1 0 1 0 0 1 0 0 1 0 0 1 0 0 1 0 0 0 0 1 1 1 0 1 1 0 0 0 1 0 1 0 0 0 0 0 0 0 0 0 1 1 1 0 1 0 0 1 0 1 0 0 
0 1 0 1 1 1 0 0 1 1 0 1 0 1 0 0 0 1 0 1 0 0 0 0 0 1 0 1 0 0 1 0 1 0 0 0 0 1 0 0 0 0 1 1 1 0 1 1 0 0 0 0 1 1 1 1 0 0 1 1 1 1 0 0 0 0 0 0 0 0 
0 1 1 0 0 0 0 1 1 0 1 1 0 1 0 1 1 0 1 0 0 0 0 1 1 0 1 0 1 0 1 1 0 1 0 1 1 0 0 1 1 0 0 0 0 0 0 1 0 0 1 0 1 0 0 1 0 0 0 1 1 1 1 0 1 0 0 1 0 0 
0 1 1 1 1 0 0 0 1 1 0 0 1 1 1 0 1 0 0 0 1 0 0 0 0 0 0 1 0 0 0 0 0 0 0 0 0 0 1 1 1 0 0 0 1 0 0 1 0 0 1 1 0 0 0 0 0 1 0 1 0 0 0 0 0 1 0 0 1 0 
0 0 1 0 1 1 0 1 0 0 0 0 1 1 1 0 0 0 0 0 0 1 1 0 1 1 0 0 0 0 1 1 1 0 0 0 0 0 0 0 0 0 0 0 0 0 0 1 0 0 0 0 0 1 1 0 1 1 1 0 0 0 0 1 0 0 0 0 1 1 
1 0 1 0 0 1 0 1 0 0 0 0 1 0 1 1 1 0 0 0 0 0 0 0 1 0 1 1 0 1 0 1 1 0 1 0 1 0 0 0 0 0 1 0 0 0 0 1 1 0 0 1 1 1 0 0 1 1 0 1 0 0 0 0 0 0 0 0 0 0 
0 0 0 0 1 0 0 1 0 1 0 1 0 0 0 0 1 0 1 0 1 0 1 0 1 0 0 1 0 1 1 0 0 1 1 1 1 0 1 0 0 1 0 0 0 1 1 1 1 0 0 1 1 0 1 0 1 0 1 1 1 0 0 0 0 1 0 1 0 0 
0 1 1 0 1 0 1 1 0 0 1 1 0 0 1 1 0 0 0 0 0 0 0 1 0 1 1 0 0 1 1 0 0 0 0 0 0 0 1 0 0 1 1 1 0 0 1 0 0 0 0 0 0 1 0 0 0 0 0 1 0 1 1 1 0 0 1 1 0 1 
1 1 1 1 0 1 1 0 1 0 0 1 0 0 1 0 0 0 0 0 0 1 1 0 1 0 0 1 0 0 0 1 0 0 1 0 1 0 0 0 1 0 1 0 0 1 0 0 1 1 1 0 0 1 1 1 1 0 0 0 0 1 0 0 1 0 1 0 0 0 
0 1 0 0 1 0 1 1 1 0 1 0 0 0 0 0 1 1 1 0 0 1 1 1 1 0 0 0 0 0 1 1 0 1 0 0 0 0 1 0 1 1 0 0 1 1 1 0 0 0 0 0 1 1 1 1 0 0 0 1 1 0 0 0 0 0 0 1 0 0 
1 1 1 0 0 0 1 0 0 1 0 0 1 0 0 1 0 0 0 0 0 1 1 1 0 0 0 1 0 0 0 1 0 0 0 0 0 0 1 0 1 0 0 0 1 1 1 0 0 1 0 0 1 1 1 0 0 1 1 0 1 1 0 0 0 1 1 0 0 0 
0 1 1 0 0 0 1 1 0 0 1 0 1 1 1 1 0 0 0 1 0 1 0 0 1 0 0 1 0 0 1 1 0 1 0 0 0 1 0 0 1 0 0 0 1 0 1 0 0 0 1 0 0 1 1 1 1 1 0 1 1 0 0 0 0 0 1 0 0 0 
1 0 0 1 0 1 0 0 0 1 1 1 0 0 0 1 1 0 1 1 0 0 1 0 1 1 1 0 0 0 0 0 0 0 0 0 1 0 1 1 0 0 0 0 0 0 1 1 0 0 0 1 0 0 0 1 1 0 0 0 0 0 1 0 1 0 0 0 1 1 
0 0 0 1 1 0 0 0 0 0 0 0 1 1 1 0 0 1 0 0 0 0 0 0 0 1 0 0 1 0 0 1 1 0 1 1 0 1 0 1 1 0 0 0 0 1 0 0 0 0 1 0 0 0 0 1 0 1 1 1 0 1 0 0 0 1 1 0 0 0 
0 0 0 0 1 0 0 1 1 0 0 0 1 1 0 1 1 0 0 0 0 1 1 0 0 1 0 1 1 0 0 0 0 0 0 0 0 1 1 0 1 1 0 0 0 0 1 1 0 0 0 0 0 0 0 1 1 1 1 0 0 1 1 1 1 1 0 1 0 0 
0 0 0 0 0 0 0 0 0 1 1 1 0 0 0 1 1 1 1 0 1 1 1 1 1 0 0 1 1 0 0 0 0 1 1 1 1 0 1 1 0 1 0 1 0 1 0 1 0 0 0 0 1 1 1 0 1 1 0 0 0 0 1 1 0 1 0 0 0 0 
0 0 1 0 1 1 1 0 0 1 0 0 0 0 0 0 0 0 0 0 0 0 0 1 1 1 0 0 0 0 0 1 1 0 1 0 0 0 0 1 1 0 0 0 1 1 1 0 0 0 0 1 0 0 1 1 0 1 0 0 0 1 1 0 0 1 0 1 0 1 
0 0 0 0 0 0 0 1 1 0 0 1 0 1 1 1 0 0 0 0 1 0 0 0 0 1 1 0 0 0 1 0 1 1 0 0 0 0 0 0 0 0 0 0 0 1 0 0 0 1 0 0 1 0 0 1 1 0 1 0 0 1 0 1 0 0 1 1 1 0 
0 0 0 0 1 1 0 0 0 1 0 0 0 0 1 0 0 0 0 0 0 0 0 0 0 0 1 0 0 0 0 0 1 0 0 0 0 0 0 0 1 0 0 0 1 1 1 1 1 1 1 1 0 0 1 1 1 0 0 0 0 0 0 0 0 0 0 1 0 0 
0 0 0 0 1 0 1 1 0 0 1 0 1 1 0 0 1 0 0 0 0 1 0 0 0 0 1 0 1 0 0 0 0 0 1 1 1 0 0 0 0 1 0 1 0 0 1 1 0 1 1 1 1 1 0 0 0 1 0 1 1 0 0 1 1 0 0 0 1 0 
0 1 1 0 1 1 0 1 1 1 0 1 0 1 1 1 1 1 0 0 0 0 0 1 1 0 0 0 0 0 0 1 0 1 1 1 0 0 1 0 1 1 1 1 0 0 1 0 0 0 0 0 0 0 1 0 0 0 1 0 1 1 0 1 1 1 0 1 1 0 
0 1 1 1 0 0 1 0 0 0 0 0 0 0 0 1 1 0 0 0 0 0 0 1 1 1 1 0 0 0 0 1 1 0 1 1 1 1 0 1 0 1 0 1 1 1 0 0 0 1 0 1 1 0 0 0 1 1 1 1 1 0 0 0 0 1 1 1 0 0 
0 1 0 0 1 0 0 1 1 0 0 0 0 0 0 1 1 1 1 0 1 1 0 0 0 0 1 1 1 1 1 1 0 0 0 0 0 1 0 1 1 0 0 1 1 0 0 0 0 1 0 1 0 0 0 0 1 1 0 1 0 1 1 0 1 1 1 0 0 0 
0 0 1 1 1 1 0 0 0 0 1 0 0 1 0 1 0 0 0 1 0 1 0 0 1 1 0 0 0 0 1 1 0 1 0 0 0 0 0 0 0 0 0 1 0 0 0 0 0 1 1 0 0 1 0 0 0 0 1 1 0 0 1 1 0 0 0 1 0 0 
0 0 0 0 0 0 0 1 0 1 1 1 1 0 1 0 0 0 1 1 1 1 1 0 1 0 0 0 0 0 0 0 0 1 0 1 0 0 0 0 0 0 1 1 1 0 1 1 1 0 0 0 1 0 0 1 1 1 1 0 1 1 1 0 0 1 0 0 1 0 
0 0 1 0 1 0 1 0 1 0 0 0 0 1 1 1 0 0 0 0 1 1 0 0 1 0 0 1 1 0 0 0 0 1 0 0 1 0 1 0 0 0 0 1 1 0 0 0 1 0 0 0 0 0 1 0 0 1 0 0 0 0 0 1 0 1 0 0 0 1 
0 0 1 0 1 1 0 1 1 0 0 1 0 0 1 0 0 1 1 0 0 1 0 1 0 0 0 0 1 0 1 1 0 0 0 0 0 1 0 0 0 1 0 1 1 0 1 1 0 0 0 0 0 0 1 0 0 1 0 0 0 1 1 1 0 0 1 1 0 0 
1 1 0 0 0 1 1 0 1 1 1 1 1 1 0 1 1 1 0 1 0 1 0 1 1 0 1 1 0 0 1 1 0 0 1 1 0 0 0 0 1 0 1 0 1 0 1 0 0 1 0 0 0 0 0 1 0 0 1 1 0 0 1 0 1 0 0 0 1 1 
1 0 1 0 1 0 0 1 0 0 1 1 0 1 1 1 0 0 1 1 1 0 1 0 0 0 1 0 0 1 1 0 1 1 1 1 1 0 0 0 1 0 0 0 1 0 0 0 1 0 0 0 0 0 1 0 1 0 0 0 0 0 0 0 1 0 1 0 0 1 
1 0 0 1 0 1 0 0 0 0 0 1 0 0 0 1 1 0 0 0 0 0 0 0 0 0 1 0 0 1 0 1 0 1 1 1 1 0 0 0 1 1 0 1 0 1 0 0 0 0 1 1 0 1 0 1 1 0 1 1 0 0 0 0 0 1 1 1 0 0 
0 0 0 0 0 0 0 0 1 1 1 0 1 1 1 1 0 0 0 0 1 1 0 0 0 0 1 1 0 0 0 0 0 1 1 0 1 1 1 1 0 1 1 1 0 0 0 0 0 1 0 0 1 0 1 0 0 0 0 0 1 0 1 0 1 0 1 1 0 0 
0 1 0 0 0 1 0 1 0 0 0 0 1 0 0 1 1 0 0 0 0 0 0 0 0 0 0 0 0 1 1 1 0 1 0 0 1 1 0 1 1 0 1 1 0 0 1 1 0 1 0 0 0 1 1 0 0 0 1 1 1 1 0 1 0 0 0 1 1 0 
0 0 1 0 0 0 0 1 0 1 1 1 1 0 0 0 0 0 0 0 0 0 1 0 1 0 0 0 1 1 1 0 0 0 0 1 1 0 1 1 1 1 0 0 1 0 1 1 0 1 1 1 0 0 0 0 0 0 1 1 1 0 0 0 0 1 1 0 1 0 
0 1 0 0 1 0 0 0 1 0 1 1 1 0 1 0 0 0 0 0 0 1 1 0 0 1 1 0 0 1 0 1 0 0 0 1 0 0 1 1 0 0 1 0 0 1 1 0 1 1 0 0 1 0 1 0 1 1 0 1 0 0 0 0 0 1 1 0 0 0 
0 0 0 1 0 0 0 1 0 0 0 0 0 0 0 0 1 0 0 0 1 1 0 0 0 1 1 1 1 0 1 1 1 0 1 0 1 0 1 0 0 0 0 0 1 0 1 1 1 0 0 0 1 0 1 0 1 1 1 0 1 1 0 1 0 1 0 0 1 0 
0 0 1 0 0 0 0 0 1 1 1 0 1 0 0 0 1 1 0 1 0 0 1 0 1 1 1 1 0 0 0 1 0 0 1 1 1 0 0 0 0 0 0 0 1 1 1 0 0 1 0 0 0 0 0 1 1 1 0 1 0 1 1 0 0 0 1 0 1 0 
1 0 0 0 0 1 0 1 0 1 0 0 0 1 0 1 0 0 0 0 0 0 1 0 1 0 1 1 0 0 0 0 1 1 0 1 0 0 1 1 0 1 1 0 0 1 0 1 0 1 0 1 0 0 0 0 1 0 0 1 1 0 0 1 0 0 1 1 0 0 
1 1 1 0 0 1 0 1 0 1 1 0 0 1 0 0 0 1 0 1 1 0 0 0 0 1 0 1 0 0 0 0 1 0 0 0 0 1 0 1 1 1 0 0 0 0 0 1 1 1 0 1 1 0 0 1 0 0 0 0 1 0 0 0 0 1 0 0 1 0 
0 0 0 0 0 0 0 1 1 0 0 1 1 1 1 1 0 0 0 0 1 0 0 0 0 0 0 0 0 1 0 0 1 0 0 0 0 0 0 1 1 0 1 0 1 1 0 0 1 0 1 1 0 0 0 0 1 0 0 1 0 1 0 0 1 1 1 1 0 0 
1 1 1 0 0 1 1 0 0 1 0 0 0 0 0 0 0 0 0 0 0 0 0 0 0 0 0 1 0 0 0 0 0 1 0 0 0 1 0 1 0 0 0 0 1 1 0 1 0 0 0 0 1 1 0 1 0 0 0 0 0 0 0 1 0 1 0 1 1 0 
1 0 0 0 0 0 0 0 0 1 1 1 0 0 0 1 0 0 0 1 0 0 0 0 0 1 0 0 1 0 0 1 0 0 0 1 0 0 1 1 1 1 0 0 0 1 1 1 0 1 1 0 0 0 1 0 0 1 1 1 0 0 1 1 1 0 0 0 1 1 
0 1 1 0 0 1 0 0 0 1 0 0 0 0 0 1 1 0 0 0 0 0 0 0 0 0 0 0 0 0 0 0 1 1 0 1 1 0 1 0 0 0 1 0 0 0 1 1 0 0 0 1 0 1 1 1 0 1 1 0 1 1 0 1 0 0 0 1 1 1 
1 0 1 0 1 0 0 1 0 1 1 0 1 0 0 1 0 0 0 0 0 0 1 1 0 1 0 1 0 0 0 1 1 0 1 0 0 0 0 1 0 1 1 1 0 1 1 0 1 0 0 1 0 0 1 1 1 0 0 0 0 1 0 1 1 0 1 0 0 0 
0 0 1 0 0 0 0 1 1 1 1 1 1 1 0 0 0 0 1 1 0 0 0 1 0 0 0 0 1 1 0 0 0 0 0 0 0 1 0 0 0 0 1 0 1 1 0 0 0 1 0 0 1 0 0 0 1 1 0 1 1 0 1 0 1 1 1 0 0 0 
0 0 0 1 0 1 0 1 1 0 0 0 0 0 0 0 0 0 0 0 0 1 0 0 1 0 0 0 0 1 0 0 1 0 0 0 0 1 0 0 0 1 0 0 0 0 0 0 0 0 1 0 1 1 0 0 0 0 0 0 0 0 0 0 0 1 1 0 0 0 

0 0 0 21 0 0 0 0 22 0 0 0 0 0 0 0 0 0 0 15 27 0 0 6 0 0 0 0 7 0 20 0 0 0 26 0 8 0 0 0 17 0 0 0 0 0 0 0 0 0 1 6 0 0 0 0 0 1 0 8 0 0 6 0 0 9 0 0 0 11 
0 0 0 0 0 0 0 0 0 0 0 0 0 0 28 0 9 0 0 0 3 1 0 0 0 0 0 0 13 0 0 2 26 0 26 0 0 0 0 0 15 3 0 19 0 0 0 0 0 0 0 3 0 0 13 0 0 0 0 0 20 0 0 0 0 0 0 0 19 0 
26 0 0 0 0 0 0 0 0 0 22 23 0 0 0 0 26 0 19 0 0 0 0 0 0 0 0 0 8 0 0 0 0 0 0 0 0 0 3 0 0 8 13 0 0 0 0 0 15 0 0 0 9 0 0 0 0 0 0 0 0 0 0 0 0 0 0 0 0 0 
0 0 0 0 0 0 0 14 21 0 27 0 2 0 0 0 0 0 0 0 0 0 0 0 10 0 0 0 0 1 0 0 0 0 0 24 0 0 0 0 3 0 0 0 3 0 6 0 0 0 0 0 0 0 0 0 0 0 0 0 0 0 23 0 0 0 0 23 0 22 
0 9 14 0 0 0 0 0 0 0 0 0 0 0 0 0 0 0 0 0 30 13 0 0 0 0 12 0 0 0 0 0 0 0 0 28 0 0 0 16 0 16 0 0 0 0 0 21 0 0 0 0 0 0 0 19 0 0 0 0 0 0 0 0 0 28 0 0 9 0 
0 0 0 0 0 0 0 0 0 0 0 0 1 0 16 23 0 0 0 0 0 0 9 0 0 0 0 0 0 10 0 0 0 0 0 0 0 0 0 0 0 15 0 0 9 0 0 0 0 0 0 0 0 3 21 0 11 0 0 0 0 0 0 0 0 17 0 0 0 0 
0 12 0 0 0 0 0 0 0 4 0 0 0 15 0 12 0 0 0 19 0 0 0 0 0 0 0 6 0 0 0 0 0 0 0 4 0 0 0 2 0 0 11 15 0 0 0 0 8 0 0 0 0 0 0 0 0 0 0 0 0 0 0 29 0 0 0 9 0 0 
0 26 0 23 0 0 0 0 0 0 0 0 0 19 0 0 0 0 0 0 0 0 0 29 0 0 0 16 0 0 18 0 0 0 28 0 0 28 0 0 0 0 0 0 2 0 0 11 0 0 0 0 0 0 0 0 0 27 0 0 0 0 0 0 0 0 0 0 0 0 
0 0 0 0 0 0 0 0 0 0 0 0 15 0 12 0 0 0 3 0 0 5 0 0 0 0 0 0 0 0 0 0 0 24 0 0 0 0 15 0 0 0 11 1 0 0 23 0 0 0 0 0 28 23 0 0 17 0 0 29 0 21 0 0 0 0 0 0 20 0 
0 10 0 0 0 0 0 0 11 0 0 0 0 15 26 27 0 0 22 0 0 0 0 0 0 0 0 0 0 0 0 0 0 0 0 0 0 0 0 0 24 0 26 0 15 26 0 0 0 0 0 15 21 0 0 0 0 0 10 26 12 0 0 15 22 0 13 29 0 0 
25 0 17 0 0 12 0 0 0 0 0 0 0 0 0 0 0 0 17 12 0 0 0 0 0 0 26 0 0 0 0 0 0 0 6 0 0 0 0 0 0 0 13 1 0 0 0 20 0 0 0 0 0 0 0 0 0 0 0 11 0 24 0 0 0 29 0 0 0 0 
0 0 0 0 0 0 0 0 7 0 3 0 0 0 0 0 3 0 0 0 0 0 30 0 0 0 0 21 0 0 7 0 0 0 15 0 9 26 0 0 0 0 0 0 0 0 0 0 12 0 0 0 0 27 0 0 0 0 0 0 0 0 19 0 0 0 0 0 0 0 
0 0 11 0 0 0 0 0 0 19 0 0 0 0 0 0 0 0 13 0 0 0 0 0 0 0 0 0 0 0 12 0 0 0 0 6 0 0 0 0 0 0 0 8 15 12 0 0 0 0 0 0 0 0 0 0 13 0 0 22 0 0 29 0 0 0 0 0 0 0 
0 0 0 21 0 22 0 0 0 0 0 0 0 0 0 0 0 0 25 0 0 0 5 0 0 0 11 0 0 0 0 0 0 0 0 0 0 0 0 0 0 0 0 0 0 0 0 0 0 20 0 0 0 9 0 0 0 0 8 0 29 14 0 0 0 0 0 0 0 0 
0 0 0 0 0 2 0 0 0 0 0 19 0 0 0 0 0 0 0 18 21 12 0 0 0 23 0 0 1 0 0 0 0 0 0 0 12 0 13 0 6 0 0 4 0 10 0 0 18 0 0 0 0 0 0 0 0 21 13 0 0 0 0 0 0 0 0 7 0 0 
0 0 2 0 0 0 0 0 0 14 0 30 0 0 0 0 0 0 0 0 0 0 6 24 2 0 2 0 0 0 0 0 16 0 0 0 0 0 0 7 0 11 0 0 6 0 0 0 0 0 0 0 0 0 0 0 0 0 0 0 0 0 9 0 0 0 0 0 0 0 
18 22 0 0 0 0 0 0 0 0 0 0 0 0 0 0 0 0 0 0 0 0 1 0 0 31 0 0 0 0 0 0 0 0 0 0 0 0 0 17 0 0 0 19 0 0 0 0 0 20 0 0 0 0 0 25 0 0 0 21 0 7 0 24 5 0 0 0 0 0 
0 0 0 0 29 0 0 0 7 0 0 0 0 7 0 0 0 0 0 0 0 0 0 0 0 0 0 5 0 0 0 0 23 0 0 0 0 0 24 0 0 0 16 0 0 12 4 0 0 0 0 0 0 0 0 0 0 0 0 0 0 0 0 0 29 0 0 0 0 0 
22 16 0 0 20 0 0 0 0 0 28 4 0 0 0 0 0 2 0 0 0 0 0 0 0 26 0 0 13 0 0 28 16 0 0 0 0 0 26 6 0 0 0 0 0 0 10 0 0 0 0 0 0 0 0 0 0 0 14 0 0 0 0 0 0 26 0 0 0 0 
22 0 0 0 0 0 0 0 0 0 0 0 0 0 0 0 0 0 0 0 0 0 0 0 0 0 0 0 4 0 0 0 10 0 0 0 0 0 0 0 20 0 13 0 2 23 0 11 0 0 0 15 0 0 0 0 0 0 0 0 0 0 0 0 0 0 0 0 0 0 
0 0 19 0 0 0 0 0 0 0 0 19 0 0 0 0 0 0 0 0 0 0 0 22 0 0 0 21 0 0 0 0 0 0 0 0 0 0 0 0 0 0 0 0 0 11 14 0 0 0 15 31 0 0 0 0 0 0 0 0 0 0 3 0 0 0 0 4 0 9 
0 0 0 17 0 0 0 9 0 0 21 0 18 22 0 0 0 0 0 0 12 0 0 0 0 0 0 0 0 0 0 0 0 28 0 0 0 0 0 0 0 0 0 0 0 5 0 0 0 0 0 14 19 0 0 0 0 5 0 0 27 0 0 0 0 0 0 0 0 0 
0 0 0 12 0 0 0 0 0 0 0 0 0 9 0 0 4 0 15 0 0 0 0 13 4 0 0 24 1 0 12 10 18 0 0 0 8 0 0 0 0 0 0 16 0 18 0 0 0 0 0 0 0 0 0 0 10 0 0 0 0 3 0 0 0 0 0 0 0 0 
0 0 0 0 30 0 4 0 0 0 0 0 0 24 0 0 0 0 0 0 0 0 0 0 27 0 0 0 0 0 0 0 0 0 0 0 0 0 0 0 0 0 20 0 0 5 0 0 16 0 0 9 25 0 0 0 0 1 9 11 0 0 0 0 0 6 0 0 0 0 
0 0 0 26 0 0 0 0 8 0 0 9 0 0 0 0 0 0 20 0 0 0 0 0 0 0 0 25 0 0 0 0 0 0 0 0 0 0 8 23 0 0 0 0 0 0 0 0 0 12 0 0 0 0 0 0 0 0 26 17 0 0 0 0 0 12 0 0 6 6 
24 0 0 0 0 21 0 0 0 0 0 10 1 0 0 0 0 12 0 0 1 0 0 4 0 0 0 0 0 0 0 0 15 0 22 0 1 0 0 29 0 0 0 17 0 0 0 0 13 0 0 0 0 7 26 0 12 3 0 0 15 0 23 0 0 10 0 0 0 0 
0 0 0 21 0 20 0 0 0 0 26 0 0 14 0 23 27 0 0 0 0 11 8 0 26 0 0 0 0 0 0 0 0 28 10 0 6 0 0 0 21 0 0 0 0 0 17 17 0 0 0 0 0 0 0 14 0 0 0 0 0 11 2 0 0 0 0 0 0 0 
0 0 0 0 0 0 0 0 0 0 23 0 19 0 0 26 0 0 0 29 0 0 0 0 0 0 0 0 0 0 0 0 20 11 23 0 0 0 0 0 0 0 0 0 0 6 0 0 0 0 0 0 0 0 0 21 0 0 0 0 0 0 0 0 14 0 0 0 30 0 
0 14 0 0 0 0 0 8 0 0 28 7 6 0 0 0 0 0 0 0 24 0 29 0 0 0 0 20 0 0 25 11 0 2 0 12 3 12 0 19 0 0 0 0 0 0 0 0 0 0 13 0 0 0 0 0 0 0 0 0 0 0 0 24 0 0 0 0 0 0 
0 0 0 0 0 9 0 7 16 0 0 0 0 0 0 0 0 22 0 0 0 10 5 0 0 0 0 0 0 0 0 0 0 0 0 0 0 0 0 0 2 24 0 20 0 0 0 0 0 0 0 0 0 0 0 0 0 12 0 0 0 0 0 0 0 26 0 13 6 0 
0 0 0 19 0 0 0 0 28 0 0 0 0 0 0 0 0 16 0 0 0 0 0 0 0 0 0 0 0 0 0 0 0 0 0 10 0 0 0 0 0 0 0 10 0 0 0 7 0 10 0 0 0 0 0 0 0 0 27 0 0 0 1 0 0 27 0 0 9 0 
0 29 0 0 27 0 0 0 0 0 0 0 28 0 2 0 0 0 0 0 0 0 0 10 0 0 0 0 26 0 0 0 6 6 0 23 0 16 0 22 0 0 0 0 28 16 0 0 3 0 0 0 0 10 0 0 0 0 0 0 10 0 1 0 0 7 0 0 0 0 
0 22 0 0 0 0 0 0 25 24 0 0 0 0 0 0 0 0 0 0 0 0 0 0 0 0 0 0 0 0 0 0 0 0 0 0 0 0 0 25 18 0 0 0 0 3 0 19 0 17 0 0 29 0 0 0 0 25 0 18 6 0 0 0 0 0 0 5 0 0 
0 0 0 0 0 0 0 0 0 0 26 0 0 0 25 0 0 30 11 0 0 0 0 0 0 14 0 0 0 0 0 0 21 0 0 0 0 0 0 0 13 0 0 0 0 0 20 0 0 0 0 0 0 0 2 0 0 0 0 0 0 0 0 0 0 0 0 0 0 8 
0 0 0 0 0 0 0 0 0 17 0 0 6 0 6 0 0 0 0 19 24 0 0 0 27 0 0 0 0 0 19 10 0 0 0 25 0 0 30 0 23 24 0 0 0 0 0 0 0 0 19 0 0 27 23 0 0 0 0 0 11 0 0 0 0 0 9 0 0 0 
0 0 0 0 0 0 13 0 0 11 0 0 0 16 0 0 0 22 0 0 0 0 7 0 27 0 0 0 0 0 0 0 0 0 0 0 15 0 0 0 0 0 0 17 23 0 0 0 0 0 0 17 0 0 0 0 0 17 0 0 0 9 0 0 0 0 0 0 12 0 
0 0 0 0 0 0 0 0 0 0 0 0 0 0 0 0 0 0 0 0 0 0 0 0 0 0 0 0 0 0 0 9 0 0 0 0 0 0 0 0 1 0 9 0 0 0 0 0 0 1 0 0 0 0 0 0 0 0 0 0 0 25 0 0 0 0 0 0 0 0 
0 26 4 11 0 0 0 0 0 0 0 0 1 0 0 0 0 0 0 0 0 6 0 0 0 0 0 0 0 0 23 0 20 0 0 15 0 0 0 0 0 0 0 0 0 19 0 0 0 0 9 13 0 0 27 0 19 0 18 0 0 1 25 0 0 0 0 0 0 0 
0 0 0 1 0 0 0 0 0 0 0 0 0 0 0 0 0 0 0 0 0 16 21 0 0 14 0 0 0 0 0 0 0 0 0 13 0 0 0 0 0 0 6 0 0 0 0 0 28 0 0 21 0 0 0 0 0 0 0 0 0 0 0 0 0 0 0 0 0 0 
0 20 28 0 0 0 0 0 0 0 19 0 0 0 0 25 0 9 26 0 0 0 0 11 0 0 0 2 4 0 10 0 0 0 0 0 0 0 0 0 0 0 0 0 0 0 0 0 0 0 0 0 0 0 0 0 0 19 0 0 24 0 0 0 0 0 0 0 0 0 
0 13 0 0 0 0 0 0 0 0 0 0 0 0 0 0 0 0 0 0 0 0 0 0 0 0 0 0 0 0 0 0 0 0 0 2 0 0 0 0 0 0 0 0 0 0 21 19 0 26 0 0 0 0 0 0 0 0 0 0 0 0 0 0 0 0 7 28 0 0 
0 0 0 12 10 8 0 0 0 0 22 0 0 0 0 0 0 0 0 0 0 0 0 0 0 0 0 0 0 0 0 0 0 0 0 0 0 0 0 0 0 0 0 0 0 0 0 0 0 0 0 1 0 20 0 0 0 0 0 0 0 0 24 0 0 0 0 0 0 0 
0 0 0 0 0 0 0 0 0 0 0 0 0 0 0 8 20 21 0 0 0 18 0 0 18 0 0 0 0 0 0 0 0 0 0 3 0 0 0 0 0 0 0 0 0 0 0 18 0 0 10 6 0 0 0 4 0 0 16 0 0 0 0 0 0 0 0 13 0 0 
0 0 0 0 0 0 0 15 3 0 0 0 28 0 0 0 0 0 0 0 10 18 0 0 0 21 12 0 27 10 3 0 0 0 0 6 0 0 0 0 0 0 0 0 27 0 28 0 0 0 0 0 0 0 25 0 26 0 14 0 0 0 0 0 0 0 0 0 0 7 
0 0 10 0 0 0 12 0 0 0 0 0 0 0 0 0 0 0 0 0 0 0 0 0 0 0 0 0 0 0 0 0 0 0 0 8 5 0 28 0 0 0 0 0 0 21 29 4 0 0 0 0 23 0 0 0 28 0 0 0 0 0 0 0 0 0 0 0 0 0 
0 0 7 0 0 0 0 0 0 22 0 24 0 0 0 25 0 0 27 0 0 0 0 0 0 0 0 17 9 0 0 0 0 0 18 0 0 0 0 0 0 0 0 0 0 0 0 0 26 0 0 0 23 0 0 0 0 0 0 0 25 0 0 0 0 0 0 22 0 0 
0 20 0 0 0 27 0 0 0 0 15 24 17 0 18 0 0 0 0 0 16 0 25 0 0 0 0 0 0 0 0 13 0 0 0 27 17 25 3 0 0 0 0 0 0 0 0 15 0 27 0 0 0 0 0 0 0 9 0 0 0 17 0 0 19 30 0 20 18 13 
22 0 5 0 2 16 0 0 0 0 12 0 0 0 0 0 0 0 0 0 0 0 14 0 0 17 0 0 0 0 0 0 0 5 0 0 0 10 0 0 23 0 19 0 0 0 0 0 8 11 0 0 0 0 0 0 0 0 0 0 0 16 0 28 0 0 0 11 0 0 
0 0 0 0 0 0 3 29 28 0 0 0 0 0 0 0 0 0 0 0 0 0 0 0 0 10 0 22 0 0 0 0 21 24 0 0 0 0 5 0 0 0 0 4 27 0 0 3 0 0 0 0 0 9 29 0 0 0 0 0 0 0 0 1 0 0 0 0 0 0 
13 0 0 9 0 0 0 0 0 0 1 0 0 0 19 0 0 0 1 0 0 2 0 20 3 0 0 0 0 0 11 0 0 23 0 0 0 10 0 0 0 4 6 0 0 0 0 0 25 0 0 0 0 0 15 0 4 0 0 0 0 1 0 0 0 20 0 0 0 0 
0 27 0 0 0 0 20 20 14 0 0 0 4 0 0 0 0 0 0 0 0 0 1 0 0 0 25 0 0 0 0 0 0 12 15 0 0 0 28 0 0 0 0 0 0 0 0 0 0 0 0 0 0 0 0 0 0 0 0 0 0 0 0 0 0 0 0 0 0 0 
0 23 0 22 12 0 0 0 14 0 0 0 3 4 0 7 0 0 0 0 0 0 0 0 0 23 0 0 0 0 7 15 0 0 16 0 0 0 0 0 0 0 0 0 0 0 0 0 0 0 0 0 0 0 0 15 0 21 12 0 0 21 0 15 0 0 0 0 0 0 
0 0 0 0 0 0 0 23 0 24 0 0 0 0 0 22 0 25 23 0 13 0 0 0 0 11 0 0 0 0 0 0 0 0 0 24 0 0 0 20 0 9 0 19 0 0 0 18 0 0 0 0 0 28 0 0 0 0 5 0 0 0 0 0 0 0 30 11 0 0 
0 7 0 20 0 0 0 0 0 0 0 0 19 6 0 27 25 0 0 4 23 0 3 0 0 0 0 25 0 0 0 0 0 0 0 0 0 0 0 12 0 0 8 2 0 0 0 0 0 0 0 0 0 0 18 0 15 0 0 0 0 0 0 0 11 0 0 0 1 29 
0 0 0 0 0 0 0 0 0 0 0 0 0 0 0 0 0 0 0 0 0 0 0 0 0 0 0 0 0 0 0 0 0 0 19 0 0 0 0 0 0 0 0 0 0 0 13 0 0 0 0 0 0 0 0 0 27 0 0 28 0 0 0 0 0 14 0 25 0 0 
0 0 25 17 21 14 24 0 0 6 0 0 0 26 0 29 0 0 19 0 0 0 0 0 0 0 0 23 0 0 22 0 0 0 0 0 0 0 0 0 0 0 0 0 0 0 0 0 0 0 4 0 0 24 0 0 22 8 0 0 0 0 0 20 0 31 0 0 0 0 
13 26 0 0 0 0 0 0 8 0 0 7 0 3 19 0 0 0 1 0 0 10 0 0 18 0 0 0 0 21 0 0 0 12 0 10 30 16 0 0 23 16 0 0 0 26 0 29 0 0 0 0 19 0 13 0 0 0 0 0 0 0 0 0 0 0 0 0 0 0 
0 0 0 10 0 0 0 0 0 0 0 0 0 0 0 0 0 0 0 0 0 0 29 0 0 0 0 0 19 0 0 0 3 0 0 0 0 29 0 0 10 0 0 0 8 0 0 0 20 0 0 0 0 0 0 18 0 0 0 0 0 0 2 0 0 0 0 0 0 0 
0 0 0 15 0 0 0 0 0 2 0 0 0 0 0 0 0 0 0 0 0 9 0 0 9 0 0 0 0 0 0 0 0 0 0 0 20 0 0 0 0 17 0 0 0 17 0 0 0 21 6 0 0 0 0 0 27 0 0 0 0 0 0 22 0 0 0 0 0 0 
12 0 0 0 0 0 0 24 0 0 0 0 27 0 0 0 27 0 0 0 0 0 20 0 0 0 0 0 6 17 0 0 20 0 19 0 0 5 0 0 20 13 0 0 17 0 3 0 0 0 0 28 0 0 0 0 0 0 0 0 0 24 0 28 0 0 0 0 0 0 
0 0 0 5 7 0 3 0 0 0 15 0 22 0 24 0 29 0 4 22 28 0 0 0 0 0 0 1 2 0 26 3 0 21 0 0 0 0 0 29 14 0 22 0 11 23 0 0 19 0 24 7 0 0 0 17 0 0 0 0 0 0 0 0 0 0 0 0 0 0 
0 0 0 0 5 0 0 0 0 0 0 17 7 0 0 0 0 0 0 0 0 0 0 0 0 0 0 0 0 0 0 0 0 0 0 0 0 0 0 0 0 0 0 0 19 0 0 0 0 0 0 0 0 0 11 0 0 0 0 0 0 0 0 21 0 22 0 0 0 0 
0 0 12 26 0 0 0 0 0 9 0 0 5 0 0 0 0 0 0 9 26 0 0 0 24 0 5 0 0 11 0 0 0 0 0 6 0 0 15 0 12 0 0 0 0 0 0 11 0 0 0 0 0 0 0 0 0 0 16 0 0 0 0 0 0 0 0 0 2 28 
0 0 0 0 0 0 0 0 0 0 0 15 0 0 0 6 0 0 0 0 0 0 0 0 8 0 20 0 0 0 0 0 0 0 0 0 0 7 0 0 0 0 0 0 0 0 0 0 0 5 0 0 0 22 0 0 7 0 27 0 0 21 0 0 0 0 0 0 0 0 
0 0 0 0 0 0 3 0 0 0 0 0 0 0 0 29 0 2 0 0 1 0 0 0 18 0 0 0 0 0 0 0 0 0 0 0 27 0 0 0 0 0 0 0 0 0 16 0 0 29 0 0 0 16 0 23 0 21 0 0 0 0 0 0 0 0 0 0 14 0 
0 29 7 15 0 1 0 0 0 0 0 0 0 0 0 0 0 0 0 0 5 0 0 23 0 0 16 0 0 0 0 0 0 8 0 0 0 0 0 0 0 0 0 0 0 0 0 0 0 0 15 1 3 0 0 0 0 6 4 0 0 7 0 0 0 0 0 0 0 10 
0 0 0 0 0 0 0 0 0 0 5 0 0 1 0 25 0 0 0 0 0 0 0 0 7 0 12 5 0 0 27 0 0 0 0 0 0 0 0 0 1 0 0 0 0 0 0 0 0 0 0 0 0 0 0 0 27 0 0 27 2 0 22 6 0 0 0 0 0 0 
0 0 0 0 0 0 0 27 0 0 0 11 0 0 0 0 17 28 0 24 0 0 0 0 0 0 0 0 0 0 28 2 26 23 0 0 0 0 0 0 0 0 0 0 0 0 0 4 0 0 0 0 0 0 0 6 0 0 0 0 20 0 17 0 0 0 0 0 0 0 
0 8 0 11 6 25 0 0 0 9 0 0 0 0 0 0 0 0 0 0 0 0 19 0 0 0 0 0 18 0 0 0 27 8 0 0 7 0 0 23 0 21 0 0 0 0 0 1 0 0 0 0 0 0 0 0 0 0 0 0 0 0 0 0 0 18 29 11 0 0 
0 0 0 0 0 13 0 0 0 0 0 17 0 2 0 0 0 0 4 4 0 0 0 0 0 4 0 0 0 23 0 0 0 15 0 14 29 0 0 11 0 0 0 15 0 24 0 0 0 0 0 0 0 0 0 0 22 0 0 0 0 0 0 0 0 0 0 16 0 0 
