70

0 0 1 1 0 1 1 1 0 1 0 1 0 0 1 1 0 0 1 1 1 0 1 1 1 1 1 1 0 1 1 1 1 0 0 0 1 1 0 0 0 1 1 1 1 0 1 0 1 1 1 1 0 0 1 1 0 1 1 1 0 0 1 1 0 0 1 1 0 1 
0 0 0 1 0 1 1 0 1 1 0 1 1 0 0 1 1 0 1 1 1 1 1 0 1 1 1 1 0 1 1 0 0 1 1 1 1 1 1 0 0 0 0 1 0 0 1 0 1 1 0 1 1 1 0 0 0 1 1 0 1 0 1 1 1 0 1 1 0 1 
1 0 0 1 1 0 1 1 1 1 1 0 0 1 1 0 1 0 1 1 1 1 1 1 1 1 1 1 1 1 1 1 1 1 1 0 0 0 0 1 0 0 1 0 1 1 1 0 0 0 1 1 0 1 0 1 1 1 0 1 0 0 1 1 1 1 1 1 1 1 
1 1 1 0 0 0 1 0 1 0 0 1 1 0 1 0 0 0 1 1 1 0 0 0 1 0 1 1 1 0 1 1 1 1 1 0 1 1 1 0 0 1 1 1 1 1 1 1 0 0 1 1 1 0 1 1 1 1 1 1 1 0 1 1 1 0 1 1 0 1 
0 0 1 0 0 0 0 1 0 1 1 1 0 1 0 0 1 0 1 1 1 1 0 0 1 1 1 1 1 1 1 1 0 1 0 0 1 1 1 0 1 0 1 1 1 1 1 0 1 1 1 1 1 0 0 1 1 1 1 0 1 0 1 0 1 0 1 0 1 1 
1 1 0 0 0 0 1 0 0 1 1 0 0 0 1 1 1 1 1 1 1 1 1 0 1 1 1 1 1 1 0 1 1 1 0 1 1 1 0 0 1 1 1 0 1 1 1 1 1 0 1 1 1 1 1 0 1 0 1 0 1 1 1 1 1 1 1 0 0 0 
1 1 1 1 0 1 0 1 0 0 1 1 1 1 1 1 1 1 1 1 1 0 1 0 1 1 1 1 1 1 1 0 1 1 1 1 0 1 0 0 1 1 1 1 1 0 1 1 1 0 1 0 1 0 1 1 1 1 0 1 0 0 1 1 0 1 1 0 1 1 
1 0 1 0 1 0 1 0 1 1 0 1 1 1 1 1 1 1 1 1 1 0 1 1 1 1 1 0 0 1 0 0 1 0 0 0 1 1 1 1 1 1 1 0 0 1 1 1 1 1 1 1 1 1 0 1 1 0 1 0 0 1 0 1 1 0 1 1 1 1 
0 1 1 1 0 0 0 1 0 1 1 1 1 0 1 1 1 1 1 1 1 0 0 1 1 1 0 1 1 1 1 0 1 0 0 0 0 0 1 1 0 0 1 1 0 1 1 1 1 0 1 0 1 1 0 1 0 1 1 0 1 0 1 1 1 1 1 1 1 1 
1 1 1 0 1 1 0 1 1 0 1 1 0 1 1 1 0 1 1 1 1 1 0 1 1 1 1 0 1 0 0 1 1 1 1 0 0 1 1 1 1 1 1 1 1 0 0 1 1 1 0 1 1 0 1 1 1 1 0 1 0 1 1 1 0 1 1 1 1 1 
0 0 1 0 1 1 1 0 1 1 0 0 1 1 1 1 0 1 1 1 1 1 1 1 1 1 0 0 0 1 1 1 1 1 0 1 1 1 1 1 1 1 1 1 1 0 1 1 1 1 1 0 1 1 1 0 0 0 0 0 1 1 1 1 1 1 1 0 1 1 
1 1 0 1 1 0 1 1 1 1 0 0 0 1 0 1 0 1 1 1 1 1 0 1 1 0 1 1 1 1 1 0 1 1 0 1 0 1 0 1 0 1 0 0 1 0 1 1 1 0 1 1 1 0 1 1 1 1 1 0 1 1 0 1 1 1 1 1 1 1 
0 1 0 1 0 0 1 1 1 0 1 0 0 1 0 1 1 1 0 1 1 1 1 1 0 0 1 0 1 1 1 0 1 1 1 1 1 1 1 1 1 0 1 1 0 1 1 1 0 1 1 1 1 1 1 1 1 1 0 1 0 1 1 1 1 1 1 1 0 0 
0 0 1 0 1 0 1 1 0 1 1 1 1 0 0 0 0 1 1 0 1 1 1 0 1 1 0 1 1 1 1 0 1 1 0 1 1 1 1 1 1 1 1 0 0 1 1 0 1 1 1 1 1 1 0 1 1 1 1 1 1 1 1 1 1 1 1 0 1 1 
1 0 1 1 0 1 1 1 1 1 1 0 0 0 0 1 0 1 1 1 1 0 1 0 1 1 1 1 0 1 1 0 1 1 1 0 1 1 1 1 1 0 1 1 1 1 1 1 1 0 1 1 1 1 1 1 0 0 1 1 1 0 0 1 1 1 1 1 1 1 
1 1 0 0 0 1 1 1 1 1 1 1 1 0 1 0 1 0 0 0 1 0 1 1 1 0 1 0 1 0 1 0 1 1 1 1 1 1 1 0 1 1 1 1 1 1 1 1 1 1 0 0 1 1 0 0 1 1 1 0 1 1 0 1 1 0 1 1 0 0 
0 1 1 0 1 1 1 1 1 0 0 0 1 0 0 1 0 0 1 1 0 1 1 1 1 0 1 1 0 0 0 1 1 1 1 0 0 1 1 1 0 1 1 1 1 0 1 1 1 1 1 0 0 1 1 1 1 1 1 0 1 1 0 0 0 1 1 0 0 1 
0 0 0 0 0 1 1 1 1 1 1 1 1 1 1 0 0 0 1 0 0 1 1 0 1 1 1 1 0 1 0 1 1 0 1 0 0 1 0 1 1 1 1 1 1 0 1 1 0 1 0 1 1 1 1 0 1 1 0 1 0 1 1 1 1 0 0 0 0 0 
1 1 1 1 1 1 1 1 1 1 1 1 0 1 1 0 1 1 0 0 0 0 0 1 1 1 0 0 1 1 1 0 0 1 1 0 1 1 1 1 0 0 1 1 0 1 0 0 1 0 0 1 1 0 0 1 1 0 1 1 1 1 1 1 0 1 0 1 0 1 
1 1 1 1 1 1 1 1 1 1 1 1 1 0 1 0 1 0 0 0 0 1 1 1 1 1 1 1 1 1 0 1 0 0 0 1 0 1 1 1 1 0 0 0 0 1 0 0 1 1 1 1 1 0 1 0 1 1 1 0 1 1 0 1 1 1 1 1 1 1 
1 1 1 1 1 1 1 1 1 1 1 1 1 1 1 1 0 0 0 0 0 1 1 1 1 1 1 1 1 0 1 0 1 1 0 0 0 1 1 1 1 1 0 0 1 1 1 1 1 1 1 1 1 0 0 1 1 0 1 1 1 1 1 0 1 1 1 0 0 0 
0 1 1 0 1 1 0 0 0 1 1 1 1 1 0 0 1 1 0 1 1 0 0 1 0 0 1 1 0 1 1 0 1 0 0 1 1 1 1 1 0 1 0 0 1 1 0 1 0 1 1 1 1 1 1 1 0 1 1 0 0 1 1 1 1 0 0 1 1 1 
1 1 1 0 0 1 1 1 0 0 1 0 1 1 1 1 1 1 0 1 1 0 0 1 0 0 0 1 0 1 1 1 0 1 1 1 1 0 1 1 0 1 1 1 1 1 1 1 1 1 0 1 1 1 1 0 0 1 0 1 1 1 1 1 1 1 0 0 1 1 
1 0 1 0 0 0 0 1 1 1 1 1 1 0 0 1 1 0 1 1 1 1 1 0 1 1 0 1 1 1 1 0 1 0 1 0 0 1 1 0 1 1 1 0 1 1 0 1 1 0 0 1 0 1 1 1 1 0 1 1 1 1 0 1 1 1 0 0 1 0 
1 1 1 1 1 1 1 1 1 1 1 1 0 1 1 1 1 1 1 1 1 0 0 1 0 1 1 0 1 0 1 1 1 1 1 1 1 0 1 1 1 1 1 1 1 1 0 1 0 0 1 1 0 1 1 1 1 0 1 0 1 1 1 1 1 1 1 1 1 1 
1 1 1 0 1 1 1 1 1 1 1 0 0 1 1 0 0 1 1 1 1 0 0 1 1 0 0 1 1 1 1 1 0 1 1 1 1 1 0 0 1 1 1 1 1 0 1 1 0 1 1 0 1 1 1 1 1 1 0 1 1 1 0 0 1 1 1 1 1 1 
1 1 1 1 1 1 1 1 0 1 0 1 1 0 1 1 1 1 0 1 1 1 0 0 1 0 0 0 0 1 0 1 1 0 1 1 0 1 0 0 1 1 1 1 1 1 1 0 0 1 0 0 0 1 1 1 1 1 1 0 0 0 1 1 0 0 0 1 1 1 
1 1 1 1 1 1 1 0 1 0 0 1 0 1 1 0 1 1 0 1 1 1 1 1 0 1 0 0 1 1 1 1 1 1 1 0 1 1 1 1 1 1 1 1 1 0 0 1 1 0 1 0 0 1 1 0 0 1 1 1 1 1 1 1 0 0 0 1 0 1 
0 0 1 1 1 1 1 0 1 1 0 1 1 1 0 1 0 0 1 1 1 0 0 1 1 1 0 1 0 1 1 1 1 1 1 0 0 1 1 1 1 1 0 1 1 0 1 1 1 1 1 1 1 1 1 1 1 1 1 1 0 1 0 0 1 1 0 1 0 0 
1 1 1 0 1 1 1 1 1 0 1 1 1 1 1 0 0 1 1 1 0 1 1 1 0 1 1 1 1 0 1 0 1 0 1 1 1 1 1 0 1 0 1 1 1 1 0 1 1 0 1 1 0 0 1 1 1 0 0 0 1 1 1 0 1 1 1 0 0 1 
1 1 1 1 1 0 1 0 1 0 1 1 1 1 1 1 0 0 1 0 1 1 1 1 1 1 0 1 1 1 0 0 0 1 1 0 1 1 1 1 1 1 0 1 1 1 0 1 0 1 1 0 1 1 0 0 1 0 1 0 1 1 1 1 1 1 1 1 1 0 
1 0 1 1 1 1 0 0 0 1 1 0 0 0 0 0 1 1 0 1 0 0 1 0 1 1 1 1 1 0 0 0 1 1 1 0 1 1 0 1 1 0 0 1 1 0 1 0 1 1 1 1 0 1 1 1 0 1 1 1 0 1 1 1 0 1 1 1 1 0 
1 0 1 1 0 1 1 1 1 1 1 1 1 1 1 1 1 1 0 0 1 1 0 1 1 0 1 1 1 1 0 1 0 1 1 1 1 1 1 1 1 0 1 1 1 1 1 1 1 0 1 1 0 1 0 1 1 1 0 1 1 0 1 0 1 1 1 1 1 1 
0 1 1 1 1 1 1 0 0 1 1 1 1 1 1 1 1 0 1 0 1 0 1 0 1 1 0 1 1 0 1 1 1 0 1 1 0 0 1 1 1 1 1 1 1 1 0 1 0 1 0 0 1 1 1 0 1 1 0 0 1 1 1 1 1 1 0 1 1 1 
0 1 1 1 0 0 1 0 0 1 0 0 1 0 1 1 1 1 1 0 0 0 1 1 1 1 1 1 1 1 1 1 1 1 0 1 1 1 1 0 0 0 1 1 1 1 1 0 1 1 1 1 0 1 1 0 0 1 1 0 1 1 0 0 0 1 0 0 0 1 
0 1 0 0 0 1 1 0 0 0 1 1 1 1 0 1 0 0 0 1 0 1 1 0 1 1 1 0 0 1 0 0 1 1 1 0 1 0 1 1 1 0 1 0 1 1 1 0 1 1 1 1 1 0 0 0 1 1 1 1 1 1 0 0 0 0 1 1 1 1 
1 1 0 1 1 1 0 1 0 0 1 0 1 1 1 1 0 0 1 0 0 1 1 0 1 1 0 1 0 1 1 1 1 0 1 1 0 0 1 1 1 1 1 1 0 1 1 1 1 0 0 1 1 1 1 1 1 0 0 1 0 1 0 0 1 1 1 1 1 1 
1 1 0 1 1 1 1 1 0 1 1 1 1 1 1 1 1 1 1 1 1 1 0 1 0 1 1 1 1 1 1 1 1 0 1 0 0 0 1 1 1 1 1 1 1 0 1 1 1 1 1 1 1 0 1 0 1 0 1 0 0 1 0 1 1 1 1 1 1 1 
0 1 0 1 1 0 0 1 1 1 1 0 1 1 1 1 1 0 1 1 1 1 1 1 1 0 0 1 1 1 1 0 1 1 1 1 1 1 0 1 1 0 0 1 1 1 1 1 1 1 1 1 0 1 1 1 0 1 1 1 0 1 1 1 1 0 0 1 1 0 
0 0 1 0 0 0 0 1 1 1 1 1 1 1 1 0 1 1 1 1 1 1 1 0 1 0 0 1 1 0 1 1 1 1 0 1 1 1 1 0 1 1 1 1 0 1 1 0 1 1 1 0 1 0 1 1 0 1 1 0 0 1 1 1 1 0 1 1 1 0 
0 0 0 0 1 1 1 1 0 1 1 0 1 1 1 1 0 1 0 1 1 0 0 1 1 1 1 1 1 1 1 1 1 1 0 1 1 1 1 1 0 0 1 0 1 1 1 1 1 1 1 1 1 1 0 0 0 1 1 1 1 0 1 0 1 1 0 1 1 1 
1 0 0 1 0 1 1 1 0 1 1 1 0 1 0 1 1 1 0 0 1 1 1 1 1 1 1 1 1 0 1 0 0 1 0 0 1 1 0 1 0 0 0 0 0 0 0 1 1 1 1 1 1 1 0 0 1 0 1 0 0 1 1 1 0 1 1 1 1 0 
1 0 1 1 1 1 1 1 1 1 1 0 1 1 1 1 1 1 1 0 0 0 1 1 1 1 1 1 0 1 0 0 1 1 1 1 1 1 0 1 1 0 0 1 1 1 0 1 0 1 1 0 1 0 1 0 1 1 1 0 1 1 0 0 0 0 1 1 1 1 
1 1 0 1 1 0 1 0 1 1 1 0 1 0 1 1 1 1 1 0 0 0 1 0 1 1 1 1 1 1 1 1 1 1 1 0 1 1 1 1 0 0 1 0 1 1 1 1 1 1 1 1 0 0 0 1 0 0 1 1 1 1 1 1 1 0 1 1 1 1 
1 0 1 1 1 1 1 0 0 1 1 1 0 0 1 1 1 1 0 0 1 1 1 1 1 1 1 1 1 1 1 1 1 1 1 1 0 1 1 0 1 0 1 1 0 1 1 1 1 1 1 1 1 1 1 1 0 1 1 0 1 1 0 1 1 0 1 0 1 0 
0 0 1 1 1 1 0 1 1 0 0 0 1 1 1 1 0 0 1 1 1 1 1 1 1 0 1 0 0 1 1 0 1 1 1 1 1 0 1 1 1 0 1 1 1 0 0 1 1 1 1 0 0 1 1 1 0 0 1 0 1 0 1 0 1 0 1 1 0 0 
1 1 1 1 1 1 1 1 1 0 1 1 1 1 1 1 1 1 0 0 1 0 1 0 0 1 1 0 1 0 0 1 1 0 1 1 1 1 1 1 1 0 0 1 1 0 0 1 1 1 1 1 1 0 1 1 1 1 1 1 1 1 1 1 1 1 1 1 0 1 
0 0 0 1 0 1 1 1 1 1 1 1 1 0 1 1 1 1 0 0 1 1 1 1 1 1 0 1 1 1 1 0 1 1 0 0 1 1 1 0 1 1 1 1 1 1 1 0 1 1 0 1 1 0 1 0 0 1 0 0 1 1 1 1 1 1 0 0 1 1 
1 1 0 0 1 1 1 1 1 1 1 1 0 1 1 1 1 0 1 1 1 0 1 1 0 0 0 1 1 1 0 1 1 0 1 1 1 1 1 1 1 1 0 1 1 1 1 1 0 1 1 1 1 1 1 1 0 1 1 1 0 1 1 1 1 1 1 1 1 1 
1 1 0 0 1 0 0 1 0 1 1 0 1 1 0 1 1 1 0 1 1 1 1 0 0 1 1 0 1 0 1 1 0 1 1 1 0 1 1 1 1 1 1 1 1 1 1 1 1 0 1 0 1 1 0 1 0 0 1 0 0 1 1 0 0 1 1 1 0 1 
1 0 1 1 1 1 1 1 1 0 1 1 1 1 1 0 1 0 0 1 1 1 0 0 1 1 0 1 1 1 1 1 1 0 1 1 0 1 1 1 1 1 1 1 1 1 1 0 1 1 0 0 1 1 0 0 1 0 1 0 0 1 1 0 1 1 1 0 1 1 
1 1 1 1 1 1 0 1 0 1 0 1 1 1 1 0 0 1 1 1 1 1 1 1 1 0 0 0 1 1 0 1 1 0 1 1 1 1 1 0 1 1 0 1 1 0 1 1 1 0 0 0 1 1 0 1 0 0 1 1 1 1 1 0 1 0 1 1 1 1 
0 1 0 1 1 1 1 1 1 1 1 1 1 1 1 1 0 1 1 1 1 1 1 0 0 1 0 0 1 0 1 0 0 1 0 1 1 1 0 1 1 1 1 0 1 0 1 1 1 1 1 1 0 1 1 0 1 0 0 1 1 1 1 1 0 1 1 1 1 1 
0 1 1 0 0 1 0 1 1 0 1 0 1 1 1 1 1 1 0 0 0 1 1 1 1 1 1 1 1 0 1 1 1 1 1 0 1 0 1 0 1 1 0 0 1 1 0 0 1 1 1 1 1 0 1 0 0 0 0 1 1 1 1 0 1 1 0 1 1 0 
1 0 0 1 0 1 1 0 0 1 1 1 1 0 1 0 1 1 0 1 0 1 1 1 1 1 1 1 1 1 0 1 0 1 1 0 1 1 1 1 0 0 1 0 1 1 1 1 1 0 0 0 1 1 0 0 1 1 1 1 1 1 1 0 1 1 1 0 1 1 
1 0 1 1 1 0 1 1 1 1 0 1 1 1 1 0 1 0 1 0 1 1 0 1 1 1 1 0 1 1 0 1 1 0 0 0 1 0 1 1 0 0 0 1 1 1 1 0 1 1 0 1 0 0 0 0 1 1 1 0 1 1 0 1 1 1 1 0 1 0 
0 0 1 1 1 1 1 1 0 1 0 1 1 1 0 1 1 1 1 1 1 0 0 1 1 1 1 0 1 1 1 0 1 1 0 1 1 1 0 0 0 1 1 0 0 0 1 0 0 0 1 0 1 0 1 1 0 0 1 1 0 0 1 1 1 1 1 1 0 1 
1 1 1 1 1 0 1 0 1 1 0 1 1 1 0 1 1 1 0 1 0 1 1 0 0 1 1 1 1 0 0 1 1 1 1 1 0 0 1 1 1 0 1 0 1 0 1 1 1 0 0 0 0 0 1 1 0 0 1 1 1 0 0 1 1 1 1 1 1 0 
1 1 0 1 1 1 0 1 1 0 0 1 0 1 1 1 1 0 1 1 1 1 0 1 1 0 1 1 1 0 1 1 0 0 1 1 0 1 1 1 1 1 1 1 1 1 1 0 1 1 1 1 0 0 1 1 1 1 0 0 1 0 0 0 1 0 1 0 0 0 
1 0 1 1 0 0 1 0 0 1 0 0 1 1 1 0 0 1 1 0 1 0 1 1 0 1 0 1 1 0 0 1 1 0 0 1 1 0 1 0 1 0 0 1 0 0 1 0 1 0 0 1 1 1 1 0 1 1 0 0 1 0 0 1 1 1 1 1 0 0 
0 1 0 1 1 1 0 0 1 0 1 1 0 1 1 1 1 0 1 1 1 0 1 1 1 1 0 1 0 1 1 0 1 1 1 1 0 0 0 0 1 0 1 1 1 1 1 1 0 0 0 1 1 1 1 1 0 1 1 1 0 1 0 0 1 0 0 1 0 1 
0 0 0 0 0 1 0 1 0 1 1 1 1 1 0 1 1 1 1 1 1 1 1 1 1 1 0 1 1 1 1 1 0 1 1 1 1 1 1 1 0 1 1 1 1 0 1 1 1 1 1 1 1 1 1 1 0 0 0 0 1 0 1 1 1 0 0 1 0 0 
1 1 1 1 1 1 1 0 1 1 1 0 1 1 0 0 0 1 1 0 1 1 1 0 1 0 1 1 0 1 1 1 1 1 0 0 0 0 1 1 1 1 0 1 0 1 1 1 1 1 1 1 1 1 1 0 1 0 0 0 0 1 0 1 0 1 0 1 1 1 
1 1 1 1 0 1 1 1 1 1 1 1 1 1 1 1 0 1 1 1 0 1 1 1 1 0 1 1 0 0 1 1 0 1 0 0 0 1 1 1 0 1 0 1 1 0 1 1 1 0 0 0 1 0 0 1 1 1 0 1 0 1 1 0 1 0 1 0 1 1 
0 1 1 1 1 1 0 1 1 0 1 1 1 1 1 1 0 1 0 1 1 1 1 1 1 1 0 0 1 1 1 0 1 1 0 0 1 1 1 1 1 0 0 1 1 1 1 1 1 0 1 1 0 1 1 1 1 1 1 1 1 1 0 1 0 1 0 0 0 1 
0 0 1 0 0 1 1 0 1 1 1 1 1 1 1 0 1 0 1 1 1 0 1 1 1 1 0 0 1 1 1 1 1 1 1 0 1 1 0 0 1 1 0 0 0 0 1 1 1 1 1 0 1 1 1 1 1 1 0 1 0 0 1 0 1 0 1 0 0 0 
1 1 1 1 1 1 1 1 1 1 1 1 1 1 1 1 1 0 0 1 1 0 0 0 1 1 0 0 0 1 1 1 1 0 0 1 1 1 0 1 0 1 1 1 1 1 1 0 1 1 1 1 1 0 1 1 1 1 1 1 0 0 0 1 0 1 0 1 1 1 
1 1 1 1 0 0 0 1 1 1 0 1 1 0 1 1 0 0 1 1 0 1 0 0 1 1 1 1 1 0 1 1 1 1 0 1 1 1 1 1 1 1 1 1 0 1 1 0 1 1 0 1 1 1 0 0 1 1 0 1 1 1 1 0 0 0 1 0 1 1 
0 0 1 0 1 0 1 1 1 1 1 1 0 1 1 0 0 0 0 1 0 1 1 1 1 1 1 0 0 0 1 1 1 1 0 1 1 1 1 1 1 1 1 1 1 0 0 1 1 0 1 1 1 1 1 1 0 1 0 0 0 0 1 1 0 0 1 1 0 1 
1 1 1 1 1 0 1 1 1 1 1 1 0 1 1 0 1 0 1 1 0 1 1 0 1 1 1 1 0 1 0 0 1 1 1 1 1 1 0 0 1 0 1 1 0 0 1 1 1 1 1 1 1 0 1 0 1 0 0 0 1 0 1 1 1 0 1 1 1 0 

0 14 0 0 0 0 0 0 0 0 0 0 0 0 0 0 0 0 8 0 7 18 0 1 0 0 0 0 2 0 0 0 0 0 0 0 0 0 0 0 0 0 20 0 7 0 0 0 0 0 0 0 0 0 0 0 0 0 14 0 0 0 0 0 9 0 0 0 5 6 
0 0 0 0 5 0 0 0 0 0 0 0 0 0 0 0 0 0 6 0 0 0 0 0 0 0 0 0 0 0 0 0 0 16 0 6 11 0 0 0 0 0 0 0 6 0 0 0 0 0 8 0 0 19 1 17 2 0 5 0 3 0 8 0 0 3 0 21 0 0 
0 0 0 19 0 0 17 0 9 0 0 0 9 0 0 0 0 0 0 12 20 0 0 0 0 0 0 0 0 0 0 0 0 0 0 0 0 0 0 0 0 0 0 0 0 0 0 0 0 0 0 0 0 0 0 0 0 21 0 0 0 0 0 0 0 0 0 0 0 0 
0 0 0 0 0 0 0 3 0 0 0 0 0 0 0 14 0 0 19 0 0 0 0 0 0 11 5 0 9 0 0 6 0 8 0 0 0 17 0 0 0 0 0 0 0 0 0 0 0 0 0 0 0 0 0 9 0 7 0 0 0 0 0 11 0 0 0 9 0 0 
0 0 0 0 0 0 16 0 0 0 0 0 0 0 0 0 0 0 0 2 0 0 0 9 0 0 6 0 0 16 0 0 0 0 0 0 0 12 0 16 19 12 0 0 0 0 0 0 0 0 0 0 0 13 0 16 0 0 13 17 0 0 0 0 13 5 0 0 0 0 
0 5 0 0 0 0 0 0 3 0 0 4 0 0 18 0 0 0 0 0 10 0 0 0 0 0 0 0 0 14 0 0 0 0 0 0 0 0 0 0 0 0 19 0 0 0 0 16 0 0 0 0 0 0 0 0 3 0 0 0 0 0 0 0 0 0 19 0 0 0 
0 19 17 0 6 21 0 0 0 0 0 0 5 0 0 0 0 16 0 0 0 0 0 11 0 0 0 0 0 0 0 0 0 0 0 0 0 0 0 0 0 19 0 0 0 5 11 17 0 16 0 0 0 0 0 0 0 0 0 17 0 0 0 0 0 0 0 0 0 0 
5 19 0 18 5 0 0 0 4 0 0 0 0 0 0 0 0 0 0 0 17 0 0 7 0 0 0 0 0 0 0 0 0 0 18 0 0 0 0 0 6 0 0 0 10 4 0 0 0 0 0 0 0 0 8 0 0 16 0 0 8 6 1 0 15 0 0 0 0 0 
8 0 17 0 0 0 0 0 0 0 0 0 9 0 0 0 20 0 0 0 0 0 0 0 0 9 0 0 14 0 0 0 0 0 0 0 0 0 0 13 0 0 9 0 0 0 0 0 0 0 0 0 0 0 0 0 13 0 0 0 0 0 0 0 11 0 0 16 0 7 
0 0 0 9 0 13 0 7 9 0 5 0 0 0 0 0 0 0 0 6 6 0 0 0 0 0 0 0 0 10 0 0 0 0 0 0 0 0 10 0 0 0 0 0 0 0 3 0 10 0 0 0 0 0 20 0 0 13 0 9 0 0 0 0 0 0 0 0 0 0 
0 0 0 3 18 0 0 0 0 0 0 0 0 0 0 0 0 0 0 4 0 2 0 17 1 0 0 0 0 0 0 0 0 3 3 0 0 0 0 0 0 0 0 0 0 0 0 0 0 0 0 0 0 0 0 0 0 0 0 0 0 0 0 0 0 0 0 0 16 0 
0 0 0 0 0 0 0 0 0 0 0 0 0 0 3 0 0 9 0 0 0 0 0 0 0 0 0 0 0 0 0 10 0 0 0 0 0 0 0 0 0 0 7 0 0 0 4 0 0 0 0 0 0 10 15 0 20 0 0 0 0 0 0 0 0 0 0 5 0 0 
0 0 1 11 0 0 0 20 0 0 0 19 0 0 0 0 0 19 0 0 0 0 0 0 0 0 2 0 0 7 0 0 0 0 0 0 17 0 0 15 0 0 0 0 0 10 2 0 0 0 0 4 0 0 0 0 0 0 0 14 0 0 0 0 0 0 0 0 0 0 
0 0 0 0 0 0 0 0 0 0 2 0 0 0 0 0 0 0 0 7 0 0 0 0 0 0 0 0 0 18 0 2 10 8 0 20 0 0 0 0 0 0 0 0 0 0 0 20 0 0 0 0 15 0 18 0 0 19 7 0 0 0 0 0 0 0 0 0 0 0 
7 0 0 0 0 6 0 0 0 14 0 0 0 0 0 0 0 0 2 0 0 0 0 14 0 0 6 0 11 0 0 4 0 0 0 0 0 9 0 0 10 0 0 0 0 10 15 0 0 0 5 0 20 0 0 0 0 0 5 0 0 6 0 0 0 18 20 0 0 0 
0 0 0 9 0 8 0 19 11 0 0 14 0 0 0 0 0 10 0 4 0 0 13 5 0 0 3 0 0 0 0 0 0 0 0 0 0 8 2 6 0 0 0 0 0 0 0 0 0 0 0 4 0 0 0 0 0 0 12 0 11 0 0 0 0 1 0 0 0 0 
0 0 0 1 0 1 8 0 0 1 0 0 0 0 0 0 0 0 0 0 0 19 0 0 0 1 0 0 0 0 0 0 0 0 0 0 0 0 0 0 0 0 0 0 0 0 0 0 0 1 0 0 0 0 0 0 0 0 0 0 4 0 0 15 0 5 0 0 0 0 
0 0 0 0 0 0 0 0 0 0 20 0 0 0 7 14 0 0 0 0 0 0 0 0 0 0 0 0 0 0 0 0 0 0 8 8 0 0 0 0 0 0 0 0 0 12 0 0 0 0 0 0 0 0 0 1 8 0 0 0 0 0 0 1 0 0 0 0 0 0 
0 0 0 0 0 0 0 0 0 0 0 2 0 0 0 0 0 0 0 0 0 0 0 0 0 16 0 0 0 0 0 0 0 0 9 0 16 0 0 0 0 1 0 0 0 0 12 1 0 0 0 0 0 20 0 0 5 0 4 0 0 0 0 0 0 0 16 0 0 0 
0 0 0 0 7 0 0 0 5 0 2 19 14 13 0 0 0 0 18 0 0 0 0 12 0 12 0 0 0 0 0 17 0 0 0 0 0 0 0 0 0 0 0 0 0 0 0 0 0 0 16 0 0 0 0 0 17 0 14 18 0 0 0 7 0 0 0 20 0 8 
15 0 0 0 0 0 0 0 0 16 0 0 15 0 9 0 0 7 0 0 0 0 0 0 0 0 0 0 0 12 0 0 0 0 15 0 2 1 0 0 12 15 0 0 0 0 0 0 0 6 0 17 0 0 5 0 3 0 4 0 16 0 0 0 10 0 0 0 0 0 
0 0 0 0 0 0 18 0 0 0 9 0 0 0 0 0 0 0 0 0 3 0 0 0 0 0 14 3 0 0 0 0 8 18 0 0 6 0 0 0 15 0 0 0 0 0 13 0 0 0 0 0 0 0 14 0 0 0 0 0 3 0 0 0 19 1 0 0 0 7 
0 0 0 0 0 0 0 0 0 0 18 0 0 0 0 0 14 0 14 17 0 0 0 0 0 0 0 0 0 0 0 0 0 0 12 0 0 0 0 0 14 1 0 0 0 0 0 12 1 0 0 12 0 16 0 0 0 0 0 0 0 7 0 0 4 0 0 0 0 0 
0 0 19 9 0 0 0 0 0 15 0 0 0 0 1 15 0 0 0 6 0 1 0 0 0 0 20 0 0 0 0 4 0 15 0 0 0 0 0 0 0 0 18 0 0 0 0 0 5 0 0 0 0 0 5 0 0 0 0 0 0 0 0 12 0 4 0 0 0 0 
0 0 17 0 0 0 0 4 12 0 0 8 0 0 0 0 0 0 0 0 0 9 0 0 0 0 16 0 8 0 0 0 0 0 0 0 0 0 0 0 0 0 0 0 0 0 0 0 0 0 0 16 0 0 5 16 0 0 0 0 0 17 0 0 0 7 0 19 0 0 
0 0 8 0 0 0 0 0 0 0 0 1 0 0 0 0 0 10 0 0 0 16 0 20 0 0 0 0 0 0 0 0 0 0 0 0 8 0 0 19 4 0 18 0 0 0 0 0 0 0 0 1 0 0 0 0 0 0 0 0 0 0 0 0 0 19 0 0 0 11 
0 0 1 1 11 0 18 0 0 0 0 0 0 0 0 0 0 0 0 0 10 19 0 0 5 0 0 0 0 4 8 0 0 0 0 0 0 6 12 0 0 0 4 0 0 18 0 0 0 0 7 0 0 8 0 0 0 0 0 0 0 0 0 0 0 6 3 0 0 11 
19 18 13 1 0 0 0 0 0 0 11 0 0 19 0 0 18 0 0 0 0 0 0 0 0 0 0 0 0 0 0 0 4 0 1 0 0 0 1 0 0 0 0 0 11 0 0 0 0 0 13 19 0 0 0 0 0 0 13 0 0 0 0 0 0 15 0 0 0 0 
0 14 0 0 0 8 13 0 0 0 1 0 0 0 19 0 0 0 7 19 14 0 2 0 0 0 0 0 0 0 0 0 0 0 0 0 16 0 0 0 0 0 0 0 11 0 0 9 0 0 16 0 0 0 9 0 0 0 0 0 0 0 0 0 0 19 0 0 0 0 
12 0 0 0 0 0 0 0 7 0 0 0 0 0 0 0 0 0 0 15 0 0 0 0 2 0 0 0 0 0 0 0 0 0 8 0 0 19 0 0 0 18 0 0 0 0 0 0 7 0 0 14 0 0 0 19 0 0 0 0 0 0 0 0 0 0 0 11 0 0 
0 0 0 0 0 0 19 0 0 0 7 0 0 0 11 0 0 0 0 0 0 0 0 0 0 0 0 0 0 11 0 0 0 0 0 0 0 0 0 0 0 0 0 0 0 0 0 0 0 0 0 0 5 0 0 0 0 0 0 0 0 0 0 0 0 0 0 0 0 0 
0 0 8 0 10 0 0 0 0 0 11 0 0 0 0 0 0 0 1 15 0 1 6 0 0 19 0 0 0 0 0 0 2 0 0 0 0 0 0 0 0 14 0 0 0 10 17 0 0 0 0 0 0 0 0 17 0 0 0 0 0 0 0 0 0 0 0 4 0 0 
0 19 0 0 0 0 0 0 0 0 8 0 0 0 0 0 0 0 0 0 0 19 0 0 0 4 17 0 0 7 0 0 0 0 11 0 0 6 7 0 0 20 0 0 0 0 1 21 0 0 0 0 0 0 3 0 15 0 0 0 1 0 0 0 0 0 0 0 0 0 
0 0 0 0 0 0 0 0 0 0 1 0 8 0 0 17 0 0 0 0 9 0 0 0 0 0 0 0 0 11 0 0 0 0 3 8 0 0 9 5 17 0 12 0 0 0 0 13 0 14 0 0 1 0 0 0 8 0 1 0 0 0 0 0 0 0 0 0 0 0 
9 0 0 0 0 0 0 0 0 0 1 13 0 0 0 0 0 10 0 0 0 0 0 0 13 0 0 0 0 0 4 0 17 0 0 0 0 0 0 0 20 19 0 0 0 0 0 0 7 0 0 0 0 0 0 0 0 0 0 0 4 0 0 0 0 9 5 16 0 0 
0 11 0 18 0 0 0 0 5 0 0 15 0 0 0 0 0 10 0 0 0 0 0 0 0 0 3 0 0 0 0 12 0 0 0 0 0 0 3 0 18 0 0 0 0 0 0 0 0 0 8 0 0 0 0 17 21 0 0 0 0 0 0 0 0 0 0 0 0 0 
0 12 19 9 18 0 0 0 0 0 0 0 0 0 0 0 0 0 0 0 0 0 0 0 0 0 0 0 0 0 0 0 0 18 0 0 0 0 17 17 0 0 0 0 0 0 0 0 0 5 0 0 16 0 0 0 7 0 0 0 0 0 0 0 0 12 0 19 0 0 
0 0 0 15 0 0 0 0 0 0 0 0 0 0 0 0 0 13 0 0 0 0 0 0 4 0 0 0 0 0 10 0 0 0 17 13 0 0 13 0 8 0 0 14 0 9 0 0 0 0 0 0 0 6 5 0 0 0 3 0 0 0 0 0 0 0 0 0 0 0 
0 0 0 9 0 0 0 0 0 0 12 0 17 0 0 13 0 0 0 0 5 0 0 0 0 0 0 13 0 0 0 0 0 0 0 0 0 0 0 13 0 0 9 0 0 0 0 0 1 0 0 0 13 0 0 0 0 0 0 0 0 0 0 0 0 0 0 0 13 0 
0 0 0 0 0 7 0 1 0 0 0 3 0 0 0 0 18 0 0 0 0 0 0 0 0 0 0 0 0 0 0 0 0 0 0 0 0 0 0 0 0 0 0 0 0 0 0 12 0 9 8 0 11 0 0 0 0 0 0 0 0 0 0 0 4 0 0 0 0 0 
0 0 0 0 0 0 0 0 0 0 0 0 0 0 0 6 0 0 4 20 0 11 0 19 0 0 0 0 0 0 0 0 0 0 0 0 4 0 0 14 0 14 2 0 0 0 8 0 0 0 5 0 11 0 0 0 18 0 0 0 0 0 19 0 0 0 0 0 0 0 
0 19 0 0 0 0 4 11 4 0 7 0 0 14 0 0 0 0 14 10 7 0 0 0 0 0 0 0 0 11 0 0 0 0 1 0 0 13 0 0 0 0 0 0 0 0 0 0 4 0 0 0 0 0 0 3 0 0 0 2 0 0 0 0 0 0 0 0 0 0 
0 0 0 0 0 0 17 0 18 8 10 0 0 0 0 14 0 1 0 0 0 0 0 0 16 0 0 0 0 0 13 0 0 0 0 0 0 0 0 9 8 0 0 0 0 18 0 0 0 0 0 1 0 0 9 0 0 0 0 0 4 9 0 0 20 0 0 1 0 0 
0 8 0 4 0 18 0 0 0 14 0 0 0 21 0 0 0 0 15 0 0 0 0 0 0 0 0 0 0 0 0 0 0 0 0 0 0 10 0 0 0 0 0 0 0 0 0 0 0 0 0 0 0 0 4 0 0 11 0 0 0 0 0 0 0 0 0 2 13 0 
0 0 0 0 0 0 0 0 0 0 0 17 0 0 0 2 0 0 0 0 0 0 0 0 0 0 0 0 0 0 11 0 0 17 0 0 0 0 0 0 0 0 0 0 0 0 0 0 0 0 0 0 0 0 0 0 0 0 0 0 0 0 0 0 0 0 14 0 7 0 
4 0 0 0 0 12 0 0 17 0 0 5 18 0 0 0 10 0 4 0 0 0 0 0 0 0 0 0 0 0 0 0 0 0 0 19 15 0 0 0 0 0 0 0 0 0 0 0 0 0 0 20 0 0 0 0 4 0 15 13 0 0 0 0 0 0 0 0 0 0 
0 0 11 14 6 0 0 0 0 11 8 15 0 13 0 0 0 0 0 0 0 0 0 0 0 0 1 0 0 0 16 0 0 0 3 0 0 0 0 0 0 19 0 0 14 0 0 20 0 0 0 13 4 5 0 0 0 0 0 9 0 0 0 0 0 2 1 15 0 0 
0 0 0 0 16 0 0 16 8 0 15 0 0 0 0 0 0 8 0 0 8 0 0 0 0 0 0 0 0 0 4 0 0 0 0 0 0 0 0 0 0 0 13 0 18 0 0 0 0 0 0 0 0 0 0 0 0 0 0 17 0 0 0 14 0 0 9 0 0 1 
17 0 0 0 0 0 0 0 0 0 0 0 0 0 0 0 0 0 12 0 0 1 0 0 5 0 0 0 15 0 0 13 0 0 0 0 0 0 0 0 0 0 0 0 0 0 0 0 0 0 0 0 0 0 0 0 0 19 0 0 0 0 0 0 0 0 0 0 0 0 
0 0 0 9 0 8 0 0 0 0 0 0 6 0 0 0 11 2 16 0 9 0 0 0 1 0 0 0 0 0 0 0 0 12 0 0 0 0 0 11 18 1 0 0 0 0 0 0 0 0 0 0 0 0 13 0 0 0 0 14 0 0 7 0 0 0 0 0 0 0 
2 0 1 0 0 4 0 0 0 1 18 0 0 0 0 0 0 0 0 6 18 0 0 13 9 0 0 0 0 0 0 0 0 0 13 0 19 13 0 0 0 0 0 0 0 0 0 0 0 0 0 0 0 0 0 10 0 0 5 0 0 18 0 14 0 0 0 0 1 0 
0 1 0 13 6 0 9 0 0 0 0 0 0 0 0 16 16 20 0 0 0 0 0 0 1 0 0 0 0 0 0 0 0 0 0 0 0 0 0 0 0 0 3 16 17 3 0 0 3 0 0 0 0 0 0 0 0 0 0 0 8 6 0 0 0 0 0 0 0 0 
6 0 0 11 0 0 0 0 0 0 0 3 0 0 0 0 21 0 0 0 0 20 19 0 20 0 0 10 0 0 6 0 0 0 0 0 0 0 4 0 0 0 0 0 20 0 0 0 5 11 0 0 0 15 0 0 0 0 0 0 0 9 18 0 0 0 0 0 0 0 
0 0 0 14 0 0 0 2 0 0 0 0 0 0 13 0 0 0 0 0 6 0 0 0 0 9 0 0 0 0 0 1 2 0 0 0 0 11 0 0 0 0 0 0 0 0 0 0 0 0 0 19 0 0 0 3 0 0 0 0 0 0 0 0 0 0 0 0 0 0 
0 0 0 0 0 0 0 0 0 0 0 0 0 0 0 0 0 0 0 0 0 0 0 0 0 0 0 0 0 0 0 0 0 0 0 0 0 0 0 0 14 0 0 0 13 0 17 0 0 0 17 0 9 0 0 0 0 0 0 0 14 0 0 17 0 15 0 11 0 0 
0 0 9 3 3 0 1 0 0 0 0 0 9 0 0 0 0 2 0 0 0 0 0 0 0 2 0 0 8 0 0 0 0 0 0 0 0 0 8 0 0 0 7 11 0 0 0 0 0 0 0 0 0 0 12 0 0 0 0 20 0 4 0 0 0 0 0 0 0 0 
0 0 0 13 0 0 0 0 9 16 0 13 1 0 2 0 0 0 0 0 0 0 0 0 0 0 0 0 0 0 0 0 0 0 18 0 0 0 0 0 0 15 0 0 1 0 0 0 0 0 19 6 0 0 20 0 0 0 0 0 0 6 0 15 2 0 0 10 0 0 
16 0 0 0 0 16 0 0 0 0 0 10 0 0 4 0 0 12 18 18 17 5 7 11 0 0 0 0 0 0 0 9 0 0 6 0 0 0 1 1 0 0 0 0 0 0 0 0 0 0 16 0 0 0 0 0 0 0 0 0 0 0 0 0 0 0 0 0 18 0 
0 4 0 0 0 6 3 0 0 0 0 0 0 0 0 0 0 5 13 0 0 0 0 0 0 1 0 0 0 0 0 0 0 12 0 0 0 0 0 0 0 0 0 0 0 0 0 18 0 0 16 0 0 0 11 0 0 0 0 0 0 0 0 0 0 0 0 18 0 0 
0 0 13 0 0 0 20 0 10 0 0 0 8 0 0 6 17 0 0 15 0 0 0 17 0 0 0 0 0 0 0 0 0 20 0 9 12 0 0 0 0 0 0 0 0 9 0 12 0 0 0 0 0 0 0 19 0 0 0 0 0 0 0 0 2 0 0 0 0 0 
0 0 0 20 0 0 18 0 2 0 0 0 0 0 0 8 0 0 0 13 0 12 0 0 0 0 0 0 0 0 0 0 20 0 10 16 0 0 0 0 0 15 0 0 0 0 11 0 0 0 0 0 0 0 0 0 0 0 0 0 0 0 0 0 10 0 0 0 0 0 
13 0 0 0 0 0 0 15 0 0 0 0 0 0 20 0 0 2 0 4 0 0 1 0 12 2 0 0 0 0 0 0 0 1 0 0 0 0 0 0 0 0 0 0 14 0 17 0 0 17 17 0 0 0 0 0 0 17 0 0 0 0 0 0 0 17 11 0 0 0 
0 0 0 0 0 0 20 12 8 0 0 0 0 3 0 17 13 0 13 0 0 13 0 0 0 0 0 18 0 0 2 0 0 0 0 0 0 0 0 0 0 0 9 3 0 0 0 0 0 0 0 0 0 0 0 18 0 3 15 0 0 0 0 0 0 0 0 0 0 0 
0 0 20 12 0 0 0 0 0 0 0 0 0 0 0 9 8 0 0 17 0 0 0 0 12 0 0 0 14 0 0 17 0 0 0 0 12 0 0 0 0 0 6 14 0 0 0 7 14 0 0 0 0 0 0 0 0 0 0 4 0 0 0 0 5 0 0 0 0 0 
0 0 0 0 0 13 0 0 19 0 0 0 0 0 0 0 0 0 0 0 0 10 0 0 0 4 0 0 8 0 0 0 0 0 0 0 16 0 0 0 21 0 3 0 0 0 0 0 0 0 13 0 0 0 3 0 0 12 0 0 0 0 0 0 0 0 13 17 0 0 
10 0 0 0 0 0 0 0 0 3 0 0 0 0 6 0 0 18 0 5 0 0 0 0 0 1 0 0 0 0 0 0 0 0 0 0 0 0 0 0 0 4 0 0 0 0 0 0 0 0 21 0 0 0 14 0 0 0 0 0 9 0 8 0 4 0 9 0 0 18 
0 0 0 0 0 0 0 0 18 0 0 0 20 0 0 0 0 0 0 0 0 0 0 0 0 0 0 0 3 0 6 1 0 0 0 0 11 0 0 0 1 0 12 10 0 2 0 0 0 0 0 0 0 0 0 3 7 14 0 0 0 0 0 12 0 0 0 0 0 0 
0 0 0 0 0 14 0 0 0 0 0 0 0 0 0 0 0 0 18 13 0 0 0 0 0 16 0 2 4 0 0 0 1 0 0 0 0 0 0 5 0 0 0 0 12 0 0 0 0 0 10 0 0 0 0 0 0 0 0 0 1 0 0 0 0 0 0 0 0 0 
0 0 8 0 0 0 0 0 0 0 0 0 0 0 0 0 8 16 0 0 0 0 0 0 3 0 0 0 0 1 3 13 0 0 19 0 0 0 0 0 0 0 0 0 0 0 0 0 0 0 0 0 0 0 0 5 0 15 0 0 0 0 0 0 0 0 0 0 0 0 
18 12 17 0 2 0 17 0 0 0 0 0 6 0 1 0 0 0 0 0 0 0 0 0 0 0 0 0 0 6 0 0 11 0 0 0 9 0 0 12 0 0 0 0 0 0 0 0 0 0 0 0 0 0 3 5 0 0 0 0 0 14 0 0 0 0 18 0 0 0 
