70

0 0 0 1 0 1 1 1 1 1 1 1 1 1 0 1 1 1 1 1 0 1 1 1 1 1 0 1 0 0 1 0 1 1 0 1 1 0 1 1 1 0 1 1 1 1 1 1 0 1 1 0 1 1 1 1 1 1 0 1 1 1 1 0 1 1 1 1 1 1 
0 0 1 1 1 0 1 1 1 1 0 0 0 1 1 1 1 1 1 1 0 1 1 1 0 1 1 1 1 1 0 1 1 1 1 1 1 1 1 1 1 1 1 1 0 1 1 1 1 1 1 0 1 1 1 1 1 1 1 1 1 1 0 0 1 1 1 1 1 1 
0 1 0 1 1 1 0 1 1 1 1 0 0 1 1 1 1 0 1 0 1 1 0 1 1 1 1 1 1 1 0 1 1 1 1 1 1 0 1 1 1 1 0 1 1 0 1 1 1 0 1 0 1 1 1 1 1 1 1 0 0 1 1 1 1 1 1 1 0 1 
1 1 1 0 1 1 1 0 0 1 1 0 0 0 1 1 0 1 1 1 1 1 1 1 1 1 1 1 0 1 1 1 1 1 0 1 0 1 1 0 1 0 1 1 1 1 1 1 1 1 1 0 1 1 1 1 1 0 1 1 1 0 1 1 1 1 1 1 1 1 
0 1 1 1 0 1 0 0 1 1 1 1 1 1 1 0 1 1 1 1 1 1 1 1 1 1 0 0 1 1 1 1 1 1 0 1 1 0 1 1 0 1 1 1 1 1 0 1 1 1 1 0 0 1 1 1 1 1 1 1 1 1 1 0 1 1 0 0 1 1 
1 0 1 1 1 0 1 1 1 0 0 1 1 1 1 0 1 1 1 1 0 1 1 1 1 1 1 0 1 1 0 0 1 0 1 1 1 1 1 1 1 1 1 0 0 1 0 1 1 1 1 0 0 1 1 0 1 1 1 1 1 1 1 1 1 1 1 1 0 0 
1 1 0 1 0 1 0 1 1 1 1 0 1 1 1 1 1 1 1 0 1 0 1 0 1 1 1 1 1 1 1 1 1 1 1 1 1 1 0 1 1 1 1 0 1 1 0 0 1 1 1 0 1 1 0 1 1 1 1 1 1 1 1 1 1 1 1 1 1 1 
1 1 1 0 0 1 1 0 1 0 0 1 1 1 1 1 1 1 1 1 1 1 1 0 1 1 1 1 1 0 1 1 1 1 1 1 1 1 1 1 1 1 0 1 1 1 1 1 1 1 1 1 1 0 1 1 1 1 0 1 1 1 1 1 1 1 1 1 1 1 
1 1 1 0 1 1 1 1 0 1 1 1 1 1 1 0 1 1 1 1 1 1 1 1 1 0 1 1 0 1 1 1 0 0 0 1 1 1 1 0 1 1 1 0 1 1 1 0 1 1 0 1 1 0 0 1 1 1 1 1 1 0 1 0 1 1 1 0 1 1 
1 1 1 1 1 0 1 0 1 0 0 1 0 1 1 1 1 1 0 0 0 1 1 1 1 1 0 1 1 1 1 0 1 1 1 1 1 0 1 0 1 0 1 0 1 1 1 0 1 1 1 1 1 1 0 1 1 0 1 0 1 1 1 0 0 1 1 0 0 1 
1 0 1 1 1 0 1 0 1 0 0 1 1 1 0 1 1 1 1 1 1 1 0 0 0 1 1 1 1 0 0 1 1 1 0 1 1 1 1 1 1 1 1 1 0 1 1 1 1 1 1 1 0 1 1 1 1 0 1 1 1 1 1 1 0 1 0 0 1 1 
1 0 0 0 1 1 0 1 1 1 1 0 1 1 0 1 1 0 1 1 1 1 0 1 1 1 0 1 1 0 0 1 1 1 1 1 1 1 1 1 1 1 0 0 1 0 0 1 1 1 0 1 1 1 1 1 0 1 0 0 0 1 0 1 0 1 0 0 1 1 
1 0 0 0 1 1 1 1 1 0 1 1 0 1 0 0 1 1 0 0 1 1 0 1 1 1 1 1 1 1 1 0 1 1 1 1 1 1 0 1 1 1 1 1 1 1 0 0 1 1 1 1 1 1 0 1 1 0 1 0 1 1 0 1 1 1 0 1 1 1 
1 1 1 0 1 1 1 1 1 1 1 1 1 0 1 0 1 1 1 0 1 0 1 1 1 0 1 1 1 1 1 1 1 1 1 1 1 0 1 1 1 0 1 1 1 1 1 1 0 1 0 1 1 1 1 0 0 1 1 0 1 1 1 1 1 1 0 0 1 1 
0 1 1 1 1 1 1 1 1 1 0 0 0 1 0 0 1 1 1 1 1 1 0 1 1 1 1 1 0 1 1 1 0 0 1 1 1 0 1 1 1 1 1 1 1 1 0 1 1 1 0 0 1 1 1 1 1 1 1 0 1 1 1 1 1 1 1 1 1 0 
1 1 1 1 0 0 1 1 0 1 1 1 0 0 0 0 1 1 1 0 1 1 1 1 1 1 1 1 1 1 0 1 1 1 0 1 1 1 1 1 1 1 1 1 1 1 1 1 1 1 1 1 1 0 1 1 1 1 1 1 1 1 1 1 1 1 1 0 1 1 
1 1 1 0 1 1 1 1 1 1 1 1 1 1 1 1 0 1 1 1 1 1 1 1 1 1 1 1 1 1 1 1 1 1 1 1 1 1 1 1 0 0 1 0 1 1 1 1 1 1 1 0 1 0 1 1 1 1 1 1 1 0 1 1 1 1 0 1 0 1 
1 1 0 1 1 1 1 1 1 1 1 0 1 1 1 1 1 0 1 1 1 0 1 1 1 1 1 1 1 1 1 1 1 1 1 1 1 1 1 1 1 1 1 1 1 1 1 1 1 1 1 1 0 0 1 1 1 1 1 1 1 1 1 1 1 1 0 1 1 1 
1 1 1 1 1 1 1 1 1 0 1 1 0 1 1 1 1 1 0 0 1 1 1 1 1 1 1 1 1 0 1 1 1 0 1 1 1 1 1 1 1 0 1 1 1 0 1 0 1 1 1 1 1 1 0 1 1 1 1 1 0 1 0 1 1 1 1 1 1 1 
1 1 0 1 1 1 0 1 1 0 1 1 0 0 1 0 1 1 0 0 1 0 1 1 1 1 0 1 1 1 1 1 1 1 1 1 0 1 1 1 1 1 1 1 0 1 1 1 1 1 1 1 1 1 0 1 1 0 0 1 1 1 0 0 1 1 1 1 1 1 
0 0 1 1 1 0 1 1 1 0 1 1 1 1 1 1 1 1 1 1 0 1 1 1 0 1 1 1 1 1 1 1 1 0 1 1 1 1 0 0 0 1 1 1 1 1 1 1 1 0 1 0 1 0 1 1 1 1 1 1 1 0 1 1 1 1 1 1 1 1 
1 1 1 1 1 1 0 1 1 1 1 1 1 0 1 1 1 0 1 0 1 0 1 0 1 1 1 1 1 0 1 1 1 1 0 1 1 1 1 1 1 1 0 1 1 1 0 1 1 1 1 1 0 0 1 1 1 0 1 1 0 0 1 0 0 1 1 1 1 1 
1 1 0 1 1 1 1 1 1 1 0 0 0 1 0 1 1 1 1 1 1 1 0 1 1 1 1 1 1 1 0 1 1 1 0 1 1 1 1 1 0 0 0 1 1 1 0 1 1 1 1 1 1 1 1 1 1 1 0 1 1 1 0 1 0 1 0 1 1 0 
1 1 1 1 1 1 0 0 1 1 0 1 1 1 1 1 1 1 1 1 1 0 1 0 0 0 1 1 0 0 1 1 1 1 1 1 1 1 1 1 0 1 1 1 1 1 1 1 0 1 0 1 1 1 1 1 1 1 1 0 1 0 1 1 1 1 1 1 1 1 
1 0 1 1 1 1 1 1 1 1 0 1 1 1 1 1 1 1 1 1 0 1 1 0 0 1 1 1 1 1 0 1 1 1 1 0 1 1 0 1 1 0 1 1 1 1 1 1 1 1 0 1 1 0 1 1 1 1 1 1 0 1 1 0 1 0 0 1 0 1 
1 1 1 1 1 1 1 1 0 1 1 1 1 0 1 1 1 1 1 1 1 1 1 0 1 0 0 1 1 1 1 0 1 1 1 1 1 1 1 1 0 0 1 1 1 1 1 1 1 1 1 0 1 0 1 1 0 1 1 1 1 0 1 1 1 1 1 1 1 1 
0 1 1 1 0 1 1 1 1 0 1 0 1 1 1 1 1 1 1 0 1 1 1 1 1 0 0 1 0 1 1 1 1 1 1 1 1 1 0 1 1 1 0 0 1 1 1 1 0 1 0 1 0 1 1 1 0 0 1 0 1 0 1 1 0 1 1 0 1 0 
1 1 1 1 0 0 1 1 1 1 1 1 1 1 1 1 1 1 1 1 1 1 1 1 1 1 1 0 1 1 1 1 1 1 1 1 1 1 0 1 0 1 0 1 1 0 1 1 1 1 0 1 1 1 1 1 1 1 1 0 0 0 1 1 0 0 1 1 1 1 
0 1 1 0 1 1 1 1 0 1 1 1 1 1 0 1 1 1 1 1 1 1 1 0 1 1 0 1 0 1 1 1 1 1 0 1 1 1 0 1 1 1 0 1 1 1 1 0 1 1 1 1 1 1 1 0 1 1 1 1 1 0 0 1 1 0 1 1 1 1 
0 1 1 1 1 1 1 0 1 1 0 0 1 1 1 1 1 1 0 1 1 0 1 0 1 1 1 1 1 0 1 1 1 1 1 1 1 0 1 1 1 0 1 1 0 1 1 0 1 0 1 1 0 1 1 1 1 1 1 1 1 0 1 1 0 1 1 1 1 1 
1 0 0 1 1 0 1 1 1 1 0 0 1 1 1 0 1 1 1 1 1 1 0 1 0 1 1 1 1 1 0 0 1 0 0 1 0 0 0 1 1 1 1 1 0 1 1 1 0 1 1 0 1 1 1 1 1 1 0 1 1 1 1 1 1 1 1 1 0 1 
0 1 1 1 1 0 1 1 1 0 1 1 0 1 1 1 1 1 1 1 1 1 1 1 1 0 1 1 1 1 0 0 0 1 0 1 0 1 1 1 1 1 1 1 1 1 1 1 1 1 1 1 0 1 1 0 1 1 1 1 1 1 1 1 1 1 0 1 1 1 
1 1 1 1 1 1 1 1 0 1 1 1 1 1 0 1 1 1 1 1 1 1 1 1 1 1 1 1 1 1 1 0 0 1 1 1 1 1 1 1 1 1 0 1 1 0 1 1 1 0 1 1 1 1 1 0 1 1 1 0 1 0 0 0 1 0 1 1 1 1 
1 1 1 1 1 0 1 1 0 1 1 1 1 1 0 1 1 1 0 1 0 1 1 1 1 1 1 1 1 1 0 1 1 0 1 0 0 1 1 1 1 1 0 1 1 0 1 1 1 0 1 0 1 0 1 1 1 0 0 1 1 0 0 1 1 1 1 1 1 1 
0 1 1 0 0 1 1 1 0 1 0 1 1 1 1 0 1 1 1 1 1 0 0 1 1 1 1 1 0 1 0 0 1 1 0 1 1 1 0 1 1 1 1 1 0 1 1 0 1 1 1 1 1 0 1 1 1 0 0 0 1 1 1 1 1 1 1 1 0 1 
1 1 1 1 1 1 1 1 1 1 1 1 1 1 1 1 1 1 1 1 1 1 1 1 0 1 1 1 1 1 1 1 1 0 1 0 1 1 1 1 0 0 1 0 0 1 0 1 0 1 0 0 1 1 1 0 1 1 0 1 1 1 0 0 1 0 1 1 1 0 
1 1 1 0 1 1 1 1 1 1 1 1 1 1 1 1 1 1 1 0 1 1 1 1 1 1 1 1 1 1 0 0 1 0 1 1 0 1 0 1 1 0 1 1 1 1 1 1 0 1 0 1 1 1 1 0 1 0 1 0 1 1 1 1 0 1 0 1 1 1 
0 1 0 1 0 1 1 1 1 0 1 1 1 0 0 1 1 1 1 1 1 1 1 1 1 1 1 1 1 0 0 1 1 1 1 1 1 0 0 0 0 1 1 0 0 0 1 1 1 1 1 1 0 1 0 0 1 0 1 1 1 1 1 1 1 0 1 1 1 1 
1 1 1 1 1 1 0 1 1 1 1 1 0 1 1 1 1 1 1 1 0 1 1 1 0 1 0 0 0 1 0 1 1 1 0 1 0 0 0 1 1 1 1 1 1 1 1 1 0 1 1 1 1 1 1 0 1 1 1 1 1 0 1 1 1 1 1 1 1 1 
1 1 1 0 1 1 1 1 0 0 1 1 1 1 1 1 1 1 1 1 0 1 1 1 1 1 1 1 1 1 1 1 1 1 1 1 1 0 1 0 0 1 1 1 0 1 1 0 1 0 0 1 1 1 1 1 1 1 1 1 1 0 1 0 0 0 1 1 1 1 
1 1 1 1 0 1 1 1 1 1 1 1 1 1 1 1 0 1 1 1 0 1 0 0 1 0 1 0 1 1 1 1 1 1 1 0 1 0 1 0 0 1 1 0 1 1 1 0 1 1 1 1 0 1 1 1 1 1 1 1 0 1 1 0 0 1 0 1 1 1 
0 1 1 0 1 1 1 1 1 0 1 1 1 0 1 1 0 1 0 1 1 1 0 1 0 0 1 1 1 0 1 1 1 1 1 0 0 1 1 1 1 0 1 1 1 0 0 1 1 0 1 1 0 1 0 1 1 1 0 1 1 1 1 1 1 1 1 0 1 1 
1 1 0 1 1 1 1 0 1 1 1 0 1 1 1 1 1 1 1 1 1 0 0 1 1 1 0 0 0 1 1 1 0 0 1 1 1 1 1 1 1 1 0 0 1 0 1 0 0 0 1 1 1 1 1 1 1 1 1 0 0 1 1 1 1 0 1 1 1 1 
1 1 1 1 1 0 0 1 0 0 1 0 1 1 1 1 0 1 1 1 1 1 1 1 1 1 0 1 1 1 1 1 1 1 1 0 1 0 1 1 0 1 0 0 1 0 1 1 1 0 1 0 0 1 1 0 1 1 1 1 1 1 1 1 1 1 1 0 1 1 
1 0 1 1 1 0 1 1 1 1 0 1 1 1 1 1 1 1 1 0 1 1 1 1 1 1 1 1 1 0 0 1 1 1 0 0 1 0 1 0 1 1 1 1 0 0 0 0 1 0 1 1 1 1 1 1 1 1 1 1 1 1 1 0 1 0 0 1 1 1 
1 1 0 1 1 1 1 1 1 1 1 0 1 1 1 1 1 1 0 1 1 1 1 1 1 1 1 0 1 1 1 1 0 0 1 1 1 0 1 1 1 0 0 0 0 0 0 1 1 1 1 1 1 1 1 1 1 1 1 1 1 1 1 1 1 1 0 0 1 1 
1 1 1 1 0 0 0 1 1 1 1 0 0 1 0 1 1 1 1 1 1 0 0 1 1 1 1 1 1 1 1 1 1 1 1 0 1 1 1 1 1 0 1 1 0 0 0 1 1 1 1 1 1 1 1 1 1 1 1 1 1 0 1 1 0 1 1 1 1 1 
1 1 1 1 1 1 0 1 0 0 1 1 0 1 1 1 1 1 0 1 1 1 1 1 1 1 1 1 0 0 1 1 1 1 0 1 1 1 1 0 0 1 0 1 0 1 1 0 1 1 1 1 1 0 1 1 1 1 1 1 1 0 0 1 1 1 1 1 0 0 
0 1 1 1 1 1 1 1 1 1 1 1 1 0 1 1 1 1 1 1 1 1 1 0 1 1 0 1 1 1 0 1 1 1 1 0 0 1 0 1 1 1 0 1 1 1 1 1 0 0 1 1 1 1 0 0 1 1 1 1 1 0 1 1 0 1 1 1 1 1 
1 1 0 1 1 1 1 1 1 1 1 1 1 1 1 1 1 1 1 1 0 1 1 1 1 1 1 1 1 0 1 1 0 0 1 1 1 1 1 0 1 0 0 0 0 1 1 1 0 0 1 0 1 1 0 0 0 0 1 1 0 0 1 1 0 1 1 1 1 1 
1 1 1 1 1 1 1 1 0 1 1 0 1 0 0 1 1 1 1 1 1 1 1 0 0 1 0 0 1 1 1 1 1 1 1 0 0 1 1 0 1 1 1 1 1 1 1 1 1 1 0 1 1 1 1 1 1 1 0 0 1 1 1 1 1 1 1 1 1 1 
0 0 0 0 0 0 0 1 1 1 1 1 1 1 0 1 0 1 1 1 0 1 1 1 1 0 1 1 1 1 0 1 1 0 1 0 1 1 1 1 1 1 1 0 1 1 1 1 1 0 1 0 0 1 1 1 1 1 1 1 1 1 1 1 1 1 0 0 1 1 
1 1 1 1 0 0 1 1 1 1 0 1 1 1 1 1 1 0 1 1 1 0 1 1 1 1 0 1 1 0 1 0 1 1 1 1 1 0 1 1 0 0 1 0 1 1 1 1 1 1 1 0 0 1 0 1 1 1 0 1 1 1 1 1 0 1 1 1 1 1 
1 1 1 1 1 1 1 0 0 1 1 1 1 1 1 0 0 0 1 1 0 0 1 1 0 0 1 1 1 1 1 1 1 0 0 1 1 1 1 1 1 1 1 1 1 1 1 0 1 1 1 1 1 0 1 1 1 1 1 1 1 1 1 1 1 1 1 1 1 1 
1 1 1 1 1 1 0 1 0 0 1 1 0 1 1 1 1 1 0 0 1 1 1 1 1 1 1 1 1 1 1 1 1 1 1 1 1 0 1 1 1 0 1 1 1 1 1 1 0 0 1 1 0 1 0 1 1 1 1 1 0 1 0 1 1 1 0 1 1 0 
1 1 1 1 1 0 1 1 1 1 1 1 1 0 1 1 1 1 1 1 1 1 1 1 1 1 1 1 0 1 1 0 0 1 1 0 0 0 0 1 1 1 1 0 1 1 1 1 0 0 1 1 1 1 1 0 0 1 0 1 1 1 0 1 1 0 0 1 1 0 
1 1 1 1 1 1 1 1 1 1 1 0 1 0 1 1 1 1 1 1 1 1 1 1 1 0 0 1 1 1 1 1 1 1 1 1 1 1 1 1 1 1 1 1 1 1 1 1 1 0 1 1 1 1 1 0 0 1 1 0 1 1 0 1 1 1 0 1 1 1 
1 1 1 0 1 1 1 1 1 0 0 1 0 1 1 1 1 1 1 0 1 0 1 1 1 1 0 1 1 1 1 1 1 0 0 1 0 0 1 1 1 1 1 1 1 1 1 1 1 0 1 1 1 1 1 1 1 0 1 0 1 1 0 1 1 1 1 1 0 1 
0 1 1 1 1 1 1 0 1 1 1 0 1 1 1 1 1 1 1 0 1 1 0 1 1 1 1 1 1 1 0 1 1 0 0 0 1 1 1 1 1 0 1 1 1 1 1 1 1 1 0 1 0 1 1 0 1 1 0 0 1 1 1 1 1 1 1 0 0 1 
1 1 0 1 1 1 1 1 1 0 1 0 0 0 0 1 1 1 1 1 1 1 1 0 1 1 0 0 1 1 1 1 0 1 0 1 0 1 1 1 1 1 0 1 1 1 1 1 1 1 0 1 1 1 1 1 0 0 0 0 1 1 1 1 1 1 0 1 1 1 
1 1 0 1 1 1 1 1 1 1 1 0 1 1 1 1 1 1 0 1 1 0 1 1 0 1 1 0 1 1 1 1 1 1 1 1 1 1 1 1 0 1 0 1 1 1 1 1 1 0 1 1 1 1 0 1 1 1 1 1 0 1 1 0 1 1 1 0 1 1 
1 1 1 0 1 1 1 1 0 1 1 1 1 1 1 1 0 1 1 1 0 0 1 0 1 0 0 0 0 0 1 1 0 0 1 1 1 1 0 0 1 1 1 1 1 1 0 0 0 0 1 1 1 1 1 1 1 1 1 1 1 0 1 0 0 0 1 1 1 1 
1 0 1 1 1 1 1 1 1 1 1 0 0 1 1 1 1 1 0 0 1 1 0 1 1 1 1 1 0 1 1 1 0 0 1 0 1 1 1 1 1 1 1 1 1 1 1 0 1 1 1 1 1 1 0 0 0 0 1 1 1 1 0 1 0 0 1 1 1 1 
0 0 1 1 0 1 1 1 0 0 1 1 1 1 1 1 1 1 1 0 1 0 1 1 0 1 1 1 1 1 1 1 0 1 1 0 1 1 1 0 0 1 1 1 0 1 1 1 1 1 1 1 1 1 1 1 1 1 1 1 0 0 1 0 1 1 1 1 1 1 
1 1 1 1 1 1 1 1 1 0 0 0 1 1 1 1 1 1 1 1 1 0 0 1 1 1 0 0 1 0 1 1 1 1 1 1 0 1 1 0 0 1 1 1 1 1 0 1 0 0 1 1 0 1 1 1 1 1 1 1 1 0 0 1 0 1 0 1 0 1 
1 1 1 1 1 1 1 1 1 1 1 1 1 1 1 1 1 1 1 1 1 1 1 1 0 1 1 0 0 1 1 1 0 1 1 0 1 0 1 0 1 1 0 1 0 1 1 1 1 1 1 1 1 1 1 0 1 1 1 1 1 0 0 1 1 0 1 1 1 0 
1 1 1 1 0 1 1 1 1 1 0 0 0 0 1 1 0 0 1 1 1 1 0 1 0 1 1 1 1 1 1 0 1 1 1 1 0 1 1 1 0 1 1 1 0 0 1 1 1 1 1 0 1 1 0 0 0 1 1 0 1 1 1 1 0 1 0 1 0 1 
1 1 1 1 0 1 1 1 0 0 0 0 1 0 1 0 1 1 1 1 1 1 1 1 1 1 0 1 1 1 1 1 1 1 1 1 1 1 1 1 1 0 1 0 1 0 1 1 1 1 1 0 1 1 1 1 1 1 0 1 0 1 1 1 1 1 1 0 1 0 
1 1 0 1 1 0 1 1 1 0 1 1 1 1 1 1 0 1 1 1 1 1 1 1 0 1 1 1 1 1 0 1 1 1 0 1 1 1 1 1 1 1 1 1 1 1 1 0 1 1 1 1 1 1 1 1 1 0 0 1 1 1 1 1 0 1 0 1 0 0 
1 1 1 1 1 0 1 1 1 1 1 1 1 1 0 1 1 1 1 1 1 1 0 1 1 1 0 1 1 1 1 1 1 1 1 0 1 1 1 1 1 1 1 1 1 1 1 0 1 1 1 1 1 1 0 0 1 1 1 1 1 1 1 1 1 0 1 0 0 0 

0 0 0 10 0 0 0 9 0 1 0 0 14 0 0 0 0 1 0 0 0 0 6 0 0 8 20 7 0 14 0 0 0 5 0 0 0 11 0 0 15 0 0 0 0 0 0 0 0 0 0 0 0 0 0 0 12 0 14 0 0 0 0 0 18 0 0 2 0 4 
5 0 0 5 3 0 9 0 0 0 7 0 0 0 0 0 0 0 0 0 0 6 0 15 9 1 0 0 0 0 0 0 0 0 0 0 19 1 0 0 0 0 0 13 9 0 0 0 0 11 0 0 0 0 16 0 0 0 3 0 0 0 0 0 0 5 0 0 0 0 
0 0 0 0 0 0 0 0 0 0 0 19 0 0 0 0 0 3 0 0 0 0 0 0 2 0 0 0 0 0 9 0 0 0 0 0 7 0 1 0 0 0 0 0 0 11 1 0 0 0 0 0 0 0 1 0 1 0 0 0 0 0 0 0 0 0 2 0 2 17 
0 15 11 0 0 11 0 0 4 0 0 0 0 6 0 0 0 0 0 12 1 7 0 8 0 0 0 0 0 0 0 0 17 0 0 0 0 0 0 0 0 0 0 2 0 0 3 0 0 0 9 0 5 0 0 0 0 0 0 0 0 2 0 0 19 0 0 3 0 16 
0 0 0 0 0 0 16 0 0 0 0 12 0 0 0 15 0 0 0 0 18 0 0 0 0 3 0 1 0 0 9 0 0 0 0 0 0 0 1 0 10 0 0 0 3 6 19 0 16 0 0 0 0 0 0 0 11 0 0 13 0 0 0 0 0 2 0 0 0 0 
0 8 0 0 0 0 17 0 2 0 0 0 0 0 0 0 0 0 0 0 0 0 20 0 0 12 0 0 0 18 0 9 0 14 9 0 0 0 5 0 0 0 1 5 0 0 0 0 0 0 0 0 0 15 0 0 19 0 0 0 0 7 0 0 0 5 12 0 0 0 
14 0 0 0 0 0 0 0 0 0 0 0 0 0 7 0 12 0 8 0 4 0 0 8 0 0 0 17 0 19 0 0 16 0 3 2 0 16 4 0 0 0 0 0 5 0 15 0 0 0 0 0 0 11 14 7 0 0 0 0 0 12 0 0 0 0 0 3 0 0 
0 0 1 5 0 0 0 0 0 0 0 0 0 0 0 16 0 0 0 0 0 13 0 17 0 0 0 0 0 0 0 0 0 13 0 0 0 14 0 0 0 0 0 11 0 0 0 0 20 0 0 0 14 0 13 0 0 0 0 14 0 0 0 0 0 0 0 0 0 16 
0 0 0 0 0 3 0 0 0 0 0 11 0 0 0 0 0 8 0 0 0 19 0 3 14 0 0 0 0 0 9 0 0 4 0 15 0 0 0 0 7 6 9 9 0 0 13 0 0 12 16 0 0 7 0 18 0 0 0 18 10 0 1 0 0 0 0 0 0 0 
0 0 8 0 0 18 0 0 0 0 0 0 0 0 0 12 0 0 0 0 0 0 19 0 0 0 0 0 0 0 0 13 0 0 10 0 0 11 0 0 5 0 0 13 0 0 0 0 0 6 0 12 0 0 0 0 0 0 0 0 0 1 0 0 0 0 0 0 12 0 
0 0 0 0 0 0 0 0 0 0 0 0 0 19 0 0 0 0 0 0 0 6 13 0 8 0 10 0 0 0 11 0 0 8 0 0 0 0 0 0 0 0 0 15 0 0 0 0 0 0 0 0 0 0 0 6 0 3 0 0 0 0 0 0 0 0 0 0 10 9 
0 0 15 0 0 1 14 8 0 0 1 0 0 0 15 9 0 20 0 0 0 0 0 10 0 0 0 0 0 0 0 0 0 0 8 0 0 0 5 0 0 0 0 0 20 0 0 0 19 0 0 0 0 1 13 7 0 0 3 0 0 0 14 0 0 5 0 0 0 11 
0 0 0 0 0 0 0 0 0 0 0 0 0 0 14 0 0 1 12 0 0 0 2 0 0 15 0 0 5 0 0 0 0 0 0 0 0 0 0 0 0 0 0 0 0 0 0 0 0 4 0 0 5 0 0 0 0 0 11 13 0 0 0 0 0 0 0 0 0 7 
0 0 0 0 0 0 0 16 6 2 0 0 1 0 0 0 0 0 0 6 0 0 0 0 0 0 0 0 9 0 6 18 0 16 0 0 0 2 8 2 0 0 0 8 0 0 6 0 0 0 0 0 0 0 0 0 0 0 0 0 0 0 0 4 0 0 0 0 0 0 
0 0 9 0 0 0 0 0 0 15 0 0 11 8 0 0 0 0 0 0 0 0 0 17 0 0 0 0 0 0 0 0 0 0 0 0 0 0 0 0 0 0 0 0 0 0 0 0 0 0 0 0 6 0 0 4 0 16 0 0 8 0 0 0 0 0 0 0 8 1 
0 0 0 0 0 18 3 9 0 0 0 0 19 0 12 0 0 0 0 0 0 0 0 0 16 0 0 15 0 0 0 0 9 0 15 0 0 0 0 0 10 0 0 0 0 0 0 5 0 0 0 0 0 0 0 0 0 1 0 0 0 0 0 0 2 0 0 0 0 0 
0 2 0 12 0 0 0 0 0 0 0 0 0 0 0 0 0 0 0 13 0 0 0 0 10 0 0 0 0 0 0 0 0 0 0 0 0 0 0 0 0 0 0 0 15 0 0 16 0 13 0 0 5 0 8 0 0 0 0 4 0 0 0 0 15 0 0 0 0 0 
0 9 10 0 0 0 0 9 0 0 0 0 10 0 0 0 0 0 0 0 0 10 0 0 0 0 0 0 0 0 13 0 0 11 0 0 0 4 13 0 0 0 0 0 0 17 0 0 0 0 0 0 0 0 0 0 0 0 2 0 16 0 15 0 0 0 0 0 0 12 
9 1 0 0 16 0 0 0 0 0 0 0 0 0 0 0 0 0 0 0 0 0 0 0 0 0 0 0 0 0 0 1 0 0 0 0 0 0 0 0 0 0 0 0 0 0 0 0 4 0 0 0 0 9 0 0 0 0 14 0 0 18 0 0 10 0 0 0 16 0 
0 0 0 2 0 0 0 7 0 0 0 0 0 0 0 0 14 0 0 0 0 0 14 0 0 0 0 0 17 0 0 0 0 0 20 6 0 0 0 0 0 0 18 0 0 2 0 0 0 0 0 0 0 0 0 0 0 0 0 3 0 0 18 0 0 11 0 0 0 0 
0 0 0 0 7 0 0 0 1 0 11 0 0 0 5 0 0 0 0 0 0 0 0 0 0 0 17 0 0 0 0 0 0 16 0 18 0 0 4 0 0 10 0 0 0 0 0 0 0 15 0 0 0 0 0 2 0 0 0 0 0 0 0 0 0 0 0 0 6 0 
0 0 0 0 0 0 0 0 13 0 0 0 18 0 19 0 0 0 18 0 0 0 0 0 2 0 8 6 20 0 0 10 0 11 16 0 0 0 0 0 0 0 0 0 0 0 0 0 0 0 0 15 16 15 0 0 0 11 16 0 0 0 0 0 0 0 0 0 0 0 
0 11 15 7 15 0 0 0 2 0 0 0 0 0 15 0 16 0 15 0 0 0 0 0 0 0 4 15 0 0 2 4 0 0 0 0 0 0 0 0 0 0 6 0 0 0 0 0 0 0 0 0 12 3 0 6 0 0 13 0 0 0 0 0 0 0 10 0 0 3 
0 0 0 0 0 0 0 0 0 11 0 0 15 0 0 0 0 0 0 0 0 0 0 0 0 0 0 0 0 4 0 0 0 3 0 0 0 0 0 0 0 0 0 0 0 0 0 0 0 0 0 1 1 0 0 6 0 0 0 10 0 0 0 0 5 6 0 0 0 0 
15 0 0 0 0 16 0 0 0 0 0 0 0 0 0 0 0 0 0 0 4 0 17 11 0 13 0 0 0 0 0 0 0 0 0 0 15 0 0 0 0 0 0 11 15 8 0 19 0 0 4 0 0 0 0 0 12 11 16 0 0 0 0 8 0 0 0 0 17 0 
0 0 0 0 2 0 0 8 0 0 0 0 0 0 0 9 0 0 1 0 0 0 1 0 0 0 0 0 0 12 0 0 0 16 0 0 0 0 0 0 15 0 0 16 0 15 0 0 0 0 0 0 0 0 0 0 0 0 0 0 0 0 0 0 0 0 12 0 0 0 
17 4 16 0 1 0 0 0 0 0 0 0 0 0 0 0 0 0 0 0 0 0 18 0 0 0 0 0 0 0 0 0 0 0 15 0 9 0 0 0 0 0 0 10 1 0 13 0 4 0 0 0 0 14 0 0 0 0 0 0 0 0 0 16 0 0 0 0 0 0 
0 0 15 0 0 0 0 0 0 0 0 7 0 0 0 0 0 0 0 0 0 0 0 0 0 10 0 0 0 0 8 0 0 4 0 0 0 0 0 8 0 0 0 0 0 0 1 0 0 7 0 0 0 0 0 0 0 0 0 5 0 0 0 0 0 0 1 10 0 0 
0 0 0 0 0 11 0 7 1 0 0 0 0 0 0 0 0 0 0 0 10 0 0 0 0 0 0 10 0 0 0 3 0 0 0 0 0 5 9 0 16 0 0 0 0 0 15 0 0 13 8 0 0 0 0 0 0 0 0 0 0 5 0 0 16 0 0 0 0 0 
0 0 0 0 0 0 0 0 7 0 12 0 0 0 0 0 19 0 0 0 0 0 0 0 5 8 0 0 0 0 0 0 0 0 6 0 0 0 0 0 0 0 0 17 0 0 0 0 2 0 0 0 9 0 0 0 0 0 0 0 0 0 0 0 0 0 0 0 0 0 
0 14 0 17 0 0 0 0 12 0 0 0 0 0 0 0 0 0 0 0 0 0 0 0 0 0 0 0 0 6 0 0 0 0 0 10 0 15 0 0 0 0 0 0 0 0 0 0 0 0 1 5 0 0 15 0 0 0 12 0 0 17 4 0 10 0 0 0 0 0 
17 0 0 20 19 0 0 0 0 0 0 0 9 0 1 0 0 0 0 0 0 16 1 0 12 0 0 0 17 0 0 0 0 0 0 12 0 0 0 0 1 0 0 0 0 0 0 11 10 0 0 12 0 0 0 0 0 0 0 0 0 0 0 0 0 0 10 0 0 1 
0 15 0 0 0 0 0 4 11 0 14 0 0 0 0 0 0 0 0 0 0 0 0 0 0 0 0 0 0 0 0 0 0 0 0 9 12 0 5 0 0 0 0 0 0 0 0 0 11 0 0 0 0 10 14 0 0 14 0 0 0 0 0 18 0 0 9 0 0 0 
0 0 11 11 13 0 0 0 0 0 17 0 2 16 1 0 0 0 0 0 0 0 0 0 0 0 0 0 0 0 0 0 0 0 0 5 0 0 0 0 0 14 0 7 0 0 0 0 0 0 0 17 0 0 0 0 0 0 0 0 0 6 0 0 0 0 0 0 0 19 
0 0 0 0 0 3 19 4 0 0 7 0 0 0 0 0 5 0 0 0 0 0 0 0 0 0 0 0 0 0 5 0 0 12 0 0 15 0 15 0 0 0 0 0 0 0 0 0 0 11 0 10 6 0 9 8 0 0 0 19 0 12 0 0 0 0 0 0 0 0 
0 0 0 0 0 0 0 0 0 5 0 0 0 0 0 0 0 0 0 0 0 0 0 0 0 0 17 0 0 17 15 0 0 2 0 0 0 0 0 3 0 0 0 0 11 0 0 0 0 12 0 6 0 0 0 2 0 0 11 0 0 0 0 0 6 0 0 0 0 0 
0 0 12 0 14 15 0 0 0 0 0 0 0 17 0 0 0 0 0 0 0 10 0 0 0 0 3 0 0 11 1 9 0 0 0 0 0 0 6 18 0 14 19 0 0 0 2 4 2 0 0 0 0 0 0 0 0 0 6 0 0 9 0 0 0 0 0 0 0 0 
3 0 0 0 0 0 0 0 0 8 0 16 0 0 0 0 0 0 6 0 0 0 0 0 0 0 0 0 0 0 0 0 0 0 8 10 0 0 0 7 0 16 0 0 0 17 0 0 0 0 2 0 9 10 0 0 0 0 0 0 0 0 0 0 14 0 0 0 0 14 
0 0 11 1 0 0 0 2 0 0 0 13 0 0 17 0 0 0 0 13 0 0 0 0 14 0 0 0 0 0 0 16 0 0 0 0 0 0 0 0 15 6 17 0 0 0 0 0 0 0 19 17 0 0 0 0 8 0 8 0 0 0 0 0 0 0 0 0 0 0 
10 6 0 0 8 0 0 0 0 0 0 0 4 0 0 11 0 0 0 2 0 0 0 0 0 0 0 0 12 0 8 0 0 0 0 0 0 0 6 0 15 0 0 0 0 0 13 14 0 10 17 4 0 0 0 0 0 0 0 0 12 1 0 0 0 0 0 0 8 0 
0 0 1 8 0 0 0 2 19 13 0 0 0 0 0 0 0 0 0 0 0 6 0 0 0 0 11 5 0 0 0 0 0 0 0 0 0 0 8 12 0 0 0 0 0 0 0 0 0 0 7 19 0 0 0 15 13 2 17 0 0 18 0 0 0 7 0 0 10 0 
0 0 0 0 0 0 0 0 0 0 0 8 0 0 0 0 0 0 0 0 0 0 0 0 0 0 0 0 0 0 0 0 0 0 0 0 0 0 0 0 0 0 0 0 0 0 0 0 0 0 3 0 0 0 0 0 0 0 0 0 0 0 0 0 0 0 0 0 4 0 
0 0 0 0 0 0 0 15 0 0 8 1 0 0 10 0 0 1 0 0 0 0 0 0 0 0 9 19 0 0 0 0 0 0 16 0 0 10 0 5 0 0 0 18 0 0 0 1 0 13 0 6 0 15 0 0 0 0 0 0 0 0 0 0 8 15 0 20 10 0 
0 16 0 0 0 0 0 9 8 0 0 0 0 0 0 0 0 0 0 0 0 0 0 3 0 0 0 0 0 0 0 0 0 0 0 0 0 0 0 0 4 2 13 0 4 0 16 0 0 0 0 0 10 0 9 0 0 0 0 0 0 1 0 0 1 0 0 3 0 0 
0 0 2 0 0 0 0 16 0 0 0 2 0 0 0 0 11 0 11 0 0 0 0 0 0 0 0 0 0 0 14 0 0 0 0 0 0 0 0 0 0 0 0 0 0 0 0 3 2 0 0 0 18 0 0 0 0 0 15 0 10 0 4 17 0 13 0 0 0 0 
0 0 16 0 0 17 0 0 0 0 0 0 0 0 16 0 0 0 0 0 0 0 3 13 0 0 0 0 4 0 0 18 0 0 0 0 0 8 0 0 0 5 14 0 10 0 0 0 7 0 0 0 0 6 11 0 0 0 0 0 0 20 0 0 0 0 0 0 16 0 
0 0 0 0 0 18 0 0 0 0 0 0 0 0 0 0 0 0 11 8 8 0 1 0 0 0 0 0 0 0 0 0 4 0 0 0 0 0 0 6 0 0 9 11 0 0 0 2 18 0 0 0 0 0 9 0 0 0 0 0 0 0 16 8 18 0 0 0 15 0 
0 0 0 0 0 0 3 0 0 10 0 0 0 0 0 0 0 7 0 0 0 0 3 0 7 0 0 8 0 0 0 15 0 0 0 0 14 0 17 0 0 11 0 0 11 0 0 0 3 7 16 0 0 0 14 0 0 0 0 0 19 0 0 0 0 0 0 0 0 0 
0 14 0 0 0 0 1 20 0 3 2 0 9 0 11 0 0 0 0 13 0 0 0 0 0 0 3 0 0 0 6 0 0 0 0 0 0 0 0 10 0 0 0 12 8 0 0 0 0 0 0 0 0 0 0 2 0 0 0 0 15 0 0 0 0 0 0 0 0 0 
0 0 0 0 0 0 11 0 0 0 0 0 0 0 0 0 17 0 0 0 3 0 0 0 0 17 0 12 0 0 0 0 4 0 0 0 9 10 0 0 0 6 7 0 0 17 0 0 0 0 15 0 0 0 0 0 0 0 0 0 0 13 0 0 0 0 0 11 0 3 
0 13 0 0 0 0 14 0 0 19 0 0 0 0 0 0 0 0 0 0 0 16 6 16 0 11 0 0 0 18 0 0 0 0 0 11 0 0 0 0 0 0 0 0 0 0 0 0 0 0 0 0 0 0 0 0 0 0 0 3 0 0 0 0 0 0 11 12 20 0 
0 0 2 0 0 0 0 15 0 0 0 0 0 0 0 0 0 0 0 0 0 0 0 17 0 4 0 18 0 0 0 0 0 0 18 17 0 1 0 9 11 0 0 0 0 0 0 11 16 0 0 0 0 0 0 3 0 0 8 0 0 0 0 0 0 0 14 0 0 2 
0 0 0 18 15 0 6 0 14 0 0 0 6 0 0 6 0 0 0 0 0 0 9 0 0 0 0 0 0 0 0 0 0 0 20 2 0 0 0 0 0 0 0 0 0 0 0 19 0 0 0 0 0 18 14 0 0 0 0 4 0 0 0 19 0 0 0 0 14 0 
0 0 12 0 3 0 0 0 0 10 0 0 0 0 0 0 0 0 0 0 14 0 0 0 0 0 1 0 0 0 0 9 0 0 9 0 0 0 0 0 0 4 0 0 0 0 0 0 5 0 0 0 3 0 3 11 8 0 0 0 0 0 17 0 0 7 0 0 19 0 
0 0 0 0 0 0 19 0 0 0 0 0 0 0 0 0 0 0 0 0 0 0 0 0 0 0 0 0 11 0 17 0 0 0 0 0 0 0 0 0 0 0 0 0 0 0 0 0 0 0 0 0 0 0 0 0 0 0 0 0 0 13 0 0 0 0 16 0 0 0 
5 0 0 0 0 0 0 0 0 0 0 4 0 0 0 0 0 0 0 0 0 0 0 0 0 0 0 0 0 0 12 3 0 0 0 14 0 11 1 0 0 0 0 0 10 0 0 0 1 0 0 0 0 0 0 0 0 0 0 0 0 0 0 0 0 0 0 0 0 0 
3 0 16 0 0 0 0 19 0 0 2 0 16 0 0 0 0 9 0 0 0 0 0 0 0 15 7 0 0 0 0 18 0 0 0 0 0 2 0 0 0 0 0 0 0 7 0 0 0 7 0 2 0 0 0 0 0 0 0 0 0 11 0 0 3 0 0 0 15 0 
0 0 0 4 12 0 0 0 0 0 0 0 5 0 0 0 0 0 0 0 0 0 0 0 0 0 0 0 0 0 18 0 0 0 12 0 0 0 0 0 0 0 0 0 0 8 0 0 0 0 0 0 0 0 0 0 0 0 0 0 0 15 2 1 19 12 0 0 0 0 
0 0 0 19 0 0 0 0 0 0 0 7 0 0 0 0 1 0 0 0 5 0 0 8 0 0 6 15 0 0 0 0 0 0 0 0 0 0 0 0 0 0 0 0 0 14 0 0 0 0 0 0 0 1 7 0 0 0 0 0 16 0 0 0 3 0 0 0 0 0 
4 0 0 0 0 10 5 0 0 0 0 0 0 3 11 0 0 12 0 0 0 0 18 0 0 0 0 0 0 0 0 0 0 0 0 0 0 0 0 0 0 0 0 0 0 0 1 0 0 0 0 5 0 0 0 0 0 0 0 0 11 0 0 0 0 0 0 0 0 0 
5 0 0 0 10 0 0 0 0 0 10 0 0 0 0 0 0 0 12 11 0 6 0 16 0 0 0 0 0 0 6 0 0 0 0 0 0 13 11 0 0 0 0 2 0 0 0 2 2 18 0 0 0 0 0 0 0 0 17 0 0 0 0 0 0 0 0 1 0 5 
0 0 9 0 3 0 0 0 0 0 0 0 0 0 0 0 1 0 0 0 8 15 0 0 13 0 0 0 0 0 18 0 4 0 0 0 17 7 0 0 0 0 0 0 6 0 0 13 0 0 0 0 0 0 3 7 0 0 18 12 0 0 0 0 0 0 0 0 0 0 
14 0 0 0 0 0 0 19 0 15 0 0 5 10 0 0 0 0 2 18 0 0 0 17 0 15 0 18 0 0 0 0 15 0 0 0 11 0 0 0 1 0 0 0 0 0 0 0 0 0 0 0 0 0 0 0 0 0 0 0 0 0 0 0 0 0 7 0 0 0 
0 14 0 0 10 0 0 0 0 0 0 9 0 0 0 0 0 0 0 0 0 0 0 0 0 0 0 14 0 0 0 0 0 0 0 9 0 0 0 0 0 0 2 0 0 5 0 0 0 18 0 0 0 0 0 0 0 0 0 0 0 0 0 0 0 0 0 0 0 0 
0 0 18 0 0 0 0 0 0 0 0 0 0 5 0 0 6 0 0 0 0 0 0 11 0 0 0 0 17 0 0 4 0 9 0 0 0 0 0 0 0 0 0 0 0 0 0 0 0 0 0 0 18 0 13 0 0 0 0 0 0 16 15 0 0 0 0 0 0 0 
0 3 0 2 0 0 0 0 0 0 0 0 0 16 0 6 0 0 0 0 0 0 0 3 0 0 0 0 0 0 0 0 0 0 0 0 0 0 17 0 0 0 0 0 0 0 0 0 0 0 0 6 15 0 0 3 0 0 0 3 0 0 0 0 0 0 0 0 0 0 
0 0 0 0 8 0 0 9 0 0 0 0 0 0 0 0 19 0 0 1 0 0 0 0 0 0 0 3 0 0 0 0 0 0 0 0 13 0 0 0 8 0 0 0 0 10 5 0 0 0 7 4 0 0 0 0 0 0 8 0 0 18 0 0 2 0 0 8 0 0 
11 0 0 0 0 0 0 0 0 0 0 0 7 0 0 0 0 0 0 15 9 0 11 10 0 0 8 0 0 0 0 0 0 0 7 9 15 0 0 0 3 11 0 15 0 0 0 0 0 0 0 0 0 0 0 0 0 0 0 0 0 0 0 0 16 0 0 0 11 0 
0 10 0 0 0 0 0 0 0 16 0 0 0 0 0 4 0 19 0 0 0 0 8 4 0 0 0 0 17 0 0 0 4 0 0 0 0 0 0 6 0 0 3 0 0 2 14 0 19 0 0 0 0 0 0 0 0 12 0 0 0 0 0 0 0 0 0 2 0 0 
0 0 0 0 0 0 10 0 0 0 0 0 0 0 0 0 0 0 19 0 3 0 0 0 0 0 0 10 18 0 0 0 0 0 0 0 0 0 0 0 0 0 0 0 0 0 5 0 9 0 0 12 0 0 18 0 0 6 18 0 0 0 12 0 17 0 4 0 0 0 
