70

0 1 1 1 1 1 1 1 1 0 1 1 1 1 1 1 1 0 1 1 1 1 1 1 1 1 1 1 1 1 1 1 1 0 0 1 1 1 1 1 1 1 1 1 1 1 1 0 1 1 1 1 1 1 1 1 1 1 1 1 1 0 1 0 0 1 1 1 1 1 
1 0 1 0 1 1 1 1 1 1 1 0 1 1 1 1 1 1 1 1 1 1 1 1 1 1 1 1 1 1 1 0 1 1 0 1 1 1 1 1 1 1 1 0 1 1 1 1 1 1 1 1 1 1 1 1 1 1 1 1 1 1 1 1 1 1 1 1 1 1 
1 1 0 1 1 1 1 1 1 1 1 1 1 0 1 1 1 1 1 1 1 1 1 1 1 1 1 1 0 1 1 1 1 1 1 1 1 1 1 1 1 0 1 1 1 1 1 1 1 1 1 1 1 1 1 0 1 1 0 1 1 1 1 1 1 1 1 1 1 1 
1 0 1 0 1 1 1 1 1 1 1 1 1 1 0 1 0 1 1 1 1 1 1 1 1 1 0 0 1 1 1 1 1 1 1 1 1 0 1 1 1 1 1 0 1 1 1 0 1 1 1 1 1 1 1 1 1 1 1 1 1 0 1 1 0 1 1 1 1 1 
1 1 1 1 0 1 1 1 1 1 1 1 1 1 1 1 1 1 1 1 1 1 0 1 1 1 1 1 1 1 0 1 1 1 1 1 1 1 1 1 1 1 0 1 1 1 1 1 1 1 1 1 1 1 1 1 1 0 1 1 1 1 1 1 1 1 1 1 1 1 
1 1 1 1 1 0 0 1 1 0 1 1 1 1 1 1 1 1 1 0 1 1 1 1 1 1 1 1 1 1 1 1 1 0 1 1 1 1 1 0 1 1 1 1 1 1 1 1 1 1 1 0 1 0 1 1 1 1 0 1 0 1 1 1 1 1 1 1 0 1 
1 1 1 1 1 0 0 1 1 1 1 1 1 0 1 1 1 1 1 1 1 1 1 1 0 1 1 1 1 1 0 1 1 1 1 1 1 1 0 1 1 1 1 0 1 1 1 1 1 1 1 1 1 1 1 1 1 1 1 1 1 1 0 1 1 1 1 1 1 1 
1 1 1 1 1 1 1 0 1 1 1 1 1 1 1 1 1 1 1 1 1 1 1 0 1 1 0 1 1 1 1 1 1 1 1 1 1 0 1 1 1 1 0 1 1 1 1 1 1 1 1 1 1 0 1 1 1 0 1 1 1 1 1 1 1 1 0 1 1 1 
1 1 1 1 1 1 1 1 0 1 1 1 1 1 1 1 0 1 1 1 1 1 0 1 1 1 1 1 1 0 0 1 1 1 1 1 1 1 1 1 1 1 1 1 1 1 1 0 1 0 0 1 1 1 1 1 1 1 1 1 1 1 1 1 0 1 1 1 1 1 
0 1 1 1 1 0 1 1 1 0 1 0 1 0 1 1 1 1 1 1 1 1 1 1 1 1 1 1 0 1 1 1 1 1 1 1 1 1 1 1 1 1 0 1 0 0 0 1 0 1 1 1 1 1 0 1 1 1 1 1 0 0 1 1 1 1 1 1 1 1 
1 1 1 1 1 1 1 1 1 1 0 1 1 1 1 1 0 1 1 1 1 1 1 1 0 1 1 1 1 1 1 0 1 1 1 1 1 1 1 1 1 1 1 1 0 1 1 1 1 1 1 1 1 1 1 1 1 1 1 1 1 1 1 1 1 1 1 1 1 0 
1 0 1 1 1 1 1 1 1 0 1 0 1 1 1 1 1 0 1 1 1 0 1 1 1 1 1 1 1 1 1 1 1 1 1 1 1 1 1 1 1 1 1 1 1 1 1 1 0 1 1 1 1 1 1 1 1 1 1 1 1 1 1 1 1 1 1 1 1 1 
1 1 1 1 1 1 1 1 1 1 1 1 0 1 0 1 1 1 1 1 1 1 1 1 1 0 1 1 1 0 1 1 1 1 1 1 1 1 1 1 1 0 1 1 1 1 1 1 0 1 1 1 0 1 1 1 1 1 1 1 1 1 1 1 1 1 1 1 1 1 
1 1 0 1 1 1 0 1 1 0 1 1 1 0 1 1 1 1 1 1 1 1 1 1 1 1 1 1 1 1 1 1 1 1 0 1 1 1 1 1 1 1 1 1 1 1 1 0 1 0 1 1 1 1 1 1 0 1 0 1 1 1 1 1 1 1 1 1 1 1 
1 1 1 0 1 1 1 1 1 1 1 1 0 1 0 1 1 1 1 1 1 1 1 1 0 1 1 1 1 1 1 1 1 0 1 1 1 1 1 1 1 1 0 1 1 1 1 1 1 0 1 1 1 1 1 1 1 1 1 1 1 1 1 1 0 1 1 1 1 1 
1 1 1 1 1 1 1 1 1 1 1 1 1 1 1 0 1 1 1 1 1 1 1 1 1 1 1 1 1 1 1 1 1 1 1 1 1 0 1 1 1 1 1 1 1 1 1 1 1 1 1 1 1 0 1 0 1 1 1 1 1 1 1 1 0 1 1 0 1 1 
1 1 1 0 1 1 1 1 0 1 0 1 1 1 1 1 0 1 1 1 1 1 1 1 1 1 1 1 1 1 1 1 1 1 1 1 1 1 1 1 1 1 1 0 1 0 1 1 1 1 1 0 1 1 1 1 1 1 1 1 1 1 1 1 1 1 1 1 1 1 
0 1 1 1 1 1 1 1 1 1 1 0 1 1 1 1 1 0 1 1 1 1 1 1 1 1 1 1 0 1 1 1 1 1 1 1 1 0 1 0 1 1 1 1 0 1 1 1 1 1 1 1 1 1 1 1 1 1 1 1 1 1 1 1 1 1 1 1 1 1 
1 1 1 1 1 1 1 1 1 1 1 1 1 1 1 1 1 1 0 1 1 1 0 1 1 1 1 1 1 1 1 0 1 1 1 1 1 0 1 1 1 1 1 1 1 1 1 1 1 1 1 1 1 1 1 1 1 1 1 1 1 1 0 1 1 1 1 1 1 1 
1 1 1 1 1 0 1 1 1 1 1 1 1 1 1 1 1 1 1 0 1 1 0 1 1 1 1 1 1 1 1 1 1 1 1 1 1 1 0 1 0 1 1 1 1 1 1 1 1 1 1 1 1 1 0 1 1 1 1 1 1 1 1 1 0 1 1 0 1 1 
1 1 1 1 1 1 1 1 1 1 1 1 1 1 1 1 1 1 1 1 0 1 1 1 1 1 0 1 1 1 1 1 1 1 1 1 1 1 1 1 1 1 1 1 1 1 1 1 1 1 1 1 1 1 1 1 1 1 0 1 1 1 1 1 1 1 1 1 1 1 
1 1 1 1 1 1 1 1 1 1 1 0 1 1 1 1 1 1 1 1 1 0 1 1 1 1 0 1 1 1 0 0 1 1 1 1 1 1 1 1 0 1 1 1 1 1 1 1 1 1 1 1 1 1 1 1 1 1 1 1 1 1 1 0 1 1 1 1 0 1 
1 1 1 1 0 1 1 1 0 1 1 1 1 1 1 1 1 1 0 0 1 1 0 1 1 1 1 1 1 0 1 1 1 1 0 1 1 1 1 0 1 1 1 1 1 1 1 0 1 1 1 1 1 1 1 1 1 1 0 1 0 1 1 1 1 1 1 1 1 0 
1 1 1 1 1 1 1 0 1 1 1 1 1 1 1 1 1 1 1 1 1 1 1 0 0 1 1 1 1 1 1 1 1 1 1 1 1 1 1 1 1 1 1 0 0 1 1 1 0 1 1 1 1 0 1 1 1 1 1 1 1 1 1 1 1 1 1 1 0 0 
1 1 1 1 1 1 0 1 1 1 0 1 1 1 0 1 1 1 1 1 1 1 1 0 0 1 1 1 1 0 1 1 1 1 1 1 1 1 1 1 0 1 1 1 1 1 1 1 1 1 1 1 1 1 1 1 1 1 1 1 1 1 1 1 1 1 1 1 1 1 
1 1 1 1 1 1 1 1 1 1 1 1 0 1 1 1 1 1 1 1 1 1 1 1 1 0 1 1 1 1 1 1 1 1 1 1 1 1 1 1 1 1 1 1 1 1 0 1 1 1 1 1 1 1 1 1 1 1 1 1 1 1 1 0 1 1 1 1 1 1 
1 1 1 0 1 1 1 0 1 1 1 1 1 1 1 1 1 1 1 1 0 0 1 1 1 1 0 1 1 1 1 0 1 1 1 1 1 0 1 1 1 1 1 1 1 1 1 1 1 1 1 1 1 1 1 1 1 1 1 1 1 1 1 1 1 1 1 1 0 1 
1 1 1 0 1 1 1 1 1 1 1 1 1 1 1 1 1 1 1 1 1 1 1 1 1 1 1 0 1 1 1 1 1 1 1 1 1 1 1 1 1 1 1 1 1 1 1 1 0 1 1 0 1 1 1 1 1 1 1 1 1 1 1 1 1 1 1 1 1 1 
1 1 0 1 1 1 1 1 1 0 1 1 1 1 1 1 1 0 1 1 1 1 1 1 1 1 1 1 0 1 1 1 1 1 1 1 1 1 1 1 1 1 1 1 0 1 1 1 1 1 1 1 1 1 1 1 1 1 1 1 0 1 1 1 1 1 1 1 1 1 
1 1 1 1 1 1 1 1 0 1 1 1 0 1 1 1 1 1 1 1 1 1 0 1 0 1 1 1 1 0 1 1 1 1 1 1 1 1 0 0 1 1 1 1 1 1 1 0 1 1 1 1 1 1 1 1 1 1 1 1 1 1 1 1 1 1 1 1 1 0 
1 1 1 1 0 1 0 1 0 1 1 1 1 1 1 1 1 1 1 1 1 0 1 1 1 1 1 1 1 1 0 0 1 1 1 1 1 1 1 1 1 1 1 1 1 1 1 1 1 1 1 0 1 1 1 1 1 1 1 1 1 1 1 1 1 1 1 1 1 1 
1 0 1 1 1 1 1 1 1 1 0 1 1 1 1 1 1 1 0 1 1 0 1 1 1 1 0 1 1 1 0 0 1 1 1 1 1 1 1 1 1 1 1 1 0 1 1 1 1 1 1 1 1 1 1 1 1 1 1 1 0 1 0 1 1 1 1 1 1 1 
1 1 1 1 1 1 1 1 1 1 1 1 1 1 1 1 1 1 1 1 1 1 1 1 1 1 1 1 1 1 1 1 0 1 1 1 1 1 1 1 1 1 1 1 1 1 1 1 1 1 1 1 1 1 1 1 1 1 0 1 1 1 1 1 1 1 1 1 1 1 
0 1 1 1 1 0 1 1 1 1 1 1 1 1 0 1 1 1 1 1 1 1 1 1 1 1 1 1 1 1 1 1 1 0 1 1 1 1 1 1 0 1 1 1 1 1 1 1 1 1 0 1 1 1 1 0 1 1 1 1 1 0 1 1 1 1 1 1 1 1 
0 0 1 1 1 1 1 1 1 1 1 1 1 0 1 1 1 1 1 1 1 1 0 1 1 1 1 1 1 1 1 1 1 1 0 1 1 1 1 1 0 1 1 1 1 1 1 1 1 1 1 1 1 1 1 1 1 1 1 1 0 1 1 1 1 1 1 1 1 0 
1 1 1 1 1 1 1 1 1 1 1 1 1 1 1 1 1 1 1 1 1 1 1 1 1 1 1 1 1 1 1 1 1 1 1 0 1 1 1 0 1 1 1 1 1 0 1 1 1 1 1 0 1 1 1 1 1 1 1 1 1 1 1 1 1 1 1 0 1 1 
1 1 1 1 1 1 1 1 1 1 1 1 1 1 1 1 1 1 1 1 1 1 1 1 1 1 1 1 1 1 1 1 1 1 1 1 0 1 1 1 1 1 1 0 1 1 1 1 1 1 1 1 1 1 1 1 0 0 1 1 1 1 1 0 1 1 1 1 1 1 
1 1 1 0 1 1 1 0 1 1 1 1 1 1 1 0 1 0 0 1 1 1 1 1 1 1 0 1 1 1 1 1 1 1 1 1 1 0 1 1 1 1 1 1 1 0 1 1 1 1 1 1 1 1 1 1 1 1 1 1 1 1 1 1 1 1 1 1 1 1 
1 1 1 1 1 1 0 1 1 1 1 1 1 1 1 1 1 1 1 0 1 1 1 1 1 1 1 1 1 0 1 1 1 1 1 1 1 1 0 1 1 0 1 1 1 1 1 1 1 1 1 1 0 1 1 0 1 1 1 1 1 1 1 1 1 1 1 1 1 1 
1 1 1 1 1 0 1 1 1 1 1 1 1 1 1 1 1 0 1 1 1 1 0 1 1 1 1 1 1 0 1 1 1 1 1 0 1 1 1 0 1 1 0 1 1 1 1 1 0 1 1 1 1 0 0 1 1 1 1 1 1 1 1 1 1 1 1 1 1 1 
1 1 1 1 1 1 1 1 1 1 1 1 1 1 1 1 1 1 1 0 1 0 1 1 0 1 1 1 1 1 1 1 1 0 0 1 1 1 1 1 0 1 1 1 0 1 1 1 1 1 1 1 1 1 1 1 1 1 1 1 1 0 1 1 1 1 1 1 1 1 
1 1 0 1 1 1 1 1 1 1 1 1 0 1 1 1 1 1 1 1 1 1 1 1 1 1 1 1 1 1 1 1 1 1 1 1 1 1 0 1 1 0 1 1 1 1 1 1 1 1 1 1 1 1 1 1 1 1 1 1 1 1 1 1 1 1 1 1 1 1 
1 1 1 1 0 1 1 0 1 0 1 1 1 1 0 1 1 1 1 1 1 1 1 1 1 1 1 1 1 1 1 1 1 1 1 1 1 1 1 0 1 1 0 1 0 1 1 0 0 1 1 1 1 1 1 1 1 1 1 1 1 1 1 1 0 1 1 1 0 0 
1 0 1 0 1 1 0 1 1 1 1 1 1 1 1 1 0 1 1 1 1 1 1 0 1 1 1 1 1 1 1 1 1 1 1 1 0 1 1 1 1 1 1 0 1 0 1 1 1 1 1 1 1 1 1 1 1 1 1 1 1 1 1 1 1 1 1 1 1 1 
1 1 1 1 1 1 1 1 1 0 0 1 1 1 1 1 1 0 1 1 1 1 1 0 1 1 1 1 0 1 1 0 1 1 1 1 1 1 1 1 0 1 0 1 0 0 1 1 1 1 1 1 1 1 1 1 1 1 1 1 1 1 1 1 1 1 1 1 1 1 
1 1 1 1 1 1 1 1 1 0 1 1 1 1 1 1 0 1 1 1 1 1 1 1 1 1 1 1 1 1 1 1 1 1 1 0 1 0 1 1 1 1 1 0 0 0 1 1 1 0 1 1 1 1 1 1 0 1 1 1 1 1 1 1 1 1 1 1 1 1 
1 1 1 1 1 1 1 1 1 0 1 1 1 1 1 1 1 1 1 1 1 1 1 1 1 0 1 1 1 1 1 1 1 1 1 1 1 1 1 1 1 1 1 1 1 1 0 1 1 1 1 1 0 1 1 1 1 0 1 1 1 1 1 1 1 1 1 1 1 1 
0 1 1 0 1 1 1 1 0 1 1 1 1 0 1 1 1 1 1 1 1 1 0 1 1 1 1 1 1 0 1 1 1 1 1 1 1 1 1 1 1 1 0 1 1 1 1 0 1 0 1 1 1 1 1 1 1 1 1 1 1 1 1 0 1 0 1 1 1 1 
1 1 1 1 1 1 1 1 1 0 1 0 0 1 1 1 1 1 1 1 1 1 1 0 1 1 1 0 1 1 1 1 1 1 1 1 1 1 1 0 1 1 0 1 1 1 1 1 0 1 1 1 1 1 1 1 1 1 1 1 1 1 1 0 1 1 1 1 1 1 
1 1 1 1 1 1 1 1 0 1 1 1 1 0 0 1 1 1 1 1 1 1 1 1 1 1 1 1 1 1 1 1 1 1 1 1 1 1 1 1 1 1 1 1 1 0 1 0 1 0 1 1 1 1 1 0 1 1 1 1 1 1 1 1 0 1 1 0 1 1 
1 1 1 1 1 1 1 1 0 1 1 1 1 1 1 1 1 1 1 1 1 1 1 1 1 1 1 1 1 1 1 1 1 0 1 1 1 1 1 1 1 1 1 1 1 1 1 1 1 1 0 1 1 1 1 1 1 1 1 1 1 1 1 1 1 1 1 1 1 1 
1 1 1 1 1 0 1 1 1 1 1 1 1 1 1 1 0 1 1 1 1 1 1 1 1 1 1 0 1 1 0 1 1 1 1 0 1 1 1 1 1 1 1 1 1 1 1 1 1 1 1 0 1 1 1 1 1 1 1 1 1 1 1 1 0 1 1 0 1 1 
1 1 1 1 1 1 1 1 1 1 1 1 0 1 1 1 1 1 1 1 1 1 1 1 1 1 1 1 1 1 1 1 1 1 1 1 1 1 0 1 1 1 1 1 1 1 0 1 1 1 1 1 0 1 1 1 1 1 1 1 1 1 1 1 1 1 1 1 1 1 
1 1 1 1 1 0 1 0 1 1 1 1 1 1 1 0 1 1 1 1 1 1 1 0 1 1 1 1 1 1 1 1 1 1 1 1 1 1 1 0 1 1 1 1 1 1 1 1 1 1 1 1 1 0 1 0 1 1 1 1 1 1 1 1 1 0 0 1 1 1 
1 1 1 1 1 1 1 1 1 0 1 1 1 1 1 1 1 1 1 0 1 1 1 1 1 1 1 1 1 1 1 1 1 1 1 1 1 1 1 0 1 1 1 1 1 1 1 1 1 1 1 1 1 1 0 1 1 1 1 1 1 1 1 1 0 1 1 0 1 1 
1 1 0 1 1 1 1 1 1 1 1 1 1 1 1 0 1 1 1 1 1 1 1 1 1 1 1 1 1 1 1 1 1 0 1 1 1 1 0 1 1 1 1 1 1 1 1 1 1 0 1 1 1 0 1 0 1 1 1 1 0 1 1 1 1 1 1 1 1 1 
1 1 1 1 1 1 1 1 1 1 1 1 1 0 1 1 1 1 1 1 1 1 1 1 1 1 1 1 1 1 1 1 1 1 1 1 0 1 1 1 1 1 1 1 1 0 1 1 1 1 1 1 1 1 1 1 0 1 1 1 1 1 1 1 1 0 1 0 1 1 
1 1 1 1 0 1 1 0 1 1 1 1 1 1 1 1 1 1 1 1 1 1 1 1 1 1 1 1 1 1 1 1 1 1 1 1 0 1 1 1 1 1 1 1 1 1 0 1 1 1 1 1 1 1 1 1 1 0 0 1 1 1 1 0 1 1 1 1 1 1 
1 1 0 1 1 0 1 1 1 1 1 1 1 0 1 1 1 1 1 1 0 1 0 1 1 1 1 1 1 1 1 1 0 1 1 1 1 1 1 1 1 1 1 1 1 1 1 1 1 1 1 1 1 1 1 1 1 0 0 1 1 1 1 1 1 1 1 1 1 1 
1 1 1 1 1 1 1 1 1 1 1 1 1 1 1 1 1 1 1 1 1 1 1 1 1 1 1 1 1 1 1 1 1 1 1 1 1 1 1 1 1 1 1 1 1 1 1 1 1 1 1 1 1 1 1 1 1 1 1 0 1 1 1 1 1 1 1 0 1 1 
1 1 1 1 1 0 1 1 1 0 1 1 1 1 1 1 1 1 1 1 1 1 0 1 1 1 1 1 0 1 1 0 1 1 0 1 1 1 1 1 1 1 1 1 1 1 1 1 1 1 1 1 1 1 1 0 1 1 1 1 0 1 1 0 1 1 1 1 1 1 
0 1 1 0 1 1 1 1 1 0 1 1 1 1 1 1 1 1 1 1 1 1 1 1 1 1 1 1 1 1 1 1 1 0 1 1 1 1 1 1 0 1 1 1 1 1 1 1 1 1 1 1 1 1 1 1 1 1 1 1 1 0 1 1 1 1 1 1 1 0 
1 1 1 1 1 1 0 1 1 1 1 1 1 1 1 1 1 1 0 1 1 1 1 1 1 1 1 1 1 1 1 0 1 1 1 1 1 1 1 1 1 1 1 1 1 1 1 1 1 1 1 1 1 1 1 1 1 1 1 1 1 1 0 1 1 1 1 1 1 1 
0 1 1 1 1 1 1 1 1 1 1 1 1 1 1 1 1 1 1 1 1 0 1 1 1 0 1 1 1 1 1 1 1 1 1 1 0 1 1 1 1 1 1 1 1 1 1 0 0 1 1 1 1 1 1 1 1 0 1 1 0 1 1 0 1 1 1 1 1 1 
0 1 1 0 1 1 1 1 0 1 1 1 1 1 0 0 1 1 1 0 1 1 1 1 1 1 1 1 1 1 1 1 1 1 1 1 1 1 1 1 1 1 0 1 1 1 1 1 1 0 1 0 1 1 0 1 1 1 1 1 1 1 1 1 0 1 1 1 1 1 
1 1 1 1 1 1 1 1 1 1 1 1 1 1 1 1 1 1 1 1 1 1 1 1 1 1 1 1 1 1 1 1 1 1 1 1 1 1 1 1 1 1 1 1 1 1 1 0 1 1 1 1 1 0 1 1 0 1 1 1 1 1 1 1 1 0 1 1 1 1 
1 1 1 1 1 1 1 0 1 1 1 1 1 1 1 1 1 1 1 1 1 1 1 1 1 1 1 1 1 1 1 1 1 1 1 1 1 1 1 1 1 1 1 1 1 1 1 1 1 1 1 1 1 0 1 1 1 1 1 1 1 1 1 1 1 1 0 1 1 1 
1 1 1 1 1 1 1 1 1 1 1 1 1 1 1 0 1 1 1 0 1 1 1 1 1 1 1 1 1 1 1 1 1 1 1 0 1 1 1 1 1 1 1 1 1 1 1 1 1 0 1 0 1 1 0 1 0 1 1 0 1 1 1 1 1 1 1 0 1 1 
1 1 1 1 1 0 1 1 1 1 1 1 1 1 1 1 1 1 1 1 1 0 1 0 1 1 0 1 1 1 1 1 1 1 1 1 1 1 1 1 1 1 0 1 1 1 1 1 1 1 1 1 1 1 1 1 1 1 1 1 1 1 1 1 1 1 1 1 0 1 
1 1 1 1 1 1 1 1 1 1 0 1 1 1 1 1 1 1 1 1 1 1 0 0 1 1 1 1 1 0 1 1 1 1 0 1 1 1 1 1 1 1 0 1 1 1 1 1 1 1 1 1 1 1 1 1 1 1 1 1 1 0 1 1 1 1 1 1 1 0 

0 26 0 0 0 0 0 0 0 0 6 0 0 0 0 0 0 19 5 21 0 0 0 0 0 0 0 0 0 4 0 5 0 0 0 6 0 0 0 0 0 0 10 0 0 0 0 0 0 0 0 8 8 0 0 0 0 0 0 0 0 0 20 0 0 0 0 0 0 0 
0 0 0 23 0 0 0 0 0 21 0 0 0 0 0 0 0 0 0 0 0 0 6 0 0 0 0 0 0 1 0 25 0 0 0 0 0 0 0 0 0 0 0 0 0 0 13 0 0 0 0 0 0 0 0 0 14 25 0 14 0 0 0 0 0 0 0 0 0 0 
0 0 0 0 3 10 0 0 10 1 0 0 0 0 0 0 0 10 0 0 0 0 0 0 0 0 14 0 0 0 0 0 0 0 19 0 26 0 0 26 0 0 21 0 0 0 0 0 0 16 0 0 0 0 0 0 0 0 0 0 29 0 0 15 0 0 0 0 0 0 
0 0 0 0 0 0 0 0 1 10 0 0 13 5 0 19 0 2 0 0 0 0 0 0 0 0 0 0 12 0 0 0 0 19 0 0 0 17 0 0 0 0 0 17 0 0 0 0 0 0 0 6 0 0 5 11 0 0 0 0 0 0 0 0 0 0 14 0 0 1 
25 0 0 0 0 21 27 0 0 0 0 0 28 20 0 0 0 0 0 0 23 0 0 0 0 10 0 0 0 9 21 0 0 0 16 0 0 0 0 0 6 0 3 15 0 0 0 0 0 0 0 14 0 0 0 0 0 0 0 0 0 0 0 7 0 0 0 0 0 0 
0 0 0 0 0 0 0 0 0 0 0 0 0 0 0 0 0 21 0 0 0 0 4 0 15 0 0 0 0 0 1 0 0 0 0 0 0 0 0 0 15 0 0 0 0 18 0 13 0 0 0 0 0 0 0 0 0 0 0 3 0 0 20 0 0 0 0 0 0 0 
0 0 0 0 0 0 0 0 21 0 0 23 0 0 0 0 0 26 30 0 0 7 4 0 27 0 0 0 16 19 0 0 0 0 0 0 0 28 0 0 11 0 0 19 0 0 0 24 22 0 0 0 0 0 0 0 0 0 0 0 0 3 0 0 0 29 0 0 0 0 
3 0 3 0 11 0 0 0 0 0 0 0 5 6 0 0 13 27 0 0 0 0 15 8 0 0 0 0 0 0 11 0 0 0 0 0 0 0 21 0 0 0 0 0 0 0 0 2 0 0 0 0 0 6 0 0 0 0 0 0 0 0 0 0 22 0 0 8 0 0 
0 0 0 0 0 0 0 0 0 0 0 26 0 0 0 0 28 0 0 0 0 0 0 0 0 0 28 0 0 0 0 0 0 0 0 0 0 0 0 0 0 0 0 22 0 0 0 0 0 0 0 0 0 0 0 24 2 9 0 0 0 0 0 0 0 17 0 11 0 0 
0 0 0 0 0 0 0 0 0 0 0 0 0 0 0 0 0 8 0 0 15 0 0 0 0 13 0 0 0 0 0 18 26 0 0 14 5 3 7 0 11 0 28 14 0 0 0 0 0 0 10 0 0 0 0 0 0 0 0 0 0 28 0 0 0 0 14 15 0 25 
0 0 12 0 0 0 0 0 0 0 0 0 0 12 0 0 0 0 0 4 14 0 0 0 0 18 0 0 0 30 25 0 0 0 0 0 0 0 0 0 9 0 0 0 0 0 0 0 0 0 0 0 0 15 0 28 0 14 0 20 0 0 0 0 0 0 20 0 0 0 
0 0 0 0 14 0 0 0 0 0 0 0 0 0 0 0 0 0 0 0 0 0 28 19 0 0 0 0 0 0 0 0 0 0 0 0 0 0 0 0 0 0 0 0 0 2 0 0 21 27 0 0 0 0 0 0 2 0 0 0 0 0 0 0 13 0 0 8 0 0 
0 6 0 0 0 0 0 8 0 0 0 0 0 0 0 0 0 0 0 0 0 6 20 0 0 0 0 0 4 0 0 0 0 9 0 0 0 0 10 0 0 0 0 0 29 0 0 0 0 0 0 0 0 0 0 6 0 0 0 0 0 0 0 0 0 24 0 17 0 1 
0 0 0 0 25 8 0 0 0 0 0 2 23 0 0 0 23 0 0 0 0 23 0 0 0 15 27 0 0 27 0 0 12 23 0 0 23 0 1 0 0 0 0 11 0 0 15 0 18 0 0 0 14 29 0 0 0 0 0 0 0 0 0 20 0 0 6 9 0 0 
0 0 14 0 17 26 0 0 24 0 27 0 0 0 0 0 0 0 11 0 0 0 0 0 18 0 0 13 0 0 0 27 0 0 0 0 0 0 2 0 0 0 0 0 15 0 0 11 0 0 0 24 19 20 0 20 14 0 0 0 0 0 0 0 0 0 0 0 0 0 
0 0 0 0 0 14 0 0 0 0 0 0 0 0 0 0 0 0 24 4 0 0 0 0 0 0 0 0 0 0 0 0 0 0 8 25 0 0 0 8 0 0 0 0 6 0 19 0 0 0 24 0 0 0 0 0 0 0 0 0 0 26 0 0 0 0 0 0 0 0 
0 0 0 0 0 0 0 0 0 0 1 0 0 0 0 0 0 0 0 0 0 0 0 6 17 0 0 14 16 0 0 0 0 0 0 0 0 0 0 0 0 20 28 0 0 24 0 0 0 11 0 12 0 20 0 0 0 0 0 0 13 14 0 0 0 0 1 0 17 0 
19 0 0 20 0 0 0 0 0 0 0 2 25 0 0 0 13 0 9 0 0 0 2 0 0 10 0 0 0 0 18 0 0 0 13 7 0 0 0 0 0 0 0 0 0 0 0 0 0 0 0 0 0 0 0 0 2 0 0 0 2 0 0 22 27 12 0 0 0 0 
3 0 5 0 0 0 0 0 0 0 0 0 8 0 10 0 0 0 0 18 0 4 19 0 0 0 4 21 0 0 0 0 0 0 0 0 22 0 0 26 10 0 0 0 0 0 0 0 0 3 0 0 0 13 0 0 0 0 0 0 0 0 7 0 0 0 27 0 0 29 
20 0 0 13 0 3 9 0 0 0 0 0 0 0 0 16 0 0 0 0 0 0 6 0 0 0 0 0 2 0 0 0 4 0 0 0 0 14 0 0 0 0 0 0 7 0 19 1 0 0 0 0 0 0 24 0 0 0 0 0 0 21 0 7 0 0 0 0 0 0 
0 0 0 27 0 0 0 1 0 0 0 0 0 21 0 28 3 0 14 14 0 0 0 0 0 0 0 0 0 13 0 0 18 22 0 0 0 0 0 2 0 0 0 0 17 0 0 0 0 0 0 0 0 23 0 0 2 0 0 0 0 0 0 0 16 0 0 0 0 0 
0 0 0 29 0 0 0 0 15 0 0 25 0 0 0 0 0 0 0 0 0 0 0 0 17 0 0 2 0 0 0 4 0 5 27 0 0 4 0 0 0 29 12 9 0 0 0 0 0 0 0 0 0 0 0 0 0 0 0 0 0 13 0 2 0 0 0 0 0 0 
0 0 0 0 0 0 0 10 0 0 0 0 0 0 0 7 2 0 0 0 10 0 0 0 0 0 0 0 0 9 0 0 0 0 0 0 0 0 8 0 0 0 0 11 24 0 0 0 12 11 0 0 0 0 5 0 0 0 0 0 0 0 0 0 0 0 0 0 0 0 
0 0 2 28 0 0 0 0 22 0 0 0 0 0 0 16 23 0 0 0 0 0 0 0 0 0 0 0 0 29 14 0 7 0 20 0 0 0 0 0 0 0 0 15 0 0 0 24 0 0 0 0 0 0 0 23 23 0 0 0 0 0 0 0 0 0 0 15 0 0 
0 0 0 0 0 10 0 0 0 0 0 24 0 0 0 0 0 0 0 0 0 0 0 0 0 0 0 0 0 16 0 20 0 0 0 0 0 9 6 0 0 0 0 21 0 6 0 16 0 25 0 0 0 18 26 0 28 0 23 26 0 0 0 4 0 0 0 22 0 0 
16 0 19 0 0 0 0 0 0 0 0 0 0 0 0 0 0 0 0 0 0 6 25 0 0 0 0 0 0 0 0 0 14 0 0 0 0 0 0 8 0 0 0 0 0 0 25 0 0 0 23 0 0 0 0 3 6 14 0 0 0 20 0 0 0 0 0 0 0 0 
0 0 0 0 0 0 0 0 3 0 0 12 14 5 0 0 0 12 0 0 0 0 0 0 0 0 0 26 0 0 0 0 0 0 0 0 0 0 0 0 12 0 0 0 25 0 0 0 0 14 0 0 19 0 0 0 0 0 0 25 0 0 0 0 0 27 0 0 0 0 
0 0 0 0 0 0 5 0 0 0 0 0 0 0 8 0 0 1 0 0 0 0 0 0 0 0 0 0 0 0 22 19 0 0 0 22 0 29 5 0 15 0 0 0 0 28 0 0 17 0 0 0 0 0 19 0 0 0 4 0 0 0 0 0 0 0 24 22 6 0 
14 0 0 0 0 0 0 0 12 0 0 0 0 0 0 0 0 6 0 0 8 0 0 11 0 0 0 0 0 0 0 19 0 0 0 0 0 0 0 0 0 0 0 0 0 0 0 0 2 14 0 0 23 0 25 0 0 0 0 0 16 0 0 0 0 0 0 0 0 0 
0 15 0 0 0 0 9 0 0 0 0 0 18 0 10 0 0 0 14 1 2 27 0 0 0 24 27 0 0 0 0 0 0 17 0 0 0 0 0 0 0 0 0 0 0 0 0 0 0 0 0 0 0 0 0 29 0 0 0 0 0 0 0 0 0 5 0 0 0 0 
0 26 0 0 0 0 0 0 15 0 0 0 28 0 0 0 0 0 0 0 0 8 0 0 8 0 0 18 0 0 0 0 25 0 0 0 0 0 0 0 0 0 0 0 20 0 0 8 0 0 0 0 0 5 0 0 0 0 0 13 0 0 0 0 0 0 0 11 0 0 
0 0 0 0 0 0 0 0 0 0 0 0 0 23 0 0 0 0 0 0 0 0 0 0 0 0 0 26 0 0 7 0 6 0 0 0 0 0 0 0 0 0 0 2 21 0 0 18 0 0 14 0 0 0 0 0 0 0 0 0 0 0 0 0 23 19 25 10 0 0 
0 0 1 0 0 0 0 10 0 0 0 0 0 0 0 0 16 27 4 0 21 0 0 0 0 25 0 0 0 0 0 25 0 0 0 7 0 0 0 12 29 0 0 7 0 8 0 0 0 0 0 0 0 0 6 0 27 0 0 0 3 0 0 0 0 0 0 0 8 11 
0 0 0 0 0 0 0 7 0 20 0 0 0 0 21 0 0 0 0 0 4 8 0 23 0 19 0 27 17 0 24 13 0 0 4 28 0 0 30 0 0 17 0 0 9 0 0 10 0 17 20 25 0 0 18 0 0 14 0 0 0 0 0 10 0 4 0 30 9 0 
10 24 0 0 20 0 0 0 0 0 0 0 0 0 0 0 0 0 0 25 7 0 0 0 0 0 0 0 0 0 0 0 0 0 0 0 8 0 0 0 0 0 0 0 0 0 0 19 0 0 0 0 6 0 23 0 14 28 0 0 0 0 0 0 0 0 0 0 0 0 
0 0 0 0 0 0 0 0 0 0 0 0 0 0 1 12 0 0 0 0 0 0 11 11 0 0 0 8 0 0 0 0 0 0 0 0 19 0 0 0 0 0 0 0 0 0 0 0 0 0 0 25 0 0 0 9 0 0 0 0 0 0 0 0 0 0 0 0 10 0 
0 0 0 0 26 0 0 29 0 0 0 0 0 0 6 0 21 0 0 0 0 0 6 0 0 0 0 0 0 0 0 11 0 0 0 0 0 0 0 0 0 0 0 0 0 0 0 0 0 0 9 0 0 0 21 23 0 0 0 0 0 0 0 0 0 0 0 23 0 0 
15 4 0 0 15 22 0 24 6 22 0 0 25 0 7 24 30 0 0 0 0 0 0 0 0 0 0 0 0 19 0 0 0 21 0 0 0 0 0 0 13 0 15 12 11 6 0 0 0 0 0 0 24 0 0 0 0 0 0 0 0 0 0 0 0 0 0 0 0 0 
0 0 0 25 0 0 0 0 0 0 13 0 0 0 0 23 0 22 0 0 17 0 0 0 0 0 0 0 0 2 0 0 0 0 0 0 0 0 0 0 0 0 0 11 0 30 0 0 0 0 0 1 0 0 0 0 0 0 0 0 0 20 13 0 0 0 0 0 0 0 
0 0 0 0 13 0 0 0 0 20 0 0 0 0 0 0 0 0 0 8 0 0 0 30 0 0 0 0 0 0 0 0 0 9 0 0 0 0 0 0 0 17 3 0 0 0 0 0 0 0 11 0 0 0 28 21 0 22 0 2 0 0 0 0 0 0 29 0 0 0 
0 0 0 0 0 0 0 1 0 6 15 0 0 0 0 0 0 0 0 28 1 0 0 0 0 0 11 0 0 0 0 0 20 0 0 8 0 0 0 0 0 0 0 0 6 0 0 0 0 0 0 0 0 0 0 0 0 0 0 0 9 0 0 0 0 0 0 0 0 0 
14 0 0 0 0 21 0 0 0 18 0 0 0 29 0 0 0 0 0 0 0 0 0 0 0 16 0 0 4 0 0 0 0 0 0 0 14 0 0 0 0 0 0 0 0 0 0 0 26 0 0 17 0 0 0 23 15 4 0 0 0 0 0 0 0 0 0 0 0 18 
0 0 0 9 0 29 0 0 0 17 0 0 0 0 0 0 0 0 0 0 0 0 8 0 0 0 0 9 0 27 0 0 0 0 0 0 0 0 0 0 0 0 0 0 0 0 0 0 0 0 0 0 0 0 0 0 0 0 0 0 19 0 0 0 15 0 0 0 0 0 
0 0 0 0 0 0 0 0 0 0 0 0 0 0 0 0 0 0 0 0 25 0 0 10 0 0 0 0 0 0 0 0 0 6 0 0 16 0 0 0 27 0 0 0 0 17 0 10 0 0 0 0 20 0 0 0 0 5 0 0 0 0 0 0 0 0 0 0 0 0 
19 0 0 0 0 0 0 25 0 0 0 27 3 0 2 0 6 0 10 0 0 13 11 0 17 0 24 0 4 28 0 0 0 0 0 0 0 0 0 16 0 8 0 9 0 21 0 27 0 0 0 0 0 0 0 0 0 0 9 0 0 0 17 27 0 25 0 0 0 0 
0 10 24 0 0 0 0 15 0 0 0 0 0 0 0 0 0 0 0 19 8 0 0 0 0 0 5 18 0 1 0 0 0 0 19 0 24 23 0 20 0 0 29 8 0 0 1 0 0 0 3 0 0 0 0 0 0 0 0 1 0 0 15 0 0 0 19 15 0 0 
0 0 0 0 2 0 0 29 0 17 18 0 0 0 0 13 0 0 0 0 0 0 0 0 27 0 0 0 11 2 0 0 0 0 0 0 0 0 0 0 0 8 19 0 0 0 0 0 9 5 22 0 0 0 0 0 15 0 0 0 0 0 0 0 0 0 0 0 0 0 
0 6 21 18 0 0 0 3 0 0 30 0 0 0 0 0 0 14 0 0 0 8 28 0 0 0 0 0 0 0 0 0 0 0 0 0 0 0 0 0 0 0 0 0 0 0 0 0 0 0 0 18 0 28 0 0 0 0 0 0 0 0 0 1 18 0 0 0 0 0 
9 10 0 19 0 0 0 0 0 0 0 0 0 26 0 29 0 0 9 0 0 0 0 19 5 0 0 22 20 0 0 0 0 0 28 0 0 0 0 25 27 0 0 21 0 6 24 0 0 15 0 0 0 7 0 0 0 0 0 0 0 0 0 0 0 0 0 0 0 0 
0 0 0 0 7 0 0 0 0 0 0 0 0 10 0 0 0 0 0 0 28 0 0 0 0 0 0 0 0 0 28 0 1 0 0 0 0 0 0 0 17 0 2 0 0 0 0 0 0 0 0 15 23 0 0 18 0 0 0 0 24 0 0 0 0 0 0 0 0 0 
0 20 0 0 0 11 0 0 4 0 0 25 0 17 0 8 16 12 0 0 0 0 26 0 0 0 7 0 0 0 0 0 14 20 0 0 0 24 0 0 0 0 11 0 16 30 30 0 0 0 0 6 7 0 0 0 0 0 0 0 0 0 0 0 0 0 0 2 0 0 
25 0 0 0 0 0 0 5 0 0 0 0 0 0 0 0 0 12 28 0 0 0 0 0 0 0 0 0 0 0 0 17 0 0 0 0 0 0 0 12 0 0 0 0 0 0 0 22 0 0 4 0 0 25 0 0 0 13 0 0 0 0 0 15 0 0 0 9 0 0 
0 0 0 0 0 21 0 8 16 25 0 0 0 0 0 11 0 19 0 15 0 0 0 0 0 31 0 0 0 0 0 0 0 0 0 0 4 0 0 0 0 0 0 14 0 0 0 0 0 23 14 3 0 0 0 0 0 0 0 0 0 0 2 0 0 18 0 0 0 0 
0 0 0 0 0 0 0 0 0 0 0 0 0 0 11 0 0 0 0 0 0 0 0 19 0 0 0 0 0 0 0 14 0 0 0 0 0 1 0 9 0 0 0 0 0 0 0 0 0 1 0 0 0 0 18 0 0 0 0 5 0 0 0 0 12 0 0 3 0 0 
1 0 10 0 0 0 0 0 0 0 0 0 0 8 0 0 0 0 0 4 0 0 0 0 0 0 0 0 0 0 12 0 27 11 19 26 0 0 0 0 0 0 0 0 0 1 10 0 0 0 0 0 0 0 0 0 0 0 15 0 0 0 15 19 0 0 0 0 0 0 
0 0 0 0 19 0 0 0 0 0 0 2 27 18 0 0 0 0 13 0 0 0 0 0 0 0 0 0 0 0 0 0 0 0 0 17 0 0 0 0 1 0 13 0 0 0 0 16 0 0 0 0 0 0 16 0 0 0 0 0 0 0 13 0 21 0 13 3 0 27 
0 5 0 0 0 0 0 0 0 0 0 0 0 0 0 0 0 0 0 0 25 0 0 0 0 0 0 0 0 0 15 0 0 0 0 0 0 0 0 0 0 0 0 0 16 4 0 0 0 0 0 0 0 23 28 0 0 0 0 9 0 0 0 0 12 0 0 0 9 0 
0 0 14 0 0 0 0 0 0 0 1 0 0 0 0 0 27 20 0 9 0 19 0 0 23 0 0 0 0 1 11 0 0 0 20 0 0 0 15 28 29 0 0 5 0 0 0 0 0 10 13 0 22 23 0 10 0 0 19 0 0 0 19 0 0 0 17 0 0 0 
0 0 10 0 9 0 0 0 0 0 0 13 0 0 0 19 0 0 0 0 0 0 0 0 0 0 0 0 0 0 15 0 8 0 2 0 0 14 7 13 0 20 0 0 0 0 0 0 0 0 0 0 0 26 0 0 0 0 0 25 0 0 22 0 0 0 0 0 27 0 
28 0 0 25 0 0 27 0 0 0 0 16 4 0 0 0 0 19 0 1 0 24 0 2 0 0 0 0 0 0 0 2 0 0 1 9 16 2 0 0 0 0 0 0 0 15 0 0 0 0 4 5 0 0 0 0 0 0 24 0 0 0 28 0 0 0 0 0 25 0 
0 11 0 0 0 0 0 30 14 0 0 0 15 28 0 0 0 0 0 0 0 0 0 0 0 0 14 0 0 0 0 0 3 0 0 8 0 2 0 0 0 0 0 0 25 7 7 0 10 5 0 0 0 0 8 7 6 0 0 0 0 6 0 0 0 0 0 13 23 0 
0 0 3 0 0 0 0 20 0 0 0 0 27 0 26 0 0 0 4 0 0 0 0 0 0 0 0 0 0 0 2 17 1 11 0 0 0 0 0 0 1 0 0 0 9 29 0 0 5 0 25 0 14 0 0 0 0 0 0 0 0 0 0 19 0 0 0 0 0 8 
0 0 0 0 0 0 0 0 0 0 0 0 0 1 27 0 0 0 0 0 0 0 0 0 0 0 0 0 0 0 0 0 0 0 16 22 0 0 0 0 27 0 3 19 0 0 0 22 0 0 25 0 0 0 0 0 0 0 18 0 0 0 0 26 0 0 5 0 0 19 
0 0 0 0 9 4 0 0 0 0 0 0 0 0 0 22 0 9 0 0 0 0 0 0 0 0 0 0 0 0 27 0 0 0 0 0 0 0 0 0 0 0 0 0 0 0 0 11 0 0 0 0 29 0 0 0 2 25 0 0 0 0 0 0 0 0 0 0 8 0 
0 0 0 0 0 25 0 0 15 0 22 0 23 0 0 0 0 0 0 0 0 16 11 0 0 13 0 0 0 0 0 0 0 0 0 1 0 0 10 0 25 0 0 0 0 0 0 0 0 0 0 21 0 0 0 0 19 0 0 23 0 0 0 0 0 0 0 0 0 22 
11 10 0 0 0 0 0 0 0 0 0 0 0 29 0 0 0 0 25 0 0 23 0 0 0 0 0 0 0 0 0 6 0 0 0 0 0 0 0 0 0 0 0 0 0 0 0 0 0 2 0 0 0 0 0 0 0 14 0 27 0 0 0 0 15 0 0 22 0 0 
9 0 0 0 0 0 0 0 0 0 0 0 0 0 0 0 0 16 0 0 20 0 0 10 0 0 0 1 0 0 0 0 0 0 0 0 0 0 18 14 2 0 0 0 0 20 18 0 0 0 0 0 0 0 0 0 0 0 0 0 0 0 0 0 0 0 0 13 0 0 
0 14 0 18 0 0 0 4 0 0 0 0 0 0 0 0 0 0 0 5 0 25 0 0 0 0 0 0 0 0 0 0 0 0 0 0 8 0 0 0 8 0 0 0 0 0 0 6 0 0 16 4 0 0 0 0 0 0 12 10 0 0 0 28 0 0 0 0 0 13 
0 0 0 0 0 0 0 0 0 0 0 22 0 0 0 0 0 0 0 0 0 0 0 0 2 0 15 0 0 0 0 12 4 22 0 0 0 0 0 1 0 0 13 0 0 0 0 14 0 27 0 0 16 0 0 0 0 0 0 0 0 0 0 0 0 11 0 2 0 0 
0 0 0 0 0 0 14 10 1 0 0 0 0 0 0 0 0 0 0 0 0 0 0 0 0 0 0 0 0 0 0 0 0 0 0 0 0 0 0 0 19 4 0 0 0 0 0 0 0 0 29 0 0 17 0 0 0 0 0 0 0 0 22 0 0 18 23 0 0 0 
