70

0 0 0 0 1 0 0 0 0 0 1 1 0 0 1 0 0 0 0 0 0 1 0 1 0 0 1 1 0 0 0 1 0 1 1 1 0 0 0 0 0 0 0 0 0 0 0 1 0 0 1 0 0 0 1 0 0 1 0 1 0 0 1 1 0 1 0 0 0 0 
0 0 1 1 1 0 0 1 0 0 1 0 0 1 0 0 0 0 1 1 1 0 0 0 0 0 0 0 0 0 1 1 0 1 1 1 0 1 1 1 1 0 1 1 1 1 0 0 0 1 0 0 0 1 0 0 1 1 1 0 0 0 0 0 1 0 0 0 1 0 
0 1 0 1 1 0 0 0 0 0 0 0 0 1 1 0 0 0 0 1 0 0 1 1 1 0 0 0 0 0 0 1 0 0 0 0 0 1 1 0 0 0 1 0 1 0 1 1 0 0 0 0 0 1 0 0 0 0 0 0 0 0 0 0 0 0 1 1 1 0 
0 1 1 0 1 1 1 0 0 0 1 0 0 0 0 0 0 1 0 0 0 1 0 1 0 1 0 1 0 0 0 0 1 1 0 1 1 0 0 0 1 1 1 1 0 1 0 1 1 1 0 1 1 0 1 1 0 0 0 0 0 0 1 1 0 0 0 0 0 0 
1 1 1 1 0 0 1 0 0 0 0 1 0 0 0 1 0 0 1 0 0 0 1 1 0 1 0 1 1 1 1 0 1 0 0 0 0 0 0 0 0 1 0 0 0 0 0 1 0 0 0 1 1 0 0 1 1 0 1 0 1 0 0 0 0 1 1 0 1 1 
0 0 0 1 0 0 0 0 1 1 1 0 0 0 1 0 1 0 1 1 1 1 0 0 1 0 1 1 0 0 0 0 0 1 0 0 0 1 1 0 1 0 0 0 0 0 0 0 0 0 0 0 1 0 0 1 1 1 0 0 0 0 1 0 1 0 1 0 1 1 
0 0 0 1 1 0 0 0 1 1 1 0 1 1 1 0 0 0 1 0 1 0 0 0 0 0 0 1 0 1 0 0 1 0 0 0 0 1 0 0 1 1 0 1 0 0 1 0 0 0 0 1 0 0 1 0 0 0 0 0 0 1 0 0 1 0 0 1 0 1 
0 1 0 0 0 0 0 0 0 0 1 1 0 1 1 0 1 1 1 0 1 0 0 0 0 0 1 1 0 0 1 0 0 0 1 1 1 1 0 0 0 0 1 0 0 0 1 0 0 1 0 1 0 1 0 0 1 1 1 1 0 0 1 0 0 0 0 0 0 0 
0 0 0 0 0 1 1 0 0 1 0 1 0 1 0 0 1 0 0 1 1 0 1 0 1 0 1 1 1 1 1 0 1 0 0 1 0 0 0 0 0 1 0 0 1 1 1 1 1 0 0 0 1 0 0 1 0 1 1 1 1 0 0 0 0 0 0 1 0 0 
0 0 0 0 0 1 1 0 1 0 1 0 1 0 0 1 0 1 0 0 0 1 0 0 1 0 1 1 0 0 1 0 0 0 0 1 1 0 0 1 0 0 1 0 0 1 0 0 1 1 0 0 1 0 0 0 0 0 0 1 1 0 0 0 0 0 1 0 0 1 
1 1 0 1 0 1 1 1 0 1 0 0 1 1 0 0 0 0 0 0 0 0 1 1 0 0 0 0 0 0 1 1 1 1 1 1 0 1 1 1 1 1 1 0 0 0 0 0 1 0 0 1 0 1 1 1 1 0 0 1 0 0 1 0 1 0 0 0 1 0 
1 0 0 0 1 0 0 1 1 0 0 0 1 0 0 0 0 0 1 0 1 0 1 0 1 0 0 0 0 1 0 1 0 1 1 1 0 0 0 0 0 1 1 1 1 1 1 1 0 0 0 0 0 1 0 1 0 0 1 1 0 0 1 0 1 1 1 1 1 0 
0 0 0 0 0 0 1 0 0 1 1 1 0 0 0 1 0 1 0 1 0 0 0 1 1 0 1 0 0 0 0 0 0 0 1 0 0 1 0 1 0 0 0 1 1 0 1 1 0 0 0 0 0 0 1 0 1 1 0 0 1 0 0 0 0 0 0 0 1 1 
0 1 1 0 0 0 1 1 1 0 1 0 0 0 1 1 1 1 0 1 0 0 0 0 0 0 0 1 0 0 0 1 1 0 0 0 0 1 0 0 0 0 0 0 1 1 1 0 0 0 0 0 1 0 1 1 1 0 0 0 0 0 0 1 0 0 0 1 1 0 
1 0 1 0 0 1 1 1 0 0 0 0 0 1 0 1 1 0 1 1 1 0 0 0 0 1 1 0 1 0 0 1 0 1 0 0 0 0 0 1 0 1 0 1 1 1 0 0 0 0 0 0 0 0 1 1 1 0 0 0 0 1 0 0 0 0 1 1 0 0 
0 0 0 0 1 0 0 0 0 1 0 0 1 1 1 0 0 1 0 1 0 0 0 1 0 1 0 1 0 1 0 0 0 0 0 0 1 1 1 1 1 1 1 0 0 0 0 1 1 1 0 1 1 1 0 0 0 1 1 1 1 1 0 0 1 0 1 0 0 0 
0 0 0 0 0 1 0 1 1 0 0 0 0 1 1 0 0 0 0 0 0 1 0 1 1 0 0 1 0 0 0 1 0 1 0 0 1 1 1 0 1 0 0 0 0 0 0 0 0 0 0 0 0 1 0 0 0 1 0 0 0 0 0 1 1 1 0 1 0 0 
0 0 0 1 0 0 0 1 0 1 0 0 1 1 0 1 0 0 1 1 1 1 0 0 1 1 1 0 1 1 0 0 0 1 0 1 1 0 1 0 0 1 0 0 0 1 1 0 1 0 1 0 0 1 0 1 0 1 0 0 0 0 1 0 0 0 1 0 0 0 
0 1 0 0 1 1 1 1 0 0 0 1 0 0 1 0 0 1 0 1 0 1 1 1 0 1 0 0 0 0 0 1 0 0 0 0 1 0 0 0 1 0 1 0 0 1 1 1 0 0 0 0 0 0 0 0 0 1 1 0 0 1 0 0 1 0 0 0 0 0 
0 1 1 0 0 1 0 0 1 0 0 0 1 1 1 1 0 1 1 0 1 0 0 0 0 1 1 1 1 1 0 1 1 1 0 0 1 0 1 0 1 0 0 0 0 0 0 0 0 1 1 0 1 1 0 0 0 1 0 0 1 0 1 1 0 0 1 0 0 0 
0 1 0 0 0 1 1 1 1 0 0 1 0 0 1 0 0 1 0 1 0 1 1 1 1 1 0 1 1 1 0 1 0 0 0 1 1 0 1 0 0 0 1 1 0 1 1 0 1 1 1 0 0 1 0 0 0 1 1 1 0 1 0 0 1 1 1 0 0 1 
1 0 0 1 0 1 0 0 0 1 0 0 0 0 0 0 1 1 1 0 1 0 0 0 1 1 0 1 1 1 1 0 0 1 0 0 0 1 0 0 1 1 0 0 0 0 1 0 0 0 0 0 0 1 0 0 0 1 1 0 1 1 0 1 1 1 0 1 1 0 
0 0 1 0 1 0 0 0 1 0 1 1 0 0 0 0 0 0 1 0 1 0 0 0 1 0 0 1 1 0 0 1 0 0 1 0 0 1 1 0 0 1 1 0 0 1 0 1 0 0 0 0 1 1 1 0 1 0 0 1 0 0 0 0 0 0 1 0 0 1 
1 0 1 1 1 0 0 0 0 0 1 0 1 0 0 1 1 0 1 0 1 0 0 0 1 0 0 0 1 1 0 0 1 1 0 1 1 1 0 0 1 0 1 0 0 0 0 1 0 1 0 1 0 0 0 0 0 1 0 1 0 1 1 0 0 0 0 0 0 0 
0 0 1 0 0 1 0 0 1 1 0 1 1 0 0 0 1 1 0 0 1 1 1 1 0 0 1 1 0 1 0 0 1 0 0 1 1 1 0 1 0 0 0 0 1 1 1 0 0 1 0 1 0 1 0 1 0 0 0 0 0 0 0 0 1 0 0 0 1 0 
0 0 0 1 1 0 0 0 0 0 0 0 0 0 1 1 0 1 1 1 1 1 0 0 0 0 0 0 1 1 0 1 0 1 0 1 0 0 0 0 1 0 0 0 0 1 0 1 0 0 1 0 1 1 0 0 1 0 1 0 0 0 1 0 0 0 0 0 0 0 
1 0 0 0 0 1 0 1 1 1 0 0 1 0 1 0 0 1 0 1 0 0 0 0 1 0 0 1 0 1 0 0 0 0 0 0 1 1 1 0 1 1 1 1 1 0 0 1 0 0 1 1 1 1 0 0 0 1 1 0 0 0 0 1 0 0 1 0 1 1 
1 0 0 1 1 1 1 1 1 1 0 0 0 1 0 1 1 0 0 1 1 1 1 0 1 0 1 0 1 1 0 0 0 0 0 0 1 1 0 0 0 1 1 1 0 1 0 0 0 0 1 1 0 0 0 0 0 1 0 1 1 1 1 0 1 1 1 1 0 0 
0 0 0 0 1 0 0 0 1 0 0 0 0 0 1 0 0 1 0 1 1 1 1 1 0 1 0 1 0 0 0 0 1 0 1 0 1 0 1 0 1 1 0 1 0 0 0 0 0 1 1 0 1 0 0 0 0 1 0 0 0 0 0 0 1 0 1 1 1 0 
0 0 0 0 1 0 1 0 1 0 0 1 0 0 0 1 0 1 0 1 1 1 0 1 1 1 1 1 0 0 0 0 0 0 1 1 0 1 0 1 1 0 0 0 0 1 1 0 0 1 1 1 0 0 0 1 0 1 0 0 0 0 0 0 0 1 0 0 1 0 
0 1 0 0 1 0 0 1 1 1 1 0 0 0 0 0 0 0 0 0 0 1 0 0 0 0 0 0 0 0 0 0 0 1 0 1 1 0 0 0 1 1 0 0 0 0 0 0 0 0 0 1 0 0 1 0 0 0 1 0 1 0 0 1 0 0 0 0 0 0 
1 1 1 0 0 0 0 0 0 0 1 1 0 1 1 0 1 0 1 1 1 0 1 0 0 1 0 0 0 0 0 0 0 1 1 1 1 1 1 0 0 0 0 1 0 1 0 0 0 1 1 0 1 0 1 1 0 0 1 1 1 0 0 1 1 1 1 0 1 0 
0 0 0 1 1 0 1 0 1 0 1 0 0 1 0 0 0 0 0 1 0 0 0 1 1 0 0 0 1 0 0 0 0 0 0 0 0 1 1 0 1 1 1 0 0 0 1 0 1 1 1 1 0 0 0 0 0 1 1 1 0 0 1 1 1 1 0 0 0 0 
1 1 0 1 0 1 0 0 0 0 1 1 0 0 1 0 1 1 0 1 0 1 0 1 0 1 0 0 0 0 1 1 0 0 0 1 0 0 0 0 0 1 1 1 0 0 0 0 0 1 1 0 1 0 0 0 1 0 0 1 0 0 0 1 0 1 0 1 0 0 
1 1 0 0 0 0 0 1 0 0 1 1 1 0 0 0 0 0 0 0 0 0 1 0 0 0 0 0 1 1 0 1 0 0 0 1 1 0 0 0 1 0 0 1 1 1 0 0 0 0 0 1 1 0 0 1 0 0 1 0 1 1 0 0 1 0 0 0 0 0 
1 1 0 1 0 0 0 1 1 1 1 1 0 0 0 0 0 1 0 0 1 0 0 1 1 1 0 0 0 1 1 1 0 1 1 0 0 1 0 0 0 1 1 1 0 1 1 0 0 1 0 0 1 0 0 1 0 0 1 0 0 0 0 0 1 1 0 0 1 1 
0 0 0 1 0 0 0 1 0 1 0 0 0 0 0 1 1 1 1 1 1 0 0 1 1 0 1 1 1 0 1 1 0 0 1 0 0 0 0 0 0 1 1 1 0 0 1 1 0 1 0 0 0 0 0 1 0 1 1 1 0 1 0 0 1 1 1 0 1 0 
0 1 1 0 0 1 1 1 0 0 1 0 1 1 0 1 1 0 0 0 0 1 1 1 1 0 1 1 0 1 0 1 1 0 0 1 0 0 1 1 0 0 1 1 0 0 0 1 0 0 0 0 0 0 0 1 1 0 1 1 1 0 1 1 0 0 0 0 1 0 
0 1 1 0 0 1 0 0 0 0 1 0 0 0 0 1 1 1 0 1 1 0 1 0 0 0 1 0 1 0 0 1 1 0 0 0 0 1 0 1 1 1 0 0 1 1 1 0 1 0 0 1 0 0 0 1 0 0 0 1 0 0 0 0 0 1 1 0 0 1 
0 1 0 0 0 0 0 0 0 1 1 0 1 0 1 1 0 0 0 0 0 0 0 0 1 0 0 0 0 1 0 0 0 0 0 0 0 1 1 0 0 0 0 0 1 0 0 0 0 0 1 0 1 1 0 0 0 1 0 0 0 1 0 0 1 0 1 1 0 0 
0 1 0 1 0 1 1 0 0 0 1 0 0 0 0 1 1 0 1 1 0 1 0 1 0 1 1 0 1 1 1 0 1 0 1 0 0 0 1 0 0 0 0 0 0 0 0 1 0 0 0 0 0 1 1 1 0 1 0 0 0 0 0 0 0 1 1 1 0 1 
0 0 0 1 1 0 1 0 1 0 1 1 0 0 1 1 0 1 0 0 0 1 1 0 0 0 1 1 1 0 1 0 1 1 0 1 1 0 1 0 0 0 0 0 0 1 0 0 1 0 0 1 0 0 0 0 1 0 1 0 0 0 0 0 1 0 0 0 0 0 
0 1 1 1 0 0 0 1 0 1 1 1 0 0 0 1 0 0 1 0 1 0 1 1 0 0 1 1 0 0 0 0 1 1 0 1 1 1 0 0 0 0 0 0 0 1 1 0 1 1 0 1 0 1 1 0 0 1 0 0 0 0 0 1 0 0 0 1 0 1 
0 1 0 1 0 0 1 0 0 0 0 1 1 0 1 0 0 0 0 0 1 0 0 0 0 0 1 1 1 0 0 1 0 1 1 1 1 1 0 0 0 0 0 0 1 1 0 1 0 1 1 0 0 0 0 1 0 1 0 0 1 0 0 0 1 0 0 1 1 1 
0 1 1 0 0 0 0 0 1 0 0 1 1 1 1 0 0 0 0 0 0 0 0 0 1 0 1 0 0 0 0 0 0 0 1 0 0 0 1 1 0 0 0 1 0 1 0 0 0 1 1 0 0 0 0 0 1 1 0 1 0 0 0 1 0 0 1 0 1 0 
0 1 0 1 0 0 0 0 1 1 0 1 0 1 1 0 0 1 1 0 1 0 1 0 1 1 0 1 0 1 0 1 0 0 1 1 0 0 1 0 0 1 1 1 1 0 0 1 1 0 0 1 1 1 1 1 1 0 0 1 0 0 1 0 0 1 1 0 1 1 
0 0 1 0 0 0 1 1 1 0 0 1 1 1 0 0 0 1 1 0 1 1 0 0 1 0 0 0 0 1 0 0 1 0 0 1 1 0 1 0 0 0 1 0 0 0 0 1 1 1 0 1 1 1 1 1 0 0 0 1 1 1 0 0 1 0 0 1 1 0 
1 0 1 1 1 0 0 0 1 0 0 1 1 0 0 1 0 0 1 0 0 0 1 1 0 1 1 0 0 0 0 0 0 0 0 0 1 1 0 0 1 0 0 1 0 1 1 0 1 0 1 0 1 0 0 0 1 1 0 0 0 0 1 1 1 1 0 0 1 1 
0 0 0 1 0 0 0 0 1 1 1 0 0 0 0 1 0 1 0 0 1 0 0 0 0 0 0 0 0 0 0 0 1 0 0 0 0 0 1 0 0 1 1 0 0 1 1 1 0 1 0 1 1 1 1 1 0 0 1 0 1 1 1 0 1 1 0 1 0 1 
0 1 0 1 0 0 0 1 0 1 0 0 0 0 0 1 0 0 0 1 1 0 0 1 1 0 0 0 1 1 0 1 1 1 0 1 1 0 0 0 0 0 1 1 1 0 1 0 1 0 0 1 1 0 1 1 0 0 1 0 0 0 0 0 1 0 1 0 0 1 
1 0 0 0 0 0 0 0 0 0 0 0 0 0 0 0 0 1 0 1 1 0 0 0 0 1 1 1 1 1 0 1 1 1 0 0 0 0 0 1 0 0 0 1 1 0 0 1 0 0 0 0 0 0 0 0 0 0 0 0 1 1 0 1 1 0 1 0 1 1 
0 0 0 1 1 0 1 1 0 0 1 0 0 0 0 1 0 0 0 0 0 0 0 1 1 0 1 1 0 1 1 0 1 0 1 0 0 0 1 0 0 1 1 0 0 1 1 0 1 1 0 0 1 1 1 0 0 1 1 1 1 0 0 1 0 0 1 0 0 1 
0 0 0 1 1 1 0 0 1 1 0 0 0 1 0 1 0 0 0 1 0 0 1 0 0 1 1 0 1 0 0 1 0 1 1 1 0 0 0 1 0 0 0 0 0 1 1 1 1 1 0 1 0 0 1 1 0 1 1 0 0 0 0 1 1 0 1 0 0 0 
0 1 1 0 0 0 0 1 0 0 1 1 0 0 0 1 1 1 0 1 1 1 1 0 1 1 1 0 0 0 0 0 0 0 0 0 0 0 0 1 1 0 1 0 0 1 1 0 1 0 0 1 0 0 0 0 1 0 0 0 0 1 1 1 0 0 1 0 1 0 
1 0 0 1 0 0 1 0 0 0 1 0 1 1 1 0 0 0 0 0 0 0 1 0 0 0 0 0 0 0 1 1 0 0 0 0 0 0 0 0 1 0 1 0 0 1 1 0 1 1 0 1 1 0 0 1 0 0 0 1 0 1 1 0 1 0 0 0 0 1 
0 0 0 1 1 1 0 0 1 0 1 1 0 1 1 0 0 1 0 0 0 0 0 0 1 0 0 0 0 1 0 1 0 0 1 1 1 1 1 0 1 0 0 1 0 1 1 0 1 1 0 0 1 0 1 0 0 1 0 0 0 0 0 0 0 0 0 1 1 0 
0 1 0 0 1 1 0 1 0 0 1 0 1 1 1 0 0 0 0 0 0 0 1 0 0 1 0 0 0 0 0 0 0 1 0 0 0 1 0 0 0 1 0 0 1 1 0 1 0 0 0 0 0 1 0 0 0 0 0 0 0 0 0 0 0 1 1 0 1 0 
1 1 0 0 0 1 0 1 1 0 0 0 1 0 0 1 1 1 1 1 1 1 0 1 0 0 1 1 1 1 0 0 1 0 0 0 1 0 0 1 1 0 1 1 1 0 0 1 0 0 0 1 1 0 0 1 0 0 0 0 0 0 0 0 1 1 1 0 1 0 
0 1 0 0 1 0 0 1 1 0 0 1 0 0 0 1 0 0 1 0 1 1 0 0 0 1 1 0 0 0 1 1 1 0 1 1 1 1 0 0 0 1 0 0 0 0 0 0 1 1 0 1 1 0 0 0 0 0 0 1 0 0 1 0 1 0 1 0 0 1 
1 0 0 0 0 0 0 1 1 1 1 1 0 0 0 1 0 0 0 0 1 0 1 1 0 0 0 1 0 0 0 1 1 1 0 0 1 1 1 0 0 0 0 0 1 1 1 0 0 0 0 1 0 0 1 0 0 0 1 0 0 1 0 1 0 0 0 1 0 1 
0 0 0 0 1 0 0 0 1 1 0 0 1 0 0 1 0 0 0 1 0 1 0 0 0 0 0 1 0 0 1 1 0 0 1 0 0 1 0 0 0 0 0 1 0 0 1 0 1 0 1 1 0 0 0 0 0 0 0 0 0 0 1 0 0 0 0 1 0 0 
0 0 0 0 0 0 1 0 0 0 0 0 0 0 1 1 0 0 1 0 1 1 0 1 0 0 0 1 0 0 0 0 0 0 1 0 1 0 0 1 0 0 0 0 0 0 1 0 1 0 1 0 0 1 1 0 0 0 0 1 0 0 0 1 0 0 1 1 1 1 
1 0 0 1 0 1 0 1 0 0 1 1 0 0 0 0 0 1 0 1 0 0 0 1 0 1 0 1 0 0 0 0 1 0 0 0 0 1 0 0 0 0 0 0 0 1 0 1 1 0 0 0 0 1 1 0 0 0 1 0 1 0 0 0 1 0 0 1 0 0 
1 0 0 1 0 0 0 0 0 0 0 0 0 1 0 0 1 0 0 1 0 1 0 0 0 0 1 0 0 0 1 1 1 1 0 0 0 1 0 0 0 0 1 0 1 0 0 1 0 0 1 1 1 1 0 0 0 0 0 1 0 1 0 0 0 0 1 1 0 0 
0 1 0 0 0 1 1 0 0 0 1 1 0 0 0 1 1 0 1 0 1 1 0 0 1 0 0 1 1 0 0 1 1 0 1 1 1 0 0 1 0 1 0 1 0 0 1 1 1 1 1 0 1 0 1 0 0 1 1 0 0 0 1 0 0 0 0 0 0 0 
1 0 0 0 1 0 0 0 0 0 0 1 0 0 0 0 1 0 0 0 1 1 0 0 0 0 0 1 0 1 0 1 1 1 0 1 1 0 1 0 1 0 0 0 0 1 0 1 1 0 0 0 0 0 0 0 1 1 0 0 0 0 0 0 0 0 0 1 1 0 
0 0 1 0 1 1 0 0 0 1 0 1 0 0 1 1 0 1 0 1 1 0 1 0 0 0 1 1 1 0 0 1 0 0 0 0 1 0 1 1 1 0 0 0 1 1 0 0 0 1 1 1 1 1 0 0 1 1 1 0 0 1 0 1 0 0 0 1 0 0 
0 0 1 0 0 0 1 0 1 0 0 1 0 1 1 0 1 0 0 0 0 1 0 0 0 0 0 1 1 0 0 0 0 1 0 0 0 0 0 1 1 0 1 1 0 0 1 0 1 0 0 0 0 0 0 1 0 0 0 1 1 1 1 1 0 1 1 0 1 0 
0 1 1 0 1 1 0 0 0 0 1 1 1 1 0 0 0 0 0 0 0 1 0 0 1 0 1 0 1 1 0 1 0 0 0 1 1 1 0 0 0 0 0 1 1 1 1 1 0 0 1 0 0 1 0 1 1 1 0 0 0 1 0 0 0 1 0 1 0 0 
0 0 0 0 1 1 1 0 0 1 0 0 1 0 0 0 0 0 0 0 1 0 1 0 0 0 1 0 0 0 0 0 0 0 0 1 0 0 1 0 1 0 1 1 0 1 0 1 1 1 1 1 0 0 1 0 0 0 1 1 0 1 0 0 0 0 0 0 0 0 

0 10 0 29 0 17 0 0 0 0 0 0 0 0 0 0 0 0 25 0 0 0 0 0 0 14 0 0 0 0 3 0 0 0 0 0 0 0 0 0 0 0 9 0 0 14 5 25 0 21 0 0 0 0 0 0 0 0 0 0 0 0 14 0 0 0 0 0 0 0 
0 0 0 0 19 0 0 0 0 0 11 28 0 7 0 1 0 0 7 0 28 0 0 7 0 0 0 27 1 0 0 0 0 0 28 12 0 3 0 0 9 0 0 0 0 0 0 0 7 0 25 0 0 0 21 0 0 0 0 0 7 12 0 0 0 0 0 0 0 0 
0 0 0 0 19 0 7 0 0 0 13 0 0 0 0 28 2 0 0 0 0 0 0 0 0 12 0 0 10 0 0 0 0 0 25 17 0 19 0 0 0 0 0 0 1 0 2 0 24 0 16 0 0 0 0 0 0 0 0 0 0 0 16 27 0 0 0 0 0 0 
0 0 0 0 25 0 0 29 0 25 0 0 0 17 0 7 3 0 0 0 14 11 0 0 0 0 13 0 0 0 8 0 0 0 24 0 0 0 0 0 0 24 0 0 0 14 0 0 0 0 0 0 26 0 0 0 0 0 0 0 0 0 0 0 0 0 24 0 0 0 
0 4 0 0 0 0 0 4 0 0 0 0 7 0 0 0 0 26 0 13 23 0 0 0 0 0 0 0 0 0 0 0 0 0 0 0 0 0 0 0 0 0 0 0 0 14 0 0 0 0 0 0 0 0 10 0 0 0 0 0 0 0 0 1 2 0 0 0 0 0 
7 0 0 0 0 0 0 0 0 0 0 0 0 0 0 0 0 0 0 0 0 0 0 0 0 0 0 0 0 0 0 0 0 0 0 0 0 0 0 26 28 0 0 5 0 13 0 0 0 0 0 0 0 0 0 0 0 0 0 12 15 0 13 0 0 0 0 0 1 0 
0 0 0 0 0 24 0 0 0 21 0 0 0 0 0 0 0 0 24 0 4 0 15 0 17 0 0 16 0 0 0 19 29 8 0 0 0 0 27 6 0 0 0 0 24 16 0 0 0 3 0 7 0 3 0 0 0 0 3 0 0 0 0 2 11 0 0 0 0 14 
0 0 0 0 0 0 0 0 0 0 0 0 9 0 0 0 0 0 0 0 0 0 0 0 9 0 0 0 0 0 0 0 0 0 0 0 0 0 0 0 0 0 15 0 0 0 0 0 0 0 0 0 0 0 0 0 0 0 0 0 0 0 0 14 0 0 8 0 0 10 
22 0 0 23 0 0 0 0 0 0 0 8 11 0 0 3 0 0 22 0 26 17 15 0 0 0 6 0 15 0 0 0 21 0 0 0 1 0 0 0 0 15 0 0 0 0 0 0 0 0 0 17 0 0 0 0 27 0 27 12 27 0 0 2 0 0 0 0 0 0 
0 0 5 0 0 0 0 19 0 0 0 0 19 0 0 0 0 0 8 0 0 0 0 0 0 0 22 0 0 0 0 0 0 0 0 0 0 9 0 17 0 0 0 0 0 0 0 0 0 0 0 0 0 0 0 0 0 0 20 21 0 0 6 0 0 18 0 0 0 0 
0 0 0 0 0 0 0 0 29 0 0 0 12 22 0 0 5 0 0 0 0 0 0 0 0 7 0 27 0 16 0 22 0 0 0 0 0 0 0 4 8 23 0 0 0 0 0 0 0 0 0 0 0 0 0 0 0 8 26 0 0 0 0 0 0 0 17 11 26 0 
0 11 0 0 28 15 27 0 2 0 28 0 0 1 0 0 0 6 0 22 0 0 1 0 0 0 4 0 0 0 0 0 0 0 0 0 0 0 14 0 0 0 0 0 0 0 0 0 0 26 0 0 12 0 21 5 0 18 0 0 0 0 0 0 0 0 0 0 0 20 
0 0 6 0 0 0 0 0 0 0 0 0 0 0 0 0 13 0 22 0 3 0 0 0 0 0 0 0 0 0 0 0 0 16 0 0 0 0 0 0 5 28 0 0 0 0 0 11 0 0 0 0 0 0 0 0 19 0 0 0 0 12 0 0 0 0 0 0 0 22 
0 0 25 0 0 0 0 0 0 31 7 0 2 0 0 0 26 0 0 15 0 9 20 0 0 0 16 21 0 16 0 0 0 0 0 0 0 3 0 0 0 0 14 0 6 18 0 0 0 21 0 0 23 0 10 0 0 0 0 0 0 0 0 0 0 0 25 0 0 0 
0 8 20 0 0 1 0 0 0 0 0 0 3 0 0 0 11 0 0 0 0 0 2 19 0 0 0 12 0 0 0 0 0 0 0 0 0 3 0 0 0 0 1 0 0 0 0 14 0 0 0 0 0 0 0 0 8 0 0 0 0 0 0 0 0 10 0 0 0 0 
24 0 28 0 0 0 0 0 3 0 20 28 0 0 0 0 0 0 0 22 5 0 0 0 0 29 0 0 0 0 0 0 0 0 0 10 27 0 0 0 0 0 0 0 8 0 22 0 0 0 8 0 0 0 0 0 28 0 0 4 0 18 0 0 17 0 3 0 0 0 
0 0 0 0 0 0 0 0 25 0 0 0 0 0 0 0 0 0 13 0 12 0 0 0 0 0 21 26 0 0 0 19 0 0 0 0 0 0 0 0 0 0 26 0 0 0 0 0 0 0 0 0 12 4 14 0 0 0 24 0 0 0 0 0 0 0 24 0 0 0 
0 0 4 19 1 0 0 0 0 0 0 0 0 0 0 1 0 0 0 0 28 0 0 0 0 9 0 0 0 0 0 19 0 0 0 0 0 0 0 24 0 0 0 0 0 0 0 18 0 0 0 24 27 6 27 0 0 23 22 0 0 0 0 0 0 0 0 0 0 0 
0 0 0 0 0 8 28 0 0 12 0 0 0 16 6 0 0 0 0 0 0 0 0 0 0 0 0 0 0 0 0 0 0 0 6 15 0 0 0 0 1 0 0 0 11 0 0 0 0 25 0 0 0 0 0 0 0 0 0 12 0 0 0 0 0 0 0 0 0 0 
0 0 0 0 0 27 0 0 0 0 0 0 0 0 0 0 0 0 0 0 0 0 0 0 0 0 0 0 0 0 0 21 0 0 0 16 0 0 0 27 0 0 0 0 0 0 0 0 0 0 23 26 0 0 0 2 26 10 0 0 8 0 30 0 0 0 0 0 13 17 
18 17 0 16 0 0 0 0 0 0 0 0 0 24 8 0 13 0 0 0 0 0 22 0 0 0 0 0 0 0 0 0 0 0 0 0 0 3 26 0 0 0 0 0 0 0 0 0 10 0 0 16 20 0 0 0 0 0 0 0 0 1 0 5 15 8 0 0 7 0 
8 0 0 0 0 2 3 0 0 0 0 2 0 0 0 0 4 0 0 0 21 0 0 2 25 0 0 0 0 0 0 0 30 0 0 0 0 0 0 0 0 0 0 0 0 0 18 26 0 0 0 0 0 0 0 0 0 0 0 0 0 0 0 0 4 0 0 0 0 0 
0 0 0 0 0 0 0 0 0 6 0 10 22 0 16 16 0 0 0 0 0 11 0 0 0 12 0 0 0 2 0 0 0 0 15 18 0 0 0 0 0 0 0 0 0 0 0 0 0 0 0 18 0 0 0 11 0 0 0 0 27 12 16 0 0 0 0 18 0 0 
0 0 0 0 0 0 0 15 0 0 0 0 0 0 0 20 0 0 10 0 21 2 0 0 0 0 0 15 0 0 0 0 0 0 0 9 0 0 0 0 21 4 28 16 0 0 16 0 0 0 0 0 0 0 0 0 0 0 0 7 0 0 0 0 0 0 0 0 26 0 
0 25 0 0 25 5 0 14 0 0 0 0 0 0 0 0 0 0 0 0 0 0 0 0 0 0 0 0 0 0 0 0 0 6 0 0 4 0 0 28 0 0 0 3 0 0 0 0 0 0 0 0 6 0 0 0 0 14 0 0 8 0 0 0 0 0 0 0 2 0 
0 0 0 2 0 0 0 0 13 0 0 18 0 0 0 0 0 28 0 5 0 4 0 0 0 0 19 0 0 9 7 22 0 0 0 0 0 0 5 0 0 22 0 25 0 0 0 0 0 0 0 0 0 0 16 13 27 0 0 0 17 20 0 0 0 0 0 0 0 0 
0 0 8 25 0 0 0 0 0 0 14 0 0 0 0 10 0 0 0 0 11 0 0 0 0 0 0 0 0 0 27 0 0 0 18 0 22 1 0 0 0 0 7 0 0 0 0 0 14 0 0 0 0 0 0 0 0 0 0 0 0 0 0 0 0 0 0 0 25 0 
0 0 0 0 0 2 3 0 0 0 0 0 0 4 1 0 0 7 5 0 0 16 17 0 0 0 7 0 0 0 0 0 0 0 3 0 23 0 23 0 0 1 0 10 0 20 9 13 0 12 0 0 0 0 12 0 19 0 0 0 18 0 0 0 0 0 0 0 0 0 
0 0 0 2 0 0 25 18 0 0 0 13 0 0 0 2 0 0 0 14 0 0 0 0 0 0 0 0 0 0 11 0 0 14 16 0 0 0 0 0 18 0 0 0 7 23 30 0 0 0 0 0 0 0 0 0 0 0 0 0 0 0 0 26 0 0 23 0 0 16 
0 0 0 24 0 0 0 0 26 0 0 0 0 0 0 0 0 13 0 0 0 0 0 0 0 6 0 8 4 0 0 16 0 0 0 0 0 0 0 0 0 0 0 0 0 0 0 6 0 26 0 0 25 0 14 0 0 24 19 0 23 0 0 0 10 6 21 0 0 0 
0 0 0 0 0 0 0 13 0 0 0 0 0 0 0 0 0 0 0 0 9 0 0 0 4 0 0 5 0 24 0 0 0 0 0 25 0 0 0 17 0 0 0 0 13 0 15 8 0 0 0 0 19 0 2 23 0 0 0 0 0 8 0 2 0 0 0 0 27 21 
0 0 0 0 0 0 0 0 0 0 0 0 18 0 9 0 18 0 0 0 0 12 0 0 0 0 0 0 11 25 0 0 0 0 0 0 0 0 24 0 11 0 0 0 25 0 0 0 0 0 0 0 0 0 0 0 0 0 0 0 0 0 0 0 0 0 0 0 0 0 
9 12 0 0 0 0 0 0 0 0 0 0 0 0 0 0 0 12 0 14 0 0 21 4 0 0 0 0 0 0 0 22 0 0 0 13 0 0 0 0 5 0 0 0 0 15 28 0 0 0 0 0 0 0 0 0 0 0 0 5 0 0 0 0 0 0 0 0 0 0 
0 30 4 0 19 0 0 0 0 17 6 0 0 0 0 0 0 0 19 0 0 0 0 0 0 0 0 0 0 0 0 18 0 0 0 10 0 0 0 0 3 21 20 0 21 0 0 7 0 0 0 0 0 0 0 0 0 0 0 0 0 13 23 0 0 0 0 0 0 0 
26 0 0 0 0 8 0 24 0 0 13 0 0 0 12 0 0 0 0 0 0 0 0 0 16 0 0 0 0 22 0 29 0 0 0 0 0 0 0 11 7 0 0 0 0 0 0 0 0 0 0 0 0 0 0 0 0 0 0 0 0 0 0 27 0 0 26 0 0 0 
0 0 18 0 0 16 0 0 0 0 3 0 0 0 28 0 0 0 0 0 16 0 21 0 0 21 0 0 0 15 0 0 0 0 4 0 23 0 17 0 0 0 15 0 0 20 0 0 15 25 0 0 0 0 0 0 24 0 0 0 0 2 0 0 8 0 0 0 0 0 
0 15 0 0 26 0 0 0 0 0 0 0 0 0 0 0 22 0 0 0 0 0 23 0 0 0 0 0 0 22 0 0 0 0 1 0 0 19 0 0 0 0 0 0 0 0 0 22 0 0 0 0 0 0 25 0 0 23 0 0 0 0 0 0 0 0 0 27 0 0 
16 17 14 0 0 0 0 0 0 0 0 2 0 4 0 0 0 0 0 0 10 26 0 0 0 24 0 0 0 0 0 19 0 0 0 7 0 0 17 0 0 0 0 0 0 0 0 0 0 0 0 0 0 0 0 0 0 1 0 0 0 0 0 0 0 0 0 0 0 7 
0 0 0 0 0 0 0 0 0 0 12 19 0 0 0 0 0 0 0 0 0 16 23 6 0 0 0 0 10 0 0 0 0 0 0 0 0 0 0 0 0 0 0 5 0 0 10 0 0 0 0 0 10 0 0 0 0 0 0 0 24 2 5 6 0 28 8 0 0 0 
0 0 27 0 8 0 0 0 0 1 0 0 0 0 5 0 29 0 0 20 0 0 0 0 3 0 5 15 0 0 0 0 28 0 0 0 5 0 10 0 0 0 29 23 0 4 18 0 0 0 0 0 12 0 0 0 0 0 0 0 1 0 0 23 0 0 0 18 0 0 
0 0 0 0 0 0 0 0 0 0 18 0 0 0 0 0 0 0 0 0 0 0 0 0 0 0 3 26 0 1 0 0 0 0 0 0 19 0 0 6 0 3 0 26 0 17 0 0 0 0 0 0 0 0 19 17 4 0 0 19 0 4 0 0 0 0 0 26 0 7 
20 0 0 0 0 0 8 0 0 0 0 0 0 0 12 0 0 0 0 0 0 0 0 0 0 0 0 0 0 20 0 0 23 1 0 0 0 0 0 0 23 0 0 0 0 0 0 0 0 0 0 0 12 26 0 0 26 15 0 0 0 0 0 0 0 25 0 6 0 0 
0 0 1 0 0 0 0 0 0 0 0 19 0 0 0 0 7 0 7 0 0 27 0 0 0 0 0 0 0 12 0 0 15 0 0 0 0 0 0 0 0 0 0 31 0 3 0 0 3 0 0 0 0 0 0 0 0 0 0 20 0 0 14 0 0 0 0 0 0 0 
0 0 0 0 0 8 3 0 15 15 24 0 0 0 0 17 2 0 0 0 17 17 0 0 20 0 0 0 28 0 12 0 0 0 0 0 0 0 0 0 0 0 0 0 0 0 0 0 0 0 0 0 0 6 0 8 24 0 0 0 0 0 0 0 0 0 0 0 0 0 
8 0 11 0 0 0 14 0 0 0 23 19 0 0 0 0 0 17 0 0 0 0 9 20 0 0 0 0 0 0 0 0 0 0 0 0 0 0 26 0 0 7 0 0 0 0 0 0 0 0 13 19 0 0 0 0 0 0 0 0 0 0 13 0 0 0 0 0 9 0 
0 0 0 0 0 0 0 4 0 0 0 0 23 0 4 24 0 0 0 0 0 0 0 2 0 0 0 0 16 2 0 0 0 0 0 10 0 0 5 0 19 0 0 0 0 0 17 0 0 17 0 0 0 9 0 0 0 7 0 0 0 2 0 0 0 12 0 0 0 0 
0 0 22 0 0 0 0 0 0 29 11 0 0 0 0 0 0 0 0 0 0 0 0 0 0 0 0 0 0 0 0 0 0 3 0 0 0 18 18 5 0 0 0 0 27 20 0 0 0 0 0 25 0 26 0 0 0 0 7 0 0 0 18 0 0 0 5 0 10 0 
0 0 0 0 21 1 0 0 0 0 0 0 0 0 0 0 0 0 0 0 23 0 0 0 0 0 0 0 0 0 11 0 0 17 0 0 5 0 0 0 0 0 0 0 0 25 0 0 0 0 0 0 0 0 17 0 0 0 0 0 0 0 0 0 0 0 0 0 0 0 
0 0 0 0 0 25 0 0 21 0 0 0 0 0 0 17 1 0 0 0 21 0 0 0 0 0 0 0 0 17 0 0 0 0 0 18 0 0 0 0 0 0 0 0 0 0 0 0 0 0 0 0 0 0 0 0 0 0 0 0 0 0 24 0 0 0 0 15 2 0 
0 0 0 2 0 29 0 0 0 21 0 0 0 0 0 0 0 25 6 12 0 0 0 0 0 0 0 13 0 0 0 0 13 0 0 23 10 0 0 0 0 0 0 0 0 0 0 0 0 0 0 0 0 0 0 0 0 0 0 0 0 0 0 0 0 0 22 10 0 9 
1 0 0 28 0 13 0 3 0 13 18 0 23 18 0 0 0 2 12 10 0 11 0 0 0 0 0 0 0 0 0 0 0 0 29 0 0 0 0 0 13 5 25 0 0 0 0 0 0 0 0 0 0 0 0 0 0 0 15 21 0 0 0 0 0 0 0 11 0 0 
0 0 0 0 0 0 0 0 0 0 0 0 0 0 23 0 0 0 0 0 3 0 0 0 21 0 0 0 6 0 0 0 27 0 0 0 0 0 0 0 0 0 0 0 0 0 0 22 0 0 2 0 0 0 0 21 0 0 16 0 2 0 0 0 0 0 0 17 0 0 
2 0 0 0 0 10 0 9 0 0 0 23 0 0 23 0 0 0 0 0 0 0 0 0 0 0 0 0 0 18 0 24 5 0 24 23 0 0 0 0 29 0 0 0 0 0 0 1 0 0 0 0 0 0 16 0 19 0 0 0 0 0 23 0 0 20 0 0 0 0 
0 0 0 0 0 0 0 0 0 0 0 0 0 10 0 0 0 0 0 0 0 0 15 0 9 0 0 0 0 18 0 0 22 0 22 0 0 0 0 0 0 0 20 0 20 0 0 0 3 0 7 0 0 0 0 0 0 0 0 0 0 0 0 0 0 0 24 0 0 0 
0 0 0 1 0 0 0 0 0 0 0 0 0 0 0 0 4 0 21 0 0 0 0 0 0 0 0 0 19 14 0 27 1 0 0 0 0 0 0 0 0 0 25 0 0 0 0 0 0 0 0 6 0 23 0 0 0 0 0 0 0 0 6 0 0 21 0 5 0 17 
0 0 0 0 0 0 0 0 0 18 14 27 8 0 0 4 0 0 0 0 0 0 0 0 0 0 7 0 0 0 0 0 0 24 24 0 0 0 0 0 0 0 0 0 0 0 0 0 12 0 0 0 0 0 0 0 15 0 0 0 0 0 0 0 0 0 0 0 0 0 
10 0 0 0 0 4 0 26 0 0 0 0 0 0 0 0 0 2 23 15 0 27 0 0 9 0 0 0 0 18 0 0 0 16 0 0 0 0 0 0 0 16 0 0 20 0 0 0 0 0 0 10 28 0 0 27 0 0 0 7 0 0 0 0 0 0 2 0 0 0 
0 0 23 0 0 0 0 0 0 0 0 0 0 0 0 0 0 2 0 0 0 0 0 0 0 0 0 0 0 0 0 0 0 0 0 23 0 0 0 13 0 0 16 0 0 0 0 0 0 0 0 0 0 0 5 18 27 0 10 0 0 6 9 0 0 0 22 0 13 0 
0 0 0 0 0 0 0 1 9 0 0 8 0 0 14 10 0 19 0 0 1 0 0 0 21 0 3 0 24 0 0 0 0 0 0 0 0 0 0 0 0 0 0 0 0 0 0 0 11 0 0 0 0 0 11 17 17 0 0 0 18 0 0 22 0 0 0 0 0 0 
0 26 0 0 0 0 0 0 0 0 0 0 0 0 0 0 0 0 0 0 0 0 0 0 0 0 0 0 3 0 0 0 0 0 8 0 0 0 0 0 0 0 0 0 0 28 0 21 0 0 8 0 0 4 0 0 20 0 20 0 0 0 0 9 0 29 0 0 0 0 
0 0 0 0 28 0 0 0 0 0 0 28 0 0 0 0 0 0 0 0 0 15 0 0 0 0 0 0 0 0 0 0 0 0 0 0 23 0 0 0 1 1 0 0 0 0 0 0 0 0 0 0 0 0 0 19 0 18 0 0 0 0 0 0 0 0 0 0 0 24 
0 0 0 23 22 24 0 0 3 0 0 0 0 0 0 0 0 0 20 12 0 3 0 0 3 23 0 0 0 0 0 0 0 0 0 21 0 0 0 0 0 0 0 0 13 0 0 0 0 0 0 0 25 5 0 8 0 0 0 13 0 0 0 0 0 7 0 25 15 0 
0 0 0 0 0 10 0 21 0 0 0 0 0 0 0 0 0 18 0 3 0 0 0 24 0 0 25 15 0 0 0 0 0 0 0 0 0 0 0 0 0 0 0 8 16 0 0 8 0 0 0 0 0 0 0 0 0 0 0 0 0 0 0 0 0 0 0 26 0 0 
20 27 0 0 0 0 0 0 24 6 0 0 0 0 0 0 0 0 0 10 16 0 0 0 0 0 0 7 0 9 17 0 0 0 0 0 0 0 0 0 0 0 0 0 0 1 0 0 0 0 0 0 0 0 0 0 0 0 0 0 0 0 0 0 0 0 0 0 0 0 
0 0 0 0 0 0 0 0 0 0 0 5 0 26 7 18 4 0 0 0 0 7 0 0 0 0 0 3 1 0 0 22 0 0 0 0 6 0 0 0 0 0 0 11 0 0 16 0 0 0 20 0 4 0 0 0 0 0 0 14 0 0 0 0 0 0 0 20 0 0 
0 17 0 0 0 0 0 0 0 0 0 6 0 0 21 0 0 0 0 0 0 9 0 0 0 0 11 0 0 0 0 3 0 0 0 12 0 0 0 0 0 0 21 0 20 0 27 0 12 0 0 0 0 0 0 0 0 0 0 0 0 0 0 0 0 0 13 0 0 0 
0 0 0 0 0 0 0 0 1 0 16 0 21 0 0 0 0 0 0 0 0 0 0 0 0 0 10 0 10 0 0 0 0 0 0 0 0 0 6 0 22 0 25 0 0 0 0 17 0 2 0 0 0 0 13 0 0 0 24 0 0 2 0 0 14 0 0 0 0 0 
0 14 0 26 0 0 0 0 0 18 2 14 0 0 0 0 0 0 0 0 0 0 0 0 0 0 0 0 0 0 13 0 0 23 5 0 0 0 0 13 6 11 0 0 0 0 8 0 29 3 1 14 6 6 0 24 0 0 0 0 0 0 0 18 0 0 0 0 0 0 
0 0 0 0 0 0 0 23 0 0 29 3 5 0 0 0 0 0 0 0 0 0 0 0 0 0 0 0 0 0 0 0 3 0 0 0 0 0 1 27 0 26 0 0 0 0 12 0 28 19 2 0 11 0 0 0 0 0 0 0 0 28 0 23 7 0 0 0 0 0 
0 0 0 0 0 0 28 0 0 0 0 14 0 0 19 0 0 0 0 0 4 0 0 0 0 0 0 0 0 0 0 22 0 0 0 0 0 14 0 0 21 0 7 0 0 0 0 12 0 0 25 0 0 0 0 0 0 0 0 0 0 0 17 0 0 0 0 0 0 0 
