70

0 1 1 0 1 1 1 1 0 1 1 1 1 1 1 1 1 0 1 1 1 1 1 1 0 1 1 1 0 1 1 1 1 0 1 1 1 1 1 1 1 0 1 1 1 1 1 0 1 1 1 1 1 1 1 1 1 1 1 1 1 0 1 1 0 1 1 1 1 1 
1 0 1 1 1 1 1 0 1 1 1 1 1 1 1 1 1 1 1 1 1 1 1 1 0 1 1 1 1 1 1 1 1 0 0 1 0 1 1 1 1 1 1 1 1 1 1 1 1 1 1 1 1 1 1 1 1 0 1 1 1 1 1 1 0 1 1 1 1 1 
1 1 0 1 1 1 0 1 1 1 1 1 1 1 1 1 0 1 1 1 0 0 1 1 1 1 1 1 1 1 1 1 1 1 1 1 1 1 1 1 1 1 1 1 1 1 1 1 1 0 1 1 0 1 1 1 1 1 1 1 1 1 1 1 1 1 1 1 0 1 
0 1 1 0 0 1 1 1 1 1 1 1 1 1 1 1 1 1 1 0 1 1 1 1 1 1 1 1 1 1 1 1 1 1 1 1 1 1 1 1 1 1 1 1 1 1 1 1 1 1 1 1 0 1 1 0 1 1 1 1 1 1 1 1 1 1 1 1 1 1 
1 1 1 0 0 1 1 1 1 1 1 1 1 1 1 1 1 1 1 1 1 1 1 1 1 1 1 1 1 1 1 0 1 1 1 1 1 1 1 1 0 1 1 1 1 1 1 1 1 1 1 1 0 1 1 1 1 0 1 1 1 1 1 1 1 0 1 1 1 1 
1 1 1 1 1 0 1 1 1 1 1 1 1 1 1 1 1 1 1 1 0 1 1 1 1 1 1 1 1 1 1 0 1 1 1 1 1 1 1 1 1 1 1 0 1 1 1 1 1 0 0 0 1 1 1 1 1 1 1 1 1 1 1 1 1 1 1 0 1 1 
1 1 0 1 1 1 0 1 1 1 1 1 1 1 1 0 1 0 1 1 1 1 1 1 1 1 1 1 0 1 1 1 1 1 1 1 1 0 1 1 1 1 1 1 1 0 1 1 1 1 1 1 1 0 1 1 1 0 1 1 1 1 1 1 1 1 0 1 1 1 
1 0 1 1 1 1 1 0 1 1 1 1 0 0 1 0 1 1 1 1 1 1 1 1 1 1 1 1 1 1 1 1 0 0 1 0 1 1 1 0 1 1 1 1 1 1 1 1 1 1 1 1 1 1 1 1 1 1 1 1 0 1 1 1 1 1 1 1 0 1 
0 1 1 1 1 1 1 1 0 1 1 1 1 1 1 1 1 1 1 1 1 1 0 1 0 1 1 1 1 1 1 1 0 1 1 0 1 1 1 1 1 1 1 0 1 1 1 1 1 1 1 1 1 1 1 1 1 0 1 1 1 1 1 1 0 1 1 1 1 1 
1 1 1 1 1 1 1 1 1 0 1 1 1 1 1 1 1 1 0 1 1 1 0 1 1 1 1 1 1 1 0 1 1 1 1 1 1 1 0 1 1 1 1 0 1 1 1 1 1 1 1 0 1 1 0 1 1 1 0 1 0 1 1 1 1 1 1 1 1 1 
1 1 1 1 1 1 1 1 1 1 0 0 1 1 1 1 1 0 1 1 1 1 1 1 1 1 1 1 1 0 1 1 1 1 1 0 1 1 1 1 1 1 1 1 1 1 1 1 1 1 1 1 1 1 1 1 1 1 0 1 1 1 1 1 1 1 1 1 1 0 
1 1 1 1 1 1 1 1 1 1 0 0 1 1 0 1 1 1 1 1 1 1 1 0 1 1 1 1 1 0 1 1 1 1 1 1 0 1 1 1 1 0 1 1 1 1 1 1 1 1 1 1 1 1 0 1 1 1 1 1 1 1 1 1 1 1 1 0 1 1 
1 1 1 1 1 1 1 0 1 1 1 1 0 1 1 1 0 1 1 1 1 1 1 1 1 1 1 1 1 1 1 1 1 1 1 1 1 1 1 1 1 1 1 1 1 1 0 1 1 1 1 1 1 1 1 0 1 1 0 1 1 1 1 1 1 1 1 1 1 1 
1 1 1 1 1 1 1 0 1 1 1 1 1 0 1 1 1 0 1 1 0 1 1 0 1 1 1 1 1 0 1 1 1 1 0 1 1 1 0 0 1 1 0 1 1 1 1 1 1 1 1 1 1 1 0 1 1 1 1 1 1 1 1 0 1 0 1 1 1 1 
1 1 1 1 1 1 1 1 1 1 1 0 1 1 0 1 1 1 1 1 1 1 1 1 1 1 1 1 1 1 1 1 0 1 1 1 1 1 1 1 1 1 1 1 1 1 1 1 1 1 1 0 1 1 1 1 1 1 1 1 1 1 1 1 1 1 1 1 1 1 
1 1 1 1 1 1 0 0 1 1 1 1 1 1 1 0 1 1 0 1 1 1 1 1 1 1 1 1 1 1 1 1 1 1 1 1 1 1 1 1 1 1 1 1 1 0 1 1 1 1 1 1 0 1 1 1 1 1 1 1 1 1 1 1 1 1 1 1 0 1 
1 1 0 1 1 1 1 1 1 1 1 1 0 1 1 1 0 1 1 1 1 1 1 1 1 0 1 1 1 1 1 1 1 0 1 1 1 0 1 1 1 1 1 1 1 1 1 1 0 1 1 1 1 1 1 1 1 1 1 1 1 0 1 1 1 1 0 1 1 1 
0 1 1 1 1 1 0 1 1 1 0 1 1 0 1 1 1 0 1 1 1 1 1 1 1 1 1 1 1 1 0 0 1 1 1 1 1 1 1 1 0 1 0 1 1 1 0 1 1 1 1 0 1 1 1 1 1 1 1 1 1 0 1 1 1 1 1 1 1 1 
1 1 1 1 1 1 1 1 1 0 1 1 1 1 1 0 1 1 0 1 1 1 0 1 1 1 1 1 0 1 1 1 1 1 1 1 1 1 1 1 1 1 1 1 1 1 1 1 1 1 1 1 1 1 1 1 1 1 1 1 1 1 1 1 1 1 1 1 1 1 
1 1 1 0 1 1 1 1 1 1 1 1 1 1 1 1 1 1 1 0 1 1 1 1 1 1 1 1 1 1 1 1 1 1 1 1 1 1 1 1 1 1 1 1 0 1 1 1 1 1 1 1 0 0 1 1 1 0 1 1 1 1 0 1 1 1 0 1 1 1 
1 1 0 1 1 0 1 1 1 1 1 1 1 0 1 1 1 1 1 1 0 1 1 1 1 1 1 0 0 1 1 0 1 1 1 0 1 1 1 1 1 1 1 1 1 1 1 1 1 1 1 1 1 1 1 0 0 1 1 1 1 1 1 1 1 1 0 1 1 1 
1 1 0 1 1 1 1 1 1 1 1 1 1 1 1 1 1 1 1 1 1 0 0 1 1 1 1 1 0 0 1 1 1 0 0 1 1 1 1 1 0 1 1 1 1 1 1 1 1 1 1 1 1 1 1 1 1 1 1 1 1 1 1 1 0 1 1 0 1 1 
1 1 1 1 1 1 1 1 0 0 1 1 1 1 1 1 1 1 0 1 1 0 0 1 1 1 1 0 1 1 1 0 1 1 1 0 1 1 1 1 1 1 1 1 1 1 1 1 1 1 1 0 1 0 1 1 1 1 1 1 1 1 1 1 1 1 1 0 1 1 
1 1 1 1 1 1 1 1 1 1 1 0 1 0 1 1 1 1 1 1 1 1 1 0 1 1 1 1 1 1 1 1 1 1 1 1 0 1 1 0 1 1 1 1 1 1 1 1 1 1 1 0 1 1 1 1 1 1 1 1 1 0 1 1 1 1 1 1 1 1 
0 0 1 1 1 1 1 1 0 1 1 1 1 1 1 1 1 1 1 1 1 1 1 1 0 0 1 1 1 1 1 1 0 0 1 1 1 1 1 1 1 1 1 1 1 0 1 1 1 1 1 0 1 1 1 1 1 1 1 1 1 1 1 1 1 1 1 1 1 1 
1 1 1 1 1 1 1 1 1 1 1 1 1 1 1 1 0 1 1 1 1 1 1 1 0 0 1 1 1 1 0 1 1 1 1 1 1 1 1 1 1 1 1 1 0 1 1 1 1 1 1 1 1 1 1 1 1 1 1 1 1 1 1 1 1 1 1 0 1 1 
1 1 1 1 1 1 1 1 1 1 1 1 1 1 1 1 1 1 1 1 1 1 1 1 1 1 0 1 1 1 1 1 1 1 1 1 1 1 1 1 1 1 1 1 1 1 1 1 1 1 0 1 1 1 1 0 1 1 1 1 1 1 1 1 1 0 1 1 1 1 
1 1 1 1 1 1 1 1 1 1 1 1 1 1 1 1 1 1 1 1 0 1 0 1 1 1 1 0 1 1 0 0 1 1 1 1 1 1 1 1 1 1 1 1 1 1 1 1 1 1 1 1 1 1 1 1 1 1 0 1 1 1 1 1 1 1 1 1 1 0 
0 1 1 1 1 1 0 1 1 1 1 1 1 1 1 1 1 1 0 1 0 0 1 1 1 1 1 1 0 1 1 1 1 1 1 1 1 1 0 1 1 1 1 1 1 1 0 1 1 1 0 1 1 1 1 1 1 1 1 1 1 1 1 1 1 1 1 1 0 1 
1 1 1 1 1 1 1 1 1 1 0 0 1 0 1 1 1 1 1 1 1 0 1 1 1 1 1 1 1 0 1 1 1 1 1 1 1 1 1 1 1 1 1 0 1 1 1 1 1 1 1 1 1 1 1 1 1 1 1 1 1 1 1 1 1 1 1 1 0 1 
1 1 1 1 1 1 1 1 1 0 1 1 1 1 1 1 1 0 1 1 1 1 1 1 1 0 1 0 1 1 0 1 1 1 1 1 1 1 1 1 1 1 1 1 1 0 1 1 0 1 1 1 1 1 1 1 1 1 1 1 1 1 0 1 1 1 1 1 1 1 
1 1 1 1 0 0 1 1 1 1 1 1 1 1 1 1 1 0 1 1 0 1 0 1 1 1 1 0 1 1 1 0 1 1 1 1 1 1 1 1 1 1 1 1 1 1 1 1 1 0 1 1 1 1 1 1 1 1 1 1 1 1 1 1 1 0 1 1 1 1 
1 1 1 1 1 1 1 0 0 1 1 1 1 1 0 1 1 1 1 1 1 1 1 1 0 1 1 1 1 1 1 1 0 1 0 1 1 1 1 1 1 1 1 1 1 1 1 1 1 1 1 1 0 1 1 1 1 1 1 1 0 1 1 0 1 1 1 1 1 1 
0 0 1 1 1 1 1 0 1 1 1 1 1 1 1 1 0 1 1 1 1 0 1 1 0 1 1 1 1 1 1 1 1 0 0 1 1 1 0 1 1 1 1 1 1 1 1 1 1 1 1 1 1 1 1 1 1 1 1 1 1 1 1 1 1 1 1 1 1 1 
1 0 1 1 1 1 1 1 1 1 1 1 1 0 1 1 1 1 1 1 1 0 1 1 1 1 1 1 1 1 1 1 0 0 0 1 1 1 1 1 1 1 1 1 1 1 1 1 1 1 1 1 1 1 1 1 1 1 1 1 1 1 1 1 1 1 1 1 1 0 
1 1 1 1 1 1 1 0 0 1 0 1 1 1 1 1 1 1 1 1 0 1 0 1 1 1 1 1 1 1 1 1 1 1 1 0 1 1 1 1 1 1 1 1 1 1 1 1 1 0 1 1 1 1 1 1 1 1 1 1 1 1 1 1 0 1 1 1 1 1 
1 0 1 1 1 1 1 1 1 1 1 0 1 1 1 1 1 1 1 1 1 1 1 0 1 1 1 1 1 1 1 1 1 1 1 1 0 1 1 1 0 1 1 1 1 1 1 1 1 1 1 1 1 0 1 1 1 0 1 1 1 1 1 1 1 1 1 1 1 1 
1 1 1 1 1 1 0 1 1 1 1 1 1 1 1 1 0 1 1 1 1 1 1 1 1 1 1 1 1 1 1 1 1 1 1 1 1 0 1 1 1 1 1 1 1 1 1 1 1 1 1 1 1 1 1 1 1 1 0 0 1 1 1 1 1 0 1 1 1 1 
1 1 1 1 1 1 1 1 1 0 1 1 1 0 1 1 1 1 1 1 1 1 1 1 1 1 1 1 0 1 1 1 1 0 1 1 1 1 0 1 1 1 1 1 1 1 1 1 1 1 1 1 1 1 1 1 1 1 1 1 1 1 0 1 0 1 1 1 1 1 
1 1 1 1 1 1 1 0 1 1 1 1 1 0 1 1 1 1 1 1 1 1 1 0 1 1 1 1 1 1 1 1 1 1 1 1 1 1 1 0 1 1 1 1 1 1 1 1 1 1 1 1 0 0 1 1 1 1 1 1 1 1 1 1 0 1 1 1 1 1 
1 1 1 1 0 1 1 1 1 1 1 1 1 1 1 1 1 0 1 1 1 0 1 1 1 1 1 1 1 1 1 1 1 1 1 1 0 1 1 1 0 0 1 1 1 1 1 1 1 1 1 1 1 1 1 1 1 1 1 1 1 1 1 1 1 1 1 1 1 1 
0 1 1 1 1 1 1 1 1 1 1 0 1 1 1 1 1 1 1 1 1 1 1 1 1 1 1 1 1 1 1 1 1 1 1 1 1 1 1 1 0 0 1 1 1 1 1 1 1 1 1 1 1 1 1 1 1 1 1 1 1 1 1 1 1 1 1 1 1 1 
1 1 1 1 1 1 1 1 1 1 1 1 1 0 1 1 1 0 1 1 1 1 1 1 1 1 1 1 1 1 1 1 1 1 1 1 1 1 1 1 1 1 0 1 1 1 1 1 1 1 1 1 1 1 1 1 1 1 1 1 1 0 1 1 1 1 0 1 1 1 
1 1 1 1 1 0 1 1 0 0 1 1 1 1 1 1 1 1 1 1 1 1 1 1 1 1 1 1 1 0 1 1 1 1 1 1 1 1 1 1 1 1 1 0 1 1 1 1 1 1 1 1 1 1 1 1 1 1 1 1 1 1 1 1 1 1 1 1 1 1 
1 1 1 1 1 1 1 1 1 1 1 1 1 1 1 1 1 1 1 0 1 1 1 1 1 0 1 1 1 1 1 1 1 1 1 1 1 1 1 1 1 1 1 1 0 1 1 0 1 1 1 1 1 1 1 1 0 1 1 1 1 1 1 1 1 1 1 1 1 1 
1 1 1 1 1 1 0 1 1 1 1 1 1 1 1 0 1 1 1 1 1 1 1 1 0 1 1 1 1 1 0 1 1 1 1 1 1 1 1 1 1 1 1 1 1 0 1 1 1 1 1 1 1 1 1 1 1 1 1 1 1 1 1 1 0 1 1 1 0 1 
1 1 1 1 1 1 1 1 1 1 1 1 0 1 1 1 1 0 1 1 1 1 1 1 1 1 1 1 0 1 1 1 1 1 1 1 1 1 1 1 1 1 1 1 1 1 0 0 1 1 1 1 1 1 1 1 1 1 1 1 1 1 1 1 1 0 1 1 1 1 
0 1 1 1 1 1 1 1 1 1 1 1 1 1 1 1 1 1 1 1 1 1 1 1 1 1 1 1 1 1 1 1 1 1 1 1 1 1 1 1 1 1 1 1 0 1 0 0 0 1 1 1 1 0 1 1 1 1 1 1 1 1 1 1 1 1 1 1 1 1 
1 1 1 1 1 1 1 1 1 1 1 1 1 1 1 1 0 1 1 1 1 1 1 1 1 1 1 1 1 1 0 1 1 1 1 1 1 1 1 1 1 1 1 1 1 1 1 0 0 1 1 1 0 1 1 1 1 1 1 1 1 1 1 1 1 1 1 1 1 1 
1 1 0 1 1 0 1 1 1 1 1 1 1 1 1 1 1 1 1 1 1 1 1 1 1 1 1 1 1 1 1 0 1 1 1 0 1 1 1 1 1 1 1 1 1 1 1 1 1 0 1 1 0 1 0 1 0 1 1 1 1 0 1 1 1 1 1 1 1 1 
1 1 1 1 1 0 1 1 1 1 1 1 1 1 1 1 1 1 1 1 1 1 1 1 1 1 0 1 0 1 1 1 1 1 1 1 1 1 1 1 1 1 1 1 1 1 1 1 1 1 0 1 1 0 1 1 1 1 1 1 1 0 1 1 1 1 1 1 1 1 
1 1 1 1 1 0 1 1 1 0 1 1 1 1 0 1 1 0 1 1 1 1 0 0 0 1 1 1 1 1 1 1 1 1 1 1 1 1 1 1 1 1 1 1 1 1 1 1 1 1 1 0 1 1 0 1 1 1 1 1 1 1 1 1 1 0 1 1 1 1 
1 1 0 0 0 1 1 1 1 1 1 1 1 1 1 0 1 1 1 0 1 1 1 1 1 1 1 1 1 1 1 1 0 1 1 1 1 1 1 0 1 1 1 1 1 1 1 1 0 0 1 1 0 1 1 1 1 1 1 1 0 0 1 1 1 0 1 1 1 0 
1 1 1 1 1 1 0 1 1 1 1 1 1 1 1 1 1 1 1 0 1 1 0 1 1 1 1 1 1 1 1 1 1 1 1 1 0 1 1 0 1 1 1 1 1 1 1 0 1 1 0 1 1 0 1 1 1 1 1 1 1 1 1 1 1 1 1 1 1 1 
1 1 1 1 1 1 1 1 1 0 1 0 1 0 1 1 1 1 1 1 1 1 1 1 1 1 1 1 1 1 1 1 1 1 1 1 1 1 1 1 1 1 1 1 1 1 1 1 1 0 1 0 1 1 0 1 1 1 1 1 1 1 0 1 1 0 1 0 1 1 
1 1 1 0 1 1 1 1 1 1 1 1 0 1 1 1 1 1 1 1 0 1 1 1 1 1 0 1 1 1 1 1 1 1 1 1 1 1 1 1 1 1 1 1 1 1 1 1 1 1 1 1 1 1 1 0 1 0 1 1 1 1 1 1 1 1 1 1 1 1 
1 1 1 1 1 1 1 1 1 1 1 1 1 1 1 1 1 1 1 1 0 1 1 1 1 1 1 1 1 1 1 1 1 1 1 1 1 1 1 1 1 1 1 1 0 1 1 1 1 0 1 1 1 1 1 1 0 1 1 1 1 1 1 1 1 1 1 1 1 1 
1 0 1 1 0 1 0 1 0 1 1 1 1 1 1 1 1 1 1 0 1 1 1 1 1 1 1 1 1 1 1 1 1 1 1 1 0 1 1 1 1 1 1 1 1 1 1 1 1 1 1 1 1 1 1 0 1 0 1 1 1 1 1 0 1 1 1 0 1 0 
1 1 1 1 1 1 1 1 1 0 0 1 0 1 1 1 1 1 1 1 1 1 1 1 1 1 1 0 1 1 1 1 1 1 1 1 1 0 1 1 1 1 1 1 1 1 1 1 1 1 1 1 1 1 1 1 1 1 0 1 1 1 1 1 1 1 1 1 1 1 
1 1 1 1 1 1 1 1 1 1 1 1 1 1 1 1 1 1 1 1 1 1 1 1 1 1 1 1 1 1 1 1 1 1 1 1 1 0 1 1 1 1 1 1 1 1 1 1 1 1 1 1 1 1 1 1 1 1 1 0 1 0 1 1 0 1 1 1 1 1 
1 1 1 1 1 1 1 0 1 0 1 1 1 1 1 1 1 1 1 1 1 1 1 1 1 1 1 1 1 1 1 1 0 1 1 1 1 1 1 1 1 1 1 1 1 1 1 1 1 1 1 1 0 1 1 1 1 1 1 1 0 0 1 1 1 1 1 1 1 1 
0 1 1 1 1 1 1 1 1 1 1 1 1 1 1 1 0 0 1 1 1 1 1 0 1 1 1 1 1 1 1 1 1 1 1 1 1 1 1 1 1 1 0 1 1 1 1 1 1 0 0 1 0 1 1 1 1 1 1 0 0 0 1 1 1 1 0 1 1 1 
1 1 1 1 1 1 1 1 1 1 1 1 1 1 1 1 1 1 1 0 1 1 1 1 1 1 1 1 1 1 0 1 1 1 1 1 1 1 0 1 1 1 1 1 1 1 1 1 1 1 1 1 1 1 0 1 1 1 1 1 1 1 0 1 1 1 1 1 1 1 
1 1 1 1 1 1 1 1 1 1 1 1 1 0 1 1 1 1 1 1 1 1 1 1 1 1 1 1 1 1 1 1 0 1 1 1 1 1 1 1 1 1 1 1 1 1 1 1 1 1 1 1 1 1 1 1 1 0 1 1 1 1 1 0 1 1 1 1 1 1 
0 0 1 1 1 1 1 1 0 1 1 1 1 1 1 1 1 1 1 1 1 0 1 1 1 1 1 1 1 1 1 1 1 1 1 0 1 1 0 0 1 1 1 1 1 0 1 1 1 1 1 1 1 1 1 1 1 1 1 0 1 1 1 1 0 1 1 1 1 1 
1 1 1 1 0 1 1 1 1 1 1 1 1 0 1 1 1 1 1 1 1 1 1 1 1 1 0 1 1 1 1 0 1 1 1 1 1 0 1 1 1 1 1 1 1 1 0 1 1 1 1 0 0 1 0 1 1 1 1 1 1 1 1 1 1 0 0 1 0 1 
1 1 1 1 1 1 0 1 1 1 1 1 1 1 1 1 0 1 1 0 0 1 1 1 1 1 1 1 1 1 1 1 1 1 1 1 1 1 1 1 1 1 0 1 1 1 1 1 1 1 1 1 1 1 1 1 1 1 1 1 1 0 1 1 1 0 0 1 1 1 
1 1 1 1 1 0 1 1 1 1 1 0 1 1 1 1 1 1 1 1 1 0 0 1 1 0 1 1 1 1 1 1 1 1 1 1 1 1 1 1 1 1 1 1 1 1 1 1 1 1 1 1 1 1 0 1 1 0 1 1 1 1 1 1 1 1 1 0 1 0 
1 1 0 1 1 1 1 0 1 1 1 1 1 1 1 0 1 1 1 1 1 1 1 1 1 1 1 1 0 0 1 1 1 1 1 1 1 1 1 1 1 1 1 1 1 0 1 1 1 1 1 1 1 1 1 1 1 1 1 1 1 1 1 1 1 0 1 1 0 1 
1 1 1 1 1 1 1 1 1 1 0 1 1 1 1 1 1 1 1 1 1 1 1 1 1 1 1 0 1 1 1 1 1 1 0 1 1 1 1 1 1 1 1 1 1 1 1 1 1 1 1 1 0 1 1 1 1 0 1 1 1 1 1 1 1 1 1 0 1 0 

0 0 0 0 0 0 0 11 8 30 0 7 0 0 22 0 0 0 0 0 0 0 0 0 0 0 0 0 24 0 0 0 18 0 0 0 0 22 0 29 0 0 0 11 26 7 0 0 0 0 0 0 0 0 0 0 0 0 0 0 0 0 0 0 0 0 0 9 0 0 
0 0 0 18 0 0 31 0 0 0 0 0 14 0 0 8 16 0 0 0 0 0 0 0 0 0 0 0 0 0 0 0 0 14 0 0 0 0 0 0 0 0 0 0 0 0 15 0 9 0 5 0 4 0 0 0 0 9 0 4 0 0 0 0 0 0 0 0 0 15 
0 0 0 0 0 0 0 0 0 0 0 0 2 0 0 0 0 9 0 0 0 0 0 0 31 0 0 0 4 0 0 0 0 0 0 0 0 29 0 0 0 0 0 0 0 0 0 0 0 11 0 0 0 0 0 23 0 17 0 0 18 0 18 0 0 0 15 0 0 0 
0 0 0 0 0 0 0 0 0 0 0 0 0 0 0 0 4 0 0 0 0 0 0 0 0 0 0 0 0 0 0 0 0 0 19 3 0 0 0 15 0 0 0 0 0 0 0 27 0 0 0 0 0 0 0 0 0 0 0 0 6 0 11 0 7 0 12 0 0 0 
12 0 0 0 0 0 0 3 0 0 0 0 20 0 0 0 22 0 1 0 0 0 3 0 0 0 0 0 0 0 0 0 0 0 0 0 0 0 0 29 0 0 0 21 0 0 0 0 0 0 0 0 0 0 0 0 0 0 0 0 0 0 0 0 0 0 0 0 0 0 
0 0 0 8 0 0 14 0 0 0 0 0 0 0 0 25 0 0 0 0 0 0 0 0 0 0 0 0 0 0 0 0 0 0 0 0 0 0 0 24 0 0 0 17 0 0 0 3 0 0 0 0 0 8 0 0 0 0 0 22 0 0 0 0 0 0 0 0 0 17 
0 0 0 0 0 0 0 0 0 0 0 0 0 5 0 12 0 0 0 31 0 0 0 0 0 10 0 0 0 25 0 0 0 0 21 0 0 13 0 0 29 0 0 22 0 0 0 0 0 0 0 0 0 0 0 0 0 0 0 0 0 19 0 0 0 0 13 0 0 0 
0 0 0 0 0 14 0 0 0 0 0 14 0 0 0 0 0 0 15 0 14 0 0 0 0 0 0 0 0 0 0 15 12 0 0 0 0 13 0 0 0 14 8 0 0 0 0 0 0 0 0 0 0 0 0 0 0 14 10 0 0 0 0 0 1 0 0 0 0 0 
0 11 3 0 23 23 0 0 0 22 0 0 0 0 0 0 0 0 11 0 0 0 0 26 0 0 28 0 0 0 0 0 10 0 0 0 0 0 31 0 6 11 0 0 7 0 0 0 0 0 0 0 20 0 0 0 0 30 0 0 1 20 0 0 0 0 19 0 0 0 
15 0 0 0 10 0 0 0 0 0 0 0 0 1 28 0 0 0 0 0 9 0 0 6 0 0 0 0 0 0 0 0 0 0 0 0 30 0 0 0 0 0 0 0 0 0 10 15 0 0 0 0 0 5 0 0 0 0 0 0 0 1 0 0 0 0 8 0 0 0 
0 0 0 19 4 22 27 0 0 0 0 31 0 0 4 0 16 29 0 0 0 0 0 0 0 17 6 0 0 0 0 11 0 0 0 6 13 0 0 0 0 0 0 0 0 0 0 0 22 0 0 27 0 0 0 0 0 0 10 0 0 0 0 0 0 0 23 0 0 0 
0 0 0 0 9 18 25 0 0 0 0 0 0 0 0 0 0 0 0 0 19 25 0 0 0 0 21 0 0 0 0 0 0 0 0 0 0 0 0 0 0 3 0 0 0 2 0 17 0 0 0 0 27 28 0 0 0 0 0 0 20 0 0 0 0 0 0 21 0 0 
0 0 0 0 0 0 0 0 0 0 0 0 0 0 0 0 0 0 0 7 0 0 0 0 0 0 0 0 0 1 0 0 0 0 0 13 0 23 0 0 0 0 22 0 0 0 9 0 0 0 0 0 0 0 0 0 5 2 0 5 30 29 0 3 25 1 16 0 0 0 
4 0 0 0 0 0 0 0 0 0 0 15 11 0 0 0 31 0 0 0 31 0 0 0 0 0 0 0 0 10 0 0 0 0 0 0 0 0 0 0 0 28 0 0 0 0 0 7 11 0 0 0 0 0 0 0 0 17 0 0 0 0 0 0 0 0 0 0 10 0 
0 29 0 10 0 0 18 0 0 0 0 20 0 0 0 0 0 0 0 0 0 27 0 0 0 0 0 0 0 6 0 0 21 23 0 0 0 0 0 0 16 14 0 0 0 8 0 0 0 0 16 3 0 0 0 0 0 0 0 0 0 10 0 0 0 0 10 0 3 10 
0 0 0 0 0 0 0 4 0 0 28 12 0 0 0 0 0 0 0 0 0 0 0 17 0 0 0 0 0 0 0 0 0 8 0 0 0 31 0 0 0 0 0 0 0 0 0 0 0 0 0 0 0 0 0 0 0 0 15 0 0 0 0 26 0 0 0 28 0 1 
0 0 0 31 0 0 0 0 0 0 0 0 0 2 0 0 0 0 0 0 16 17 0 10 0 24 0 0 0 0 0 0 0 0 0 13 0 5 0 0 27 0 0 0 0 0 0 0 0 0 0 0 0 0 0 0 0 0 24 0 0 0 0 10 0 0 0 0 0 0 
0 0 0 0 0 0 0 0 0 0 1 0 0 0 2 0 0 0 0 0 0 0 0 0 0 0 18 0 0 0 0 0 0 13 0 0 0 0 0 0 0 0 0 0 0 0 9 0 0 0 0 0 0 20 0 24 0 21 0 0 0 18 4 0 27 0 12 30 0 10 
0 0 0 0 0 6 0 0 0 0 0 0 0 0 0 0 0 0 0 0 0 0 0 0 0 0 0 0 0 28 0 11 0 0 23 0 0 0 0 0 0 0 0 0 0 28 0 0 0 26 0 27 26 0 0 0 0 0 0 0 0 0 0 2 0 0 0 0 0 0 
0 0 0 0 0 31 0 0 2 0 0 11 0 0 0 0 0 0 0 0 0 0 0 0 0 0 0 0 0 0 30 0 0 29 0 0 24 0 19 1 0 0 0 0 0 19 0 0 20 0 0 0 3 0 0 0 0 1 21 30 0 9 0 7 0 0 0 0 0 13 
0 0 0 31 25 29 19 0 0 16 27 0 14 0 4 10 0 0 3 0 0 0 22 0 0 24 0 0 8 0 0 0 0 0 0 11 23 27 0 0 4 11 0 0 0 0 0 0 0 2 0 31 0 0 0 0 0 0 0 0 0 0 0 28 0 2 9 0 0 0 
31 0 0 0 0 0 0 0 0 0 0 0 0 0 0 12 0 0 20 0 0 0 0 0 0 0 0 0 0 0 0 19 0 0 0 0 0 0 0 0 0 0 0 0 0 0 10 0 0 0 28 0 0 0 10 0 13 12 0 0 0 0 0 0 0 0 21 0 0 0 
0 0 23 0 0 0 0 0 30 0 0 0 1 0 0 0 16 0 0 0 1 0 0 0 0 0 0 0 0 0 0 0 0 23 0 0 0 0 0 0 0 0 16 5 0 0 28 0 0 0 0 5 0 0 0 0 0 0 0 8 0 0 0 7 0 15 0 14 0 0 
9 17 0 0 0 0 0 0 0 0 0 0 16 0 0 0 0 11 21 0 0 0 0 0 0 30 0 0 0 0 16 15 6 0 16 0 0 3 0 0 20 5 25 0 0 0 0 0 0 18 24 6 0 0 0 0 0 0 0 0 0 0 0 4 0 0 5 0 0 0 
0 13 0 0 0 0 0 0 0 0 0 0 0 0 0 0 0 5 20 0 0 0 0 0 0 0 0 0 0 3 26 0 0 0 0 0 0 0 0 15 0 0 0 0 0 0 7 4 0 5 0 0 0 9 0 0 0 0 0 0 0 13 0 27 0 0 0 0 0 0 
0 0 0 5 0 0 0 22 0 0 0 0 0 0 5 19 0 0 0 18 0 26 0 0 0 0 15 0 0 0 8 0 0 0 27 0 0 0 0 0 0 0 0 0 0 0 0 0 10 18 0 0 0 19 0 0 0 0 17 0 4 6 0 22 29 0 0 0 0 7 
0 0 1 0 0 0 0 0 0 0 2 0 0 0 0 0 0 0 0 0 0 1 31 0 0 0 0 0 0 0 0 0 0 0 0 0 0 0 0 0 0 6 0 0 0 0 0 0 0 0 0 0 0 0 0 0 0 0 0 0 0 0 0 24 0 0 0 0 0 23 
0 0 9 31 0 0 0 0 0 26 0 0 27 0 0 0 0 0 0 0 23 0 0 0 0 0 1 0 18 0 0 0 2 0 0 0 0 0 0 0 31 0 0 0 0 5 0 16 0 0 0 0 0 0 0 0 23 0 0 0 0 0 0 0 1 0 0 0 0 0 
15 0 15 0 0 0 25 0 0 0 0 0 0 0 0 0 30 5 0 0 0 0 0 14 0 0 0 0 0 0 0 0 10 0 0 0 30 0 25 0 0 0 0 0 0 0 0 0 0 0 0 0 9 0 0 0 0 0 0 0 0 0 30 0 0 0 0 0 0 31 
0 0 0 0 5 27 0 14 0 0 0 0 0 0 0 0 0 0 0 0 0 0 18 0 0 24 30 0 31 0 0 0 0 0 8 0 0 0 11 0 0 0 0 3 0 26 0 0 0 0 0 0 0 0 0 0 0 0 0 0 0 10 0 0 0 0 0 0 0 0 
0 0 0 0 0 9 0 0 0 0 0 0 0 0 0 0 0 0 0 0 1 0 0 0 0 16 0 0 0 0 0 0 12 16 0 0 29 0 17 0 0 0 0 29 0 0 0 0 6 0 0 0 0 0 0 22 0 0 0 0 0 18 0 0 23 3 0 0 0 0 
0 12 0 0 0 0 0 0 0 30 0 17 7 0 0 0 0 0 0 0 0 21 29 0 4 0 15 0 0 0 0 0 0 0 0 0 0 0 0 0 0 0 0 0 0 10 0 0 6 5 0 0 13 0 0 0 20 0 4 22 0 0 0 0 0 0 0 0 17 0 
0 0 0 0 3 0 2 0 0 0 0 0 0 29 0 29 2 0 28 0 1 0 26 0 0 13 0 0 0 0 0 0 0 0 0 25 0 0 0 0 0 0 0 0 0 0 0 13 0 0 15 0 0 0 0 0 0 0 7 0 8 0 0 0 0 0 0 0 0 0 
0 0 0 0 3 0 0 0 0 0 0 0 0 21 23 0 0 0 0 0 15 0 0 0 0 0 0 0 0 0 0 0 0 0 0 0 0 0 0 0 0 0 0 0 0 0 0 0 0 0 0 0 13 20 9 0 0 0 29 0 0 0 0 0 0 26 0 0 22 0 
11 6 0 0 0 0 0 8 0 0 24 0 0 0 0 0 0 0 1 0 5 0 0 0 0 0 0 0 0 24 0 0 0 0 0 0 0 0 0 0 0 0 0 0 0 0 12 22 0 0 0 0 0 0 0 0 0 0 0 0 0 0 0 0 0 0 0 0 0 0 
0 0 0 29 6 23 0 0 0 0 0 0 0 0 0 0 0 0 0 23 0 0 0 0 22 0 0 14 0 0 0 0 0 0 0 0 0 0 0 0 13 0 0 0 0 0 30 0 0 0 0 0 0 11 0 0 0 0 0 0 0 0 0 0 0 0 0 0 0 0 
11 0 0 0 0 0 0 0 0 0 8 0 0 31 0 0 13 0 0 27 0 12 0 0 0 0 0 0 0 21 0 0 0 10 0 0 0 0 0 0 0 0 0 0 0 9 0 0 0 18 0 0 0 27 0 16 0 17 0 0 0 0 0 0 0 0 0 15 0 11 
0 0 0 0 0 0 0 0 10 4 0 0 0 29 0 0 0 0 0 5 0 0 0 0 0 0 0 0 18 0 0 0 5 11 0 0 0 0 12 0 31 0 0 4 9 0 0 0 0 0 8 0 0 0 0 0 0 6 22 4 0 0 0 0 12 0 0 0 0 0 
0 0 0 0 0 2 0 0 0 0 0 6 0 0 0 0 27 27 0 0 0 0 0 0 0 0 0 13 0 0 0 1 0 0 0 31 0 0 0 0 0 3 0 0 0 0 0 21 0 0 0 0 0 0 0 0 0 0 0 0 0 0 0 1 0 0 0 21 0 0 
0 0 0 0 0 0 0 0 0 0 0 17 0 0 0 0 0 0 0 0 0 0 0 0 0 4 0 0 0 0 26 3 0 30 0 29 0 0 0 0 0 0 0 0 0 0 0 13 0 0 0 0 0 0 0 0 16 0 0 0 0 0 0 0 12 0 0 0 18 0 
0 0 0 0 0 0 0 0 0 0 0 0 0 0 0 0 0 0 0 0 0 0 0 0 0 0 0 6 0 0 0 0 4 0 0 0 0 0 0 0 0 0 0 0 3 0 0 25 0 0 29 0 0 0 11 16 0 1 0 0 24 0 0 0 0 0 0 0 0 0 
0 0 0 0 0 0 0 0 9 0 0 0 0 0 5 0 3 0 0 20 30 0 0 0 27 0 0 0 0 0 0 0 0 0 15 5 0 0 0 0 13 0 0 24 0 0 0 0 0 0 23 0 0 29 0 0 0 0 11 22 25 11 7 0 9 0 17 0 0 0 
3 13 0 0 19 0 0 4 0 0 0 0 0 0 0 0 0 0 0 20 0 0 0 0 0 0 0 13 0 25 0 0 0 0 0 30 0 7 0 0 0 0 0 0 0 0 0 0 0 0 0 15 0 0 0 0 0 0 0 0 0 0 0 0 0 0 0 0 19 0 
0 5 0 0 0 0 0 0 0 5 0 0 0 0 0 0 0 0 0 0 0 0 0 0 16 0 0 0 21 2 0 15 0 0 0 0 0 0 0 0 0 0 0 0 0 4 0 0 0 4 0 0 0 26 0 0 0 0 31 0 0 0 0 0 0 0 0 10 0 0 
0 0 0 0 0 0 5 0 0 0 0 0 0 24 0 0 0 0 0 0 0 0 0 0 0 0 0 0 0 0 0 0 14 0 0 0 0 0 3 21 8 0 0 0 0 0 0 0 3 0 1 0 0 0 0 0 21 0 0 27 0 0 1 0 0 0 0 0 0 14 
0 0 0 0 0 0 0 0 0 9 26 0 25 0 0 0 30 11 0 0 0 0 0 15 0 0 0 0 0 0 0 15 0 0 0 0 0 0 0 0 0 0 0 0 23 0 0 27 0 25 0 0 0 0 14 0 0 0 0 0 0 0 0 0 0 0 0 0 0 0 
0 0 0 0 0 0 0 0 0 0 0 26 0 0 0 0 0 0 0 29 22 0 0 0 0 0 0 0 0 18 0 18 0 7 0 0 0 8 17 0 9 29 0 0 0 0 0 0 0 0 4 0 8 0 0 0 0 0 28 0 0 0 1 0 0 0 0 7 0 0 
27 0 0 0 0 0 0 3 0 0 15 0 0 0 0 0 0 0 0 0 0 0 0 0 21 0 20 17 13 0 0 0 0 0 0 0 0 0 0 0 4 0 0 0 0 0 17 0 0 0 0 0 0 28 16 0 0 0 0 0 26 0 0 9 20 0 29 0 0 0 
0 26 25 0 0 0 0 0 0 0 0 16 0 0 0 0 20 0 0 15 0 0 0 0 0 0 0 9 0 0 0 4 28 28 0 0 0 0 0 0 0 0 0 17 0 0 0 0 0 0 27 0 0 0 0 31 19 0 20 29 0 25 0 0 0 0 4 13 0 0 
0 0 0 4 0 0 0 0 0 0 0 0 0 12 0 0 0 0 0 22 19 13 0 0 0 0 0 19 18 0 0 0 0 0 0 0 0 0 11 12 0 14 10 0 0 21 0 0 13 0 0 0 2 0 0 0 0 1 4 14 0 0 0 0 0 0 11 0 0 0 
0 0 0 0 0 7 0 21 0 0 0 0 0 0 0 0 0 0 0 0 2 0 0 30 0 0 0 10 0 0 17 24 0 0 0 0 0 0 0 0 0 13 0 0 9 0 0 0 0 0 0 17 19 31 14 0 0 0 0 0 24 0 16 0 0 0 0 10 0 0 
25 24 0 0 0 0 0 0 0 0 0 0 0 0 0 0 0 0 0 0 1 0 0 0 21 26 0 22 27 27 27 0 10 0 0 0 0 0 0 0 0 0 0 22 20 0 0 0 0 0 0 0 0 0 12 0 30 0 0 0 0 0 22 0 11 10 0 18 0 0 
0 19 0 0 15 0 0 0 28 0 0 31 26 0 0 0 0 0 0 0 0 0 7 15 0 0 29 0 0 0 6 0 0 0 21 0 0 0 0 0 0 0 0 0 0 0 0 0 0 0 4 0 0 28 0 0 26 0 0 0 0 15 0 0 0 0 0 0 4 0 
18 0 0 27 0 0 6 0 0 0 19 0 0 0 0 0 0 2 17 0 9 0 0 12 0 0 31 0 0 0 0 0 0 0 0 0 0 31 0 0 0 0 0 0 0 0 0 0 2 0 0 0 0 0 0 0 0 0 0 0 0 0 0 6 0 0 0 15 0 12 
0 10 0 0 0 0 0 0 16 0 0 0 0 14 0 0 0 0 0 0 0 0 0 0 0 0 0 0 0 0 5 0 0 0 0 0 31 0 0 17 0 0 0 0 0 0 0 9 0 0 0 0 0 0 0 0 0 9 0 0 0 0 17 0 0 0 0 0 26 12 
17 0 0 30 0 0 0 9 0 0 0 1 0 0 0 29 0 0 0 3 0 0 0 0 0 0 0 0 0 0 0 0 0 0 0 0 0 0 0 0 0 0 0 0 7 0 0 0 0 0 26 0 0 0 0 0 0 0 0 0 0 0 0 0 0 0 0 0 0 30 
0 0 0 0 0 6 0 0 0 0 0 0 0 0 0 0 3 18 6 0 0 0 0 0 0 16 4 0 0 0 31 0 22 0 0 0 1 6 0 0 0 0 0 0 0 0 14 0 0 0 0 26 0 0 0 0 0 0 0 0 0 21 0 2 0 0 0 0 0 0 
0 0 5 0 22 0 0 0 0 31 0 0 0 0 0 0 0 0 5 10 26 0 0 0 0 0 0 0 0 4 22 0 0 0 0 29 18 0 0 0 10 0 0 0 0 0 0 0 0 0 0 0 0 0 0 0 0 0 0 0 0 6 0 0 0 0 18 0 0 0 
0 0 0 3 0 0 24 26 0 0 0 0 6 0 0 0 0 0 0 0 15 22 0 13 0 0 0 0 0 0 0 17 0 0 20 20 18 0 0 0 0 24 0 18 2 0 0 0 0 0 0 0 0 13 10 0 0 0 0 0 0 0 18 0 0 0 0 0 0 0 
0 0 0 0 4 0 0 30 10 3 0 22 0 0 0 0 2 1 0 0 23 25 0 0 8 0 0 0 0 0 0 0 0 0 0 0 0 0 0 0 0 0 0 0 0 0 0 0 20 0 0 0 0 0 0 0 22 0 0 0 0 0 0 0 0 0 0 16 25 0 
13 14 0 0 0 0 16 0 0 0 0 0 0 0 0 0 0 0 0 0 0 0 0 0 0 0 11 0 0 0 27 0 0 24 0 0 0 9 0 23 0 0 5 0 0 22 0 0 0 0 0 0 11 6 0 0 7 0 0 29 0 0 0 0 0 0 0 12 0 0 
0 0 0 20 0 0 0 3 0 0 0 0 2 0 0 0 0 25 1 0 30 0 11 0 0 0 0 5 0 0 0 27 0 0 0 0 0 0 0 20 9 0 0 0 0 0 23 0 0 0 0 0 0 0 0 0 0 21 0 0 22 0 0 0 27 0 0 0 0 23 
0 25 0 0 0 0 26 0 0 0 1 0 0 0 0 0 0 20 0 0 0 0 0 0 0 0 0 22 0 0 23 0 0 0 0 24 0 0 0 0 0 0 4 0 0 20 0 0 0 27 0 0 0 0 0 7 0 0 0 0 0 0 0 0 0 4 18 0 0 20 
7 0 7 0 16 16 0 0 0 0 0 0 0 0 26 0 0 0 0 0 0 0 0 0 0 0 5 0 0 0 13 0 0 0 0 0 0 9 0 0 0 0 0 0 0 0 0 13 0 0 21 0 0 0 0 0 28 1 0 0 0 0 0 0 0 0 0 0 0 0 
2 0 0 0 0 22 0 0 19 16 0 0 0 0 0 0 27 0 0 0 1 0 0 0 0 0 0 0 0 0 0 0 0 24 0 22 0 0 23 0 0 0 0 23 0 0 0 0 0 0 0 0 19 0 0 0 0 0 0 0 27 0 0 0 0 0 18 0 0 0 
0 0 0 0 0 21 0 0 0 0 0 0 0 24 0 0 1 0 0 25 0 0 0 0 0 0 0 0 3 0 0 0 0 11 0 0 30 0 0 0 0 0 0 3 22 15 0 0 0 0 0 31 0 0 0 13 0 0 0 31 0 29 0 0 2 0 0 0 0 26 
0 0 1 0 0 8 26 0 0 0 0 0 0 0 0 0 0 0 0 1 0 3 0 25 0 0 0 0 0 0 16 0 0 0 0 0 0 0 0 0 0 0 28 2 0 2 0 0 0 0 0 26 0 0 0 0 0 19 0 0 0 0 0 0 0 0 0 0 14 19 
0 0 0 1 10 19 0 0 0 25 0 3 0 0 0 3 11 0 0 0 0 0 14 0 0 0 0 0 0 0 0 23 0 0 10 4 29 0 0 0 0 0 0 22 4 0 0 0 0 0 0 0 0 0 13 0 0 0 6 0 0 5 7 0 0 0 13 0 0 0 
0 0 12 0 0 0 0 0 19 0 0 0 0 0 19 0 0 0 0 0 0 0 0 0 0 0 0 0 0 0 22 12 0 2 0 0 0 0 0 14 0 0 0 0 0 0 0 0 0 0 3 0 0 0 0 0 0 0 28 0 8 0 0 0 0 0 0 0 0 0 
0 0 0 0 3 7 29 0 0 0 7 0 7 0 0 2 0 0 0 0 0 0 0 0 3 0 0 0 17 0 0 0 0 0 0 0 1 0 0 14 0 0 14 25 0 0 0 0 0 0 0 0 0 0 0 0 25 0 0 0 0 0 0 0 30 0 0 0 0 0 
