70

0 0 1 1 0 0 1 0 0 1 0 0 0 0 1 0 0 0 0 1 1 0 0 0 0 0 0 0 0 0 0 0 0 0 0 0 0 1 0 0 1 0 1 0 0 0 0 0 1 1 0 0 1 0 0 0 1 0 0 0 0 1 1 0 0 1 0 0 0 0 
0 0 0 1 0 1 0 0 0 0 0 0 1 0 1 1 1 0 1 0 0 0 0 0 0 1 0 0 1 1 1 0 0 0 1 0 0 0 1 0 1 1 0 0 1 0 1 0 0 1 1 0 1 0 0 0 0 0 1 1 0 0 1 0 1 1 0 0 0 1 
1 0 0 1 0 1 0 0 0 1 1 0 0 0 0 0 0 0 0 0 0 1 0 1 0 0 0 1 0 0 1 1 0 0 1 0 1 0 1 0 1 0 1 0 0 0 0 0 0 1 0 1 0 0 0 0 1 0 1 0 1 1 0 1 1 0 0 0 0 0 
1 1 1 0 0 0 0 0 1 1 1 0 0 0 1 0 0 0 1 0 1 0 0 1 1 0 1 0 0 1 0 1 1 1 0 0 0 0 0 1 0 0 0 0 0 0 0 0 0 0 0 1 1 1 1 0 1 1 0 1 1 0 0 1 1 0 0 0 0 0 
0 0 0 0 0 1 1 1 0 0 0 0 0 0 0 0 0 1 0 0 1 0 1 0 1 0 1 0 0 0 1 1 1 0 0 0 0 0 0 1 0 0 0 1 0 0 0 0 0 1 0 1 1 0 0 1 1 0 0 0 0 0 1 0 0 0 0 0 0 1 
0 1 1 0 1 0 0 1 0 0 0 0 0 0 0 0 0 0 0 0 0 0 0 0 0 0 0 1 0 0 1 0 1 0 0 0 0 0 1 1 0 1 0 0 0 1 0 0 0 0 0 0 0 1 0 0 0 1 0 0 0 1 1 0 0 0 0 1 0 0 
1 0 0 0 1 0 0 0 0 0 0 0 1 1 0 0 1 0 1 0 1 1 1 0 0 0 1 0 0 1 0 0 1 1 0 0 0 0 1 0 0 0 1 0 0 1 0 1 1 0 0 0 0 0 0 0 0 0 0 0 0 0 1 0 0 0 0 0 0 0 
0 0 0 0 1 1 0 0 1 0 0 1 0 1 1 0 1 1 0 0 1 1 0 0 1 0 0 0 0 0 1 0 1 1 0 0 1 1 1 0 0 1 0 0 0 1 0 0 0 0 1 1 1 0 0 0 1 0 1 0 0 0 0 0 0 0 0 0 0 0 
0 0 0 1 0 0 0 1 0 0 1 1 0 0 0 1 0 0 0 1 0 0 1 0 0 0 0 0 0 0 1 0 0 0 0 0 1 1 0 1 0 0 1 0 0 0 0 0 1 1 0 0 1 1 0 0 0 1 0 0 0 0 0 0 1 0 1 0 0 0 
1 0 1 1 0 0 0 0 0 0 1 0 0 0 0 0 1 0 0 0 0 0 0 1 0 0 0 0 0 1 1 1 0 0 0 1 0 0 0 0 0 1 0 0 0 0 1 0 1 0 0 0 0 0 0 1 0 0 1 0 1 1 1 0 0 0 0 0 1 1 
0 0 1 1 0 0 0 0 1 1 0 0 0 1 0 0 0 1 0 0 0 0 1 0 0 0 0 0 0 0 0 0 0 0 1 1 1 1 1 0 0 0 1 0 0 0 1 0 0 0 0 1 1 0 0 1 0 1 0 1 0 0 1 0 1 0 0 0 1 1 
0 0 0 0 0 0 0 1 1 0 0 0 0 0 0 0 0 1 1 0 0 0 1 0 1 0 1 0 0 0 0 0 0 1 0 1 1 0 1 0 0 1 0 1 0 1 1 0 0 1 0 0 1 0 0 1 0 0 0 1 0 1 0 0 1 1 0 0 0 0 
0 1 0 0 0 0 1 0 0 0 0 0 0 1 0 0 0 1 0 1 0 0 0 0 0 1 0 0 1 0 0 0 0 1 0 0 1 1 1 1 0 1 0 0 0 0 1 0 1 1 1 0 0 0 0 0 1 0 1 0 0 0 0 1 0 1 0 0 0 0 
0 0 0 0 0 0 1 1 0 0 1 0 1 0 1 0 0 0 0 0 0 1 0 0 1 0 0 1 0 0 0 1 0 0 0 0 0 0 0 0 0 0 1 1 1 1 0 0 0 0 0 0 1 0 0 0 0 0 1 0 1 0 0 0 0 0 0 0 0 1 
1 1 0 1 0 0 0 1 0 0 0 0 0 1 0 1 0 0 1 0 1 0 0 0 0 0 1 0 0 1 0 0 0 0 1 0 0 1 1 1 1 0 1 0 0 1 0 0 1 0 0 0 0 0 0 0 1 1 1 1 1 0 1 0 0 0 1 1 1 0 
0 1 0 0 0 0 0 0 1 0 0 0 0 0 1 0 0 0 0 1 1 0 1 0 1 0 0 0 0 0 1 0 1 0 0 0 0 0 0 0 1 0 1 0 1 0 0 0 0 0 0 1 0 1 0 1 0 1 0 1 1 0 0 1 0 0 0 0 1 0 
0 1 0 0 0 0 1 1 0 1 0 0 0 0 0 0 0 0 1 0 1 0 0 0 1 0 0 0 1 0 0 0 0 1 0 0 0 1 0 0 0 0 1 1 0 0 0 0 0 1 1 1 1 1 0 0 0 1 1 0 1 0 0 0 0 1 1 0 1 1 
0 0 0 0 1 0 0 1 0 0 1 1 1 0 0 0 0 0 0 1 0 1 0 0 1 0 0 0 0 0 0 1 0 0 0 0 1 0 0 0 0 0 0 1 0 0 0 1 0 0 0 1 0 0 0 0 0 0 1 0 0 0 1 1 0 0 1 0 0 0 
0 1 0 1 0 0 1 0 0 0 0 1 0 0 1 0 1 0 0 0 1 0 0 0 1 1 0 0 0 1 0 0 0 0 0 0 0 0 0 0 1 0 1 0 0 0 0 1 1 0 0 1 0 0 0 0 0 0 1 1 0 0 0 1 0 0 0 0 1 1 
1 0 0 0 0 0 0 0 1 0 0 0 1 0 0 1 0 1 0 0 0 1 1 0 0 0 0 0 0 0 0 0 0 0 0 1 0 0 0 0 0 0 1 0 0 0 1 0 0 0 0 0 0 0 1 0 0 0 0 0 1 0 0 0 0 1 1 0 0 0 
1 0 0 1 1 0 1 1 0 0 0 0 0 0 1 1 1 0 1 0 0 0 1 0 0 0 0 0 0 1 0 1 0 0 1 0 0 0 0 1 0 0 0 0 0 1 0 0 0 0 1 1 0 0 0 1 1 0 0 0 0 0 0 0 1 0 1 0 0 0 
0 0 1 0 0 0 1 1 0 0 0 0 0 1 0 0 0 1 0 1 0 0 0 0 0 0 1 0 1 0 0 0 0 0 0 0 0 1 0 0 0 1 0 0 0 1 0 0 0 0 1 0 0 0 0 0 0 1 1 0 0 0 0 1 1 0 1 0 0 1 
0 0 0 0 1 0 1 0 1 0 1 1 0 0 0 1 0 0 0 1 1 0 0 0 0 1 0 1 0 0 1 0 0 1 1 0 1 0 0 0 0 0 0 1 1 0 0 1 0 0 1 0 1 0 0 0 0 1 0 0 1 0 1 0 0 1 0 0 0 1 
0 0 1 1 0 0 0 0 0 1 0 0 0 0 0 0 0 0 0 0 0 0 0 0 0 0 0 0 0 1 1 0 0 0 0 0 0 0 1 0 1 1 1 0 0 0 1 1 0 0 0 1 0 0 0 0 1 0 1 0 0 1 0 0 0 1 1 0 0 0 
0 0 0 1 1 0 0 1 0 0 0 1 0 1 0 1 1 1 1 0 0 0 0 0 0 0 1 0 1 1 0 1 0 1 1 0 0 0 0 0 0 0 1 1 0 0 0 1 0 0 1 0 0 0 0 0 0 1 0 1 0 0 1 0 0 0 0 1 0 1 
0 1 0 0 0 0 0 0 0 0 0 0 1 0 0 0 0 0 1 0 0 0 1 0 0 0 0 0 0 0 0 0 0 0 0 1 0 0 1 1 0 0 0 0 1 0 1 0 0 0 0 0 1 0 0 0 0 1 1 0 0 0 0 0 0 0 0 0 0 0 
0 0 0 1 1 0 1 0 0 0 0 1 0 0 1 0 0 0 0 0 0 1 0 0 1 0 0 1 0 0 1 0 0 0 0 0 0 1 0 1 0 0 0 1 1 1 0 0 1 0 0 0 0 0 1 0 0 0 0 0 0 0 1 1 0 0 0 0 0 0 
0 0 1 0 0 1 0 0 0 0 0 0 0 1 0 0 0 0 0 0 0 0 1 0 0 0 1 0 0 0 1 0 0 1 1 1 0 0 1 0 0 0 0 0 0 1 1 0 0 0 0 0 0 0 1 1 1 1 0 0 0 1 0 1 1 0 0 1 0 1 
0 1 0 0 0 0 0 0 0 0 0 0 1 0 0 0 1 0 0 0 0 1 0 0 1 0 0 0 0 0 0 0 0 0 1 0 1 0 1 1 0 0 1 1 0 0 1 1 1 0 0 0 0 0 1 0 0 0 0 1 1 0 0 0 0 0 1 1 0 0 
0 1 0 1 0 0 1 0 0 1 0 0 0 0 1 0 0 0 1 0 1 0 0 1 1 0 0 0 0 0 0 0 1 1 0 0 0 0 0 0 0 1 1 0 1 1 0 0 0 1 0 1 1 0 0 0 0 0 0 0 1 0 0 0 1 0 0 0 0 0 
0 1 1 0 1 1 0 1 1 1 0 0 0 0 0 1 0 0 0 0 0 0 1 1 0 0 1 1 0 0 0 1 1 0 0 1 0 1 0 0 1 0 0 0 0 1 0 1 1 1 1 0 0 0 0 1 0 0 0 0 0 1 0 1 1 0 1 0 0 1 
0 0 1 1 1 0 0 0 0 1 0 0 0 1 0 0 0 1 0 0 1 0 0 0 1 0 0 0 0 0 1 0 0 1 0 0 0 0 1 0 0 0 1 1 0 1 1 0 1 1 0 1 1 0 1 1 1 0 0 0 0 1 0 0 0 0 0 0 0 0 
0 0 0 1 1 1 1 1 0 0 0 0 0 0 0 1 0 0 0 0 0 0 0 0 0 0 0 0 0 1 1 0 0 0 1 0 0 0 0 1 0 0 0 0 0 1 0 0 0 0 0 0 0 1 0 1 1 1 0 0 0 1 0 0 0 0 0 1 0 0 
0 0 0 1 0 0 1 1 0 0 0 1 1 0 0 0 1 0 0 0 0 0 1 0 1 0 0 1 0 1 0 1 0 0 0 1 0 0 0 0 1 1 0 0 0 0 0 1 0 0 0 0 1 0 0 1 1 0 1 0 1 0 0 0 1 0 0 0 1 0 
0 1 1 0 0 0 0 0 0 0 1 0 0 0 1 0 0 0 0 0 1 0 1 0 1 0 0 1 1 0 0 0 1 0 0 0 0 0 1 0 0 0 0 0 1 0 0 1 0 0 0 0 0 0 0 0 0 0 0 0 0 0 0 0 0 0 0 0 1 0 
0 0 0 0 0 0 0 0 0 1 1 1 0 0 0 0 0 0 0 1 0 0 0 0 0 1 0 1 0 0 1 0 0 1 0 0 1 0 1 0 0 1 0 0 0 0 0 0 0 0 0 0 0 1 0 0 0 0 0 0 0 0 1 1 0 0 0 1 0 0 
0 0 1 0 0 0 0 1 1 0 1 1 1 0 0 0 0 1 0 0 0 0 1 0 0 0 0 0 1 0 0 0 0 0 0 1 0 0 1 0 1 1 0 0 0 0 1 0 0 0 0 1 0 0 1 0 0 0 0 1 1 0 0 0 0 1 0 0 0 0 
1 0 0 0 0 0 0 1 1 0 1 0 1 0 1 0 1 0 0 0 0 1 0 0 0 0 1 0 0 0 1 0 0 0 0 0 0 0 1 0 0 0 1 0 0 1 0 0 0 0 0 0 1 0 0 1 0 1 0 0 0 0 0 0 1 1 1 1 1 1 
0 1 1 0 0 1 1 1 0 0 1 1 1 0 1 0 0 0 0 0 0 0 0 1 0 1 0 1 1 0 0 1 0 0 1 1 1 1 0 1 1 1 0 0 0 0 0 0 1 1 0 0 0 1 0 1 0 0 1 0 1 0 0 0 1 0 0 0 0 1 
0 0 0 1 1 1 0 0 1 0 0 0 1 0 1 0 0 0 0 0 1 0 0 0 0 1 1 0 1 0 0 0 1 0 0 0 0 0 1 0 0 0 1 0 0 0 0 0 0 0 0 0 1 1 0 0 0 0 0 0 0 0 0 1 0 0 1 0 0 0 
1 1 1 0 0 0 0 0 0 0 0 0 0 0 1 1 0 0 1 0 0 0 0 1 0 0 0 0 0 0 1 0 0 1 0 0 1 0 1 0 0 0 0 0 1 0 0 0 1 0 0 1 0 0 0 0 0 0 0 0 0 0 1 1 0 0 0 1 1 0 
0 1 0 0 0 1 0 1 0 1 0 1 1 0 0 0 0 0 0 0 0 1 0 1 0 0 0 0 0 1 0 0 0 1 0 1 1 0 1 0 0 0 0 0 1 1 0 0 0 0 0 0 0 0 1 1 1 0 0 1 0 1 0 0 0 0 1 0 1 0 
1 0 1 0 0 0 1 0 1 0 1 0 0 1 1 1 1 0 1 1 0 0 0 1 1 0 0 0 1 1 0 1 0 0 0 0 0 1 0 1 0 0 0 0 0 1 0 0 0 0 0 0 0 0 0 0 0 1 0 0 1 0 0 0 0 1 0 0 0 0 
0 0 0 0 1 0 0 0 0 0 0 1 0 1 0 0 1 1 0 0 0 0 1 0 1 0 1 0 1 0 0 1 0 0 0 0 0 0 0 0 0 0 0 0 1 1 0 1 0 0 0 1 0 0 1 0 0 1 1 1 1 0 0 0 0 1 0 0 0 1 
0 1 0 0 0 0 0 0 0 0 0 0 0 1 0 1 0 0 0 0 0 0 1 0 0 1 1 0 0 1 0 0 0 0 1 0 0 0 0 0 1 1 0 1 0 0 1 0 0 0 0 1 1 0 0 0 1 1 0 0 0 1 0 0 0 1 0 0 0 0 
0 0 0 0 0 1 1 1 0 0 0 1 0 1 1 0 0 0 0 0 1 1 0 0 0 0 1 1 0 1 1 1 1 0 0 0 0 1 0 0 0 1 1 1 0 0 1 1 0 0 1 1 0 0 0 0 0 0 1 0 1 0 1 1 0 0 0 1 0 0 
0 1 0 0 0 0 0 0 0 1 1 1 1 0 0 0 0 0 0 1 0 0 0 1 0 1 0 1 1 0 0 1 0 0 0 0 1 0 0 0 0 0 0 0 1 1 0 1 1 1 1 0 0 0 0 0 0 0 1 0 0 1 0 1 0 1 0 0 1 0 
0 0 0 0 0 0 1 0 0 0 0 0 0 0 0 0 0 1 1 0 0 0 1 1 1 0 0 0 1 0 1 0 0 1 1 0 0 0 0 0 0 0 0 1 0 1 1 0 0 1 1 0 1 1 0 1 0 0 0 0 0 0 0 1 0 0 0 0 1 0 
1 0 0 0 0 0 1 0 1 1 0 0 1 0 1 0 0 0 1 0 0 0 0 0 0 0 1 0 1 0 1 1 0 0 0 0 0 0 1 0 1 0 0 0 0 0 1 0 0 0 0 0 0 1 1 1 1 1 0 1 0 0 0 0 0 0 0 0 0 0 
1 1 1 0 1 0 0 0 1 0 0 1 1 0 0 0 1 0 0 0 0 0 0 0 0 0 0 0 0 1 1 1 0 0 0 0 0 0 1 0 0 0 0 0 0 0 1 1 0 0 1 1 0 0 0 1 1 0 0 0 0 0 1 0 1 0 0 0 0 1 
0 1 0 0 0 0 0 1 0 0 0 0 1 0 0 0 1 0 0 0 1 1 1 0 1 0 0 0 0 0 1 0 0 0 0 0 0 0 0 0 0 0 0 0 0 1 1 1 0 1 0 0 0 1 0 1 1 0 0 0 0 1 1 0 0 0 1 1 1 1 
0 0 1 1 1 0 0 1 0 0 1 0 0 0 0 1 1 1 1 0 1 0 0 1 0 0 0 0 0 1 0 1 0 0 0 0 1 0 0 0 1 0 0 1 1 1 0 0 0 1 0 0 0 1 0 0 0 0 1 0 0 0 0 1 0 0 0 0 0 0 
1 1 0 1 1 0 0 1 1 0 1 1 0 1 0 0 1 0 0 0 0 0 1 0 0 1 0 0 0 1 0 1 0 1 0 0 0 1 0 1 0 0 0 0 1 0 0 1 0 0 0 0 0 1 0 0 0 1 0 0 1 0 0 0 0 0 0 0 0 0 
0 0 0 1 0 1 0 0 1 0 0 0 0 0 0 1 1 0 0 0 0 0 0 0 0 0 0 0 0 0 0 0 1 0 0 1 0 0 1 1 0 0 0 0 0 0 0 1 1 0 1 1 1 0 1 1 0 0 0 0 1 0 1 1 1 0 0 0 0 0 
0 0 0 1 0 0 0 0 0 0 0 0 0 0 0 0 0 0 0 1 0 0 0 0 0 0 1 1 1 0 0 1 0 0 0 0 1 0 0 0 0 1 0 1 0 0 0 0 1 0 0 0 0 1 0 0 0 0 0 0 0 0 0 0 1 0 1 1 1 0 
0 0 0 0 1 0 0 0 0 1 1 1 0 0 0 1 0 0 0 0 1 0 0 0 0 0 0 1 0 0 1 1 1 1 0 0 0 1 1 0 0 1 0 0 0 0 0 1 1 1 1 0 0 1 0 0 1 0 1 0 1 0 0 0 0 1 0 1 0 1 
1 0 1 1 1 0 0 1 0 0 0 0 1 0 1 0 0 0 0 0 1 0 0 1 0 0 0 1 0 0 0 1 1 1 0 0 0 0 0 0 0 1 0 0 1 0 0 0 1 1 1 0 0 0 0 1 0 0 0 1 0 0 0 0 0 1 0 0 1 0 
0 0 0 1 0 1 0 0 1 0 1 0 0 0 1 1 1 0 0 0 0 1 1 0 1 1 0 1 0 0 0 0 1 0 0 0 0 1 0 0 0 0 1 1 1 0 0 0 1 0 0 0 1 0 0 0 0 0 0 0 0 1 0 0 1 0 0 0 1 0 
0 1 1 0 0 0 0 1 0 1 0 0 1 1 1 0 1 1 1 0 0 1 0 1 0 1 0 0 0 0 0 0 0 1 0 0 0 0 1 0 0 0 0 1 0 1 1 0 0 0 0 1 0 0 0 1 0 0 0 0 0 0 0 1 0 0 1 0 1 0 
0 1 0 1 0 0 0 0 0 0 1 1 0 0 1 1 0 0 1 0 0 0 0 0 1 0 0 0 1 0 0 0 0 0 0 0 1 0 0 0 0 1 0 1 0 0 0 0 1 0 0 0 0 0 0 0 1 0 0 0 0 1 0 1 0 0 0 0 0 1 
0 0 1 1 0 0 0 0 0 1 0 0 0 1 1 1 1 0 0 1 0 0 1 0 0 0 0 0 1 1 0 0 0 1 0 0 1 0 1 0 0 0 1 1 0 1 0 0 0 0 0 0 1 1 0 1 0 0 0 0 0 0 0 0 0 0 0 0 0 0 
1 0 1 0 0 1 0 0 0 1 0 1 0 0 0 0 0 0 0 0 0 0 0 1 0 0 0 1 0 0 1 1 1 0 0 0 0 0 0 0 0 1 0 0 1 0 1 0 0 0 1 0 0 0 0 0 0 1 0 1 0 0 1 0 0 0 0 0 0 1 
1 1 0 0 1 1 1 0 0 1 1 0 0 0 1 0 0 1 0 0 0 0 1 0 1 0 1 0 0 0 0 0 0 0 0 1 0 0 0 0 1 0 0 0 0 1 0 0 0 1 1 0 0 1 0 0 0 0 0 0 0 1 0 0 1 1 1 0 1 0 
0 0 1 1 0 0 0 0 0 0 0 0 1 0 0 1 0 1 1 0 0 1 0 0 0 0 1 1 0 0 1 0 0 0 0 1 0 0 0 1 1 0 0 0 0 1 1 1 0 0 0 1 0 1 0 0 0 0 1 1 0 0 0 0 1 0 0 1 0 0 
0 1 1 1 0 0 0 0 1 0 1 1 0 0 0 0 0 0 0 0 1 1 0 0 0 0 0 1 0 1 1 0 0 1 0 0 0 1 1 0 0 0 0 0 0 0 0 0 0 1 0 0 0 1 1 0 0 1 0 0 0 0 1 1 0 1 1 1 0 0 
1 1 0 0 0 0 0 0 0 0 0 1 1 0 0 0 1 0 0 1 0 0 1 1 0 0 0 0 0 0 0 0 0 0 0 0 1 1 0 0 0 0 1 1 1 0 1 0 0 0 0 0 0 0 0 1 1 0 0 0 0 0 1 0 1 0 1 0 0 0 
0 0 0 0 0 0 0 0 1 0 0 0 0 0 1 0 1 1 0 1 1 1 0 1 0 0 0 0 1 0 1 0 0 0 0 0 0 1 0 1 0 1 0 0 0 0 0 0 0 0 1 0 0 0 1 0 0 0 1 0 0 0 1 0 1 1 0 1 0 0 
0 0 0 0 0 1 0 0 0 0 0 0 0 0 1 0 0 0 0 0 0 0 0 0 1 0 0 1 1 0 0 0 1 0 0 1 0 1 0 0 1 0 0 0 0 1 0 0 0 0 1 0 0 0 1 1 0 0 0 0 0 0 0 1 1 0 1 0 0 0 
0 0 0 0 0 0 0 0 0 1 1 0 0 0 1 1 1 0 1 0 0 0 0 0 0 0 0 0 0 0 0 0 0 1 1 0 0 1 0 0 1 1 0 0 0 0 1 1 0 0 1 0 0 0 1 0 1 1 1 0 0 0 1 0 0 0 0 0 0 1 
0 1 0 0 1 0 0 0 0 1 1 0 0 1 0 0 1 0 1 0 0 1 1 0 1 0 0 1 0 0 1 0 0 0 0 0 0 1 1 0 0 0 0 1 0 0 0 0 0 1 1 0 0 0 0 1 0 0 0 1 0 1 0 0 0 0 0 0 1 0 

0 0 0 0 0 0 0 17 0 0 6 0 9 0 0 13 0 0 6 0 0 0 18 11 0 0 0 0 0 0 0 0 0 6 11 0 0 0 0 0 0 0 0 0 0 0 0 0 0 0 12 0 0 9 0 0 0 0 0 0 0 11 0 0 0 8 8 2 0 0 
0 0 8 0 0 0 0 0 0 14 0 11 0 0 0 0 1 0 0 0 0 0 0 2 0 0 0 0 0 9 0 0 0 13 0 0 6 0 0 18 0 0 0 0 0 0 0 11 15 0 0 0 0 0 0 0 0 1 9 14 0 0 0 18 0 0 0 0 0 0 
0 8 0 11 0 0 0 0 0 0 0 0 7 7 10 0 18 0 0 0 0 0 0 0 0 0 0 0 0 0 0 0 0 0 0 0 0 3 12 0 0 0 0 0 0 0 0 0 0 0 16 18 0 4 0 0 5 0 0 0 0 17 0 0 0 0 1 11 0 0 
0 0 0 0 0 0 0 0 19 0 0 0 0 18 0 11 0 0 15 8 14 0 10 0 0 0 0 0 0 0 14 0 0 0 0 0 0 0 0 0 7 0 0 6 0 0 0 0 0 0 0 0 0 0 0 0 0 2 0 7 0 0 0 0 0 0 0 0 0 0 
0 0 0 0 0 5 13 0 0 0 0 0 0 0 0 0 0 0 0 1 0 0 0 0 16 0 0 0 0 0 3 0 0 0 0 0 0 0 13 0 0 0 0 0 0 13 0 0 0 0 0 0 0 0 0 0 19 0 0 0 0 0 0 0 0 0 0 0 0 0 
0 17 15 0 0 0 1 0 0 0 0 13 0 0 0 0 0 1 0 0 0 0 0 0 0 0 0 4 0 3 6 0 0 0 0 0 0 0 0 0 4 0 0 7 17 0 0 0 0 0 0 0 0 0 11 0 0 10 0 0 0 0 0 6 0 0 0 0 0 0 
0 0 15 0 10 0 0 11 0 0 0 0 0 9 16 8 3 0 9 0 0 0 1 0 0 0 10 0 0 0 15 0 0 0 0 16 0 0 0 0 0 5 0 0 4 14 0 0 18 0 0 0 0 0 0 0 0 0 0 0 0 20 0 0 0 0 0 0 0 0 
17 0 0 0 0 0 0 0 7 5 0 0 18 0 0 8 0 0 0 18 0 0 0 0 2 0 0 0 9 0 0 0 12 0 0 0 4 0 0 0 0 0 0 15 4 19 0 0 0 0 0 0 0 0 0 0 0 0 0 0 0 0 0 0 0 0 0 0 0 0 
0 0 0 0 0 7 0 0 0 0 0 0 0 0 0 0 10 1 7 0 0 14 0 0 0 0 0 0 0 7 0 0 0 18 7 16 0 0 0 0 12 0 0 0 0 0 18 0 0 4 17 0 0 0 0 0 8 0 0 0 8 0 0 0 19 0 0 11 0 0 
11 4 0 0 0 0 0 0 4 0 0 5 0 0 0 0 0 0 0 0 0 0 0 0 2 0 0 0 0 0 0 0 0 3 0 0 0 0 0 14 4 2 0 0 2 4 0 0 11 7 0 0 9 0 0 0 0 0 0 0 0 0 0 0 0 9 0 0 4 0 
2 9 0 0 15 4 0 8 0 0 0 0 14 0 0 7 9 13 0 0 0 0 0 0 0 15 0 0 0 0 0 0 0 0 0 0 0 4 0 0 0 0 0 0 0 0 0 0 0 4 0 0 0 0 0 11 0 0 3 0 5 0 0 0 0 0 0 0 0 0 
0 0 0 0 0 11 0 18 0 0 0 0 0 18 10 0 5 16 14 0 0 0 0 0 0 0 0 0 14 0 0 0 0 0 13 0 0 0 0 0 0 0 9 0 0 0 0 0 0 0 0 0 13 0 0 0 0 0 0 11 0 0 0 0 0 0 0 0 0 0 
19 0 0 0 0 0 0 0 0 10 0 2 0 0 0 0 0 0 0 5 0 0 3 0 0 0 0 0 11 0 2 0 0 0 0 15 2 0 14 0 0 0 0 0 15 0 19 0 0 0 0 0 0 0 0 0 0 0 0 0 0 0 5 0 0 0 0 0 0 0 
0 0 0 0 0 0 0 7 0 0 0 0 0 0 0 0 0 0 0 0 0 0 0 3 0 0 0 0 13 11 15 0 0 0 0 0 0 0 0 0 0 0 0 0 0 0 0 0 0 1 0 0 6 0 17 0 8 0 0 0 18 0 0 19 0 10 0 12 0 0 
0 0 0 18 0 0 0 0 0 0 3 0 0 0 0 0 0 0 0 0 0 3 0 0 17 0 10 0 0 0 11 0 17 0 0 0 0 0 0 0 0 0 0 0 0 0 7 0 4 0 0 0 0 9 0 0 0 0 0 0 0 0 0 12 0 0 0 0 8 0 
0 2 0 5 0 0 0 0 0 0 0 0 0 2 0 0 15 0 0 0 0 0 0 8 1 0 0 0 0 0 0 0 0 0 0 0 0 0 14 0 0 0 0 0 0 0 0 12 0 18 0 0 0 0 15 0 0 2 0 0 5 0 14 12 0 0 0 0 0 0 
5 0 3 6 0 4 0 0 7 0 0 0 1 0 15 0 0 0 0 0 15 0 0 0 16 0 5 0 0 0 0 0 0 0 0 14 0 0 0 0 0 0 0 0 0 17 0 0 0 11 0 0 0 0 0 0 0 2 6 0 0 0 0 17 0 1 0 0 0 0 
0 0 0 0 0 0 8 0 0 5 0 12 0 0 0 0 0 0 0 0 0 0 0 0 0 0 0 0 0 0 0 0 0 0 0 7 0 0 0 0 0 2 0 0 0 0 0 0 0 7 0 0 10 0 4 0 0 0 11 0 11 6 0 0 8 5 9 0 0 0 
0 0 0 0 0 0 0 0 0 16 0 0 0 0 0 0 0 17 0 0 0 0 0 4 0 0 5 0 0 0 0 0 0 0 0 0 18 0 5 0 0 0 0 0 0 0 0 0 6 0 0 0 0 0 0 0 16 0 0 0 0 0 0 0 0 0 0 0 0 0 
0 15 0 12 0 0 0 0 0 0 0 0 0 1 0 1 0 17 0 0 17 0 0 0 0 7 0 0 0 0 0 7 16 0 0 0 0 0 0 0 9 0 0 2 0 0 0 6 4 0 0 0 19 15 0 0 0 0 0 0 0 0 0 0 0 0 0 1 0 13 
6 0 0 0 0 0 0 0 3 0 7 0 0 0 0 0 9 0 0 0 0 0 0 0 0 0 0 0 0 0 0 10 0 0 0 4 5 15 0 7 0 0 0 0 0 0 0 0 0 3 0 0 17 0 0 0 0 0 0 0 0 3 17 0 13 2 0 0 0 0 
0 0 0 0 0 0 0 14 0 0 6 8 0 16 0 0 0 0 0 0 15 0 0 0 0 0 1 0 15 2 0 0 14 0 0 0 0 0 0 0 12 1 0 8 0 0 0 16 0 4 6 0 0 3 0 4 0 6 0 3 0 17 0 8 0 0 0 6 0 0 
0 0 0 0 0 0 0 0 0 6 0 1 0 0 0 0 0 0 0 0 0 4 0 0 0 9 0 0 11 0 0 0 0 0 0 5 0 7 4 0 0 0 0 0 0 0 0 0 0 0 0 0 0 0 17 0 0 0 0 0 0 0 0 0 0 0 0 0 0 13 
0 0 0 0 0 0 0 0 0 13 0 9 0 0 0 0 0 0 0 1 0 9 0 0 0 0 8 0 0 0 0 0 17 0 0 0 0 0 0 0 0 0 0 14 0 0 0 0 0 0 0 0 0 0 0 0 12 0 0 0 0 0 6 0 19 0 0 0 0 17 
0 1 0 0 0 0 0 0 8 0 0 0 0 0 0 0 14 13 0 0 0 0 0 13 0 0 0 0 0 11 0 11 0 0 0 18 12 0 0 0 0 0 0 0 12 0 0 0 0 0 0 0 0 0 18 0 0 13 17 0 0 17 20 15 0 16 0 0 0 0 
15 0 16 0 18 0 0 0 0 17 0 0 1 0 0 0 6 1 0 0 0 0 0 0 0 0 0 0 5 1 1 0 5 0 0 0 0 0 0 3 0 0 8 0 0 0 3 0 4 0 0 6 0 9 0 0 0 0 7 0 0 0 0 0 14 0 0 0 7 5 
0 0 0 6 0 0 0 14 0 0 0 0 7 0 0 0 0 0 1 11 0 0 0 0 0 4 0 0 17 0 0 0 7 0 0 0 12 2 0 0 0 0 0 8 7 0 0 3 0 0 12 19 7 0 0 2 0 0 0 0 0 0 0 0 0 0 1 0 0 0 
0 0 17 0 15 0 0 0 0 0 0 0 0 0 18 0 0 0 0 1 0 0 0 0 15 0 0 0 7 0 0 0 7 0 0 15 0 0 0 0 0 13 13 14 0 0 0 10 0 0 0 0 0 2 0 0 17 0 0 0 7 0 0 0 0 0 0 0 5 8 
0 0 0 5 0 0 0 17 0 14 0 0 19 0 0 1 0 16 0 0 0 0 0 0 0 0 12 0 0 0 0 0 10 0 0 0 0 0 9 0 0 0 5 0 0 0 19 0 5 0 0 0 18 0 0 19 0 0 0 0 0 0 0 0 2 0 0 0 0 16 
0 0 6 0 0 0 0 0 0 0 8 0 0 0 8 16 0 14 0 0 0 10 0 0 9 0 15 0 5 0 0 0 0 4 0 0 0 0 0 1 1 0 0 7 0 5 0 0 0 0 18 0 17 0 0 0 0 5 0 11 0 9 0 13 0 0 0 0 0 0 
3 0 5 0 0 0 12 10 0 0 0 0 0 0 0 13 0 0 0 0 0 0 0 0 0 0 13 0 0 0 0 0 0 0 0 0 13 0 10 0 0 6 0 0 18 0 0 0 0 0 0 0 0 8 0 18 0 7 0 5 0 0 0 17 0 0 0 0 0 0 
0 0 0 6 18 0 0 0 0 0 0 0 13 0 0 0 0 0 0 0 0 0 0 7 0 0 0 0 0 15 0 0 0 0 0 0 15 0 0 0 0 0 0 0 0 0 14 0 0 0 0 0 0 0 0 4 0 0 0 0 0 2 0 0 0 0 0 0 0 0 
0 0 0 0 5 0 0 0 0 0 0 0 0 0 0 0 0 6 6 0 10 0 0 0 0 0 0 0 6 14 0 0 0 0 2 0 0 2 0 0 0 0 0 0 0 13 1 0 0 0 0 5 0 0 0 0 0 0 0 0 0 0 0 0 0 0 4 17 15 0 
0 0 0 0 0 0 0 2 0 0 18 0 0 0 0 0 0 0 4 0 0 0 7 0 0 12 17 0 17 0 0 0 0 0 0 0 0 0 0 0 1 0 0 0 0 0 0 3 0 0 9 15 0 3 0 0 0 0 0 0 0 0 0 0 7 17 0 0 0 0 
0 4 0 0 0 0 0 10 1 0 0 0 0 0 0 0 0 0 0 0 0 0 0 0 15 0 0 0 3 17 0 0 0 0 0 0 0 0 0 0 0 0 14 0 0 0 0 0 0 0 0 0 0 0 0 3 0 0 2 15 18 9 0 0 3 0 0 0 17 0 
0 1 0 0 3 0 0 0 10 0 0 0 0 0 9 0 3 0 0 0 0 0 0 6 14 0 0 0 0 0 0 0 0 0 0 0 0 0 0 8 0 0 0 0 0 0 0 0 0 0 0 0 0 0 18 0 0 0 0 0 0 0 11 5 0 8 9 0 0 17 
0 9 0 0 0 0 9 0 0 0 13 0 17 0 15 0 0 0 12 0 8 0 18 0 0 0 0 0 0 0 9 0 0 0 0 0 0 15 2 0 0 0 9 14 0 7 0 0 8 0 1 0 0 0 0 0 0 18 2 0 1 0 0 0 0 0 0 12 0 16 
2 0 0 0 0 0 0 0 0 4 0 1 0 0 0 0 0 0 0 0 0 0 0 15 0 0 0 0 0 0 0 0 0 0 0 0 0 0 0 0 0 0 0 0 0 0 0 15 0 0 0 0 0 0 0 0 16 0 15 0 0 10 0 2 15 0 5 0 0 0 
8 0 0 0 0 0 0 0 0 0 16 0 17 7 0 0 9 0 0 15 0 0 0 0 0 0 0 0 17 0 0 7 0 0 0 0 0 0 0 0 0 0 0 0 0 0 0 6 0 10 0 0 0 0 0 0 0 0 0 0 0 17 0 17 0 8 0 0 0 16 
0 0 1 0 0 0 0 6 0 0 0 0 0 0 0 0 0 0 0 0 9 0 4 0 0 0 0 2 0 0 0 0 0 0 2 0 1 0 0 0 0 10 0 19 0 0 0 0 0 17 0 15 3 0 0 0 0 17 0 0 0 0 0 0 9 16 0 0 0 0 
0 4 0 0 0 0 0 0 10 2 0 0 0 0 0 1 0 0 11 17 0 0 0 14 0 0 12 0 0 9 0 0 0 0 0 0 0 0 16 0 0 0 0 0 4 9 0 0 0 0 0 13 20 0 0 0 0 4 0 0 18 10 0 0 3 0 0 0 0 0 
1 0 0 0 0 13 0 3 0 0 0 0 0 0 0 0 4 0 16 0 8 0 0 16 0 0 0 0 0 0 0 0 0 0 0 0 17 0 0 0 0 0 0 0 0 15 16 12 0 0 0 0 0 0 0 0 0 8 0 0 0 0 3 0 0 8 0 12 0 0 
0 0 0 0 5 16 0 0 0 15 0 6 13 1 0 0 0 18 0 0 0 8 0 9 10 0 0 0 0 0 0 0 0 8 4 0 0 4 0 11 0 0 0 0 0 0 0 17 0 0 0 9 10 0 0 0 0 10 0 0 0 0 18 0 0 5 0 12 18 0 
0 0 0 0 0 0 0 0 0 0 0 0 0 0 0 0 8 0 18 0 0 0 0 0 0 0 0 0 0 4 0 14 0 3 5 15 0 0 0 3 0 0 0 0 0 0 0 0 14 0 0 6 0 0 0 1 0 0 0 0 0 0 19 0 0 0 0 0 0 0 
0 0 0 0 0 0 0 0 0 0 0 0 0 3 0 0 0 0 14 0 0 0 0 0 7 0 0 0 1 0 0 0 0 0 0 13 16 0 0 0 0 0 0 0 0 0 0 0 0 10 0 0 0 1 0 0 0 0 12 0 15 0 0 0 16 0 0 0 0 7 
0 0 0 0 0 0 0 0 0 0 0 0 12 12 0 0 0 0 0 0 0 0 0 0 0 0 0 10 0 0 4 13 0 0 0 0 0 0 0 0 0 0 0 0 0 0 0 0 0 14 0 0 0 0 0 0 0 5 17 0 0 0 0 4 0 0 0 14 0 0 
0 0 0 0 18 0 17 0 0 0 0 0 0 0 0 10 0 0 0 0 0 0 0 0 8 0 0 0 0 8 0 0 0 0 0 0 0 0 1 13 0 0 0 0 0 0 0 6 0 0 0 0 13 0 0 9 9 10 0 0 0 0 0 0 0 2 0 0 0 0 
0 0 12 0 12 0 18 1 0 0 0 0 0 0 0 0 6 0 0 0 14 0 0 10 0 0 0 0 18 0 0 0 0 0 0 0 0 0 8 0 18 0 0 0 7 0 0 0 16 0 0 0 0 0 0 15 8 0 0 0 0 0 3 0 0 0 0 0 0 11 
0 0 3 0 0 0 0 11 0 9 0 0 0 3 0 3 0 0 0 0 18 0 0 0 6 0 0 0 16 0 4 15 0 17 0 0 14 0 0 0 0 0 0 0 0 0 0 0 0 0 0 0 0 0 0 0 0 0 0 0 0 0 0 0 0 0 0 0 11 0 
0 0 0 1 0 16 0 0 0 0 0 0 0 0 0 0 0 0 16 0 12 2 0 0 1 1 3 0 0 0 0 0 0 0 0 0 0 5 0 0 0 4 0 0 0 0 0 0 0 0 12 0 0 18 0 0 0 0 2 0 0 0 0 0 13 0 0 13 0 0 
0 0 18 0 0 0 0 0 0 0 0 0 0 0 0 0 0 17 0 0 0 0 0 0 5 0 0 0 0 0 0 0 0 0 10 0 0 4 0 0 0 0 16 0 0 0 0 0 0 0 0 0 0 0 0 0 0 0 10 0 12 0 0 0 0 0 0 0 0 0 
16 11 0 0 3 0 17 13 0 0 7 0 0 0 0 0 5 0 0 0 0 0 0 18 0 4 0 0 0 5 0 0 0 0 0 0 0 0 0 0 0 0 0 0 0 0 3 0 15 0 0 0 0 0 0 0 13 0 0 0 0 0 0 0 0 0 0 0 0 2 
0 0 8 0 0 0 0 0 9 0 0 0 0 0 16 8 0 13 0 0 0 0 0 0 0 0 0 0 0 0 0 0 9 0 0 18 0 0 0 0 0 0 0 0 0 5 0 14 0 0 0 0 0 0 0 0 6 0 0 2 0 0 7 0 0 0 0 7 0 0 
0 0 0 0 0 0 0 0 14 0 0 0 18 0 0 18 0 17 0 0 0 0 0 0 0 0 0 17 0 0 0 0 0 0 8 2 0 0 14 0 0 0 14 18 0 0 0 0 0 0 14 0 0 0 0 1 0 3 0 0 0 0 0 0 0 0 0 0 0 0 
0 0 3 15 0 0 0 0 0 0 0 8 0 0 4 0 0 16 0 0 0 0 0 0 0 0 0 0 0 14 0 4 18 0 0 0 10 2 0 0 0 0 0 17 16 0 0 17 10 0 0 0 13 12 0 0 0 0 8 0 0 0 0 0 0 0 0 0 17 0 
0 0 0 0 0 0 0 0 0 0 0 0 0 0 14 0 0 0 3 0 0 0 0 14 0 0 0 4 0 0 7 0 0 7 0 0 0 0 5 0 0 18 0 0 4 0 0 0 0 0 0 0 0 0 0 0 2 4 0 0 0 13 0 0 0 8 0 0 0 0 
14 1 0 0 0 0 0 0 15 1 3 0 17 2 0 0 0 0 0 12 0 0 11 8 0 0 0 0 0 0 0 0 0 4 0 0 0 0 0 0 0 0 0 0 0 0 0 0 0 0 0 0 0 0 0 0 0 0 0 13 18 0 0 0 0 6 0 0 0 9 
0 0 0 0 0 0 0 0 6 14 0 0 0 0 0 0 0 0 0 0 0 0 0 1 0 1 13 0 0 0 0 0 0 0 1 0 15 0 0 0 0 0 17 0 3 0 0 7 13 0 0 0 0 0 0 0 10 0 0 0 0 0 0 0 15 5 0 0 0 0 
0 0 0 0 0 0 0 0 7 0 0 6 0 0 0 11 16 0 0 6 0 0 0 0 0 0 14 0 0 0 0 0 0 0 0 0 0 0 0 0 0 0 0 0 0 0 16 0 0 10 5 0 0 0 0 0 7 0 0 0 7 0 0 0 0 0 7 0 13 0 
0 0 5 4 0 0 6 0 0 0 0 0 0 0 0 0 0 0 0 4 0 0 0 0 0 6 0 0 0 0 0 0 0 3 0 0 0 0 0 0 15 0 0 0 18 2 0 16 0 0 0 0 0 0 0 0 0 0 0 0 0 0 0 1 0 0 16 0 0 0 
0 6 19 0 0 0 0 0 0 0 0 0 0 0 0 6 0 9 3 9 0 0 0 0 0 0 0 0 0 0 0 0 0 5 0 18 0 0 0 0 0 0 0 6 0 0 0 0 0 1 0 0 10 0 0 0 0 14 0 0 0 0 0 0 0 0 0 0 0 0 
1 7 6 0 0 0 0 0 0 0 16 0 0 0 17 0 0 5 0 0 0 0 0 0 5 0 12 0 0 0 0 8 0 0 8 0 0 0 0 0 0 11 0 0 0 0 18 0 0 0 16 0 0 13 0 0 0 0 0 0 0 0 0 18 0 0 0 0 0 0 
1 3 0 4 0 0 0 0 0 0 0 0 0 11 0 0 0 0 0 0 0 0 0 12 5 3 17 2 0 0 15 0 0 0 0 19 0 0 0 10 0 0 0 5 0 0 0 0 0 0 14 10 0 0 0 0 0 0 0 0 0 0 0 1 0 0 0 1 8 0 
0 12 0 0 0 0 0 0 0 0 6 0 0 0 0 8 0 0 0 0 0 0 0 14 0 0 0 0 0 0 0 0 0 8 0 0 0 0 0 1 16 0 0 0 9 7 0 15 0 0 0 0 0 0 3 0 0 0 0 0 0 17 0 0 0 0 0 0 0 0 
0 0 0 0 0 0 0 0 0 0 0 0 8 0 0 0 0 0 0 0 0 0 0 17 15 0 0 7 0 0 12 0 0 0 0 0 2 0 0 0 7 13 0 2 9 0 10 10 0 0 0 0 0 0 0 0 0 0 0 0 0 11 0 6 0 0 0 0 0 0 
0 9 0 0 0 0 0 0 0 0 0 1 0 0 0 0 7 0 0 0 0 0 2 0 0 0 3 6 0 0 0 0 0 0 1 0 0 2 0 0 0 0 0 0 0 0 0 0 0 0 11 10 0 6 0 0 0 0 0 0 0 9 0 0 0 0 9 12 0 0 
1 0 0 0 0 0 0 0 0 0 0 0 0 0 0 0 0 0 0 0 0 0 0 0 11 0 0 5 0 0 16 0 0 10 0 3 0 11 0 0 0 0 6 0 0 11 10 0 0 0 0 0 0 0 0 0 0 0 0 0 11 0 0 16 0 0 0 1 0 0 
12 0 0 19 0 0 0 0 0 0 0 14 0 17 0 0 6 0 0 0 0 0 0 0 0 0 0 17 0 1 0 0 0 0 9 0 0 0 0 0 0 0 0 0 0 0 14 0 1 18 13 0 0 0 0 0 0 0 10 0 0 0 0 0 11 0 16 0 0 0 
0 0 0 0 0 0 0 0 0 0 0 0 11 0 0 2 0 0 0 8 0 16 12 0 14 9 13 4 0 0 0 0 0 6 13 0 16 6 13 6 0 0 19 0 18 0 4 0 0 0 0 0 5 0 0 4 0 0 0 0 0 0 0 0 0 0 0 14 0 0 
0 0 0 0 0 0 0 0 0 0 0 0 0 0 15 0 0 0 0 0 0 0 14 0 8 0 0 0 9 0 0 0 2 0 0 0 4 0 0 0 0 0 0 0 0 0 0 11 0 0 0 7 0 0 0 0 0 14 0 0 0 0 4 0 0 0 0 9 0 0 
