70

0 0 0 0 0 0 0 1 0 0 0 0 0 0 0 0 0 0 0 0 0 0 0 0 0 0 0 0 0 0 0 0 1 0 0 0 0 0 0 0 0 0 0 0 0 0 1 0 0 0 0 0 0 0 0 0 0 0 1 0 0 0 0 0 0 0 0 0 0 0 
0 0 0 0 0 0 0 0 0 0 0 1 0 0 0 0 0 0 0 0 0 1 1 1 0 0 1 1 1 1 1 0 1 0 0 0 0 0 0 0 0 0 0 0 0 0 0 1 0 0 1 0 0 1 0 1 0 0 0 0 0 0 0 0 0 0 0 1 0 0 
0 0 0 1 1 0 0 0 0 1 0 0 0 0 0 0 0 0 0 0 1 0 0 0 0 0 1 0 1 0 0 0 0 0 1 0 1 0 1 1 0 0 0 0 0 0 0 0 0 1 0 0 0 0 0 0 0 0 0 1 1 0 1 0 0 0 0 1 0 0 
0 0 1 0 0 0 0 0 0 0 0 1 1 0 0 0 0 0 0 0 0 0 0 0 0 0 0 1 0 1 0 0 0 0 0 0 1 0 0 0 0 0 0 0 0 0 0 0 1 0 0 0 0 0 1 0 0 1 0 0 0 0 1 0 1 0 0 0 0 0 
0 0 1 0 0 0 1 0 0 1 0 0 0 0 0 0 1 1 1 1 0 0 0 1 0 0 0 0 0 0 0 0 1 0 0 1 0 0 0 0 0 0 0 1 1 0 0 0 0 1 0 0 1 0 1 0 0 0 0 0 0 0 0 0 0 1 1 1 0 0 
0 0 0 0 0 0 0 0 1 0 0 0 0 1 1 0 0 0 0 1 0 0 0 0 0 0 0 0 0 0 1 1 0 0 0 1 0 0 0 1 0 0 0 0 0 0 0 0 0 0 0 0 0 0 0 1 0 0 0 1 0 0 1 0 0 0 0 0 0 0 
0 0 0 0 1 0 0 0 0 0 1 0 0 0 0 0 0 0 0 0 0 0 0 0 0 0 0 0 0 0 0 0 0 0 0 0 0 0 0 0 0 0 0 0 0 0 0 0 0 0 0 1 0 0 0 1 0 1 0 1 0 1 0 0 0 0 1 0 0 0 
1 0 0 0 0 0 0 0 0 0 0 0 1 0 1 0 0 0 0 0 0 0 1 0 0 0 0 0 0 1 0 0 0 0 0 0 0 0 0 0 0 1 0 0 1 0 0 0 1 1 0 0 0 0 0 0 0 0 0 0 0 0 0 1 0 0 0 0 0 0 
0 0 0 0 0 1 0 0 0 0 1 1 0 1 0 0 0 0 0 0 0 1 0 0 0 0 0 1 0 0 0 1 0 0 1 0 0 1 0 0 0 0 0 1 1 0 0 0 0 0 0 0 0 0 0 0 0 0 0 0 0 0 0 0 1 0 1 1 1 1 
0 0 1 0 1 0 0 0 0 0 1 0 0 0 1 1 0 0 1 0 0 0 1 0 0 0 1 0 0 0 0 0 0 0 1 0 0 1 0 1 0 1 0 0 0 0 0 0 0 0 0 0 0 1 0 0 1 1 0 1 0 1 0 0 1 0 0 1 0 0 
0 0 0 0 0 0 1 0 1 1 0 0 0 0 1 0 0 0 0 0 0 0 0 1 0 1 0 0 0 0 0 0 1 0 0 1 0 0 0 0 0 0 0 0 0 0 0 0 0 1 0 0 0 1 0 0 0 0 0 0 0 0 1 0 0 1 1 0 0 0 
0 1 0 1 0 0 0 0 1 0 0 0 1 0 0 0 0 0 0 0 0 0 0 0 1 0 0 0 0 0 1 0 0 0 0 0 1 0 0 0 0 0 0 0 0 0 0 0 0 0 1 0 0 0 0 0 0 0 0 0 0 0 0 0 0 0 1 0 0 0 
0 0 0 1 0 0 0 1 0 0 0 1 0 0 0 0 0 0 0 1 0 0 0 0 0 0 0 0 0 1 1 0 0 0 0 0 0 0 0 0 0 0 0 0 0 0 0 0 0 1 1 1 0 0 0 0 0 0 0 0 1 0 0 1 0 0 0 0 0 0 
0 0 0 0 0 1 0 0 1 0 0 0 0 0 0 0 0 0 0 0 0 1 0 0 0 0 0 0 0 0 0 0 1 0 1 0 0 0 0 0 0 0 0 0 0 1 0 0 0 0 0 0 0 0 0 0 0 0 0 0 0 0 0 0 0 0 0 0 0 1 
0 0 0 0 0 1 0 1 0 1 1 0 0 0 0 0 0 0 1 0 0 1 0 0 1 0 0 0 0 0 1 0 0 0 1 0 0 0 0 0 1 1 0 0 0 0 0 0 0 1 0 1 0 0 1 0 0 1 0 0 0 0 0 0 0 0 0 0 0 1 
0 0 0 0 0 0 0 0 0 1 0 0 0 0 0 0 0 1 0 1 1 0 0 1 1 0 1 0 0 0 0 1 0 0 1 0 1 0 1 0 0 0 0 0 0 0 1 0 0 1 1 0 1 0 0 1 1 0 0 0 0 0 0 0 0 0 0 0 0 0 
0 0 0 0 1 0 0 0 0 0 0 0 0 0 0 0 0 0 1 1 0 0 0 0 0 1 0 0 0 0 0 0 0 0 0 0 0 0 0 1 0 0 0 0 0 0 1 1 1 0 1 1 0 0 0 0 0 0 0 0 0 0 0 1 0 0 0 0 0 0 
0 0 0 0 1 0 0 0 0 0 0 0 0 0 0 1 0 0 1 0 0 0 0 0 0 0 0 0 0 1 0 0 0 0 0 0 0 0 0 0 0 0 0 0 0 0 0 0 1 0 1 0 0 0 0 0 0 0 0 0 0 0 0 0 0 1 0 0 0 0 
0 0 0 0 1 0 0 0 0 1 0 0 0 0 1 0 1 1 0 0 0 0 0 0 0 0 0 0 0 0 0 1 0 0 0 1 0 0 0 1 1 1 0 0 0 0 0 0 0 0 1 0 1 0 0 0 0 0 0 0 0 1 0 0 1 0 0 0 0 0 
0 0 0 0 1 1 0 0 0 0 0 0 1 0 0 1 1 0 0 0 1 0 0 0 0 0 1 0 1 0 0 0 0 0 0 1 0 0 0 1 0 0 0 0 0 0 0 0 0 0 1 0 0 0 0 0 0 0 0 0 0 0 0 0 0 0 0 0 1 0 
0 0 1 0 0 0 0 0 0 0 0 0 0 0 0 1 0 0 0 1 0 0 0 0 0 0 0 0 0 0 0 0 0 0 1 0 0 0 1 0 0 0 1 0 1 0 0 0 0 1 0 0 1 0 0 0 1 0 0 0 0 0 0 0 0 0 0 0 1 0 
0 1 0 0 0 0 0 0 1 0 0 0 0 1 1 0 0 0 0 0 0 0 0 0 0 0 0 0 1 0 0 0 0 1 0 0 0 0 1 0 0 0 0 1 0 0 0 0 1 0 1 0 0 0 1 0 0 0 0 0 0 0 0 1 0 0 0 0 1 0 
0 1 0 0 0 0 0 1 0 1 0 0 0 0 0 0 0 0 0 0 0 0 0 0 0 0 1 0 0 0 0 0 0 0 0 1 0 0 0 0 0 1 0 1 0 0 0 0 0 0 0 0 0 0 0 1 0 0 0 0 0 1 0 0 0 0 0 0 1 0 
0 1 0 0 1 0 0 0 0 0 1 0 0 0 0 1 0 0 0 0 0 0 0 0 0 1 0 0 1 1 1 0 0 0 1 0 1 0 0 0 0 0 1 0 0 1 1 0 1 0 0 0 1 0 0 1 1 0 0 1 0 0 0 0 0 1 0 0 1 0 
0 0 0 0 0 0 0 0 0 0 0 1 0 0 1 1 0 0 0 0 0 0 0 0 0 0 0 0 0 1 0 1 1 1 0 0 0 0 0 0 0 1 0 1 0 0 0 0 0 0 1 0 0 0 0 0 0 0 0 0 0 1 0 0 1 0 0 0 1 0 
0 0 0 0 0 0 0 0 0 0 1 0 0 0 0 0 1 0 0 0 0 0 0 1 0 0 0 0 0 0 0 0 0 1 0 0 0 0 1 0 0 0 0 0 0 0 0 0 0 0 0 1 0 0 0 1 0 0 0 1 0 0 0 0 0 0 0 1 0 0 
0 1 1 0 0 0 0 0 0 1 0 0 0 0 0 1 0 0 0 1 0 0 1 0 0 0 0 0 0 0 0 0 0 0 1 0 1 1 0 0 0 0 0 0 0 0 1 0 1 0 0 0 0 0 0 0 0 0 1 0 1 0 0 0 0 0 0 0 0 0 
0 1 0 1 0 0 0 0 1 0 0 0 0 0 0 0 0 0 0 0 0 0 0 0 0 0 0 0 1 0 0 0 1 0 1 0 1 0 0 0 0 1 0 0 0 1 0 0 0 1 0 0 0 0 1 1 0 0 0 0 0 0 0 0 0 0 0 0 0 0 
0 1 1 0 0 0 0 0 0 0 0 0 0 0 0 0 0 0 0 1 0 1 0 1 0 0 0 1 0 1 0 1 0 0 0 0 0 1 0 0 0 0 0 1 0 0 0 0 0 1 0 1 0 0 0 0 0 0 1 0 0 0 0 0 0 0 0 1 0 0 
0 1 0 1 0 0 0 1 0 0 0 0 1 0 0 0 0 1 0 0 0 0 0 1 1 0 0 0 1 0 0 0 0 0 0 0 0 0 0 0 1 0 0 0 0 0 1 1 0 0 0 0 0 0 0 0 0 0 0 0 0 1 0 1 0 0 1 0 0 0 
0 1 0 0 0 1 0 0 0 0 0 1 1 0 1 0 0 0 0 0 0 0 0 1 0 0 0 0 0 0 0 0 0 0 0 0 0 0 0 0 0 0 1 1 0 1 0 0 1 0 0 0 1 0 1 0 0 0 0 0 0 1 0 1 0 0 0 0 0 0 
0 0 0 0 0 1 0 0 1 0 0 0 0 0 0 1 0 0 1 0 0 0 0 0 1 0 0 0 1 0 0 0 0 0 0 0 1 0 1 1 0 0 1 0 0 0 0 0 1 0 1 0 0 0 1 0 0 1 0 1 1 0 0 0 0 0 1 0 0 0 
1 1 0 0 1 0 0 0 0 0 1 0 0 1 0 0 0 0 0 0 0 0 0 0 1 0 0 1 0 0 0 0 0 0 0 1 1 0 0 1 0 0 0 0 0 0 0 0 0 0 0 0 0 0 0 0 0 0 0 0 0 0 0 0 0 0 1 0 0 0 
0 0 0 0 0 0 0 0 0 0 0 0 0 0 0 0 0 0 0 0 0 1 0 0 1 1 0 0 0 0 0 0 0 0 0 0 0 0 0 0 0 0 0 1 0 0 0 0 0 0 0 0 0 0 0 0 0 0 0 0 0 0 0 0 1 0 0 0 0 0 
0 0 1 0 0 0 0 0 1 1 0 0 0 1 1 1 0 0 0 0 1 0 0 1 0 0 1 1 0 0 0 0 0 0 0 0 0 0 1 1 0 0 0 0 0 0 0 0 1 0 0 0 0 1 1 0 0 0 0 1 1 0 0 0 0 0 1 0 0 1 
0 0 0 0 1 1 0 0 0 0 1 0 0 0 0 0 0 0 1 1 0 0 1 0 0 0 0 0 0 0 0 0 1 0 0 0 1 0 0 0 0 1 1 0 0 1 0 0 0 1 0 0 0 0 0 0 0 0 0 0 0 0 0 0 0 0 1 0 0 0 
0 0 1 1 0 0 0 0 0 0 0 1 0 0 0 1 0 0 0 0 0 0 0 1 0 0 1 1 0 0 0 1 1 0 0 1 0 1 0 1 0 0 0 0 0 0 0 1 1 0 0 1 0 0 0 0 0 0 0 0 0 0 0 0 0 0 1 0 0 0 
0 0 0 0 0 0 0 0 1 1 0 0 0 0 0 0 0 0 0 0 0 0 0 0 0 0 1 0 1 0 0 0 0 0 0 0 1 0 1 0 0 0 1 0 0 0 0 0 0 1 1 0 0 1 0 1 0 1 0 0 0 0 1 0 1 0 0 0 0 0 
0 0 1 0 0 0 0 0 0 0 0 0 0 0 0 1 0 0 0 0 1 1 0 0 0 1 0 0 0 0 0 1 0 0 1 0 0 1 0 0 0 1 0 0 0 0 0 0 0 1 0 0 0 0 1 0 0 0 1 0 0 0 0 0 0 1 0 1 0 0 
0 0 1 0 0 1 0 0 0 1 0 0 0 0 0 0 1 0 1 1 0 0 0 0 0 0 0 0 0 0 0 1 1 0 1 0 1 0 0 0 0 0 0 0 0 0 0 1 0 1 0 0 0 0 0 0 0 0 0 0 1 1 0 0 0 0 0 0 0 0 
0 0 0 0 0 0 0 0 0 0 0 0 0 0 1 0 0 0 1 0 0 0 0 0 0 0 0 0 0 1 0 0 0 0 0 0 0 0 0 0 0 0 0 0 0 0 0 1 0 0 0 1 0 0 0 0 0 0 1 0 0 0 1 1 1 0 0 1 0 0 
0 0 0 0 0 0 0 1 0 1 0 0 0 0 1 0 0 0 1 0 0 0 1 0 1 0 0 1 0 0 0 0 0 0 0 1 0 0 1 0 0 0 0 0 0 0 0 0 0 0 0 0 1 0 0 1 0 0 0 0 0 1 0 1 0 0 0 0 0 0 
0 0 0 0 0 0 0 0 0 0 0 0 0 0 0 0 0 0 0 0 1 0 0 1 0 0 0 0 0 0 1 1 0 0 0 1 0 1 0 0 0 0 0 0 0 0 0 0 0 0 0 0 1 1 0 0 0 0 1 1 0 0 0 0 1 0 0 1 0 0 
0 0 0 0 1 0 0 0 1 0 0 0 0 0 0 0 0 0 0 0 0 1 1 0 1 0 0 0 1 0 1 0 0 1 0 0 0 0 0 0 0 0 0 0 0 0 0 0 1 0 0 0 0 0 0 0 0 0 0 1 0 0 0 0 1 0 1 0 0 0 
0 0 0 0 1 0 0 1 1 0 0 0 0 0 0 0 0 0 0 0 1 0 0 0 0 0 0 0 0 0 0 0 0 0 0 0 0 0 0 0 0 0 0 0 0 0 1 0 0 0 0 0 1 0 0 1 0 0 0 1 0 1 0 0 0 0 0 0 0 0 
0 0 0 0 0 0 0 0 0 0 0 0 0 1 0 0 0 0 0 0 0 0 0 1 0 0 0 1 0 0 1 0 0 0 0 1 0 0 0 0 0 0 0 0 0 0 0 0 0 0 0 0 0 1 0 0 0 0 0 1 0 0 0 0 0 0 0 0 0 0 
1 0 0 0 0 0 0 0 0 0 0 0 0 0 0 1 1 0 0 0 0 0 0 1 0 0 1 0 0 1 0 0 0 0 0 0 0 0 0 0 0 0 0 0 1 0 0 0 0 0 1 0 0 0 0 1 0 0 0 0 0 0 0 0 0 0 0 1 0 0 
0 1 0 0 0 0 0 0 0 0 0 0 0 0 0 0 1 0 0 0 0 0 0 0 0 0 0 0 0 1 0 0 0 0 0 0 1 0 0 1 1 0 0 0 0 0 0 0 0 1 0 0 1 1 0 0 0 0 0 0 0 0 0 0 0 0 0 1 0 0 
0 0 0 1 0 0 0 1 0 0 0 0 0 0 0 0 1 1 0 0 0 1 0 1 0 0 1 0 0 0 1 1 0 0 1 0 1 0 0 0 0 0 0 1 0 0 0 0 0 1 1 0 0 0 0 0 0 0 0 0 0 0 0 1 0 0 0 0 0 0 
0 0 1 0 1 0 0 1 0 0 1 0 1 0 1 1 0 0 0 0 1 0 0 0 0 0 0 1 1 0 0 0 0 0 0 1 0 1 1 1 0 0 0 0 0 0 0 1 1 0 1 0 0 0 1 0 0 1 0 0 0 0 0 0 0 0 0 0 0 0 
0 1 0 0 0 0 0 0 0 0 0 1 1 0 0 1 1 1 1 1 0 1 0 0 1 0 0 0 0 0 0 1 0 0 0 0 0 1 0 0 0 0 0 0 0 0 1 0 1 1 0 0 0 0 1 0 0 1 0 0 0 0 0 0 1 0 0 0 0 1 
0 0 0 0 0 0 1 0 0 0 0 0 1 0 1 0 1 0 0 0 0 0 0 0 0 1 0 0 1 0 0 0 0 0 0 0 1 0 0 0 1 0 0 0 0 0 0 0 0 0 0 0 0 0 0 0 0 1 0 0 0 0 0 0 0 0 0 0 1 0 
0 0 0 0 1 0 0 0 0 0 0 0 0 0 0 1 0 0 1 0 1 0 0 1 0 0 0 0 0 0 1 0 0 0 0 0 0 0 0 0 0 1 1 0 1 0 0 1 0 0 0 0 0 0 0 0 0 0 0 0 1 0 0 0 1 0 1 0 1 1 
0 1 0 0 0 0 0 0 0 1 1 0 0 0 0 0 0 0 0 0 0 0 0 0 0 0 0 0 0 0 0 0 0 0 1 0 0 1 0 0 0 0 1 0 0 1 0 1 0 0 0 0 0 0 0 1 0 0 1 0 0 0 0 0 0 0 0 0 0 0 
0 0 0 1 1 0 0 0 0 0 0 0 0 0 1 0 0 0 0 0 0 1 0 0 0 0 0 1 0 0 1 1 0 0 1 0 0 0 1 0 0 0 0 0 0 0 0 0 0 1 1 0 0 0 0 0 0 1 1 0 0 0 0 0 0 0 0 0 0 0 
0 1 0 0 0 1 1 0 0 0 0 0 0 0 0 1 0 0 0 0 0 0 1 1 0 1 0 1 0 0 0 0 0 0 0 0 0 1 0 0 0 1 0 0 1 0 1 0 0 0 0 0 0 1 0 0 1 0 1 0 0 0 0 1 0 0 0 0 0 1 
0 0 0 0 0 0 0 0 0 1 0 0 0 0 0 1 0 0 0 0 1 0 0 1 0 0 0 0 0 0 0 0 0 0 0 0 0 0 0 0 0 0 0 0 0 0 0 0 0 0 0 0 0 0 0 1 0 0 1 0 0 0 0 1 0 0 0 0 0 0 
0 0 0 1 0 0 1 0 0 1 0 0 0 0 1 0 0 0 0 0 0 0 0 0 0 0 0 0 0 0 0 1 0 0 0 0 0 1 0 0 0 0 0 0 0 0 0 0 0 1 1 1 0 0 1 0 0 0 0 0 0 1 0 0 0 0 1 1 0 0 
1 0 0 0 0 0 0 0 0 0 0 0 0 0 0 0 0 0 0 0 0 0 0 0 0 0 1 0 1 0 0 0 0 0 0 0 0 0 1 0 1 0 1 0 0 0 0 0 0 0 0 0 0 1 1 1 1 0 0 0 0 0 0 0 0 0 0 0 0 0 
0 0 1 0 0 1 1 0 0 1 0 0 0 0 0 0 0 0 0 0 0 0 0 1 0 1 0 0 0 0 0 1 0 0 1 0 0 0 0 0 0 0 1 1 1 1 0 0 0 0 0 0 0 0 0 0 0 0 0 0 0 0 0 0 0 0 0 0 0 0 
0 0 1 0 0 0 0 0 0 0 0 0 1 0 0 0 0 0 0 0 0 0 0 0 0 0 1 0 0 0 0 1 0 0 1 0 0 0 0 1 0 0 0 0 0 0 0 0 0 0 0 0 1 0 0 0 0 0 0 0 0 0 0 0 0 0 0 0 0 0 
0 0 0 0 0 0 1 0 0 1 0 0 0 0 0 0 0 0 1 0 0 0 1 0 1 0 0 0 0 1 1 0 0 0 0 0 0 0 0 1 0 1 0 0 1 0 0 0 0 0 0 0 0 0 0 0 0 1 0 0 0 0 0 0 0 0 0 0 0 0 
0 0 1 1 0 1 0 0 0 0 1 0 0 0 0 0 0 0 0 0 0 0 0 0 0 0 0 0 0 0 0 0 0 0 0 0 0 1 0 0 1 0 0 0 0 0 0 0 0 0 0 0 0 0 0 0 0 0 0 0 0 0 0 0 0 0 1 1 0 0 
0 0 0 0 0 0 0 1 0 0 0 0 1 0 0 0 1 0 0 0 0 1 0 0 0 0 0 0 0 1 1 0 0 0 0 0 0 0 0 0 1 1 0 0 0 0 0 0 1 0 0 0 0 0 0 1 1 0 0 0 0 0 0 0 0 1 0 0 0 0 
0 0 0 1 0 0 0 0 1 1 0 0 0 0 0 0 0 0 1 0 0 0 0 0 1 0 0 0 0 0 0 0 0 1 0 0 0 1 0 0 1 0 1 1 0 0 0 0 0 0 1 0 1 0 0 0 0 0 0 0 0 0 0 0 0 0 0 1 0 0 
0 0 0 0 1 0 0 0 0 0 1 0 0 0 0 0 0 1 0 0 0 0 0 1 0 0 0 0 0 0 0 0 0 0 0 0 0 0 1 0 0 0 0 0 0 0 0 0 0 0 0 0 0 0 0 0 0 0 0 0 0 0 0 1 0 0 0 1 0 0 
0 0 0 0 1 0 1 0 1 0 1 1 0 0 0 0 0 0 0 0 0 0 0 0 0 0 0 0 0 1 0 1 1 0 1 1 1 0 0 0 0 0 0 1 0 0 0 0 0 0 0 0 1 0 0 0 0 1 0 0 0 0 1 0 0 0 0 0 0 0 
0 1 1 0 1 0 0 0 1 1 0 0 0 0 0 0 0 0 0 0 0 0 0 0 0 1 0 0 1 0 0 0 0 0 0 0 0 0 1 0 1 0 1 0 0 0 1 1 0 0 0 0 0 0 0 0 0 1 0 0 0 0 1 0 1 1 0 0 0 1 
0 0 0 0 0 0 0 0 1 0 0 0 0 0 0 0 0 0 0 1 1 1 1 1 1 0 0 0 0 0 0 0 0 0 0 0 0 0 0 0 0 0 0 0 0 0 0 0 0 0 0 1 1 0 0 0 0 0 0 0 0 0 0 0 0 0 0 0 0 1 
0 0 0 0 0 0 0 0 1 0 0 0 0 1 1 0 0 0 0 0 0 0 0 0 0 0 0 0 0 0 0 0 0 0 1 0 0 0 0 0 0 0 0 0 0 0 0 0 0 0 1 0 1 0 0 1 0 0 0 0 0 0 0 0 0 0 0 1 1 0 

0 0 15 19 0 0 0 0 9 0 0 0 13 0 0 0 12 0 0 0 0 0 0 0 0 0 9 0 0 0 14 0 0 0 0 0 0 4 0 0 14 0 0 0 0 0 0 0 0 0 0 0 0 0 0 0 0 15 10 0 0 17 0 0 0 0 0 0 0 0 
0 0 0 0 0 0 0 0 0 0 0 0 0 0 0 0 0 0 0 0 0 0 0 0 0 0 0 0 0 0 6 6 0 0 0 4 0 0 0 0 8 0 0 1 0 0 0 0 0 0 0 13 0 0 0 0 0 0 4 0 0 0 0 0 9 0 0 15 0 0 
0 0 0 0 0 0 0 18 11 0 0 0 0 0 16 0 0 0 0 0 0 0 0 0 0 0 0 0 0 0 0 0 0 10 0 0 0 0 0 0 0 0 0 0 0 0 0 0 0 16 0 0 0 12 0 0 0 0 6 6 0 0 0 0 0 0 1 0 0 6 
0 0 5 0 0 0 0 0 0 0 17 19 4 0 0 0 0 0 0 0 0 14 11 0 9 0 0 0 0 2 0 0 0 0 0 0 0 0 0 0 0 13 0 0 0 0 0 12 0 0 0 0 14 0 0 0 0 0 6 0 0 5 0 0 0 14 0 0 0 1 
0 11 0 0 0 10 1 0 0 0 2 0 0 18 0 18 0 18 0 6 0 20 0 0 0 0 0 0 0 0 0 0 15 0 15 0 0 0 0 0 0 0 0 0 4 0 0 0 0 0 0 0 18 0 13 8 10 0 0 0 0 0 2 0 0 0 0 13 0 0 
0 0 0 0 0 0 0 19 14 10 0 0 0 0 0 0 0 0 0 12 0 0 12 0 0 0 0 0 0 0 8 4 0 0 0 0 0 10 0 0 0 0 9 0 5 0 0 0 11 0 0 17 0 0 0 0 6 4 0 14 0 0 0 6 0 4 0 0 0 6 
0 0 0 0 0 0 0 10 13 0 11 0 0 0 10 0 0 17 0 0 0 0 0 0 18 0 2 0 0 0 12 0 0 0 0 0 0 0 0 14 18 0 0 19 0 0 0 0 13 0 8 0 15 0 0 0 14 0 0 0 0 0 16 0 0 0 9 0 0 4 
0 0 0 0 4 0 0 0 0 0 0 0 3 0 0 10 9 17 0 0 0 0 0 0 13 0 0 0 0 0 0 0 0 18 0 0 19 0 0 0 0 0 0 0 10 0 0 0 11 0 0 0 0 0 16 5 0 0 0 0 3 0 12 0 0 20 0 0 0 0 
0 0 0 13 0 0 16 0 0 0 0 0 0 0 0 0 0 0 0 0 0 0 4 0 17 0 0 0 0 0 0 0 0 0 16 0 10 0 0 0 0 12 0 0 0 0 0 17 0 0 0 0 0 0 0 11 0 7 0 1 0 0 0 0 0 0 0 0 0 0 
0 0 0 0 0 15 0 0 0 0 9 0 3 0 5 0 4 0 0 0 2 0 0 0 0 0 0 0 0 0 0 0 0 4 10 0 0 10 0 0 0 0 0 0 0 0 0 0 13 0 16 0 0 5 19 0 0 0 0 0 13 0 0 0 0 0 0 0 0 0 
0 0 0 0 0 0 0 0 0 0 0 0 10 0 0 0 0 16 0 20 0 0 0 0 0 0 15 0 0 0 19 0 3 0 0 0 0 0 0 0 0 0 10 0 0 16 0 0 0 0 0 0 10 8 13 0 0 0 0 0 0 0 0 7 0 2 0 0 0 0 
0 0 0 0 0 0 1 0 0 0 0 0 0 0 0 0 0 0 4 0 0 0 14 0 0 5 0 14 0 0 6 7 0 0 0 0 0 0 0 14 0 0 0 0 0 0 0 0 0 0 4 0 0 0 0 12 1 0 0 11 12 0 0 8 0 0 0 0 0 0 
0 0 0 0 0 14 0 0 0 0 0 0 0 0 0 0 0 0 0 0 10 0 0 2 0 0 0 17 0 0 14 0 0 18 0 0 0 13 0 0 0 0 0 0 0 0 0 0 0 0 17 17 5 0 9 7 0 0 0 10 8 17 16 0 6 0 0 0 0 0 
0 11 0 0 0 0 0 18 0 2 6 5 0 0 0 8 0 0 0 3 0 11 0 0 0 0 0 0 15 0 0 2 0 0 0 0 0 5 6 0 0 18 0 0 0 0 0 0 0 0 0 0 0 0 0 0 0 0 0 0 2 12 0 0 0 8 0 13 2 0 
11 0 19 0 0 15 0 10 0 0 18 0 0 6 0 0 0 11 0 0 0 10 0 0 9 14 12 0 0 15 0 6 0 0 0 0 0 0 19 0 0 0 7 0 0 0 0 0 0 0 0 0 0 0 14 0 0 0 0 0 0 0 0 0 0 18 2 0 0 0 
0 0 0 0 0 16 0 7 0 3 0 5 0 0 0 0 0 0 1 0 0 0 0 0 0 0 0 3 0 0 0 0 0 0 0 0 0 0 0 0 0 0 19 0 0 0 0 0 0 0 19 13 0 13 0 1 0 0 0 17 3 0 0 16 0 0 0 18 0 16 
0 0 0 0 0 0 0 7 0 9 0 0 0 0 0 0 0 0 8 0 10 0 3 0 0 0 0 0 0 3 0 0 0 10 0 0 0 0 0 0 21 0 0 0 0 0 0 0 0 0 0 0 0 0 0 0 0 0 4 5 0 8 0 0 0 0 0 0 0 0 
0 14 0 3 9 0 0 0 9 11 0 7 0 0 0 0 0 0 0 0 6 2 0 0 0 0 0 0 0 0 0 0 0 0 0 0 0 0 17 18 0 0 0 0 0 0 0 0 0 0 0 0 0 13 0 0 0 0 3 14 0 0 0 13 0 0 18 0 0 0 
0 6 0 0 0 12 0 8 6 0 0 3 0 9 0 0 0 0 0 0 0 0 0 0 20 0 0 3 0 0 0 0 0 0 0 0 0 0 15 0 0 0 0 0 0 0 10 15 0 0 16 0 13 0 0 0 0 0 0 0 17 0 0 0 0 0 10 0 0 0 
0 0 0 0 11 0 0 0 0 0 8 0 0 17 0 21 0 0 0 0 0 8 0 0 0 0 0 0 0 0 0 0 0 0 0 0 0 0 0 0 0 0 0 8 0 0 0 0 0 0 0 0 0 0 0 0 0 0 0 5 0 0 0 0 0 0 0 0 18 0 
0 7 0 0 0 0 0 0 0 0 0 0 0 0 0 9 11 0 0 0 0 0 0 2 12 14 0 0 0 0 0 0 0 0 0 0 8 0 0 0 0 0 0 0 0 0 18 0 0 0 0 0 0 0 0 0 0 1 0 0 0 0 0 1 0 0 18 0 0 0 
0 0 0 17 2 11 0 0 0 0 0 0 0 0 0 0 17 7 0 0 14 0 0 0 0 0 0 0 0 0 10 14 0 0 15 9 10 11 0 0 0 0 13 0 0 1 0 0 0 0 0 0 0 15 0 3 0 0 0 0 0 0 0 0 8 0 0 0 6 3 
0 18 4 0 10 0 0 13 0 0 0 0 0 0 0 16 0 0 0 0 0 0 0 0 0 0 0 0 0 0 0 0 0 5 1 0 0 7 0 10 0 0 0 0 0 0 19 0 0 0 0 0 0 6 10 0 0 0 0 0 0 4 0 9 0 0 0 0 2 0 
0 0 0 13 0 0 0 0 0 0 3 0 0 15 0 0 0 0 0 0 0 19 0 0 0 0 0 0 0 0 0 2 0 0 0 0 9 0 0 0 6 0 1 0 0 8 0 0 0 1 0 0 0 0 0 3 0 0 0 6 0 0 0 0 0 4 0 0 0 19 
0 10 0 0 10 0 0 7 17 0 0 0 0 0 4 0 0 0 0 0 0 0 0 0 0 0 0 0 0 0 0 3 0 10 0 0 0 0 0 0 0 0 0 0 0 0 0 8 18 0 0 0 0 0 0 0 0 0 9 0 0 0 0 18 0 0 0 0 0 0 
13 0 3 0 0 0 0 0 0 0 0 18 9 0 4 0 0 0 0 0 5 0 7 12 0 0 7 0 0 12 0 0 0 0 0 0 0 0 0 0 0 0 13 0 0 10 0 0 0 1 10 0 0 0 19 2 0 0 0 0 8 0 0 2 0 0 0 0 0 0 
0 0 0 0 0 0 13 0 0 19 0 3 0 0 0 11 0 0 12 0 16 17 0 0 5 5 0 0 0 0 0 0 0 0 0 0 0 0 0 0 0 0 0 0 9 0 8 0 0 9 0 0 0 0 0 19 0 1 0 0 0 0 1 0 12 0 9 0 0 0 
0 0 0 0 0 0 0 0 0 0 0 3 0 0 0 0 0 0 0 4 18 0 0 11 0 0 11 0 0 0 0 14 4 0 0 0 0 0 0 17 0 0 0 0 0 0 11 9 0 0 0 6 0 0 0 0 0 0 0 0 0 0 0 19 0 0 0 0 0 0 
0 0 5 0 0 0 0 0 0 0 0 0 17 0 0 0 0 0 0 0 0 0 0 13 0 0 18 0 0 0 0 0 0 0 0 3 0 15 0 6 0 0 6 0 19 0 0 0 0 0 0 0 0 16 7 0 0 0 0 0 0 0 0 0 0 0 0 0 0 0 
0 0 15 12 15 0 0 0 13 0 0 0 0 0 8 0 0 0 0 14 9 0 0 0 0 0 0 0 0 0 1 14 0 0 0 0 0 0 6 0 0 0 0 0 0 12 0 0 0 1 8 0 0 0 0 0 0 0 0 0 0 9 0 0 0 0 0 0 0 0 
0 0 6 0 1 0 0 0 13 0 0 0 0 0 0 5 0 0 0 8 0 0 0 0 0 0 8 0 0 0 0 0 0 0 0 0 0 0 0 0 0 0 0 3 0 0 0 0 16 0 0 0 0 0 0 0 9 0 11 0 0 11 0 0 9 0 0 0 0 1 
0 0 0 0 0 0 21 0 0 0 0 0 0 0 0 0 0 0 0 0 0 0 6 0 0 0 17 0 7 0 0 0 0 0 12 8 0 0 0 0 2 0 0 0 10 0 16 0 0 4 0 0 0 0 0 0 0 0 7 0 0 0 0 0 1 0 0 0 0 0 
0 0 0 0 5 0 0 0 0 12 0 0 0 0 0 0 16 0 6 0 0 0 0 0 0 0 1 0 0 0 0 0 0 0 0 18 0 0 0 8 0 0 14 0 0 0 0 0 0 0 0 0 0 0 0 7 0 0 0 7 0 0 0 0 0 13 0 0 0 9 
0 0 0 13 0 0 0 0 0 0 0 0 6 0 0 0 0 0 0 0 0 0 0 0 0 0 0 0 0 0 0 0 0 0 0 0 0 0 0 0 0 0 13 9 0 4 3 0 2 0 14 0 0 2 0 0 0 0 6 0 0 0 5 0 0 8 0 8 0 0 
0 0 0 0 0 8 0 0 0 0 0 0 7 0 0 0 0 0 0 0 0 0 0 0 0 0 12 1 0 0 0 13 0 0 0 0 0 0 0 0 18 0 0 0 0 0 0 0 0 0 0 0 0 0 0 16 4 0 0 0 5 0 0 0 0 0 5 0 0 0 
20 0 8 0 0 0 0 1 0 0 0 0 9 0 0 0 0 0 0 0 0 0 0 0 0 2 0 0 0 18 0 0 0 0 0 0 0 0 7 0 11 0 0 0 0 0 0 0 0 0 0 0 0 0 0 3 0 0 0 0 0 0 0 0 0 0 0 15 0 18 
0 0 0 0 0 5 0 9 15 0 0 0 0 0 0 0 0 0 0 5 0 14 0 0 0 0 0 11 0 0 0 13 14 0 0 0 0 0 15 0 4 0 0 0 0 0 18 0 0 3 0 0 0 0 0 0 0 0 16 0 0 0 0 0 0 0 0 0 0 0 
0 0 4 0 0 0 0 0 13 0 0 0 0 16 0 7 0 4 0 0 0 0 0 0 0 11 3 0 0 0 0 0 0 0 0 13 0 0 0 0 6 0 0 0 0 0 0 7 0 0 0 0 0 19 0 0 0 0 6 0 0 0 0 0 0 0 0 0 0 0 
0 8 0 0 0 0 0 0 0 0 0 0 0 0 0 0 17 0 0 0 0 2 0 0 3 1 0 8 0 0 0 0 0 0 0 0 0 3 0 0 0 0 0 0 0 0 0 0 0 14 0 0 17 0 0 0 0 0 0 0 0 9 0 0 13 15 0 0 15 5 
0 0 0 0 16 0 0 5 0 0 0 6 0 0 2 0 0 0 0 0 0 0 0 0 0 0 0 0 19 14 0 0 0 0 17 0 13 14 0 0 16 0 18 14 0 12 0 0 8 0 0 0 0 0 0 0 0 0 12 0 5 0 0 0 0 0 0 0 0 0 
0 0 10 2 0 0 2 0 0 0 0 0 0 0 0 0 0 0 0 0 0 0 0 0 0 0 0 0 0 0 0 0 0 0 0 0 0 0 0 0 0 0 1 0 0 0 0 0 0 0 0 0 0 0 1 0 0 0 0 0 0 14 18 0 0 19 4 0 0 0 
0 0 19 0 0 0 0 11 13 0 15 0 0 0 0 0 0 17 2 0 0 0 0 0 0 5 0 0 0 0 10 0 0 0 0 3 1 0 0 0 0 0 0 16 0 0 0 0 0 0 0 0 0 0 0 0 0 0 0 0 0 17 8 0 0 0 0 0 0 0 
4 0 0 18 0 8 0 0 0 0 0 12 0 5 0 0 9 0 0 0 0 0 0 0 0 0 6 0 0 0 0 3 0 0 0 0 0 0 0 0 0 0 0 0 0 0 0 0 0 0 0 0 0 0 15 6 0 4 0 0 19 0 0 0 0 0 0 18 0 10 
0 0 0 0 7 14 7 2 0 0 0 0 0 0 0 0 12 0 0 0 2 3 2 0 0 17 0 0 0 0 0 0 11 1 0 0 0 0 0 9 5 0 0 0 0 0 0 0 0 0 12 0 0 0 0 0 0 17 0 0 0 0 0 0 16 0 0 0 0 0 
0 0 6 0 6 0 0 0 0 10 0 0 0 0 0 2 0 0 0 0 0 0 0 0 0 0 0 0 0 0 0 0 0 0 0 0 0 0 9 0 0 0 0 0 0 17 0 0 0 0 0 0 0 9 14 0 0 0 0 0 0 0 0 0 0 0 0 0 0 0 
0 0 0 0 0 1 0 0 0 0 0 0 8 0 0 3 0 16 0 0 0 0 0 14 0 2 0 0 0 0 0 0 0 19 17 20 0 0 0 0 0 15 0 0 0 0 0 0 0 0 12 0 0 0 0 0 12 0 20 0 0 0 0 0 0 0 0 15 0 1 
0 0 0 0 0 0 0 0 0 0 0 0 0 19 0 0 0 0 2 11 0 0 0 0 0 0 9 17 0 0 5 7 0 0 3 0 16 0 0 9 0 0 0 0 0 0 0 0 0 0 0 0 0 0 0 0 0 15 0 0 0 19 0 0 0 0 0 0 0 16 
0 0 0 19 0 0 0 0 0 0 0 0 0 0 0 0 0 0 19 0 0 8 0 17 0 4 0 0 0 0 0 18 0 0 0 0 0 0 7 0 0 0 0 0 0 0 0 0 0 0 10 0 13 8 0 0 0 0 0 0 0 0 0 0 1 0 0 0 0 0 
0 12 0 0 0 0 0 20 0 13 0 0 0 0 0 0 0 0 0 0 0 0 0 0 0 0 0 15 9 0 0 6 0 18 0 0 0 0 0 0 1 0 0 0 0 0 0 2 0 0 0 17 0 0 0 0 16 0 0 0 0 0 0 0 0 0 0 0 15 0 
14 18 0 0 0 0 0 0 1 4 0 0 0 0 14 0 0 0 0 0 0 0 13 0 0 0 1 0 8 4 0 0 0 0 0 0 0 0 0 0 0 0 2 1 0 0 0 0 0 0 0 0 0 8 0 0 0 0 0 2 0 0 0 0 16 0 15 0 0 0 
0 0 0 0 0 0 0 0 8 0 19 0 0 11 0 0 0 0 0 0 12 0 0 2 0 0 0 0 0 0 0 0 0 0 0 0 0 0 13 0 0 0 6 0 0 0 0 0 0 0 0 0 0 0 0 19 0 0 0 0 0 0 0 17 0 0 0 8 0 16 
0 0 0 0 17 0 0 0 0 0 0 18 0 0 0 14 0 0 12 0 0 0 0 0 0 11 0 0 0 2 7 0 0 0 0 0 0 0 0 0 0 0 0 0 0 0 1 0 0 0 0 0 0 0 0 0 0 0 6 0 18 0 0 0 0 15 0 0 18 0 
4 0 0 0 0 4 0 0 0 0 0 14 0 0 0 0 0 0 0 0 12 0 0 0 0 0 13 0 0 0 0 0 8 0 0 0 0 0 0 0 0 0 0 0 0 0 0 0 0 0 0 1 0 0 0 0 0 0 0 0 0 0 0 0 0 0 0 0 0 0 
11 0 0 0 0 0 0 10 0 0 10 0 19 8 0 8 14 0 0 2 0 18 0 7 0 12 0 0 0 0 0 0 16 0 0 0 0 0 0 6 0 0 11 0 0 0 0 19 0 0 0 10 18 0 12 0 5 1 0 0 0 0 0 7 0 0 0 0 0 8 
0 0 0 6 6 0 0 15 8 0 0 0 0 7 0 0 16 0 0 0 0 0 2 0 0 0 0 0 0 0 0 12 0 0 0 0 0 13 0 0 0 0 0 17 0 9 0 8 0 0 0 0 0 0 0 0 0 11 0 0 13 0 0 0 0 8 0 0 14 0 
0 0 0 0 2 0 15 0 0 0 0 0 0 0 0 1 0 17 0 0 0 0 0 0 0 0 0 0 9 0 0 0 2 0 0 18 0 8 0 0 0 0 13 0 0 0 0 0 3 0 0 0 0 0 15 0 0 6 0 0 0 0 0 15 0 0 0 16 7 0 
0 0 0 5 18 0 0 0 0 0 0 7 0 0 0 0 0 0 0 0 0 1 0 14 0 5 2 10 9 19 0 0 18 0 1 0 0 0 0 0 0 6 0 0 14 0 9 0 9 0 0 0 0 0 0 0 0 0 0 0 0 0 0 0 0 3 0 0 0 0 
0 0 0 0 0 0 0 0 0 0 0 0 0 0 0 12 0 0 0 0 0 0 0 0 0 0 15 0 0 0 0 0 0 0 0 0 10 0 0 8 0 0 0 0 0 0 15 0 0 0 0 0 0 14 0 0 0 0 0 0 0 0 0 0 0 3 0 0 0 0 
0 0 0 0 0 0 0 0 17 0 0 0 0 0 0 0 0 0 1 17 4 0 0 0 0 18 0 0 19 5 10 0 0 0 0 0 0 0 0 0 0 0 0 10 3 0 11 4 0 0 13 0 0 0 0 0 0 0 0 0 0 0 0 0 0 0 0 0 19 0 
0 0 17 17 19 0 0 0 0 0 0 16 3 0 0 0 0 0 0 0 3 5 0 2 1 16 0 0 0 0 0 0 0 0 0 0 0 0 0 0 0 8 0 0 0 11 19 16 9 0 0 0 0 0 0 0 0 0 0 0 2 0 0 0 0 0 0 0 7 0 
0 0 0 6 0 0 0 3 0 0 0 0 0 0 0 0 0 0 0 0 0 0 0 0 8 0 0 0 0 0 12 0 0 0 0 0 0 0 0 5 8 16 0 0 9 0 14 0 0 0 0 0 0 0 0 0 0 15 0 0 0 0 0 0 14 3 0 0 2 0 
0 0 10 0 0 9 0 6 7 0 0 0 0 0 0 0 0 0 9 0 0 0 0 8 0 0 0 0 0 16 5 14 4 0 0 0 0 0 0 13 0 0 0 0 16 0 0 0 0 0 9 7 0 14 10 0 3 7 0 0 0 0 0 0 0 0 0 0 0 0 
0 0 0 0 3 0 0 8 0 0 3 0 0 0 0 19 0 0 0 0 10 14 0 0 0 0 0 0 0 0 0 0 0 0 0 0 0 0 0 13 0 16 0 0 0 20 10 18 0 0 14 0 0 19 0 0 13 0 0 0 2 0 0 0 0 0 0 2 0 0 
0 5 0 0 0 0 0 0 0 0 0 0 0 0 0 0 0 2 0 0 0 0 0 0 1 12 0 0 0 0 0 0 7 0 0 0 0 0 0 14 0 17 0 1 0 0 0 0 0 0 5 0 0 0 7 0 0 0 18 0 0 0 0 0 0 15 2 0 0 19 
0 15 19 0 0 16 0 0 0 0 0 0 15 0 0 0 0 10 0 0 0 0 5 0 0 0 0 0 18 0 0 0 0 3 0 0 0 0 0 0 19 0 0 0 0 0 0 0 0 15 0 0 0 0 0 20 0 0 1 0 0 0 0 0 0 0 0 0 0 2 
0 16 18 0 0 0 0 0 0 0 0 16 0 0 0 0 12 0 0 0 0 0 0 0 0 0 16 0 0 0 0 0 0 0 0 0 14 0 17 0 0 0 0 0 0 0 0 6 0 0 0 0 0 0 0 0 0 0 0 0 1 0 0 0 0 0 0 0 0 16 
0 0 0 0 0 0 18 0 8 0 0 0 0 0 0 0 0 0 0 0 0 0 9 0 0 0 0 0 0 0 0 0 0 0 0 0 0 16 0 0 1 0 0 0 0 0 0 0 0 0 0 0 7 0 18 0 10 0 0 0 0 0 17 0 0 0 0 11 19 0 
0 0 0 0 0 0 0 0 15 15 0 0 0 0 16 0 0 0 1 0 0 0 0 0 0 0 4 0 0 2 0 0 13 0 0 0 0 0 0 4 0 8 0 0 0 0 0 5 0 0 0 0 2 0 0 0 0 0 0 0 0 0 0 15 0 0 0 0 18 0 
0 0 0 0 0 0 6 0 17 15 0 0 0 6 17 8 0 0 0 0 0 0 0 0 0 2 0 0 0 13 0 14 0 0 0 0 0 0 0 0 0 0 0 0 0 0 0 0 0 0 17 0 0 16 0 16 0 0 0 0 0 0 0 0 0 0 15 0 0 0 
0 0 0 0 0 0 0 16 0 6 0 7 0 0 0 0 10 0 0 16 0 0 0 0 0 0 0 0 2 0 6 0 0 10 0 0 16 0 0 0 0 3 0 0 0 3 0 13 0 0 0 0 0 0 0 0 0 0 6 0 0 0 0 0 19 0 13 0 0 0 
