70

0 0 1 1 1 1 0 1 1 1 1 0 1 1 0 1 1 1 1 1 1 0 1 1 1 1 1 1 1 1 1 0 1 1 1 1 1 1 1 1 1 1 1 0 1 1 0 1 1 1 0 1 1 1 1 1 1 1 1 1 1 0 1 1 1 1 1 1 1 1 
0 0 1 1 1 1 1 1 1 1 1 0 1 1 1 1 1 1 1 1 1 1 1 1 1 1 1 1 1 1 1 1 1 1 1 0 1 1 1 0 1 1 0 1 1 0 1 1 1 1 1 1 1 1 1 1 1 0 1 1 1 1 1 1 1 1 1 1 0 1 
1 1 0 1 1 1 1 1 0 1 1 1 1 1 1 1 1 1 1 1 1 1 1 1 0 0 0 1 1 1 1 1 0 0 1 1 0 1 1 1 0 1 1 1 1 0 1 1 1 1 1 1 1 1 1 1 0 1 1 1 1 0 1 0 0 1 1 1 1 1 
1 1 1 0 0 0 1 1 0 1 1 1 1 1 1 0 0 0 1 1 1 1 1 1 1 1 1 1 1 1 1 1 0 1 1 1 1 1 1 1 1 0 0 1 1 1 1 0 0 1 1 0 1 1 1 1 1 1 1 0 1 1 1 1 1 1 1 1 1 1 
1 1 1 0 0 1 1 0 1 1 1 1 1 1 1 1 1 1 1 1 1 1 0 1 1 1 1 1 1 1 1 1 1 0 1 1 1 1 1 1 1 1 1 1 1 1 1 1 1 1 1 1 1 1 1 1 1 1 1 1 1 1 0 0 1 1 1 1 1 1 
1 1 1 0 1 0 1 1 1 1 0 1 1 1 1 1 0 1 1 1 1 1 1 1 0 1 1 1 1 1 1 0 1 1 0 1 1 1 1 1 1 1 1 1 1 1 0 1 1 1 0 1 1 1 1 0 1 1 1 1 1 1 1 1 1 1 1 1 1 1 
0 1 1 1 1 1 0 0 1 1 1 1 0 0 1 1 0 1 1 1 1 1 0 1 1 1 1 0 1 0 1 1 0 0 1 1 1 1 1 1 0 1 1 0 1 1 1 1 1 1 0 1 1 1 1 1 0 1 0 1 0 1 1 0 1 1 0 1 1 1 
1 1 1 1 0 1 0 0 1 1 1 1 1 1 1 1 1 1 1 1 0 1 1 1 1 1 0 1 1 1 1 1 1 1 1 1 1 1 1 1 1 1 1 1 1 1 0 1 1 1 1 1 1 0 1 1 1 1 1 1 0 1 1 1 1 1 1 1 1 0 
1 1 0 0 1 1 1 1 0 0 1 1 1 1 1 1 1 1 0 1 1 1 1 1 1 1 1 0 1 1 0 1 1 1 1 1 0 1 1 1 1 1 1 1 1 1 1 1 1 1 0 1 1 1 0 0 1 1 1 0 1 1 1 1 0 1 0 1 1 1 
1 1 1 1 1 1 1 1 0 0 0 0 1 1 1 0 1 1 1 1 1 0 0 1 1 0 1 0 0 1 1 1 1 0 1 1 1 1 1 1 1 1 1 0 1 1 1 1 1 1 1 1 0 1 1 1 1 1 0 1 1 1 1 0 1 1 1 1 1 0 
1 1 1 1 1 0 1 1 1 0 0 1 1 1 1 1 1 1 1 1 1 1 0 0 1 0 1 0 1 1 1 1 1 1 1 0 1 0 1 1 1 1 1 1 0 1 1 1 1 1 1 0 1 1 1 0 1 1 1 1 1 1 1 1 0 1 1 1 0 1 
0 0 1 1 1 1 1 1 1 0 1 0 1 0 0 1 1 1 0 1 1 1 1 0 1 1 1 1 1 1 1 1 1 1 1 1 1 1 1 0 1 1 0 1 1 0 1 1 1 1 0 1 1 1 0 0 1 1 1 0 1 0 0 1 0 1 0 1 1 1 
1 1 1 1 1 1 0 1 1 1 1 1 0 1 1 0 1 1 0 1 1 1 0 1 1 1 1 1 1 0 1 0 1 1 1 1 1 1 1 1 1 1 1 1 1 0 1 0 1 0 1 1 0 1 1 1 0 1 1 1 1 1 1 1 1 1 0 0 1 1 
1 1 1 1 1 1 0 1 1 1 1 0 1 0 0 0 1 1 1 1 1 1 1 1 1 1 1 1 1 1 1 1 1 1 1 1 1 1 1 1 1 1 1 1 1 1 1 1 0 1 0 1 1 1 1 1 1 1 1 1 1 1 1 1 0 1 1 1 1 1 
0 1 1 1 1 1 1 1 1 1 1 0 1 0 0 1 1 1 1 1 1 1 0 1 0 0 0 0 1 1 1 0 1 1 1 0 0 0 1 1 1 1 1 1 1 1 1 1 1 0 1 0 1 1 1 0 1 0 1 1 1 1 1 1 1 1 1 1 1 1 
1 1 1 0 1 1 1 1 1 0 1 1 0 0 1 0 1 0 0 1 1 1 1 1 1 0 1 1 0 1 1 0 1 1 1 1 1 1 1 0 1 1 1 0 1 0 1 1 1 0 1 1 1 1 1 0 0 1 1 0 1 0 1 0 1 0 1 1 1 1 
1 1 1 0 1 0 0 1 1 1 1 1 1 1 1 1 0 0 1 0 0 1 0 1 1 1 0 1 1 0 1 1 1 1 0 1 1 1 0 1 1 1 1 0 0 1 1 1 1 1 1 0 1 1 1 1 1 1 1 1 1 1 1 1 0 0 1 0 1 1 
1 1 1 0 1 1 1 1 1 1 1 1 1 1 1 0 0 0 1 0 0 1 1 1 1 1 1 1 1 1 1 1 0 1 1 1 1 1 0 1 1 1 1 0 1 1 1 1 1 1 1 0 1 1 0 1 1 1 1 1 1 0 1 1 1 1 1 1 1 1 
1 1 1 1 1 1 1 1 0 1 1 0 0 1 1 0 1 1 0 1 1 1 1 1 0 0 1 1 1 1 1 0 1 0 1 0 1 1 1 1 1 1 1 1 0 1 1 0 1 1 1 1 1 1 0 0 1 1 0 1 1 1 1 1 1 1 0 1 1 1 
1 1 1 1 1 1 1 1 1 1 1 1 1 1 1 1 0 0 1 0 1 1 1 1 1 1 1 0 1 1 1 0 1 1 1 1 0 1 1 1 1 1 1 0 1 1 1 1 1 1 1 1 1 0 0 1 0 1 1 1 1 1 1 1 1 1 1 0 1 0 
1 1 1 1 1 1 1 0 1 1 1 1 1 1 1 1 0 0 1 1 0 1 1 1 1 1 1 1 1 1 0 1 1 1 1 1 1 1 0 1 1 1 1 1 0 1 1 1 1 1 0 0 1 1 1 1 1 0 0 1 1 1 1 1 1 1 1 0 1 1 
0 1 1 1 1 1 1 1 1 0 1 1 1 1 1 1 1 1 1 1 1 0 1 1 0 1 1 1 0 1 1 0 1 1 0 0 1 1 1 0 0 1 1 1 1 1 1 1 0 1 1 0 1 1 1 1 1 1 1 0 1 1 0 1 1 1 1 1 1 1 
1 1 1 1 0 1 0 1 1 0 0 1 0 1 0 1 0 1 1 1 1 1 0 1 1 1 1 1 0 0 1 1 1 1 1 1 1 1 1 1 1 0 0 1 1 1 0 0 1 1 1 1 1 1 1 1 1 0 1 1 1 1 1 1 1 1 1 1 1 1 
1 1 1 1 1 1 1 1 1 1 0 0 1 1 1 1 1 1 1 1 1 1 1 0 1 0 1 0 1 1 1 1 0 1 1 1 0 0 1 1 1 1 1 1 1 1 1 1 1 1 1 1 0 1 1 1 0 1 0 1 1 1 1 1 1 1 1 1 0 1 
1 1 0 1 1 0 1 1 1 1 1 1 1 1 0 1 1 1 0 1 1 0 1 1 0 1 1 1 1 0 1 1 1 1 1 1 1 1 1 1 1 1 0 1 1 1 1 1 1 1 1 1 1 1 1 0 0 0 1 1 1 0 1 1 1 0 1 1 1 1 
1 1 0 1 1 1 1 1 1 0 0 1 1 1 0 0 1 1 0 1 1 1 1 0 1 0 1 1 0 1 1 0 0 1 1 1 1 1 1 1 1 0 1 0 1 1 1 1 1 1 1 1 1 1 1 1 0 1 1 1 1 1 1 1 1 1 1 1 1 1 
1 1 0 1 1 1 1 0 1 1 1 1 1 1 0 1 0 1 1 1 1 1 1 1 1 1 0 0 1 1 1 1 1 1 1 1 1 1 1 0 1 1 1 1 0 1 1 1 1 1 0 0 1 1 0 1 1 1 1 1 0 1 1 1 0 1 0 1 1 1 
1 1 1 1 1 1 0 1 0 0 0 1 1 1 0 1 1 1 1 0 1 1 1 0 1 1 0 0 1 0 1 0 0 0 1 1 1 1 1 0 1 0 1 1 1 1 1 0 1 1 1 1 1 1 1 1 1 0 1 1 1 1 0 1 1 1 1 1 1 1 
1 1 1 1 1 1 1 1 1 0 1 1 1 1 1 0 1 1 1 1 1 0 0 1 1 0 1 1 0 1 0 1 1 1 0 1 1 1 0 1 0 1 0 0 1 0 1 0 1 1 1 1 1 1 0 1 1 0 1 1 1 1 1 0 1 0 1 1 1 0 
1 1 1 1 1 1 0 1 1 1 1 1 0 1 1 1 0 1 1 1 1 1 0 1 0 1 1 0 1 0 1 1 1 1 1 1 1 1 1 1 1 0 0 1 0 1 1 0 1 0 0 1 1 1 1 1 1 1 1 1 1 1 1 1 0 1 1 0 0 1 
1 1 1 1 1 1 1 1 0 1 1 1 1 1 1 1 1 1 1 1 0 1 1 1 1 1 1 1 0 1 0 1 0 1 0 1 0 1 1 1 1 1 1 1 1 1 1 1 1 1 1 1 0 1 1 1 1 1 0 1 0 1 1 0 0 1 1 1 1 1 
0 1 1 1 1 0 1 1 1 1 1 1 0 1 0 0 1 1 0 0 1 0 1 1 1 0 1 0 1 1 1 0 1 1 1 1 0 1 1 1 1 1 1 1 1 0 1 1 1 1 1 1 1 1 1 1 0 1 1 0 1 1 1 1 1 1 0 0 0 1 
1 1 0 0 1 1 0 1 1 1 1 1 1 1 1 1 1 0 1 1 1 1 1 0 1 0 1 0 1 1 0 1 0 1 0 1 1 1 1 1 1 1 0 0 1 1 1 1 0 0 1 0 0 1 1 1 0 1 0 1 1 1 0 1 1 1 1 1 1 1 
1 1 0 1 0 1 0 1 1 0 1 1 1 1 1 1 1 1 0 1 1 1 1 1 1 1 1 0 1 1 1 1 1 0 1 1 1 1 1 1 1 1 1 1 1 1 1 0 1 1 1 1 1 1 1 1 1 1 1 1 1 1 0 1 1 1 1 1 0 1 
1 1 1 1 1 0 1 1 1 1 1 1 1 1 1 1 0 1 1 1 1 0 1 1 1 1 1 1 0 1 0 1 0 1 0 1 1 1 1 0 1 1 1 1 1 0 1 0 1 1 0 0 1 1 1 1 0 1 0 1 1 1 1 1 1 1 1 1 1 1 
1 0 1 1 1 1 1 1 1 1 0 1 1 1 0 1 1 1 0 1 1 0 1 1 1 1 1 1 1 1 1 1 1 1 1 0 1 1 0 0 1 0 0 1 1 1 1 1 0 1 1 1 1 1 1 1 1 1 0 1 1 1 1 1 1 1 1 0 1 1 
1 1 0 1 1 1 1 1 0 1 1 1 1 1 0 1 1 1 1 0 1 1 1 0 1 1 1 1 1 1 0 0 1 1 1 1 0 1 1 1 1 1 0 1 1 1 1 1 1 0 1 0 1 1 1 1 1 1 1 1 1 0 1 1 0 1 0 1 1 1 
1 1 1 1 1 1 1 1 1 1 0 1 1 1 0 1 1 1 1 1 1 1 1 0 1 1 1 1 1 1 1 1 1 1 1 1 1 0 1 1 1 1 0 1 1 1 1 1 1 1 1 1 1 0 1 1 1 1 1 1 0 1 1 1 1 1 1 1 1 1 
1 1 1 1 1 1 1 1 1 1 1 1 1 1 1 1 0 0 1 1 0 1 1 1 1 1 1 1 0 1 1 1 1 1 1 0 1 1 0 1 1 1 0 1 1 1 1 0 1 1 1 1 0 1 0 1 1 1 1 0 1 1 1 1 1 0 1 1 1 1 
1 0 1 1 1 1 1 1 1 1 1 0 1 1 1 0 1 1 1 1 1 0 1 1 1 1 0 0 1 1 1 1 1 1 0 0 1 1 1 0 1 1 1 0 1 0 1 1 1 0 1 1 1 1 0 1 1 0 1 1 1 1 0 1 1 1 0 1 1 1 
1 1 0 1 1 1 0 1 1 1 1 1 1 1 1 1 1 1 1 1 1 0 1 1 1 1 1 1 0 1 1 1 1 1 1 1 1 1 1 1 0 0 1 1 1 1 1 1 1 1 1 1 1 1 0 1 1 1 1 1 1 0 1 0 1 0 0 1 0 0 
1 1 1 0 1 1 1 1 1 1 1 1 1 1 1 1 1 1 1 1 1 1 0 1 1 0 1 0 1 0 1 1 1 1 1 0 1 1 1 1 0 0 1 1 1 1 1 1 0 1 1 1 1 1 1 1 1 0 1 1 0 0 1 1 0 1 1 0 1 1 
1 0 1 0 1 1 1 1 1 1 1 0 1 1 1 1 1 1 1 1 1 1 0 1 0 1 1 1 0 0 1 1 0 1 1 0 0 0 0 1 1 1 0 1 0 1 0 1 1 0 1 0 1 0 1 0 1 1 1 1 1 1 1 1 0 1 1 1 1 1 
0 1 1 1 1 1 0 1 1 0 1 1 1 1 1 0 0 0 1 0 1 1 1 1 1 0 1 1 0 1 1 1 0 1 1 1 1 1 1 0 1 1 1 0 1 0 0 1 0 1 1 1 1 1 1 0 1 1 1 1 0 1 1 0 1 0 1 0 0 1 
1 1 1 1 1 1 1 1 1 1 0 1 1 1 1 1 0 1 0 1 0 1 1 1 1 1 0 1 1 0 1 1 1 1 1 1 1 1 1 1 1 1 0 1 0 1 1 0 1 0 1 1 1 0 1 1 1 0 0 1 1 1 1 1 1 1 1 0 1 1 
1 0 0 1 1 1 1 1 1 1 1 0 0 1 1 0 1 1 1 1 1 1 1 1 1 1 1 1 0 1 1 0 1 1 0 1 1 1 1 0 1 1 1 0 1 0 1 1 1 0 1 1 1 1 1 1 1 0 0 1 1 1 1 1 1 1 1 1 1 0 
0 1 1 1 1 0 1 0 1 1 1 1 1 1 1 1 1 1 1 1 1 1 0 1 1 1 1 1 1 1 1 1 1 1 1 1 1 1 1 1 1 1 0 0 1 1 0 1 1 1 1 1 1 1 1 1 0 1 1 1 1 0 1 1 1 0 0 1 1 1 
1 1 1 0 1 1 1 1 1 1 1 1 0 1 1 1 1 1 0 1 1 1 0 1 1 1 1 0 0 0 1 1 1 0 0 1 1 1 0 1 1 1 1 1 0 1 1 0 1 1 1 1 1 1 0 0 0 1 0 1 1 1 1 1 1 1 1 1 1 1 
1 1 1 0 1 1 1 1 1 1 1 1 1 0 1 1 1 1 1 1 1 0 1 1 1 1 1 1 1 1 1 1 0 1 1 0 1 1 1 1 1 0 1 0 1 1 1 1 0 1 1 1 1 1 1 1 1 1 1 1 1 1 1 1 0 1 1 1 1 1 
1 1 1 1 1 1 1 1 1 1 1 1 0 1 0 0 1 1 1 1 1 1 1 1 1 1 1 1 1 0 1 1 0 1 1 1 0 1 1 0 1 1 0 1 0 0 1 1 1 0 1 1 1 1 1 1 1 1 0 1 1 1 1 1 0 1 1 1 1 1 
0 1 1 1 1 0 0 1 0 1 1 0 1 0 1 1 1 1 1 1 0 1 1 1 1 1 0 1 1 0 1 1 1 1 0 1 1 1 1 1 1 1 1 1 1 1 1 1 1 1 0 1 0 1 1 1 0 1 0 0 1 0 1 1 1 0 1 1 1 1 
1 1 1 0 1 1 1 1 1 1 0 1 1 1 0 1 0 0 1 1 0 0 1 1 1 1 0 1 1 1 1 1 0 1 0 1 0 1 1 1 1 1 0 1 1 1 1 1 1 1 1 0 1 1 0 1 1 1 1 1 0 1 1 0 0 1 1 1 1 1 
1 1 1 1 1 1 1 1 1 0 1 1 0 1 1 1 1 1 1 1 1 1 1 0 1 1 1 1 1 1 0 1 0 1 1 1 1 1 0 1 1 1 1 1 1 1 1 1 1 1 0 1 0 1 1 1 1 1 1 1 1 0 1 1 1 0 0 1 1 1 
1 1 1 1 1 1 1 0 1 1 1 1 1 1 1 1 1 1 1 0 1 1 1 1 1 1 1 1 1 1 1 1 1 1 1 1 1 0 1 1 1 1 0 1 0 1 1 1 1 1 1 1 1 0 1 1 1 1 1 1 0 1 1 1 1 0 1 1 1 1 
1 1 1 1 1 1 1 1 0 1 1 0 1 1 1 1 1 0 0 0 1 1 1 1 1 1 0 1 0 1 1 1 1 1 1 1 1 1 0 0 0 1 1 1 1 1 1 0 1 1 1 0 1 1 0 0 1 1 1 1 1 1 1 1 1 1 1 1 1 1 
1 1 1 1 1 0 1 1 0 1 0 0 1 1 0 0 1 1 0 1 1 1 1 1 0 1 1 1 1 1 1 1 1 1 1 1 1 1 1 1 1 1 0 0 1 1 1 0 1 1 1 1 1 1 0 0 1 0 1 1 1 1 1 1 1 1 1 1 1 1 
1 1 0 1 1 1 0 1 1 1 1 1 0 1 1 0 1 1 1 0 1 1 1 0 0 0 1 1 1 1 1 0 0 1 0 1 1 1 1 1 1 1 1 1 1 1 0 0 1 1 0 1 1 1 1 1 0 1 1 0 0 1 1 1 1 0 0 1 1 0 
1 0 1 1 1 1 1 1 1 1 1 1 1 1 0 1 1 1 1 1 0 1 0 1 0 1 1 0 0 1 1 1 1 1 1 1 1 1 1 0 1 0 1 1 0 0 1 1 1 1 1 1 1 1 1 0 1 0 1 1 1 0 1 0 1 1 1 1 0 0 
1 1 1 1 1 1 0 1 1 0 1 1 1 1 1 1 1 1 0 1 0 1 1 0 1 1 1 1 1 1 0 1 0 1 0 0 1 1 1 1 1 1 1 1 0 0 1 0 1 0 0 1 1 1 1 1 1 1 0 1 0 1 1 1 0 1 0 0 1 1 
1 1 1 0 1 1 1 1 0 1 1 0 1 1 1 0 1 1 1 1 1 0 1 1 1 1 1 1 1 1 1 0 1 1 1 1 1 1 0 1 1 1 1 1 1 1 1 1 1 1 0 1 1 1 1 1 0 1 1 0 1 1 1 1 1 1 1 1 1 1 
1 1 1 1 1 1 0 0 1 1 1 1 1 1 1 1 1 1 1 1 1 1 1 1 1 1 0 1 1 1 0 1 1 1 1 1 1 0 1 1 1 0 1 0 1 1 1 1 1 1 1 0 1 0 1 1 0 1 0 1 0 1 0 1 1 1 1 0 1 0 
0 1 0 1 1 1 1 1 1 1 1 0 1 1 1 0 1 0 1 1 1 1 1 1 0 1 1 1 1 1 1 1 1 1 1 1 0 1 1 1 0 0 1 1 1 1 0 1 1 1 0 1 0 1 1 1 1 0 1 1 1 0 1 1 1 1 1 1 0 1 
1 1 1 1 0 1 1 1 1 1 1 0 1 1 1 1 1 1 1 1 1 0 1 1 1 1 1 0 1 1 1 1 0 0 1 1 1 1 1 0 1 1 1 1 1 1 1 1 1 1 1 1 1 1 1 1 1 1 1 1 0 1 0 1 0 1 1 1 1 1 
1 1 0 1 0 1 0 1 1 0 1 1 1 1 1 0 1 1 1 1 1 1 1 1 1 1 1 1 0 1 0 1 1 1 1 1 1 1 1 1 0 1 1 0 1 1 1 1 1 1 1 0 1 1 1 1 1 0 1 1 1 1 1 0 1 0 0 0 1 1 
1 1 0 1 1 1 1 1 0 1 0 0 1 0 1 1 0 1 1 1 1 1 1 1 1 1 0 1 1 0 0 1 1 1 1 1 0 1 1 1 1 0 0 1 1 1 1 1 0 0 1 0 1 1 1 1 1 1 0 1 1 1 0 1 0 1 1 1 1 1 
1 1 1 1 1 1 1 1 1 1 1 1 1 1 1 0 0 1 1 1 1 1 1 1 0 1 1 1 0 1 1 1 1 1 1 1 1 1 0 1 0 1 1 0 1 1 0 1 1 1 0 1 0 0 1 1 0 1 1 1 1 1 1 0 1 0 1 1 1 1 
1 1 1 1 1 1 0 1 0 1 1 0 0 1 1 1 1 1 0 1 1 1 1 1 1 1 0 1 1 1 1 0 1 1 1 1 0 1 1 0 0 1 1 1 1 1 0 1 1 1 1 1 0 1 1 1 0 1 0 1 1 1 1 0 1 1 0 1 1 0 
1 1 1 1 1 1 1 1 1 1 1 1 0 1 1 1 0 1 1 0 0 1 1 1 1 1 1 1 1 0 1 0 1 1 1 0 1 1 1 1 1 0 1 0 0 1 1 1 1 1 1 1 1 1 1 1 1 1 0 1 0 1 1 0 1 1 1 0 1 1 
1 0 1 1 1 1 1 1 1 1 0 1 1 1 1 1 1 1 1 1 1 1 1 0 1 1 1 1 1 0 1 0 1 0 1 1 1 1 1 1 0 1 1 0 1 1 1 1 1 1 1 1 1 1 1 1 1 0 1 1 1 0 1 1 1 1 1 1 0 1 
1 1 1 1 1 1 1 0 1 0 1 1 1 1 1 1 1 1 1 0 1 1 1 1 1 1 1 1 0 1 1 1 1 1 1 1 1 1 1 1 0 1 1 1 1 0 1 1 1 1 1 1 1 1 1 1 0 0 1 1 0 1 1 1 1 1 0 1 1 0 

0 0 0 0 12 0 0 23 0 0 0 0 0 0 0 0 0 0 0 0 0 0 0 0 0 2 22 0 15 0 0 0 0 0 12 0 0 0 23 0 5 15 0 6 10 0 0 29 0 1 19 0 0 0 0 0 14 0 0 0 0 18 30 0 0 11 0 0 0 0 
0 0 21 24 0 0 0 0 0 0 28 16 0 0 0 26 0 0 20 20 0 0 0 0 0 28 0 0 25 0 20 0 0 0 2 0 21 3 0 0 0 0 0 0 0 0 0 0 0 0 0 0 0 0 0 0 0 0 0 9 0 0 0 0 0 0 0 19 0 0 
14 0 0 0 0 0 0 0 0 0 0 0 19 0 0 0 0 0 24 0 1 0 0 0 0 15 23 0 0 6 0 0 0 31 26 9 0 0 0 0 0 0 6 0 0 0 0 0 3 0 4 0 0 0 0 25 0 0 0 0 0 0 0 0 0 0 16 0 0 0 
0 0 0 0 0 0 0 0 0 0 0 11 0 0 0 0 10 0 0 0 0 0 0 0 0 0 19 12 0 0 0 0 0 0 0 0 29 0 0 0 0 0 0 0 0 0 7 29 0 0 0 0 0 0 0 0 0 0 0 0 0 0 0 21 10 16 0 0 0 0 
0 0 0 0 0 0 0 0 17 0 0 0 0 0 0 0 0 0 0 0 3 23 0 0 0 0 0 0 0 0 27 0 0 29 0 8 0 1 0 0 0 0 0 0 0 0 0 0 2 0 0 0 0 0 0 0 0 0 0 0 0 0 0 0 0 19 0 29 0 0 
0 0 0 0 0 0 0 22 0 28 0 0 0 0 0 0 0 0 0 0 0 0 0 0 0 0 0 0 0 0 0 0 0 0 0 0 3 0 0 0 0 0 29 2 0 18 0 0 0 0 0 6 0 0 10 0 0 0 20 0 10 0 0 0 16 0 0 0 27 26 
0 0 0 4 14 9 0 22 0 0 0 0 2 30 0 0 0 0 0 0 0 0 0 0 0 0 0 0 0 2 0 0 0 0 0 4 0 0 0 0 0 10 11 0 11 0 0 0 0 0 0 8 0 27 0 0 0 0 15 0 0 0 9 0 0 6 0 5 0 0 
0 0 0 22 0 0 0 0 3 4 0 0 0 0 0 0 0 19 0 12 0 0 0 0 24 0 0 0 0 0 0 0 2 0 1 0 0 0 0 0 0 0 0 0 21 16 0 0 0 12 0 0 20 10 3 15 26 0 0 0 0 0 0 0 22 0 0 0 0 0 
0 0 0 0 0 0 0 0 0 0 0 0 0 0 0 0 0 6 17 27 0 0 0 0 0 0 25 12 0 0 0 0 0 15 0 0 19 0 0 0 0 0 0 0 0 0 0 0 0 16 0 0 0 24 0 3 0 0 0 1 0 0 0 2 1 11 0 0 0 8 
20 0 0 0 0 0 0 0 0 0 0 0 0 0 13 0 26 0 0 0 0 0 13 0 0 0 0 0 9 0 0 0 0 0 0 0 25 0 0 0 0 0 0 0 0 0 0 26 0 11 11 0 20 0 0 20 0 0 0 17 30 0 0 0 0 0 0 0 0 18 
0 0 0 0 28 0 0 0 28 0 0 12 20 14 0 0 0 0 30 0 0 3 0 17 0 0 0 23 10 0 1 0 0 0 0 0 0 0 0 0 0 0 0 0 0 0 0 0 0 0 0 0 0 0 0 0 26 0 0 0 0 0 0 0 0 8 0 6 0 0 
0 0 0 0 0 0 0 19 0 0 0 0 0 0 0 0 0 0 0 0 1 0 16 0 0 0 0 0 0 0 3 0 0 0 0 0 0 0 5 0 0 0 0 0 0 3 0 0 0 0 0 0 0 0 0 0 17 0 0 3 0 0 0 0 19 0 0 11 0 0 
0 0 0 28 0 0 0 0 0 0 0 0 0 0 0 0 0 0 0 0 0 0 0 7 0 15 0 0 0 0 0 0 16 0 0 0 6 0 0 0 23 0 0 11 0 0 0 0 0 0 0 0 20 1 3 0 0 0 0 0 12 0 0 0 0 0 0 0 0 28 
0 0 0 0 0 0 9 0 6 0 6 0 0 0 0 0 0 0 28 12 10 0 0 10 0 0 0 0 0 0 23 0 0 0 0 0 0 0 0 0 0 0 0 0 0 0 0 0 0 0 0 0 0 0 0 0 0 0 22 7 0 0 0 0 16 0 0 17 0 0 
21 0 0 0 0 0 0 0 0 0 0 0 0 0 0 0 0 6 26 0 0 0 0 12 0 0 2 0 0 15 10 0 0 0 0 0 3 0 0 0 27 0 0 0 11 0 0 0 21 0 0 0 0 0 0 0 0 0 22 0 22 0 0 0 0 0 0 0 0 0 
0 0 0 0 0 0 14 0 0 0 0 0 0 0 0 0 0 0 0 19 19 4 30 0 0 20 0 0 0 0 0 0 0 0 30 0 0 0 11 0 0 0 0 0 0 0 13 0 23 0 30 0 0 0 0 0 0 0 0 0 0 0 0 0 0 17 0 0 0 0 
0 0 3 0 0 0 0 0 0 0 0 16 0 0 0 0 0 14 8 0 0 0 0 0 0 0 0 0 17 0 0 0 0 0 15 4 0 10 0 0 0 0 25 0 0 0 0 0 26 0 0 0 3 0 0 0 0 0 0 0 0 19 0 30 20 0 0 0 0 0 
0 0 0 0 0 0 0 0 0 7 0 0 0 0 0 0 0 0 0 0 0 1 0 0 0 0 0 14 0 0 30 0 0 22 0 0 0 0 0 5 0 0 0 0 31 0 0 0 0 0 0 0 0 0 21 0 0 0 0 0 9 25 0 0 0 0 0 0 0 0 
0 0 0 18 0 0 0 0 0 0 0 0 0 0 0 0 0 0 0 0 0 0 0 11 0 22 0 1 11 29 0 0 0 29 0 0 0 0 0 0 0 0 0 0 0 0 4 0 0 0 24 0 0 0 0 0 0 0 0 0 0 0 0 0 0 11 15 0 0 11 
0 0 0 0 0 0 18 0 0 0 0 0 0 18 0 0 0 0 0 0 0 0 0 0 0 23 0 0 0 0 0 0 0 0 0 0 11 7 7 0 0 15 0 0 0 0 0 6 0 0 0 0 0 0 18 0 0 0 0 0 0 0 0 0 0 0 0 0 0 22 
0 10 0 0 21 0 16 0 18 0 31 0 0 0 0 0 0 21 0 0 0 0 0 0 0 0 0 0 8 0 25 0 1 0 0 14 0 0 0 5 15 28 0 0 0 0 0 0 0 0 0 0 0 0 0 0 0 23 0 0 0 0 0 0 0 0 0 0 0 24 
0 0 0 21 0 31 0 11 0 30 0 0 24 0 0 0 0 0 0 0 0 0 0 0 0 0 8 0 0 32 0 0 0 0 0 0 0 0 2 0 0 0 0 0 25 0 24 0 0 6 0 0 16 1 0 0 0 0 2 0 0 1 0 8 0 1 0 0 0 7 
9 0 0 0 25 0 0 0 11 7 0 23 26 0 0 0 0 0 0 0 0 0 0 27 0 0 0 0 14 0 0 0 0 0 0 0 0 0 0 0 0 0 0 0 23 0 0 0 0 0 0 0 0 0 0 0 0 0 0 18 0 0 0 0 0 0 0 0 0 0 
29 0 0 0 0 0 0 0 0 0 0 25 0 0 0 11 0 0 0 0 0 29 0 0 0 0 0 28 0 0 0 0 0 0 0 0 0 28 0 0 0 0 0 0 0 0 0 0 0 0 0 0 0 20 0 21 0 4 0 0 19 0 0 0 0 12 0 0 0 0 
0 0 0 0 0 0 0 0 0 0 0 19 0 0 0 0 0 7 0 0 4 30 0 0 0 0 2 0 0 0 0 26 0 0 0 0 0 0 0 0 0 0 0 0 0 19 0 0 0 0 0 0 0 0 0 0 0 0 15 11 0 0 0 0 0 9 0 0 7 0 
19 0 0 15 0 30 24 0 0 27 6 22 0 0 0 0 0 25 3 0 20 0 0 0 0 0 0 0 6 14 21 25 0 0 0 0 0 0 0 17 0 0 0 0 0 0 0 0 0 0 0 10 0 23 0 0 0 0 0 0 0 0 0 19 0 0 0 0 0 0 
0 16 0 0 0 0 0 0 0 0 0 0 0 0 0 1 0 0 0 0 0 0 0 0 0 0 0 0 30 0 0 0 0 0 0 0 0 0 0 0 0 0 0 0 0 0 0 0 19 0 0 0 11 0 27 7 1 0 11 0 0 0 0 9 0 0 0 5 0 0 
0 0 2 27 0 0 0 0 0 0 0 17 23 23 2 0 2 0 0 15 18 0 0 0 0 0 0 0 30 0 0 0 15 16 12 0 0 0 0 11 0 0 0 19 0 0 0 0 23 0 0 0 0 19 22 0 0 8 0 0 0 0 0 0 0 0 0 0 5 0 
3 0 8 0 0 0 0 0 0 0 0 0 0 0 6 30 0 13 0 0 0 0 0 28 0 0 0 0 0 0 11 0 0 0 0 0 2 0 2 0 0 0 0 0 0 0 9 0 0 0 0 0 0 11 0 0 0 0 0 25 0 2 0 0 0 0 2 0 0 0 
31 22 0 0 0 0 0 0 0 24 0 0 0 2 0 0 15 0 0 0 0 0 0 0 0 2 0 0 4 0 0 0 0 0 0 11 0 0 0 17 24 0 0 16 0 0 0 0 21 0 0 12 0 0 0 0 0 0 0 0 0 0 0 18 0 0 0 0 22 22 
0 0 0 0 0 0 3 0 0 0 0 26 0 0 0 0 0 0 0 20 0 0 0 17 0 0 0 0 0 0 0 0 0 0 0 0 0 31 0 31 24 0 0 0 0 0 0 0 0 32 0 0 0 0 0 14 0 0 0 0 0 0 0 3 0 0 0 0 0 0 
0 0 23 0 0 0 0 12 0 16 0 0 26 0 18 0 0 0 0 0 0 0 24 20 0 0 0 0 0 0 0 0 0 0 0 0 0 0 0 0 21 26 0 0 0 0 0 0 0 0 0 0 0 0 0 0 0 13 0 0 0 0 0 0 0 0 15 0 0 15 
0 2 0 0 24 0 0 0 0 0 0 0 0 16 0 0 0 0 0 0 0 0 0 0 0 18 0 0 0 0 0 0 0 0 0 0 0 20 0 0 0 0 0 19 0 0 0 0 0 0 0 0 0 21 21 0 0 0 0 0 0 0 0 0 0 0 0 1 0 0 
0 0 5 0 0 0 0 0 0 0 0 2 0 0 0 0 0 0 0 0 0 0 0 0 0 0 0 11 0 0 0 0 0 0 0 1 0 0 19 0 0 0 0 0 0 0 0 0 8 0 0 9 22 0 0 0 0 1 2 0 28 0 0 0 0 12 0 0 0 0 
5 0 0 0 0 0 0 0 25 0 0 0 0 16 0 0 0 0 0 0 0 0 0 26 0 17 7 10 0 21 0 0 0 0 0 0 0 0 0 0 15 18 31 0 0 11 0 0 0 0 0 0 4 0 0 0 0 0 4 30 0 0 0 0 0 0 0 0 0 0 
0 0 0 0 4 0 29 0 0 27 0 0 0 0 7 0 0 18 0 0 0 0 15 0 0 0 0 0 0 0 0 0 0 0 0 0 0 0 0 4 23 0 6 0 0 0 0 0 25 0 0 0 1 11 0 3 0 0 16 0 0 0 0 0 0 8 29 11 0 0 
0 0 31 0 0 0 0 0 0 0 27 25 3 0 0 0 0 0 14 10 0 0 21 0 0 0 22 0 25 0 0 0 0 5 13 0 0 0 0 0 21 0 0 0 31 0 0 0 0 0 0 0 0 0 0 0 0 0 0 0 15 0 0 7 0 0 9 0 0 20 
10 0 0 24 0 0 0 6 0 0 0 13 0 0 0 0 0 0 19 0 0 0 0 0 0 0 30 0 0 0 0 0 0 6 0 0 0 0 0 0 0 0 0 0 23 15 0 0 27 0 0 0 0 0 0 0 0 1 29 0 22 0 0 0 0 0 0 21 0 0 
0 0 0 0 0 0 0 0 0 0 0 3 0 0 0 0 0 0 0 0 30 0 0 0 6 0 0 0 0 1 0 0 7 0 0 4 0 0 0 0 0 0 0 0 0 0 0 0 0 0 0 0 17 0 0 0 0 0 0 0 0 0 14 0 13 0 0 0 0 0 
0 0 0 0 0 0 30 7 0 0 0 7 0 0 0 0 0 15 0 0 0 17 29 19 0 28 11 0 24 0 0 0 0 0 0 0 21 0 0 0 0 30 0 16 0 0 0 0 0 0 0 0 23 0 0 0 0 0 0 0 16 0 0 0 0 19 0 0 0 0 
0 0 0 21 0 0 0 0 0 10 0 0 0 6 0 0 0 0 0 0 0 0 0 0 0 0 0 0 0 0 0 0 0 0 0 0 0 0 0 0 0 0 0 0 0 0 0 0 0 0 13 0 0 21 0 0 0 0 0 0 0 0 0 23 0 0 14 0 0 5 
0 0 0 20 0 0 0 0 0 8 0 0 26 0 0 18 0 4 0 0 15 17 10 0 0 0 0 0 0 0 0 0 23 0 0 1 0 0 0 0 0 0 0 5 0 0 0 0 0 0 4 0 0 27 0 0 0 0 20 0 0 16 0 0 0 0 0 19 1 9 
0 0 0 0 16 0 0 0 0 0 20 0 0 0 0 0 7 12 0 0 0 0 0 0 0 0 0 0 0 0 0 3 0 0 4 0 0 0 0 0 0 5 0 11 0 12 0 0 0 0 0 22 0 0 0 0 21 0 0 0 23 0 0 0 0 0 0 26 0 0 
0 0 0 0 0 0 22 8 0 0 0 0 0 0 0 0 0 0 0 0 0 0 0 0 0 0 0 0 0 0 0 0 0 0 0 0 12 0 0 0 0 0 0 0 3 0 0 0 26 0 8 0 0 0 0 0 0 0 0 0 0 0 0 0 0 0 0 0 5 0 
24 0 21 0 0 0 0 0 0 0 0 0 0 0 14 13 0 0 0 0 0 15 0 0 27 0 0 0 0 31 0 0 0 0 0 0 0 0 0 0 0 0 12 0 0 0 0 0 0 0 0 0 0 0 3 0 0 0 0 0 0 0 0 0 0 0 0 0 15 0 
0 17 0 0 0 0 0 0 0 0 0 0 0 0 14 10 0 0 0 1 0 0 4 0 1 0 0 0 0 0 0 3 0 0 0 0 18 0 12 0 17 0 0 0 0 0 0 0 0 0 0 0 0 0 0 0 24 0 0 30 0 0 0 0 13 0 0 0 0 0 
0 0 0 0 0 0 0 14 0 0 0 0 0 0 19 0 0 14 22 29 0 0 0 0 15 6 29 0 0 0 0 0 24 20 26 0 9 0 0 0 0 0 27 9 29 0 0 0 26 0 0 0 0 0 0 0 2 0 0 0 0 0 0 0 0 0 0 0 0 0 
0 0 11 0 11 0 0 31 21 0 0 0 0 0 0 0 19 0 0 0 0 0 0 0 0 0 0 0 0 0 0 0 0 0 0 29 0 0 0 21 9 0 0 0 0 0 27 0 0 0 0 0 0 27 27 0 0 0 0 0 0 0 0 0 0 0 0 0 0 0 
0 27 0 0 0 0 0 0 0 0 8 0 0 0 0 0 0 11 0 2 27 21 0 23 0 0 0 0 0 17 0 0 0 0 20 0 4 26 0 0 0 0 0 0 3 0 0 11 0 23 0 0 0 0 6 27 23 0 0 5 11 0 0 0 0 0 0 0 0 0 
0 30 0 0 0 0 0 0 0 0 0 0 0 0 0 0 0 0 0 0 2 0 12 0 0 1 20 0 0 0 10 29 0 0 0 0 0 19 0 28 18 0 0 7 0 0 0 0 0 0 0 0 0 31 0 2 0 0 0 0 24 20 0 0 0 29 0 0 0 0 
0 0 0 0 0 0 3 5 0 0 0 25 0 0 0 0 0 0 0 25 27 13 0 0 0 0 0 0 0 0 19 0 0 0 2 0 29 2 0 0 31 0 0 0 0 0 0 0 0 0 0 0 0 0 31 6 0 0 0 0 0 0 12 0 0 0 0 0 0 0 
0 0 30 0 0 7 0 0 0 0 0 0 6 0 0 0 0 0 6 0 0 0 0 0 0 0 0 0 0 21 0 0 0 0 0 11 0 0 0 0 0 0 0 0 0 31 0 0 0 0 0 0 5 0 0 4 0 26 13 0 0 0 0 0 0 17 0 0 0 0 
0 0 31 0 0 0 26 0 0 0 14 0 20 0 0 21 0 0 0 0 0 0 0 14 0 0 0 0 0 0 0 0 0 14 0 0 0 0 0 0 0 17 0 0 0 0 0 28 0 0 32 0 0 0 0 0 0 0 0 0 12 0 0 2 0 0 0 0 0 0 
0 0 26 0 0 7 29 27 0 0 0 0 0 0 0 0 0 0 0 0 30 0 1 28 0 0 0 0 24 0 0 0 30 0 0 0 0 0 13 5 23 0 0 0 0 0 0 0 0 0 0 0 0 0 0 0 21 0 0 18 0 0 0 12 4 0 0 0 14 0 
0 0 0 0 0 0 0 17 0 0 0 0 4 0 12 26 0 0 0 0 0 0 0 0 0 0 0 0 0 0 0 0 0 0 0 0 0 0 0 0 0 0 0 8 30 27 0 0 4 3 0 0 0 0 0 28 0 0 0 0 12 5 0 0 0 0 0 15 0 0 
0 0 0 0 0 0 0 0 0 18 0 23 6 0 0 0 0 0 31 1 0 0 0 0 0 0 0 0 0 0 0 0 14 0 0 0 0 0 0 18 21 0 0 1 0 0 0 27 0 5 0 0 0 0 21 0 7 0 0 0 0 0 0 0 20 0 18 19 0 0 
0 8 0 0 0 0 2 0 0 0 0 17 0 21 0 17 7 0 0 0 20 0 23 0 0 0 0 0 0 0 0 9 0 0 0 0 21 0 0 0 0 0 0 0 0 0 0 0 0 0 0 0 13 0 0 0 0 0 5 0 0 8 0 0 0 0 23 27 0 0 
0 0 0 16 14 30 0 0 0 0 2 4 28 0 0 0 0 0 23 0 0 0 0 12 2 0 0 0 0 0 27 0 0 17 0 0 0 0 0 0 0 0 0 0 0 0 0 0 0 0 0 0 0 0 0 0 24 0 0 0 0 0 0 15 0 0 30 0 0 18 
0 0 0 0 27 0 0 0 0 21 0 0 0 0 0 0 0 0 0 0 0 0 0 0 0 7 0 0 0 0 0 0 0 0 0 0 26 8 0 0 0 13 0 15 0 22 0 9 0 0 0 0 0 1 1 23 21 15 0 0 25 0 0 29 0 0 0 0 8 16 
0 0 7 0 0 0 0 22 0 17 0 0 0 29 0 0 0 0 12 0 0 0 0 0 0 4 0 0 0 0 27 0 0 0 0 0 16 0 0 0 0 0 25 0 13 14 0 0 0 0 22 0 5 0 10 0 0 0 16 0 0 0 0 0 0 0 23 0 0 0 
0 15 0 0 0 0 0 0 2 0 0 0 0 0 0 0 0 0 0 3 0 0 0 0 0 0 2 0 0 14 0 0 0 0 0 0 0 0 5 0 0 0 0 0 0 17 0 0 0 0 0 0 0 0 0 0 0 0 0 0 0 0 0 0 1 0 0 0 31 0 
29 0 0 6 0 0 0 0 0 0 0 0 0 15 0 23 0 4 0 0 0 0 0 0 1 29 0 0 0 0 0 0 0 31 0 0 0 2 0 0 32 0 0 0 0 0 0 21 0 19 0 0 7 0 0 0 0 4 0 0 0 0 17 0 0 0 0 27 0 0 
0 0 0 0 0 0 1 0 0 0 0 0 0 0 6 0 0 0 12 0 0 31 10 0 0 0 0 0 0 0 0 0 0 3 0 0 0 0 0 0 0 0 0 0 26 0 0 0 0 0 0 0 0 0 0 0 2 0 0 0 0 0 0 0 0 0 4 0 0 0 
0 0 0 31 0 0 0 0 0 0 0 11 0 0 0 0 3 19 0 0 0 0 0 11 0 0 0 12 0 0 0 0 0 0 0 0 0 0 0 0 0 20 3 0 22 0 3 0 0 0 0 0 0 0 0 0 0 23 0 0 0 0 0 0 0 0 0 0 0 0 
6 0 0 0 0 11 0 0 0 0 0 0 0 0 0 0 20 0 0 20 0 0 0 0 0 21 0 0 0 0 14 20 0 0 0 0 0 3 0 0 0 0 0 24 0 18 0 0 0 11 17 29 0 0 0 0 0 0 0 0 0 0 0 0 0 0 0 0 21 25 
0 0 18 20 0 0 0 0 29 0 0 0 0 0 0 0 14 0 31 0 0 0 0 0 0 0 0 0 0 0 0 0 0 0 13 0 0 16 0 0 0 0 0 0 0 0 0 0 0 0 0 0 0 4 0 0 0 0 0 0 0 8 25 0 0 0 19 0 0 0 
0 0 0 0 0 0 0 0 0 0 23 0 0 0 0 0 0 0 0 8 0 0 0 0 28 0 0 0 0 0 0 0 0 0 0 0 0 0 0 0 0 0 0 0 0 0 0 0 0 0 0 0 0 0 0 5 0 0 23 6 0 0 0 0 0 0 0 0 30 0 
27 0 0 0 0 0 0 0 0 8 18 0 0 0 0 29 0 0 0 0 0 0 0 0 0 0 0 0 0 0 0 0 0 0 0 0 0 0 0 0 0 4 0 0 0 0 32 0 5 0 0 0 1 0 0 0 0 0 0 0 6 0 0 0 30 0 24 0 0 0 
0 0 0 0 0 0 0 0 0 0 0 0 0 0 0 0 1 0 0 29 0 0 0 9 0 0 3 0 0 0 13 23 0 0 6 0 0 0 0 0 0 0 0 0 0 0 0 0 0 0 0 0 0 0 0 0 0 0 0 0 0 0 0 0 0 0 0 0 0 0 
3 31 0 0 0 11 0 0 0 0 0 0 0 20 5 0 0 0 0 7 0 0 0 0 0 0 0 0 0 0 0 0 0 1 0 0 0 0 0 0 0 0 0 22 0 0 0 29 0 3 0 0 0 0 0 0 0 0 0 0 0 0 21 0 19 0 0 0 0 0 
