70

0 1 1 1 1 1 1 0 0 1 0 0 0 0 0 1 1 1 1 1 0 0 1 1 0 0 0 1 1 0 0 1 0 1 0 1 0 0 0 0 1 1 1 1 1 0 0 1 1 1 0 1 1 1 1 0 1 0 1 1 1 0 1 0 1 1 1 0 1 1 
1 0 1 1 0 0 1 1 0 1 1 0 1 1 0 1 1 1 1 1 1 1 1 0 0 1 1 0 1 1 1 0 0 0 1 1 1 1 1 0 1 0 1 1 0 1 1 1 0 1 0 0 1 1 0 1 1 0 0 0 1 0 1 0 1 1 1 1 1 0 
1 1 0 0 1 1 1 1 0 0 1 1 0 0 1 1 1 0 1 0 1 0 1 1 0 0 1 0 1 1 1 0 1 1 1 1 1 0 1 1 1 1 1 1 1 0 1 0 1 0 1 0 0 1 0 1 0 0 1 1 1 1 0 1 1 0 1 0 1 1 
1 1 0 0 1 1 1 0 1 1 1 1 1 0 1 1 0 1 1 1 1 0 1 1 1 0 1 1 0 1 1 1 1 0 1 1 0 1 0 0 1 1 0 1 1 0 0 0 1 1 0 1 0 1 1 1 1 0 1 1 1 1 0 1 1 1 0 1 1 1 
1 0 1 1 0 1 0 0 1 0 1 1 1 0 1 0 0 0 1 1 1 0 0 1 0 1 0 1 1 0 1 1 1 1 1 1 1 1 1 0 1 0 1 1 1 1 1 0 0 0 0 1 1 0 1 0 0 1 1 0 0 1 0 1 1 1 0 1 1 0 
1 0 1 1 1 0 1 0 0 0 0 0 0 0 0 1 1 0 1 1 1 0 1 1 1 1 0 1 1 0 1 1 0 0 1 1 0 0 0 1 1 1 0 0 0 0 0 1 0 1 1 1 1 1 0 1 1 1 1 1 1 0 1 1 1 0 0 1 1 0 
1 1 1 1 0 1 0 1 0 0 1 0 1 1 1 1 1 1 0 0 1 1 1 1 0 1 1 1 1 1 1 1 1 1 1 1 1 1 0 1 0 1 0 1 1 1 1 1 1 0 0 0 1 0 0 1 1 1 1 1 1 1 1 1 1 1 0 0 0 1 
0 1 1 0 0 0 1 0 1 1 1 1 1 0 1 1 1 1 1 1 0 1 0 1 0 1 0 0 0 1 1 0 1 0 1 0 0 1 1 1 0 0 0 1 1 0 1 1 0 0 1 0 1 1 1 0 0 1 1 1 1 0 1 1 0 1 0 1 1 1 
0 0 0 1 1 0 0 1 0 1 1 1 0 1 1 0 0 0 0 1 1 1 1 1 1 1 1 1 1 0 0 0 1 0 1 1 1 1 0 1 1 0 0 1 0 1 0 1 0 1 1 0 1 1 1 0 1 0 0 0 1 1 1 1 1 0 1 0 0 0 
1 1 0 1 0 0 0 1 1 0 0 0 1 0 1 1 1 1 1 0 1 1 0 0 1 1 1 1 0 1 0 0 0 0 1 1 1 0 1 0 1 1 1 1 1 0 0 0 0 1 0 1 1 0 1 1 1 0 0 0 1 0 1 1 0 0 1 0 1 1 
0 1 1 1 1 0 1 1 1 0 0 1 1 0 1 0 1 1 1 0 1 0 0 0 0 1 1 1 0 1 0 1 0 1 0 1 1 0 0 0 0 0 1 1 0 1 1 1 1 0 0 0 1 1 1 0 0 1 0 0 0 0 0 1 1 1 0 1 1 1 
0 0 1 1 1 0 0 1 1 0 1 0 0 0 1 1 1 0 1 0 0 1 0 0 1 0 0 1 1 1 0 0 0 0 0 1 1 1 1 0 1 1 1 1 1 0 0 1 0 0 0 0 1 0 1 0 1 1 1 1 0 0 1 1 0 0 0 1 1 1 
0 1 0 1 1 0 1 1 0 1 1 0 0 1 1 1 1 0 1 1 0 1 1 1 0 1 1 0 1 1 1 0 1 1 1 0 1 0 1 1 0 0 1 1 1 1 1 1 0 1 1 0 0 0 1 1 0 1 1 1 1 1 1 1 1 0 0 1 1 1 
0 1 0 0 0 0 1 0 1 0 0 0 1 0 1 1 0 0 1 1 0 1 0 0 1 1 0 1 1 1 1 1 1 0 1 0 1 1 1 1 0 1 0 1 1 1 1 0 1 1 1 0 1 0 1 0 1 0 0 1 1 0 1 0 0 0 0 1 0 0 
0 0 1 1 1 0 1 1 1 1 1 1 1 1 0 1 1 0 1 1 1 0 0 1 1 0 1 1 1 0 0 1 0 1 0 1 0 0 0 1 1 1 1 0 0 1 0 0 1 0 1 1 1 0 1 0 1 0 0 0 0 1 0 0 1 1 0 1 0 1 
1 1 1 1 0 1 1 1 0 1 0 1 1 1 1 0 1 1 0 1 0 1 1 1 1 1 0 1 1 1 0 1 1 0 0 0 0 0 0 0 1 1 1 0 0 0 1 0 0 1 0 0 0 1 1 1 1 1 1 1 0 0 1 0 0 1 1 1 1 1 
1 1 1 0 0 1 1 1 0 1 1 1 1 0 1 1 0 0 0 1 0 0 0 1 0 0 1 1 0 1 0 1 1 1 1 1 1 0 1 1 1 1 1 1 1 1 1 1 0 0 1 0 1 1 0 1 1 1 0 1 1 1 0 1 0 1 1 0 1 1 
1 1 0 1 0 0 1 1 0 1 1 0 0 0 0 1 0 0 0 1 1 1 1 1 0 0 1 1 1 0 1 1 1 0 0 1 1 1 0 0 0 1 0 1 0 0 1 1 1 0 1 0 0 0 1 0 0 1 1 1 0 0 1 0 0 1 1 1 0 1 
1 1 1 1 1 1 0 1 0 1 1 1 1 1 1 0 0 0 0 0 1 0 1 0 1 1 1 1 1 0 1 0 1 1 1 1 0 0 1 0 0 0 1 1 1 1 1 0 1 1 0 0 0 1 0 1 1 1 1 1 1 1 1 0 1 1 0 1 1 0 
1 1 0 1 1 1 0 1 1 0 0 0 1 1 1 1 1 1 0 0 1 0 0 0 0 0 1 1 0 1 1 1 0 1 0 0 1 1 1 1 0 1 0 1 1 1 1 1 0 1 0 1 0 1 0 1 0 0 1 1 1 1 0 0 1 1 0 1 0 0 
0 1 1 1 1 1 1 0 1 1 1 0 0 0 1 0 0 1 1 1 0 0 1 0 1 1 1 1 1 1 1 1 1 1 1 0 0 0 0 1 1 0 1 0 0 1 1 0 1 0 1 0 1 1 1 1 1 1 1 0 1 0 1 1 0 1 0 0 0 1 
0 1 0 0 0 0 1 1 1 1 0 1 1 1 0 1 0 1 0 0 0 0 1 0 1 1 0 0 1 0 1 1 1 1 1 1 1 1 0 0 0 1 1 0 0 0 1 1 1 0 1 0 1 1 1 0 1 0 1 1 1 0 1 1 1 0 1 1 1 0 
1 1 1 1 0 1 1 0 1 0 0 0 1 0 0 1 0 1 1 0 1 1 0 1 1 1 0 1 0 1 0 0 1 1 1 1 0 1 0 0 0 0 0 1 0 0 0 1 0 0 0 0 1 0 1 1 0 0 1 0 1 1 0 1 0 0 1 1 1 1 
1 0 1 1 1 1 1 1 1 0 0 0 1 0 1 1 1 1 0 0 0 0 1 0 1 1 1 1 1 0 1 1 0 1 0 1 0 0 1 0 0 0 1 1 0 1 0 0 1 0 0 1 1 1 1 1 1 1 0 0 0 0 1 1 1 1 0 1 1 1 
0 0 0 1 0 1 0 0 1 1 0 1 0 1 1 1 0 0 1 0 1 1 1 1 0 1 1 0 0 0 1 1 0 1 1 1 0 1 1 1 1 0 0 0 1 0 1 1 0 1 1 1 0 1 1 1 1 0 0 1 1 1 0 1 1 1 0 0 1 0 
0 1 0 0 1 1 1 1 1 1 1 0 1 1 0 1 0 0 1 0 1 1 1 1 1 0 0 1 1 0 1 1 0 0 0 1 0 1 1 0 1 0 0 1 1 1 1 1 1 1 0 0 1 1 1 1 1 1 1 1 0 0 0 0 1 1 0 1 0 1 
0 1 1 1 0 0 1 0 1 1 1 0 1 0 1 0 1 1 1 1 1 0 0 1 1 0 0 1 1 0 1 0 1 1 1 1 1 0 1 1 1 0 1 1 1 1 0 1 0 0 1 0 1 1 0 1 0 0 1 1 1 0 0 1 1 0 1 1 0 0 
1 0 0 1 1 1 1 0 1 1 1 1 0 1 1 1 1 1 1 1 1 0 1 1 0 1 1 0 0 0 0 1 1 0 1 1 1 0 0 0 1 0 0 0 1 1 1 0 1 1 0 1 1 0 1 0 1 1 0 1 1 1 1 1 1 1 1 0 1 1 
1 1 1 0 1 1 1 0 1 0 0 1 1 1 1 1 0 1 1 0 1 1 0 1 0 1 1 0 0 0 0 1 1 1 0 0 0 0 1 0 0 1 1 1 1 1 0 1 0 0 0 1 1 1 1 1 1 1 0 0 1 0 1 1 1 1 1 1 1 1 
0 1 1 1 0 0 1 1 0 1 1 1 1 1 0 1 1 0 0 1 1 0 1 0 0 0 0 0 0 0 1 1 0 1 0 0 1 0 1 1 0 1 1 0 0 0 1 0 0 0 0 1 0 0 0 1 0 1 1 1 1 1 1 1 1 0 1 1 1 0 
0 1 1 1 1 1 1 1 0 0 0 0 1 1 0 0 0 1 1 1 1 1 0 1 1 1 1 0 0 1 0 0 0 0 1 1 0 1 1 0 1 1 1 1 0 1 1 0 0 0 1 1 0 1 0 0 1 0 0 0 1 1 1 0 0 0 0 0 0 0 
1 0 0 1 1 1 1 0 0 0 1 0 0 1 1 1 1 1 0 1 1 1 0 1 1 1 0 1 1 1 0 0 1 1 1 1 0 0 1 1 0 0 0 1 0 1 1 1 1 0 1 1 1 0 1 0 1 0 0 0 0 1 0 1 0 0 1 0 0 1 
0 0 1 1 1 0 1 1 1 0 0 0 1 1 0 1 1 1 1 0 1 1 1 0 0 0 1 1 1 0 0 1 0 1 0 0 1 1 1 1 1 1 0 0 0 1 1 1 1 0 0 0 0 1 0 1 1 1 0 0 1 0 0 1 1 0 1 0 1 0 
1 0 1 0 1 0 1 0 0 0 1 0 1 0 1 0 1 0 1 1 1 1 1 1 1 0 1 0 1 1 0 1 1 0 0 1 0 1 1 0 1 0 0 0 1 1 1 0 1 1 1 1 1 0 0 0 1 0 1 1 1 1 1 0 0 1 1 1 0 0 
0 1 1 1 1 1 1 1 1 1 0 0 1 1 0 0 1 0 1 0 1 1 1 0 1 0 1 1 0 0 1 1 0 0 0 1 0 1 1 1 1 1 1 1 1 0 1 1 1 0 1 1 0 1 1 1 1 0 1 1 1 1 1 0 0 0 1 1 1 0 
1 1 1 1 1 1 1 0 1 1 1 1 0 0 1 0 1 1 1 0 0 1 1 1 1 1 1 1 0 0 1 1 0 1 1 0 1 1 1 1 0 1 0 1 0 1 0 1 1 1 1 0 0 1 0 1 1 0 1 1 0 0 1 1 1 1 1 0 1 0 
0 1 1 0 1 0 1 0 1 1 1 1 1 1 0 0 1 1 0 1 0 1 0 0 0 0 1 1 0 1 0 0 1 0 0 1 0 0 1 1 1 1 1 0 1 1 0 1 1 1 1 1 1 1 1 1 1 1 1 1 0 0 0 1 0 0 1 1 1 0 
0 1 0 1 1 0 1 1 1 0 0 1 0 1 0 0 0 1 0 1 0 1 1 0 1 1 0 0 0 0 1 0 1 1 1 1 0 0 1 1 1 1 1 1 0 1 1 1 0 1 0 1 1 1 0 1 0 1 0 0 0 0 0 1 1 0 1 0 0 0 
0 1 1 0 1 0 0 1 0 1 0 1 1 1 0 0 1 0 1 1 0 0 0 1 1 1 1 0 1 1 1 1 1 1 1 1 1 1 0 0 0 1 0 1 1 0 0 1 1 0 1 1 1 0 1 1 1 1 1 0 1 0 0 1 0 0 0 0 1 1 
0 0 1 0 0 1 1 1 1 0 0 0 1 1 1 0 1 0 0 1 1 0 0 0 1 0 1 0 0 1 0 1 1 0 1 1 1 1 0 0 1 0 1 0 0 0 0 1 1 1 1 1 0 1 0 0 1 0 0 1 0 0 1 0 0 1 0 1 0 0 
1 1 1 1 1 1 0 0 1 1 0 1 0 0 1 1 1 0 0 0 1 0 0 0 1 1 1 1 0 0 1 0 1 1 1 0 1 1 0 1 0 1 0 0 0 0 1 0 0 1 0 1 0 1 1 0 1 0 1 0 1 1 0 1 1 1 0 1 0 1 
1 0 1 1 0 1 1 0 0 1 0 1 0 1 1 1 1 1 0 1 0 1 0 0 0 0 0 0 1 1 1 0 1 0 1 1 1 1 1 0 1 0 1 1 1 1 0 1 1 0 0 1 0 0 1 1 1 0 1 0 0 1 0 1 1 0 1 0 0 0 
1 1 1 0 1 0 0 0 0 1 1 1 1 0 1 1 1 0 1 0 1 1 0 1 0 0 1 0 1 1 1 0 0 0 1 0 1 1 0 1 0 1 0 1 1 1 1 0 1 0 0 0 1 1 1 0 0 1 1 1 0 0 1 0 0 1 1 1 1 0 
1 1 1 1 1 0 1 1 1 1 1 1 1 1 0 0 1 1 1 1 0 0 1 1 0 1 1 0 1 0 1 1 0 0 1 1 0 1 1 0 0 1 1 0 1 1 1 0 1 1 1 0 1 0 1 0 1 1 1 1 0 0 1 1 0 1 0 1 0 1 
1 0 1 1 1 0 1 1 0 1 0 1 1 1 0 0 1 0 1 1 0 0 0 0 1 1 1 1 1 0 0 0 0 1 1 0 1 0 1 0 0 1 1 1 0 1 1 1 1 0 1 0 1 0 0 0 1 1 0 1 1 0 1 0 1 0 0 1 0 1 
0 1 0 0 1 0 1 0 1 0 1 0 1 1 1 0 1 0 1 1 1 0 0 1 0 1 1 1 1 0 1 1 1 1 0 1 1 1 0 0 0 1 1 1 1 0 1 0 1 1 0 0 1 1 1 1 1 1 0 1 0 1 0 0 0 1 1 0 0 0 
0 1 1 0 1 0 1 1 0 0 1 0 1 1 0 1 1 1 1 1 1 1 0 0 1 1 0 1 0 1 1 1 1 1 1 0 0 1 0 0 1 0 1 1 1 1 0 1 0 1 1 1 0 0 1 1 0 0 1 1 0 1 0 1 0 0 1 1 0 1 
1 1 0 0 0 1 1 1 1 0 1 1 1 0 0 0 1 1 0 1 0 1 1 0 1 1 1 0 1 0 0 1 1 0 1 1 1 1 1 1 0 1 0 0 1 0 1 0 1 0 1 1 0 1 1 1 1 0 1 0 1 1 1 0 1 1 1 0 0 1 
1 0 1 1 0 0 1 0 0 0 1 0 0 1 1 0 0 1 1 0 1 1 0 1 0 1 0 1 0 0 0 1 1 1 1 1 1 0 1 1 0 1 1 1 1 1 0 1 0 0 1 1 1 1 0 1 1 0 1 1 1 0 0 0 1 0 1 0 0 1 
1 1 0 1 0 1 0 0 1 1 0 0 1 1 0 1 0 0 1 1 0 0 0 0 1 1 0 1 0 0 0 0 0 1 0 1 1 1 0 1 1 0 0 1 0 1 1 0 0 0 1 1 0 1 0 1 1 0 1 0 1 1 0 0 1 1 1 1 0 0 
0 0 1 0 0 1 0 1 1 0 0 0 1 1 1 0 1 1 0 0 1 1 0 0 1 0 1 0 0 0 1 1 0 1 1 1 1 0 1 1 0 0 0 1 1 0 1 1 1 1 0 0 0 1 0 0 0 1 1 1 0 1 1 1 1 0 0 1 0 1 
1 0 0 1 1 1 0 0 0 1 0 0 0 0 1 0 0 0 0 1 0 0 0 1 1 0 0 1 1 1 1 1 0 1 1 0 1 1 1 1 1 1 0 0 0 0 1 1 1 1 0 0 1 1 0 0 1 1 1 1 1 0 0 1 0 1 1 1 1 1 
1 1 0 0 1 1 1 1 1 1 1 1 0 1 1 0 1 0 0 0 1 1 1 1 0 1 1 1 1 0 0 1 0 1 0 0 1 1 1 0 0 0 1 1 1 1 0 0 1 0 0 1 0 0 0 0 1 1 0 0 1 1 0 1 0 0 0 1 0 1 
1 1 1 1 0 1 0 1 1 0 1 0 0 0 0 1 1 0 1 1 1 1 0 1 1 1 1 0 1 0 1 0 1 0 1 1 1 1 0 1 1 0 1 0 0 1 0 1 1 1 1 1 0 0 1 1 0 0 0 0 0 1 1 0 0 0 1 1 0 1 
1 0 0 1 1 0 0 1 1 1 1 1 1 1 1 1 0 1 0 0 1 1 1 1 1 1 0 1 1 0 0 1 0 0 1 0 1 0 1 0 1 1 1 1 0 1 1 1 0 0 0 0 0 1 0 1 1 1 1 0 1 1 0 1 0 0 1 1 1 0 
0 1 1 1 0 1 1 0 0 1 0 0 1 0 0 1 1 0 1 1 1 0 1 1 1 1 1 0 1 1 0 0 1 0 1 1 1 1 1 0 0 1 0 0 0 1 1 1 1 1 0 0 0 1 1 0 1 0 1 1 0 1 0 1 0 0 1 1 0 1 
1 1 0 1 0 1 1 0 1 1 0 1 0 1 1 1 1 0 1 0 1 1 0 1 1 1 0 1 1 0 1 1 1 1 1 1 1 0 1 1 1 1 0 1 1 1 0 1 1 1 0 1 1 0 1 1 0 1 0 0 1 1 1 1 0 0 1 1 0 1 
0 0 0 0 1 1 1 1 0 0 1 1 1 0 0 1 1 1 1 0 1 0 0 1 0 1 0 1 1 1 0 0 1 0 0 0 1 1 1 0 0 0 1 1 1 1 0 0 0 0 1 1 1 0 1 0 1 0 0 0 1 0 1 0 1 0 0 1 0 1 
1 0 1 1 1 1 1 1 0 0 0 1 1 0 0 1 0 1 1 1 1 1 1 0 0 1 1 0 0 1 0 0 0 1 1 1 1 0 1 0 1 1 1 1 0 0 1 1 1 1 1 1 0 0 1 1 0 0 0 1 0 0 1 1 1 1 1 0 1 1 
1 0 1 1 0 1 1 1 0 0 0 1 1 1 0 1 1 1 1 1 0 1 0 0 1 1 1 1 0 1 0 0 0 1 1 1 1 0 0 1 0 0 1 1 1 1 1 0 1 0 1 1 0 0 0 1 0 0 1 0 1 0 0 0 0 1 0 0 1 1 
1 1 1 1 0 1 1 1 1 1 0 0 1 1 0 0 1 0 1 1 1 1 1 0 1 0 1 1 1 1 1 0 1 1 1 0 0 0 1 0 1 0 0 0 1 0 0 1 1 1 0 1 1 0 1 0 1 1 0 1 0 1 1 0 1 1 1 0 0 1 
0 0 1 1 1 0 1 0 1 0 0 0 1 0 1 0 1 0 1 1 0 0 1 0 1 0 0 1 0 1 1 1 0 1 1 0 0 0 0 0 1 1 0 0 0 1 1 1 0 1 1 0 1 1 1 1 1 0 0 0 1 0 1 1 1 0 0 1 1 1 
1 1 0 0 0 1 1 1 1 1 0 1 1 1 0 1 0 1 1 0 1 1 0 1 0 0 0 1 1 1 1 0 0 1 1 1 0 0 0 1 0 0 1 1 1 0 0 1 0 0 1 0 0 1 0 0 1 1 1 0 1 1 0 1 1 0 1 1 1 0 
0 0 1 1 1 1 1 1 1 1 1 1 1 0 0 0 1 0 0 0 1 1 1 1 1 0 1 1 1 1 0 1 1 0 0 1 1 1 1 0 1 1 0 1 0 0 1 0 0 0 1 1 1 0 1 1 1 0 1 0 0 1 1 0 0 0 0 1 1 1 
1 1 1 1 1 1 1 0 1 0 1 0 1 0 1 0 0 0 1 1 0 1 0 1 1 1 1 1 1 1 0 0 1 0 0 1 0 1 0 0 1 1 0 0 1 0 0 1 1 1 1 0 0 0 0 0 0 1 1 0 1 1 1 0 0 1 1 1 0 0 
1 1 0 1 1 0 1 1 0 0 1 0 0 0 1 1 1 1 1 1 1 0 0 1 1 1 0 1 1 0 0 0 0 1 0 1 0 0 0 1 1 0 1 1 0 1 0 1 0 1 0 1 0 0 0 0 0 0 1 1 1 0 0 0 1 0 1 1 0 1 
1 1 1 0 0 0 0 0 1 1 0 0 0 0 0 1 1 1 0 0 0 1 1 0 0 0 1 1 1 1 0 1 1 1 1 1 1 1 0 0 0 1 1 0 0 1 1 1 1 1 0 1 0 1 1 1 1 0 1 0 1 0 1 0 1 1 0 0 1 0 
0 1 0 1 1 1 0 1 0 0 1 1 1 1 1 1 0 1 1 1 0 1 1 1 0 1 1 0 1 1 0 0 0 1 1 0 1 0 0 1 1 0 1 1 1 0 1 0 0 1 1 1 1 1 1 1 1 1 0 0 0 1 1 1 1 1 0 0 0 1 
1 1 1 1 1 1 0 1 0 1 1 1 1 0 0 1 1 0 1 0 0 1 1 1 1 0 0 1 1 1 0 0 1 0 1 1 1 0 1 0 0 0 1 0 0 0 0 0 0 0 0 1 0 0 1 0 0 0 1 1 0 1 1 1 0 0 1 0 0 0 
1 0 1 1 0 0 1 1 0 1 1 1 1 0 1 1 1 1 0 0 1 0 1 1 0 1 0 1 1 0 0 1 0 0 0 0 0 0 1 0 1 0 0 1 1 0 1 1 1 0 1 1 1 1 0 1 1 1 1 1 1 1 0 1 0 1 0 1 0 0 

0 0 0 0 0 0 0 0 0 0 0 31 0 0 0 1 5 0 0 0 0 0 0 14 0 0 6 0 0 0 11 0 0 0 0 0 0 0 0 0 0 8 0 0 0 0 16 0 0 0 19 17 0 0 0 0 0 0 0 0 0 0 0 0 0 0 0 0 0 0 
0 0 0 0 0 0 0 0 0 0 0 0 0 16 24 0 0 0 0 0 0 7 0 20 0 4 18 0 0 0 0 10 0 7 0 0 0 0 0 0 0 0 22 0 0 0 0 0 0 13 0 0 22 0 0 0 0 9 0 0 0 0 0 0 0 0 0 0 0 0 
0 0 0 0 0 0 0 0 11 0 20 0 0 0 0 3 0 0 18 0 0 0 0 0 0 0 0 10 0 0 0 0 0 0 27 0 0 0 0 0 0 0 0 0 0 0 0 18 0 0 0 0 11 0 0 0 0 0 0 0 16 0 0 0 0 0 28 8 0 0 
0 0 0 0 0 0 0 0 0 0 0 0 0 0 0 0 0 0 0 0 22 0 0 3 0 0 29 0 20 0 0 0 0 0 13 0 0 0 0 18 0 0 0 0 28 0 0 0 0 0 0 0 27 0 27 0 0 0 0 12 0 0 10 0 0 17 10 0 0 9 
0 0 0 14 0 0 0 0 0 0 0 0 0 0 0 2 0 6 0 0 7 0 0 0 27 26 0 0 19 2 0 0 0 0 27 0 4 0 0 0 0 0 0 0 0 0 5 0 0 0 29 0 0 0 25 0 0 0 0 0 0 0 0 0 0 0 0 0 0 0 
0 0 0 9 0 0 0 0 0 0 0 18 0 0 0 0 0 13 0 0 0 0 0 0 26 0 0 15 0 0 1 0 0 19 0 0 0 0 10 3 0 15 14 27 0 0 0 0 0 0 0 0 0 0 0 0 0 0 0 18 0 0 0 0 6 0 0 0 0 0 
0 0 0 0 0 25 0 2 0 18 0 0 0 0 0 0 5 0 27 0 0 0 4 0 0 0 0 0 1 0 0 0 0 0 0 0 0 0 0 10 0 0 0 18 0 0 0 0 0 0 0 0 15 0 0 0 0 0 0 0 0 0 0 3 0 0 0 0 10 0 
0 0 0 0 0 3 0 0 0 0 0 0 20 0 0 0 0 11 0 27 2 0 15 0 0 0 0 0 0 0 0 0 0 0 0 0 0 0 15 0 0 0 0 0 0 12 0 0 0 0 0 0 0 3 13 0 0 0 0 0 0 0 16 6 0 19 0 21 19 0 
0 0 0 0 24 0 4 6 0 5 0 0 0 29 24 0 14 0 0 0 0 0 0 0 0 6 0 0 0 0 0 0 0 0 0 0 0 0 1 0 18 0 0 1 0 19 0 11 0 0 0 0 0 0 23 0 0 0 0 26 0 11 0 0 0 17 0 6 15 0 
0 0 2 0 0 0 0 0 0 0 0 0 0 13 0 0 0 0 0 0 0 0 19 0 0 0 2 0 30 0 0 0 24 0 0 0 25 0 8 0 0 0 26 0 0 0 0 0 0 0 0 0 0 0 0 0 0 0 0 0 11 0 1 0 0 0 0 0 0 0 
29 0 0 0 0 0 0 0 0 29 0 13 0 0 0 0 0 0 0 21 0 0 11 9 0 0 0 0 0 0 0 0 0 0 0 0 14 0 0 0 0 0 0 22 0 0 0 0 19 16 0 0 0 0 16 6 0 29 0 0 0 0 0 0 0 0 0 5 0 0 
0 0 0 0 0 3 0 0 18 0 5 0 0 2 24 0 0 0 0 14 0 0 0 28 0 3 0 0 0 21 0 0 0 0 0 0 0 0 0 0 0 17 0 0 1 0 0 0 0 0 0 0 7 0 0 15 31 0 0 12 0 0 6 0 0 11 0 0 0 0 
0 0 0 0 1 0 0 0 0 0 0 0 0 0 0 0 0 0 0 14 0 0 0 0 0 0 0 0 0 0 3 0 0 0 0 17 0 0 0 0 13 0 0 0 0 0 14 0 0 0 0 4 0 0 0 0 0 19 0 0 17 0 0 0 0 20 0 0 0 0 
0 0 22 0 0 0 0 0 0 0 0 0 0 0 0 22 0 0 0 13 0 0 0 0 0 16 0 0 0 0 0 0 0 0 13 0 0 0 0 0 0 0 0 0 0 0 0 0 13 0 0 0 0 0 0 0 6 0 0 0 0 0 0 0 0 0 0 0 0 0 
0 0 0 28 0 0 0 0 0 25 0 24 0 10 0 0 17 0 0 16 0 0 0 0 0 0 0 0 0 0 0 0 0 0 0 0 18 0 11 0 0 0 0 0 0 0 0 0 0 0 0 0 0 0 0 0 0 0 0 0 0 0 0 0 0 28 0 0 0 0 
0 0 0 28 0 5 26 0 0 0 0 0 0 0 24 0 0 28 5 10 0 0 0 0 0 0 0 28 0 0 0 0 6 17 0 0 21 0 0 0 0 14 0 0 0 0 0 0 0 0 0 0 0 0 0 0 0 0 0 1 0 0 0 0 25 0 0 0 0 0 
0 0 0 5 0 16 0 0 0 0 4 20 0 29 0 0 0 0 0 0 23 8 0 24 0 0 0 0 0 2 0 0 0 0 8 0 0 22 0 0 0 0 0 0 0 0 0 0 0 0 0 0 0 26 0 0 0 0 14 0 0 0 0 0 0 27 15 0 0 0 
0 0 8 19 0 0 15 0 0 0 0 0 0 0 0 0 0 0 0 2 0 0 0 0 0 0 0 25 0 0 0 0 0 0 0 25 0 0 0 0 0 0 0 0 25 0 0 3 0 0 0 0 0 25 0 0 0 0 0 0 0 0 24 0 7 0 17 10 0 0 
0 27 0 0 0 0 22 0 0 0 0 0 5 0 0 0 19 0 0 0 16 0 0 0 27 5 0 0 0 0 0 0 0 0 0 0 0 0 0 0 22 0 19 0 0 0 0 0 1 0 5 10 0 0 0 0 0 4 0 2 0 0 0 29 0 0 0 0 0 0 
0 0 13 0 0 0 26 0 0 29 0 0 0 0 0 0 0 7 15 0 0 18 10 24 3 0 0 0 25 0 13 0 26 0 0 11 0 2 0 4 11 14 0 0 0 0 0 0 0 0 0 0 0 0 11 0 0 0 0 0 0 0 27 0 0 0 0 0 0 0 
0 0 0 0 11 24 25 0 0 0 0 0 13 0 0 0 0 0 11 0 0 0 7 0 0 0 0 0 0 0 0 0 0 0 0 0 0 27 0 0 29 0 0 0 0 0 0 1 0 0 0 0 0 26 0 0 0 5 19 0 28 0 0 0 0 3 0 12 0 0 
0 0 0 0 0 12 0 0 0 0 0 0 0 0 0 0 0 0 0 0 0 0 0 0 0 0 0 14 0 17 0 0 0 0 0 0 0 0 0 0 0 0 8 25 0 0 19 11 0 15 0 0 20 15 0 6 0 27 0 0 0 0 0 0 0 0 0 29 0 3 
0 0 0 0 29 0 0 0 0 0 0 0 0 0 22 0 0 0 0 0 0 0 0 0 0 0 0 0 30 0 0 0 0 0 0 0 0 0 0 0 15 0 0 0 0 0 0 14 1 0 0 0 0 0 0 30 0 0 0 0 0 0 0 0 0 0 0 0 24 0 
0 0 0 0 0 0 0 0 0 4 0 0 17 0 14 27 0 25 0 0 15 0 0 0 0 0 0 0 3 0 0 0 0 0 0 0 0 0 29 0 0 0 25 0 0 21 0 0 0 0 0 0 0 0 0 0 0 0 14 0 5 0 0 0 0 0 0 0 0 0 
0 0 0 0 0 0 0 3 0 0 0 17 0 0 7 0 0 0 0 0 21 0 0 0 0 3 0 0 0 0 0 0 0 0 0 0 0 0 26 0 13 26 0 0 0 0 0 0 0 0 0 27 28 17 0 0 0 21 7 0 0 0 0 0 17 29 0 0 0 27 
0 16 0 0 22 0 0 0 0 0 0 0 0 10 0 0 0 0 2 6 0 23 0 0 0 0 1 0 0 0 6 0 14 0 0 24 0 0 0 0 0 0 0 0 0 0 0 0 0 0 0 0 0 0 22 0 25 26 0 0 0 0 0 0 13 0 0 7 0 0 
0 0 0 16 0 0 0 0 15 0 0 0 0 0 0 0 0 0 0 15 0 0 0 0 0 0 0 0 16 0 0 0 0 30 23 3 0 6 0 0 3 0 0 0 0 0 0 0 0 0 5 0 0 0 29 0 0 0 0 0 0 0 0 0 0 0 17 10 22 0 
0 0 0 2 0 0 0 0 0 0 0 21 0 0 0 28 0 0 0 0 0 11 16 26 0 0 3 0 0 0 0 0 0 0 0 0 0 0 0 0 0 0 0 14 0 11 0 0 12 0 0 0 7 0 0 0 0 7 0 19 0 0 26 0 0 0 0 0 0 0 
0 0 0 0 0 0 0 0 0 0 4 8 0 0 0 7 0 0 0 0 0 0 0 0 0 19 0 0 0 0 0 0 0 0 0 0 0 0 0 0 22 8 0 0 0 13 1 0 0 0 0 26 0 0 0 0 0 0 0 0 0 0 0 17 0 0 0 0 7 0 
16 0 4 0 0 23 30 0 18 0 0 0 0 0 0 0 0 0 0 0 0 0 0 22 0 0 0 0 0 0 0 0 21 0 0 0 0 0 20 0 0 0 0 4 0 0 0 15 0 0 0 0 0 0 0 0 12 0 0 0 0 0 0 0 0 0 2 3 0 0 
0 0 0 0 0 5 0 0 23 0 0 0 0 0 0 0 0 0 0 0 7 0 0 0 0 0 0 0 0 0 0 0 0 0 29 0 0 5 30 9 0 0 0 0 30 0 0 0 0 0 3 0 19 0 0 0 0 0 21 0 0 0 0 0 2 0 22 0 0 0 
0 0 0 0 0 0 0 0 0 0 0 0 0 0 0 20 0 0 9 0 0 0 6 9 0 0 0 0 7 0 0 0 0 0 0 29 0 0 0 20 0 0 9 0 0 0 22 0 0 0 1 0 0 8 0 0 0 12 0 0 0 0 0 0 0 0 0 23 0 14 
0 0 0 0 0 14 21 0 0 0 0 0 0 0 3 0 0 0 23 0 0 0 0 0 0 27 11 0 0 11 28 0 0 15 0 0 0 0 0 3 0 0 0 0 0 0 0 0 0 0 0 0 0 0 14 0 0 0 0 0 0 0 0 0 9 0 19 0 25 4 
0 0 1 29 0 0 0 0 0 0 0 0 0 0 0 0 0 0 0 4 0 28 0 0 0 0 0 0 0 11 0 0 0 0 17 0 0 4 0 0 0 10 0 0 0 0 0 0 13 0 0 0 0 0 17 17 8 23 0 0 0 0 0 0 0 0 0 0 0 0 
0 0 24 0 0 6 0 12 0 0 0 0 0 0 0 25 0 0 3 21 0 0 0 0 22 0 0 0 10 11 21 0 0 0 0 0 19 0 0 0 0 0 0 16 0 13 25 15 27 0 0 0 0 0 0 0 0 1 0 0 0 0 0 0 0 0 2 0 0 10 
0 11 0 0 0 0 0 0 22 25 0 27 0 0 5 25 0 0 0 4 19 0 0 0 0 0 0 0 0 0 5 0 0 0 0 0 21 0 0 21 0 0 0 0 0 0 0 0 0 0 0 0 0 0 9 0 0 0 0 0 0 0 0 0 0 0 2 0 23 0 
0 0 0 0 0 0 0 0 0 0 0 0 0 28 28 0 0 0 20 0 22 0 0 0 0 19 23 22 0 0 0 0 0 2 0 20 0 0 0 0 0 21 0 4 0 0 7 0 0 0 0 25 19 0 12 0 0 0 0 0 0 0 0 0 25 0 0 8 0 0 
4 0 2 0 0 0 0 0 0 0 0 0 13 0 0 0 0 0 0 0 0 6 19 0 0 0 0 0 0 0 14 0 0 0 0 0 5 0 0 0 0 0 0 0 0 0 0 0 0 0 0 24 0 0 0 0 4 21 0 0 0 15 8 0 25 0 0 0 0 26 
21 0 0 0 0 0 0 0 0 18 0 0 0 0 0 0 0 0 0 0 30 0 27 13 0 22 0 0 0 0 0 0 0 0 17 3 14 0 0 0 0 0 0 0 0 26 0 0 0 11 0 20 0 0 23 0 0 0 0 0 0 0 0 0 0 0 0 0 0 0 
0 0 31 24 0 0 22 21 0 0 0 0 25 13 0 0 0 29 0 0 0 0 28 0 0 0 0 0 17 0 0 0 0 0 0 0 0 0 0 0 0 0 0 0 0 0 0 0 29 0 24 0 0 0 29 13 0 0 0 0 1 0 0 0 0 0 21 0 22 0 
0 0 0 0 0 0 0 0 0 0 0 0 0 0 0 0 0 0 17 0 0 0 0 0 9 0 0 0 0 0 0 0 0 0 28 16 0 0 0 0 0 0 0 0 0 0 9 0 0 0 18 0 0 0 0 0 0 0 0 2 0 0 0 0 0 0 0 0 0 16 
0 0 25 16 0 28 0 0 30 0 0 0 0 0 18 28 0 23 13 0 0 0 0 0 3 0 0 0 0 0 0 0 0 0 0 0 0 9 0 16 0 0 21 0 0 27 0 0 0 0 0 0 0 0 14 0 0 0 0 0 7 19 0 12 14 0 1 0 0 0 
0 0 0 0 0 0 0 0 0 0 9 6 0 0 0 0 0 0 0 0 0 0 0 0 0 1 0 24 0 0 0 0 0 0 0 28 16 0 0 0 0 0 0 0 0 11 0 0 0 0 0 0 0 0 27 0 0 0 0 0 0 0 0 6 0 0 26 26 0 0 
0 0 17 0 0 0 0 0 0 0 0 0 0 2 0 0 0 0 0 0 0 0 23 0 0 7 0 0 0 0 0 0 1 0 0 0 0 0 0 0 23 0 0 0 0 0 0 0 0 0 18 0 0 3 0 0 0 0 0 29 0 0 0 21 0 0 13 3 0 1 
0 28 0 0 0 0 0 0 0 0 0 0 6 5 27 0 22 0 0 25 0 0 0 0 6 3 0 2 0 0 0 0 0 0 0 0 0 29 0 0 0 0 0 0 0 21 0 0 0 28 0 0 0 0 0 0 25 0 0 0 29 0 0 0 0 0 0 0 0 12 
0 26 0 0 0 0 0 0 9 29 11 0 0 9 0 0 0 0 0 15 6 0 24 1 0 0 0 0 10 0 0 0 0 0 0 0 1 0 0 18 0 0 0 0 0 0 0 11 0 0 29 0 0 0 4 0 7 0 5 0 21 0 0 27 0 0 20 0 6 0 
0 0 0 0 0 0 0 11 0 0 0 0 0 0 0 22 0 0 0 0 20 0 0 0 24 14 6 0 0 0 0 0 0 0 0 20 20 0 0 0 21 0 23 0 0 21 0 0 0 0 0 8 25 0 0 0 14 0 0 0 0 0 0 21 0 20 0 28 0 0 
0 0 0 0 0 0 0 0 25 0 0 6 0 0 11 0 0 0 0 0 0 0 0 0 0 0 0 0 0 0 7 2 0 0 0 0 0 0 0 0 22 0 0 0 0 0 8 0 0 0 15 0 0 0 0 0 0 0 0 0 7 0 25 3 0 0 0 0 23 0 
0 0 4 0 0 0 0 0 0 0 28 0 0 0 11 0 0 0 0 0 0 0 0 0 19 0 0 9 21 0 0 0 0 29 0 0 0 0 0 0 0 0 0 0 0 28 24 0 0 0 6 3 0 24 0 0 0 0 0 0 10 0 0 0 0 0 0 0 0 0 
0 0 7 0 23 0 0 0 0 8 0 0 0 0 0 0 0 0 0 0 6 0 0 0 0 0 0 25 0 0 0 14 0 0 0 0 4 0 28 0 26 0 22 0 0 0 0 0 0 0 0 0 0 30 0 0 12 0 0 0 0 0 0 0 0 0 0 14 0 0 
0 0 0 0 0 1 0 0 27 0 18 0 0 0 20 0 11 0 21 0 0 0 0 26 0 1 0 0 0 0 0 6 1 0 0 0 0 0 0 0 15 10 0 0 0 0 0 3 0 0 0 0 0 0 0 0 0 0 0 9 0 0 0 0 0 0 0 0 0 11 
29 0 0 24 0 0 0 0 31 0 0 0 0 23 1 0 0 15 0 0 0 0 0 0 0 0 0 0 0 0 0 0 0 0 0 0 9 8 0 0 16 0 23 18 0 0 0 1 0 23 0 0 0 0 0 0 17 1 24 0 0 0 0 0 0 0 26 18 21 0 
0 14 1 0 0 0 0 0 0 0 0 0 0 0 0 0 0 14 0 0 0 0 0 0 0 0 0 10 0 0 0 0 0 0 0 0 0 0 0 0 0 0 17 0 0 12 0 0 0 0 0 0 0 0 0 0 0 0 0 0 0 0 0 0 0 0 0 0 0 0 
7 0 0 0 24 0 0 0 0 0 0 25 0 9 0 0 0 0 0 0 0 0 0 0 0 0 0 0 0 0 0 0 0 0 4 0 17 0 0 0 29 0 7 0 0 0 0 0 24 0 0 0 18 0 0 0 15 23 0 0 24 0 0 0 3 0 0 0 0 0 
0 0 0 0 0 0 0 0 0 0 0 0 28 0 0 0 0 0 0 0 19 0 29 0 0 0 0 0 0 0 0 0 0 0 0 0 0 0 0 0 0 27 0 0 0 20 0 0 0 0 0 0 0 0 0 0 15 0 18 0 0 0 0 27 0 16 0 0 29 0 
0 0 0 9 0 0 0 13 28 23 0 0 0 0 7 0 15 0 0 0 0 0 0 10 0 0 0 0 0 0 0 0 0 11 0 8 0 0 0 0 26 0 0 0 0 0 0 0 0 0 0 14 0 0 0 0 0 0 0 0 0 0 22 6 0 0 0 14 0 0 
0 0 13 0 27 8 0 0 8 0 28 0 0 0 0 18 0 0 0 0 0 12 15 0 9 0 0 0 0 0 13 0 0 3 13 0 0 0 0 23 0 26 31 0 0 15 0 0 0 0 0 0 0 0 9 0 0 0 0 6 5 0 0 0 0 0 13 0 0 0 
24 0 0 8 0 0 0 0 0 0 17 0 0 0 0 0 0 0 0 0 0 0 0 0 14 0 0 23 0 0 0 0 0 0 0 0 0 0 0 11 0 0 0 0 16 0 0 0 0 0 7 3 0 0 0 2 0 0 7 0 0 0 16 0 0 0 0 0 0 2 
0 0 1 0 0 0 0 0 16 0 0 0 0 0 0 28 0 0 0 0 0 0 0 0 23 0 0 0 0 26 0 0 0 0 0 13 0 2 0 0 0 0 25 0 0 0 0 0 26 0 0 0 0 11 0 19 0 0 0 0 0 0 0 0 0 0 0 23 0 15 
0 4 0 0 29 0 21 0 0 0 0 15 0 0 0 0 0 0 0 0 0 0 0 14 3 6 0 0 0 0 0 0 0 0 0 0 1 15 0 7 19 28 0 0 0 0 0 0 0 0 0 0 0 0 0 0 0 0 0 0 0 0 0 0 0 0 0 0 0 0 
0 0 0 0 0 27 0 0 0 7 0 0 0 0 0 0 0 0 2 0 13 17 23 0 0 18 0 0 0 0 0 0 25 0 0 14 0 0 0 10 0 0 0 0 0 4 0 0 0 0 0 0 0 0 29 0 0 0 0 0 0 0 0 0 20 0 0 0 6 0 
16 0 0 0 0 0 17 0 0 0 0 0 8 0 0 0 0 0 10 14 0 0 0 0 0 0 15 11 0 0 0 14 0 0 0 0 0 0 0 27 0 9 6 0 0 24 33 0 0 0 0 24 0 0 10 0 0 0 0 0 9 0 0 29 10 0 0 0 0 0 
0 0 28 0 11 0 0 0 0 0 0 0 0 0 9 0 0 0 0 0 0 0 11 22 0 0 28 0 0 0 0 0 0 0 0 15 0 1 0 0 0 0 0 0 0 0 0 0 0 14 0 0 0 0 0 27 0 0 0 9 0 0 0 0 5 0 28 0 0 0 
0 0 0 0 0 0 0 0 18 0 0 0 0 0 0 0 0 0 0 0 0 0 0 0 0 0 20 0 0 19 26 0 0 0 0 0 0 0 0 0 1 24 0 0 0 0 0 21 0 0 0 0 24 0 16 0 0 0 0 0 0 13 0 0 0 0 0 0 0 0 
0 0 3 2 0 0 0 0 0 0 11 0 0 0 1 11 0 20 0 0 0 2 0 20 0 0 0 0 0 0 0 0 0 0 0 6 0 0 0 0 0 0 0 0 0 0 0 0 0 3 0 0 0 0 0 0 0 0 0 0 0 0 0 0 0 0 14 0 20 0 
0 0 0 0 0 0 0 22 0 0 0 0 0 0 0 0 0 0 0 0 5 0 0 0 11 0 0 0 0 0 0 0 0 0 0 0 0 0 0 0 0 0 0 0 0 9 0 0 0 0 0 0 2 20 0 0 8 0 0 0 0 3 0 0 29 0 0 0 0 0 
0 4 0 0 0 0 8 10 0 0 0 0 0 0 0 26 0 7 0 24 0 0 0 0 0 0 11 0 20 0 0 0 0 0 0 0 0 0 0 0 0 0 16 6 0 28 0 0 0 0 0 23 0 0 0 19 2 3 0 0 23 0 0 0 0 0 0 0 0 0 
0 0 0 0 3 8 0 0 0 6 0 0 0 0 0 0 0 0 0 0 0 0 22 0 0 0 0 0 0 0 0 0 0 0 17 1 0 0 0 0 0 0 0 0 0 0 18 0 0 0 4 20 0 0 21 0 0 0 18 0 0 0 0 0 0 10 14 0 0 0 
0 0 0 0 0 0 0 13 0 0 0 0 0 0 0 0 0 0 25 0 0 0 0 0 0 0 0 0 0 0 0 2 0 0 0 0 0 0 0 28 9 0 21 0 0 0 0 0 0 0 0 0 0 0 0 0 0 0 0 0 0 24 0 0 0 0 0 0 0 0 
0 14 0 24 0 2 5 0 0 0 0 0 0 0 0 0 0 0 0 5 0 0 0 0 0 0 0 0 0 0 0 0 0 0 0 0 1 20 6 0 4 0 0 3 0 0 0 0 0 2 0 0 0 4 28 23 0 0 10 0 0 0 0 0 0 0 0 20 5 0 
