70

0 0 1 0 0 1 0 1 0 1 1 1 1 0 0 0 1 0 0 0 0 1 1 1 1 0 0 0 0 1 0 1 0 0 0 0 1 1 1 0 1 0 1 0 0 1 0 1 1 0 0 0 1 1 0 0 0 1 0 0 0 1 1 0 1 1 1 0 0 1 
0 0 0 0 0 0 0 0 0 1 1 0 1 0 1 1 1 0 0 0 0 1 1 0 0 0 0 0 0 1 0 0 0 0 0 0 0 1 1 1 0 1 0 0 1 0 0 0 0 0 1 0 0 1 0 0 0 1 0 1 1 0 1 1 0 1 0 0 0 0 
1 0 0 0 0 0 0 1 0 1 0 1 0 1 1 0 1 1 1 0 1 0 0 1 1 0 1 1 0 1 0 0 0 1 0 0 0 1 1 0 1 0 1 1 1 0 0 1 1 1 1 1 0 0 0 0 0 0 1 0 1 0 0 0 0 0 0 0 0 1 
0 0 0 0 1 0 1 0 0 1 0 0 1 1 0 1 1 0 0 0 0 1 0 1 0 0 1 0 0 1 0 0 1 1 0 0 0 0 0 1 0 0 0 1 0 1 1 1 1 1 1 0 0 1 0 0 0 1 1 1 0 0 0 0 0 1 0 1 1 0 
0 0 0 1 0 0 0 0 1 1 0 0 0 0 1 1 1 0 1 0 1 0 0 1 0 0 0 0 1 0 0 1 0 0 1 0 1 0 1 1 0 0 0 0 1 0 0 1 0 0 1 0 0 0 1 0 1 0 1 0 1 1 0 0 0 0 1 0 1 0 
1 0 0 0 0 0 0 1 1 0 0 1 1 0 0 0 1 1 0 0 1 1 0 0 0 0 0 1 0 0 0 0 1 1 0 0 1 0 0 0 1 1 0 0 1 1 1 0 1 0 0 0 1 1 1 1 1 1 0 0 1 0 1 0 0 1 0 0 1 0 
0 0 0 1 0 0 0 0 1 0 0 0 1 1 0 1 1 0 0 1 0 1 0 0 0 0 0 1 1 0 0 0 0 1 1 0 1 1 0 0 1 1 0 1 0 1 0 1 0 1 0 1 0 1 1 0 0 0 0 1 0 0 0 0 0 1 1 0 0 0 
1 0 1 0 0 1 0 0 1 1 1 0 0 1 0 0 1 0 0 1 1 0 1 0 1 0 1 1 1 1 1 0 1 0 0 1 1 0 0 0 0 0 0 0 0 1 1 0 1 0 1 0 0 0 1 1 1 0 1 0 0 0 1 0 1 0 1 0 0 0 
0 0 0 0 1 1 1 1 0 0 0 0 0 1 1 0 0 0 0 0 1 1 0 1 1 1 0 1 0 0 1 0 0 0 1 1 0 0 1 1 1 0 0 1 0 1 1 0 0 0 1 0 0 0 1 1 0 1 1 1 0 0 0 1 0 0 1 1 1 1 
1 1 1 1 1 0 0 1 0 0 0 0 0 0 1 1 1 1 0 1 0 0 1 1 1 0 1 0 1 0 1 0 1 0 0 0 1 0 0 1 0 1 1 0 1 0 0 0 1 1 1 0 0 1 0 1 1 0 1 0 0 1 1 1 1 0 0 0 1 0 
1 1 0 0 0 0 0 1 0 0 0 0 1 0 1 1 1 1 0 1 0 0 1 0 0 0 1 1 0 0 1 1 1 0 1 1 0 1 0 0 1 1 0 0 0 1 0 1 0 1 0 0 1 1 0 0 0 0 1 0 0 0 1 0 1 0 1 0 0 1 
1 0 1 0 0 1 0 0 0 0 0 0 1 1 1 1 1 0 1 1 0 0 1 1 0 0 1 0 0 1 1 1 1 0 0 0 1 1 0 1 0 0 1 1 1 0 0 1 0 1 0 1 1 1 0 0 0 0 0 1 1 1 0 1 0 1 0 1 0 0 
1 1 0 1 0 1 1 0 0 0 1 1 0 1 1 0 1 1 1 0 1 1 0 0 0 0 1 1 1 0 0 0 0 0 0 0 1 1 1 1 1 0 1 0 1 0 0 1 1 0 1 0 0 0 0 0 1 0 1 0 1 0 1 1 0 0 0 1 1 1 
0 0 1 1 0 0 1 1 1 0 0 1 1 0 1 0 0 1 0 1 0 1 1 0 1 0 0 1 0 1 0 0 1 1 0 0 0 1 0 1 0 0 0 0 0 1 0 0 0 1 1 0 1 0 0 0 1 0 0 0 0 0 1 1 1 1 1 1 0 0 
0 1 1 0 1 0 0 0 1 1 1 1 1 1 0 1 0 1 1 0 1 0 1 1 1 0 1 0 1 0 0 0 0 0 0 0 0 0 0 0 0 0 0 1 1 1 1 0 0 0 1 1 0 0 0 0 1 0 0 1 1 1 0 0 0 0 1 0 1 0 
0 1 0 1 1 0 1 0 0 1 1 1 0 0 1 0 0 1 1 1 0 0 0 1 0 0 0 0 1 1 1 0 1 0 0 0 0 0 0 1 1 0 0 1 0 1 1 0 1 1 1 0 0 0 1 0 0 1 1 1 0 0 1 1 1 0 0 0 0 0 
1 1 1 1 1 1 1 1 0 1 1 1 1 0 0 0 0 0 0 1 0 1 1 0 0 0 1 0 0 0 0 0 0 1 0 1 1 1 0 0 0 1 0 0 1 1 1 1 0 0 1 1 0 0 0 0 0 0 1 1 0 1 1 1 0 0 0 1 1 0 
0 0 1 0 0 1 0 0 0 1 1 0 1 1 1 1 0 0 0 1 0 1 0 0 1 0 0 1 1 0 1 0 1 1 0 0 0 0 0 0 0 0 1 1 1 1 1 0 1 1 0 1 0 1 0 0 0 1 0 1 1 1 1 1 0 1 1 1 0 0 
0 0 1 0 1 0 0 0 0 0 0 1 1 0 1 1 0 0 0 1 1 0 1 0 0 0 0 1 1 0 1 1 1 1 1 0 1 1 0 0 0 1 0 1 0 0 0 0 0 1 1 0 1 1 0 0 0 1 0 1 0 0 1 0 0 1 1 1 1 1 
0 0 0 0 0 0 1 1 0 1 1 1 0 1 0 1 1 1 1 0 1 0 1 1 0 0 0 0 1 0 1 1 0 0 1 0 0 0 0 0 0 0 1 0 0 0 0 0 0 0 0 1 0 1 1 0 1 1 0 0 1 0 1 0 0 0 0 1 0 1 
0 0 1 0 1 1 0 1 1 0 0 0 1 0 1 0 0 0 1 1 0 1 0 0 1 0 0 1 0 0 1 0 1 0 0 1 0 0 1 0 0 0 0 1 0 0 0 0 0 1 0 1 1 0 1 1 0 1 0 0 0 1 0 1 1 0 0 1 0 1 
1 1 0 1 0 1 1 0 1 0 0 0 1 1 0 0 1 1 0 0 1 0 1 0 1 0 1 1 1 0 0 1 0 1 0 0 1 1 1 0 0 0 0 1 0 1 0 0 1 1 1 1 0 0 0 1 0 0 1 0 0 0 0 1 0 0 0 0 0 0 
1 1 0 0 0 0 0 1 0 1 1 1 0 1 1 0 1 0 1 1 0 1 0 1 0 1 0 0 0 1 1 1 0 0 0 0 0 1 1 1 0 0 0 1 1 0 1 0 0 0 0 0 0 1 0 0 0 0 1 0 0 0 1 1 0 1 0 1 0 0 
1 0 1 1 1 0 0 0 1 1 0 1 0 0 1 1 0 0 0 1 0 0 1 0 1 0 0 0 0 1 0 0 1 1 1 0 0 0 0 1 0 1 0 1 0 0 0 1 0 0 0 0 0 1 1 0 0 0 1 0 1 1 1 0 1 0 0 0 0 1 
1 0 1 0 0 0 0 1 1 1 0 0 0 1 1 0 0 1 0 0 1 1 0 1 0 1 0 1 0 0 0 0 0 1 1 1 0 0 1 0 1 0 1 1 0 1 0 0 0 0 0 1 1 0 0 1 0 0 0 1 0 0 0 1 0 0 0 0 1 0 
0 0 0 0 0 0 0 0 1 0 0 0 0 0 0 0 0 0 0 0 0 0 1 0 1 0 0 1 1 0 0 0 0 0 1 0 1 0 0 0 0 0 0 1 1 0 0 1 0 0 1 0 1 1 1 1 0 0 0 0 1 1 1 1 0 0 0 0 0 1 
0 0 1 1 0 0 0 1 0 1 1 1 1 0 1 0 1 0 0 0 0 1 0 0 0 0 0 1 0 1 1 1 1 1 0 1 1 0 0 1 1 0 0 0 0 0 0 1 1 1 0 1 0 0 1 0 1 1 0 1 1 0 1 0 0 0 1 1 1 1 
0 0 1 0 0 1 1 1 1 0 1 0 1 1 0 0 0 1 1 0 1 1 0 0 1 1 1 0 1 0 1 0 0 0 1 1 1 0 1 0 1 0 1 0 0 0 1 0 0 1 1 0 0 0 1 0 0 0 0 1 1 1 1 0 1 0 0 0 0 0 
0 0 0 0 1 0 1 1 0 1 0 0 1 0 1 1 0 1 1 1 0 1 0 0 0 1 0 1 0 1 0 0 1 1 1 1 0 1 0 0 0 0 0 0 0 0 0 1 0 0 1 0 1 0 0 1 0 0 1 1 0 0 0 1 1 0 1 1 0 0 
1 1 1 1 0 0 0 1 0 0 0 1 0 1 0 1 0 0 0 0 0 0 1 1 0 0 1 0 1 0 0 0 1 1 1 1 1 0 1 1 0 1 0 1 0 1 1 1 0 0 1 0 1 1 1 0 0 1 1 0 0 1 1 0 0 1 0 1 1 1 
0 0 0 0 0 0 0 1 1 1 1 1 0 0 0 1 0 1 1 1 1 0 1 0 0 0 1 1 0 0 0 0 0 0 0 0 0 1 0 0 0 1 0 0 0 1 1 0 0 1 1 0 1 0 0 0 0 1 0 1 1 1 0 0 1 1 0 1 0 0 
1 0 0 0 1 0 0 0 0 0 1 1 0 0 0 0 0 0 1 1 0 1 1 0 0 0 1 0 0 0 0 0 1 0 0 0 1 0 1 0 1 1 1 0 1 0 0 0 0 0 1 0 0 0 0 1 0 1 1 0 0 1 0 0 1 0 0 1 0 0 
0 0 0 1 0 1 0 1 0 1 1 1 0 1 0 1 0 1 1 0 1 0 0 1 0 0 1 0 1 1 0 1 0 1 0 1 1 1 0 1 0 0 0 0 1 1 0 0 1 0 1 1 0 1 1 0 0 0 0 1 0 0 0 0 0 1 1 1 0 0 
0 0 1 1 0 1 1 0 0 0 0 0 0 1 0 0 1 1 1 0 0 1 0 1 1 0 1 0 1 1 0 0 1 0 1 0 0 0 1 0 1 0 0 1 0 0 0 0 1 1 1 0 1 0 1 0 1 0 1 0 0 0 0 0 1 0 0 0 1 0 
0 0 0 0 1 0 1 0 1 0 1 0 0 0 0 0 0 0 1 1 0 0 0 1 1 1 0 1 1 1 0 0 0 1 0 0 0 1 0 0 1 0 0 0 0 0 1 1 1 1 0 0 0 0 0 0 0 1 0 1 0 1 1 0 0 0 1 0 0 1 
0 0 0 0 0 0 0 1 1 0 1 0 0 0 0 0 1 0 0 0 1 0 0 0 1 0 1 1 1 1 0 0 1 0 0 0 0 1 0 1 0 0 1 0 1 0 0 1 1 1 0 1 0 1 1 0 0 0 0 0 0 1 1 0 1 1 0 0 1 1 
1 0 0 0 1 1 1 1 0 1 0 1 1 0 0 0 1 0 1 0 0 1 0 0 0 1 1 1 0 1 0 1 1 0 0 0 0 1 1 0 0 0 1 0 1 0 1 0 0 0 0 0 1 0 1 0 1 1 0 0 0 0 1 0 0 1 0 1 0 0 
1 1 1 0 0 0 1 0 0 0 1 1 1 1 0 0 1 0 1 0 0 1 1 0 0 0 0 0 1 0 1 0 1 0 1 1 1 0 1 1 0 0 0 1 1 1 0 1 0 0 0 1 0 0 1 0 1 0 1 0 0 0 1 0 1 1 1 1 1 0 
1 1 1 0 1 0 0 0 1 0 0 0 1 0 0 0 0 0 0 0 1 1 1 0 1 0 0 1 0 1 0 1 0 1 0 0 1 1 0 0 1 0 0 0 1 1 1 0 1 0 1 0 1 0 1 1 0 0 0 0 1 0 1 0 0 1 1 1 0 0 
0 1 0 1 1 0 0 0 1 1 0 1 1 1 0 1 0 0 0 0 0 0 1 1 0 0 1 0 0 1 0 0 1 0 0 1 0 1 0 0 0 1 1 1 0 1 0 1 1 0 0 0 0 0 1 0 0 0 0 0 0 1 0 1 0 0 1 0 1 0 
1 0 1 0 0 1 1 0 1 0 1 0 1 0 0 1 0 0 0 0 0 0 0 0 1 0 1 1 0 0 0 1 0 1 1 0 0 0 1 0 0 0 0 1 1 0 0 0 1 0 0 0 0 0 0 1 1 1 1 1 0 0 0 0 0 1 1 0 1 0 
0 1 0 0 0 1 1 0 0 1 1 0 0 0 0 0 1 0 1 0 0 0 0 1 0 0 0 0 0 1 1 1 0 0 0 0 0 0 0 1 0 0 0 0 0 1 0 1 1 1 1 1 1 0 0 0 1 1 1 0 0 0 1 1 0 0 0 1 0 1 
1 0 1 0 0 0 0 0 0 1 0 1 1 0 0 0 0 1 0 1 0 0 0 0 1 0 0 1 0 0 0 1 0 0 0 1 1 0 0 1 0 0 0 0 1 0 0 1 1 1 1 0 0 0 1 1 1 0 0 1 0 1 0 1 0 0 0 1 0 0 
0 0 1 1 0 0 1 0 1 0 0 1 0 0 1 1 0 1 1 0 1 1 1 1 1 1 0 0 0 1 0 0 0 1 0 0 0 1 0 1 1 0 0 0 0 0 1 0 1 0 1 1 0 1 0 0 0 0 0 1 0 0 1 0 1 1 1 0 0 1 
0 1 1 0 1 1 0 0 0 1 0 1 1 0 1 0 1 1 0 0 0 0 1 0 0 1 0 0 0 0 0 1 1 0 0 1 1 1 1 0 1 0 1 0 0 1 0 1 1 0 0 1 0 1 0 1 1 0 1 0 0 1 1 1 0 1 1 1 0 0 
1 0 0 1 0 1 1 1 1 0 1 0 0 1 1 1 1 1 0 0 0 1 0 0 1 0 0 0 0 1 1 0 1 0 0 0 0 1 1 1 0 1 0 0 1 0 1 1 1 0 0 0 0 1 1 0 1 0 1 1 0 1 0 0 1 0 0 1 0 0 
0 0 0 1 0 1 0 1 1 0 0 0 0 0 1 1 1 1 0 0 0 0 1 0 0 0 0 1 0 1 1 0 0 0 1 0 1 0 1 0 0 0 0 1 0 1 0 0 0 0 0 0 0 1 0 0 0 0 1 1 1 0 1 1 0 1 0 0 0 0 
1 0 1 1 1 0 1 0 0 0 1 1 1 0 0 0 1 0 0 0 0 0 0 1 0 1 1 0 1 1 0 0 0 0 1 1 0 1 0 1 0 1 1 0 1 1 0 0 1 1 0 1 0 0 1 0 0 1 0 0 1 1 1 1 1 1 0 0 0 0 
1 0 1 1 0 1 0 1 0 1 0 0 1 0 0 1 0 1 0 0 0 1 0 0 0 0 1 0 0 0 0 0 1 1 1 1 0 0 1 1 1 1 1 1 1 1 0 1 0 0 0 0 0 1 1 1 0 0 1 1 1 1 0 1 0 1 1 1 1 1 
0 0 1 1 0 0 1 0 0 1 1 1 0 1 0 1 0 1 1 0 1 1 0 0 0 0 1 1 0 0 1 0 0 1 1 1 0 0 0 0 0 1 1 0 0 0 0 1 0 0 0 0 1 1 0 0 1 0 1 0 1 0 1 0 0 0 0 0 0 0 
0 1 1 1 1 0 0 1 1 1 0 0 1 1 1 1 1 0 1 0 0 1 0 0 0 1 0 1 1 1 1 1 1 1 0 0 0 0 1 0 0 1 1 1 0 0 0 0 0 0 0 1 0 0 0 0 0 0 1 1 0 1 0 1 0 1 1 0 1 0 
0 0 1 0 0 0 1 0 0 0 0 1 0 0 1 0 1 1 0 1 1 1 0 0 1 0 1 0 0 0 0 0 1 0 0 1 0 1 0 0 0 1 0 1 1 0 0 1 0 0 1 0 1 0 0 0 0 1 1 1 0 0 0 0 1 0 1 0 0 1 
1 0 0 0 0 1 0 0 0 0 1 1 0 1 0 0 0 0 1 0 1 0 0 0 1 1 0 0 1 1 1 0 0 1 0 0 1 0 1 0 0 1 0 0 0 0 0 0 0 1 0 1 0 1 1 1 0 1 1 1 0 1 1 1 0 1 1 0 0 1 
1 1 0 1 0 1 1 0 0 1 1 1 0 0 0 0 0 1 1 1 0 0 1 1 0 1 0 0 0 1 0 0 1 0 0 1 0 0 0 0 0 0 0 1 1 1 1 0 1 1 0 0 1 0 1 1 0 0 1 0 0 0 1 0 0 0 0 1 1 0 
0 0 0 0 1 1 1 1 1 0 0 0 0 0 0 1 0 0 0 1 1 0 0 1 0 1 1 1 0 1 0 0 1 1 0 1 1 1 1 1 0 0 1 0 0 1 0 1 1 0 0 0 1 1 0 0 0 0 0 0 1 1 0 0 0 0 0 0 0 1 
0 0 0 0 0 1 0 1 1 1 0 0 0 0 0 0 0 0 0 0 1 1 0 0 1 1 0 0 1 0 0 1 0 0 0 0 0 0 1 0 1 0 1 0 1 0 0 0 1 0 0 0 1 1 0 0 0 0 1 1 0 1 0 0 0 0 0 1 0 0 
0 0 0 0 1 1 0 1 0 1 0 0 1 1 1 0 0 0 0 1 0 0 0 0 0 0 1 0 0 0 0 0 0 1 0 0 1 1 0 0 1 1 1 0 1 1 0 0 0 1 0 0 0 0 0 0 0 0 1 1 1 0 0 0 0 1 0 1 0 1 
1 1 0 1 0 1 0 0 1 0 0 0 0 0 0 1 0 1 1 1 1 0 0 0 0 0 1 0 0 1 1 1 0 0 1 0 1 0 0 0 1 1 0 0 0 0 0 1 0 0 0 1 1 0 0 0 0 0 1 1 1 1 0 0 0 1 1 0 1 0 
0 0 1 1 1 0 0 1 1 1 1 0 1 0 0 1 1 0 0 0 0 1 1 1 0 0 0 0 1 1 0 1 0 1 0 0 0 1 0 0 1 1 0 0 1 1 1 0 1 1 1 1 1 1 0 1 1 1 0 1 1 0 0 0 1 1 1 1 1 1 
0 1 0 1 0 0 1 0 1 0 0 1 0 0 1 1 1 1 1 0 0 0 0 0 1 0 1 1 1 0 1 0 1 0 1 0 0 0 0 0 1 0 1 1 0 1 1 0 1 0 1 1 1 0 0 1 1 1 1 0 1 1 0 0 0 1 0 1 1 0 
0 1 1 0 1 1 0 0 0 0 0 1 1 0 1 0 0 1 0 1 0 0 0 1 0 1 1 1 0 0 1 0 0 0 0 0 0 0 1 0 0 0 0 0 0 0 1 1 1 1 0 0 0 0 1 0 1 1 1 1 0 0 0 1 0 0 0 1 0 1 
1 0 0 0 1 0 0 0 0 1 0 1 0 0 1 0 1 1 0 0 1 0 0 1 0 1 0 1 0 1 1 1 0 0 1 1 0 0 0 1 0 0 1 0 1 1 0 1 1 0 1 0 1 0 1 1 0 1 0 1 0 0 0 0 0 0 1 1 0 0 
1 1 0 0 0 1 0 1 0 1 1 0 1 1 0 1 1 1 1 1 0 0 1 1 0 1 1 1 0 1 0 0 0 0 1 1 1 1 1 0 0 1 0 1 1 0 1 1 0 1 0 0 1 1 0 0 0 0 0 0 0 0 0 1 1 0 1 1 0 1 
0 1 0 0 0 0 0 0 1 1 0 1 1 1 0 1 1 1 0 0 1 1 1 0 1 1 0 0 1 0 0 0 0 0 0 0 0 0 0 1 0 1 1 0 1 0 1 1 1 0 1 0 1 0 0 0 0 0 0 0 1 0 1 0 0 0 0 0 1 1 
1 0 0 0 0 0 0 1 0 1 1 0 0 1 0 1 0 0 0 0 1 0 0 1 0 0 0 1 1 0 1 1 0 1 0 1 0 1 0 0 0 0 0 1 0 1 0 1 0 0 0 1 0 0 0 0 0 0 1 0 0 0 1 0 0 0 0 1 0 0 
1 1 0 1 0 1 1 0 0 0 0 1 0 1 0 0 0 1 1 0 0 0 1 0 0 0 0 0 0 1 1 0 1 0 0 1 1 1 1 0 1 0 0 1 1 0 1 1 1 0 1 0 1 0 0 0 1 1 1 1 0 0 0 0 0 0 1 0 0 0 
1 0 0 0 1 0 1 1 1 0 1 0 0 1 1 0 0 1 1 0 0 0 0 0 0 0 1 0 1 0 0 0 1 0 1 0 0 1 1 1 1 0 0 1 1 0 0 0 1 0 1 1 1 0 0 0 0 1 1 0 0 1 1 0 0 1 0 0 1 0 
0 0 0 1 0 0 0 0 1 0 0 1 1 1 0 0 1 1 1 1 1 0 1 0 0 0 1 0 1 1 1 1 1 0 0 0 1 1 1 0 0 1 1 0 1 1 0 0 1 0 0 0 0 1 0 1 1 0 1 1 1 1 1 0 1 0 0 0 0 1 
0 0 0 1 1 1 0 0 1 1 0 0 1 0 1 0 1 0 1 0 0 0 0 0 1 0 1 0 0 1 0 0 0 1 0 1 0 1 0 1 1 0 0 0 0 0 0 0 1 0 1 0 0 1 0 0 0 1 1 1 0 0 0 1 0 0 1 0 0 0 
1 0 1 0 0 0 0 0 1 0 1 0 1 0 0 0 0 0 1 1 1 0 0 1 0 1 1 0 0 1 0 0 0 0 1 1 0 0 0 0 0 1 0 1 0 0 0 0 1 0 0 1 1 0 1 0 1 0 1 0 1 0 1 1 0 0 0 1 0 0 

0 0 0 18 0 0 0 0 0 0 12 0 0 0 0 0 0 0 11 18 7 0 18 0 0 0 0 17 0 3 13 0 0 0 0 0 0 0 12 0 0 0 0 0 0 0 0 0 0 0 0 0 0 0 0 0 0 0 0 0 0 0 0 0 0 6 18 19 0 4 
0 0 0 0 0 0 0 0 0 15 0 0 0 0 0 0 0 0 0 0 20 0 0 1 19 0 0 0 0 0 16 0 1 0 0 0 3 0 4 0 0 0 0 0 7 0 18 0 0 17 0 13 0 0 0 0 0 0 0 0 0 0 0 0 0 9 0 1 0 0 
0 16 0 0 0 1 0 0 0 8 0 0 0 5 0 0 0 0 0 0 16 0 0 0 0 0 0 0 0 0 0 0 0 0 13 0 4 0 0 0 11 0 17 10 0 1 0 0 0 0 0 0 0 0 0 0 0 0 3 0 0 0 0 0 19 14 0 7 21 0 
0 0 0 0 0 6 2 0 0 6 0 0 0 0 0 0 0 0 0 0 0 2 4 0 6 7 0 19 0 0 0 0 7 0 0 0 0 0 0 0 0 0 0 17 0 0 0 11 0 0 0 0 0 0 0 0 12 0 0 0 8 0 0 6 0 0 0 9 0 0 
0 6 0 0 0 0 0 0 0 0 18 0 0 0 0 0 0 5 0 0 0 0 0 0 0 0 0 0 0 0 0 0 0 0 0 0 10 0 0 0 0 0 0 0 6 0 0 4 0 0 0 0 13 0 0 0 0 6 17 0 0 0 0 0 0 0 0 0 0 0 
0 12 0 0 0 0 0 10 13 0 16 0 0 5 0 5 0 0 0 0 0 0 0 0 0 0 4 0 0 4 0 0 0 0 0 0 0 11 0 9 0 12 0 0 3 0 0 0 0 0 0 0 0 0 0 11 0 0 17 0 0 0 0 0 0 0 4 0 6 0 
0 0 0 0 0 20 0 0 0 0 0 0 0 1 0 0 0 0 0 0 0 0 0 0 0 0 0 0 0 0 0 0 0 0 0 0 0 0 0 7 0 0 0 0 0 0 0 0 0 0 0 11 0 3 0 0 0 0 0 3 0 1 0 0 0 0 13 0 0 0 
20 0 0 0 0 0 17 0 10 0 13 0 16 17 10 19 0 0 0 0 0 0 6 0 0 0 0 0 11 0 0 0 0 0 6 16 0 0 0 0 0 0 0 0 0 0 0 0 0 11 0 0 0 0 0 0 0 0 0 0 0 5 17 0 0 0 16 1 0 0 
0 5 0 0 0 0 15 8 0 0 0 14 0 0 0 0 0 0 0 13 2 0 1 9 0 0 0 0 0 0 0 0 0 0 0 0 0 0 0 0 0 16 0 0 0 0 0 0 0 0 0 0 0 1 3 4 19 5 9 0 0 0 0 0 0 0 4 0 0 0 
8 10 14 0 0 0 2 0 0 0 0 0 0 0 0 0 0 0 0 19 0 0 0 0 0 3 0 0 0 0 0 0 0 0 0 20 0 0 0 0 0 18 0 14 0 20 0 0 0 0 10 5 0 0 16 0 0 0 0 15 0 0 0 0 0 4 0 0 0 0 
0 0 3 0 0 0 0 0 0 0 0 0 0 0 0 16 0 0 0 0 0 0 0 10 3 0 9 0 0 0 0 0 0 0 0 21 10 0 0 0 0 3 0 0 0 0 0 0 11 0 0 0 0 0 0 0 0 3 0 0 0 0 0 0 0 0 0 0 0 0 
0 10 0 7 0 0 0 0 0 0 0 0 0 0 0 0 0 0 0 0 0 0 0 5 0 2 0 0 0 0 8 7 0 3 11 0 0 9 0 0 19 6 0 0 0 0 0 0 0 0 0 0 0 0 0 7 0 0 0 15 0 0 13 0 0 0 0 0 1 0 
0 0 0 0 0 0 0 0 0 0 0 0 0 0 0 0 0 3 0 0 11 0 13 1 0 0 0 0 0 0 0 0 10 6 11 0 0 0 0 0 8 2 0 0 0 2 0 0 0 15 12 0 0 10 0 0 0 0 0 0 19 0 0 11 0 0 0 20 0 0 
0 0 0 0 0 0 0 0 0 0 0 13 0 0 0 0 0 0 0 0 0 0 0 0 0 0 0 19 0 3 0 0 3 0 0 10 0 0 7 9 20 0 0 0 0 0 3 0 0 0 0 0 19 0 0 0 0 0 0 0 0 0 0 0 0 0 0 0 0 0 
0 0 0 0 0 0 0 0 0 0 0 0 0 7 0 0 9 0 1 0 17 0 0 0 0 0 0 0 0 0 0 0 0 19 0 4 0 0 0 0 0 0 0 0 0 0 0 0 0 0 0 0 0 0 0 0 0 0 0 8 0 0 0 0 0 0 4 0 0 0 
0 0 0 6 0 0 0 0 0 0 0 0 0 0 0 0 0 0 0 0 0 0 2 0 4 0 0 0 0 0 0 0 0 0 0 0 2 0 0 0 0 0 0 0 0 0 0 0 0 0 0 0 0 11 0 0 1 0 0 0 0 0 0 0 0 0 0 12 0 0 
0 13 0 0 0 0 19 7 0 0 0 0 0 0 0 0 0 0 0 0 0 0 0 0 0 0 0 0 0 0 6 0 0 16 0 0 0 0 0 11 19 0 0 0 0 0 0 0 0 0 0 0 0 0 0 0 0 0 0 0 0 7 12 18 18 0 0 0 0 0 
18 0 0 0 18 0 0 0 0 15 0 0 0 0 1 7 0 0 0 14 0 0 0 0 6 0 0 0 13 0 0 0 15 0 0 0 0 0 0 0 0 0 5 0 0 0 20 0 14 13 0 17 10 0 0 0 0 0 0 0 0 0 0 16 0 0 0 19 15 0 
12 0 7 0 0 0 0 0 0 14 7 0 0 0 0 0 0 7 0 0 0 0 0 0 0 7 0 0 0 2 0 0 0 8 0 3 0 0 0 0 3 0 15 0 0 0 0 0 2 0 12 0 0 0 0 14 0 0 8 0 0 0 0 0 0 19 0 0 0 0 
0 0 1 0 0 0 0 0 6 0 0 0 0 14 0 0 0 20 0 0 0 0 0 0 0 16 0 0 0 0 0 4 0 0 0 0 0 0 0 16 0 0 0 3 0 1 0 0 0 0 0 19 0 0 0 8 13 10 0 0 0 0 19 0 0 0 0 0 16 0 
0 1 0 0 3 10 0 0 4 0 0 0 7 6 0 9 0 0 13 0 0 0 0 0 0 0 0 0 0 12 3 0 0 0 18 6 0 0 0 0 0 0 18 0 0 0 0 0 0 0 0 0 17 0 18 0 0 0 0 1 0 0 11 17 0 0 20 0 21 0 
14 0 0 0 0 0 2 0 0 0 18 0 0 0 0 0 0 0 0 0 0 0 0 0 0 10 0 0 0 2 0 8 19 0 0 0 0 0 0 0 0 0 0 0 0 10 0 4 0 0 0 0 0 0 0 0 0 0 0 0 12 0 0 0 12 0 0 0 0 0 
0 0 7 0 19 0 0 0 0 15 0 1 0 0 0 0 0 0 0 0 0 0 0 0 0 5 0 0 0 0 5 0 0 0 0 0 0 0 0 0 2 0 0 0 0 0 0 0 0 0 0 0 0 0 0 0 0 0 0 0 0 0 3 0 0 16 16 0 0 0 
0 0 0 0 0 0 0 0 19 18 0 7 0 0 0 17 0 0 0 0 0 20 0 0 0 0 6 12 7 0 0 0 0 0 0 0 20 21 0 0 0 0 0 9 0 0 0 17 0 15 0 0 0 0 0 0 0 6 3 0 0 0 0 0 16 0 0 0 0 0 
0 0 0 0 0 0 0 0 0 13 3 0 0 0 0 0 0 0 0 0 0 0 0 0 0 0 0 0 0 0 0 0 13 0 16 0 0 0 0 13 0 0 0 0 0 0 10 0 0 0 0 0 19 0 0 0 4 0 0 0 0 0 0 11 0 16 0 0 15 0 
16 0 1 0 0 0 0 0 0 0 20 0 13 5 0 0 0 0 0 15 16 0 0 0 14 0 0 0 6 6 0 0 7 0 0 0 0 0 0 0 4 0 0 0 0 0 0 0 10 15 0 0 20 0 0 17 0 0 0 1 0 0 0 0 0 0 0 0 0 0 
0 0 0 0 0 0 0 0 0 0 0 6 0 0 0 0 6 0 5 0 0 0 0 21 0 0 0 0 0 5 0 0 0 0 0 0 1 0 0 0 0 0 4 0 0 0 0 8 0 0 16 0 0 0 0 0 0 0 0 0 0 6 0 0 0 18 0 0 0 0 
0 0 0 4 0 0 0 0 0 0 0 0 11 0 0 0 0 0 0 0 0 6 0 0 2 0 6 0 0 0 0 0 0 0 0 0 0 0 0 0 3 0 0 0 0 0 0 0 20 16 0 0 6 2 0 0 0 0 0 0 0 0 0 0 0 0 0 13 0 17 
0 0 0 0 0 0 0 10 0 0 0 0 0 0 0 16 4 0 0 16 0 0 0 0 0 11 0 0 0 6 0 0 0 0 0 0 0 0 1 0 15 19 0 0 1 0 0 0 0 0 0 0 0 0 0 0 1 0 3 0 4 8 0 0 7 19 0 19 6 0 
0 0 0 0 0 0 0 2 0 18 0 2 0 0 0 14 0 9 0 0 0 0 0 0 0 0 0 0 0 0 0 11 0 0 12 0 0 0 0 0 0 7 0 0 0 0 0 0 18 0 0 0 10 0 0 0 5 0 0 9 0 0 1 0 0 11 0 0 0 0 
0 0 0 0 0 0 0 19 5 0 0 0 0 0 1 0 0 6 0 19 0 7 0 0 5 0 0 0 0 0 0 0 0 0 0 0 0 11 0 0 0 13 0 13 0 0 0 0 20 0 0 0 0 0 0 0 0 0 0 5 0 15 15 0 0 0 0 0 0 19 
0 0 0 0 0 0 0 0 0 19 0 0 0 0 0 0 0 0 20 0 0 2 18 15 17 0 0 14 0 20 13 0 15 9 0 0 0 0 0 0 0 0 3 0 0 0 0 0 0 0 0 0 0 0 0 0 0 15 0 18 1 0 0 0 0 0 2 0 0 0 
0 0 19 12 0 0 0 0 0 0 9 8 0 0 0 0 0 8 0 0 18 0 0 0 0 0 0 0 0 0 0 12 0 0 0 0 0 0 0 0 0 0 0 0 0 21 0 0 0 0 0 0 0 0 0 0 6 0 0 0 4 19 0 0 0 0 16 0 4 0 
0 0 1 0 0 3 0 10 0 0 0 10 0 0 0 0 0 0 0 0 0 0 0 2 8 3 0 0 0 0 0 0 0 0 0 0 0 0 0 0 0 0 0 0 0 0 0 0 0 7 0 0 0 0 0 0 0 15 0 10 0 0 0 0 0 19 0 15 1 12 
0 5 0 5 0 0 0 0 0 0 0 0 2 0 0 0 0 0 0 0 0 0 0 0 0 0 0 15 0 0 0 0 14 0 0 4 0 0 0 0 9 0 0 5 0 0 0 0 0 0 0 17 0 16 11 0 0 13 5 0 0 0 0 0 0 0 0 13 0 0 
0 0 10 12 0 0 0 0 0 0 0 0 12 0 0 0 0 0 1 0 0 7 0 19 0 0 0 0 0 8 0 0 15 0 0 0 0 0 0 0 0 0 1 0 0 0 0 0 0 0 0 0 11 0 0 11 0 0 0 0 3 0 0 0 0 0 0 0 0 0 
0 0 2 0 0 0 0 0 0 0 9 0 0 0 4 0 0 6 0 0 0 0 19 0 15 0 19 2 5 0 0 0 0 0 0 0 0 0 0 0 10 0 0 0 0 0 0 14 0 0 0 0 0 0 0 0 0 0 0 0 0 0 0 0 16 0 0 0 0 0 
0 0 0 4 0 0 0 0 0 0 0 0 15 6 0 2 0 0 0 0 0 0 0 0 0 18 0 0 2 0 7 0 0 0 0 0 1 0 20 0 0 0 0 0 0 0 0 0 0 13 0 0 0 0 0 0 1 0 0 0 17 1 5 0 0 0 0 0 0 0 
0 0 0 10 0 0 0 12 0 0 0 0 11 0 0 0 9 0 11 0 20 13 0 0 0 8 0 0 4 13 0 0 8 0 10 0 0 0 0 0 0 5 0 0 0 0 0 0 0 0 0 0 0 0 0 0 4 0 0 0 0 0 0 4 9 0 0 0 0 0 
19 0 13 10 0 0 0 0 0 0 0 0 19 0 0 0 0 0 7 9 0 0 2 0 20 0 0 0 3 0 0 0 0 0 0 0 0 0 0 0 0 0 0 0 0 0 16 0 0 0 0 0 0 7 0 0 3 0 15 0 0 9 0 0 0 0 0 0 0 0 
0 0 10 20 0 0 0 0 10 19 0 0 11 0 2 14 0 0 6 0 0 0 11 0 0 0 0 0 0 0 0 3 0 2 0 0 0 7 12 0 0 0 0 0 0 0 10 0 0 15 0 10 17 19 0 0 0 0 0 18 0 0 0 0 0 0 0 0 0 0 
0 0 0 1 0 0 0 0 0 0 0 0 0 0 0 9 0 13 0 16 13 10 0 0 0 0 0 16 0 0 0 0 0 0 0 0 1 0 11 4 0 0 0 18 0 0 0 0 0 0 1 0 0 0 0 0 0 0 0 0 0 0 0 0 0 19 0 15 0 3 
0 0 0 11 0 0 0 0 0 0 0 0 0 6 0 10 0 0 0 0 0 3 2 0 0 0 0 12 16 0 12 0 0 0 0 0 0 0 0 0 0 15 0 0 0 0 21 0 0 0 0 0 0 0 0 0 0 14 0 0 12 5 0 0 0 0 18 0 0 2 
0 0 0 0 18 0 0 0 5 10 16 0 0 10 0 0 0 0 0 3 0 0 0 0 0 11 0 0 0 18 15 0 0 0 0 0 1 0 1 0 5 0 17 0 0 1 0 0 0 0 0 0 0 0 0 0 0 0 0 0 0 0 1 0 17 0 0 4 0 2 
0 0 0 0 0 0 0 21 0 0 2 3 4 0 0 0 0 0 0 0 0 0 17 9 0 0 0 0 0 0 3 0 0 0 0 0 0 4 0 0 0 0 0 0 0 0 8 0 7 0 0 0 20 0 0 0 0 0 9 0 0 0 0 18 15 9 0 0 1 0 
0 0 20 0 0 0 0 0 0 8 0 0 0 0 0 0 0 0 0 0 0 0 0 0 0 0 0 0 0 9 5 0 0 0 2 0 0 0 19 20 0 0 0 0 17 0 0 0 0 0 0 0 3 0 0 4 0 0 0 0 0 0 0 18 0 0 0 10 0 0 
0 17 0 0 1 9 0 0 0 0 0 13 0 0 3 0 0 0 0 0 0 0 0 0 0 0 11 21 0 8 0 0 21 0 0 0 0 0 0 12 0 0 0 0 0 0 0 0 0 0 0 0 0 0 0 0 0 0 8 0 0 0 0 0 0 0 0 0 0 0 
0 8 0 11 0 0 0 0 0 5 0 0 0 0 0 20 2 0 8 0 0 16 0 0 0 0 8 0 0 0 17 19 0 0 0 0 0 0 0 0 0 0 5 0 16 16 0 0 0 0 0 0 0 0 0 0 6 0 0 0 0 0 0 7 0 0 0 0 17 0 
0 0 1 0 8 0 0 0 0 0 0 0 0 0 0 0 0 0 0 0 16 0 0 0 0 6 0 15 0 0 0 0 11 8 0 0 0 9 0 0 0 0 0 0 0 0 0 0 0 0 0 0 0 0 0 0 0 7 0 0 0 0 0 0 0 0 0 3 0 0 
0 0 0 0 0 16 0 0 0 0 0 0 0 0 0 0 17 0 0 0 0 0 0 0 0 4 0 17 0 0 0 0 0 0 0 19 0 0 0 0 0 2 0 0 0 5 0 0 0 0 0 0 1 0 0 0 0 0 10 0 0 20 0 0 0 0 0 0 0 0 
19 0 0 0 5 0 0 0 0 17 0 0 0 0 0 0 0 19 0 19 0 13 0 0 0 0 0 0 0 0 0 0 0 5 15 0 0 0 0 0 8 0 0 0 0 0 0 0 0 0 0 0 0 0 0 5 0 15 0 0 0 0 11 0 0 0 0 16 0 0 
0 0 21 20 5 0 0 0 0 0 0 0 0 1 0 15 0 0 0 2 0 7 0 0 0 0 0 0 0 0 0 0 0 0 0 15 0 0 0 0 0 0 0 0 0 0 0 0 0 0 0 0 0 0 14 0 1 0 13 0 0 0 0 0 0 0 0 0 0 0 
15 0 0 20 0 0 2 0 0 0 0 0 0 0 0 0 15 10 0 0 0 0 0 0 0 0 0 0 0 0 0 0 0 0 0 0 0 0 0 0 2 21 0 0 0 12 0 1 0 0 15 0 0 0 0 12 0 0 0 0 8 0 0 0 0 0 0 0 0 0 
20 0 0 13 0 0 0 0 0 0 8 0 0 0 0 4 0 0 13 0 0 0 0 0 0 0 0 0 19 0 0 2 0 0 0 13 0 0 0 0 0 0 0 0 0 0 7 0 0 0 0 0 0 0 0 0 0 0 10 6 3 0 7 6 0 0 0 0 0 0 
0 0 0 0 0 6 0 1 2 0 0 0 0 0 0 0 13 0 0 0 0 0 0 0 0 0 0 0 0 0 0 0 2 0 0 0 0 2 17 0 0 0 0 0 0 0 0 0 0 0 0 0 0 0 0 0 0 0 0 7 0 0 0 0 2 0 0 0 9 14 
0 0 0 0 0 20 0 18 16 17 0 0 0 0 0 0 0 0 0 0 17 0 0 0 0 0 0 0 0 0 0 0 0 0 0 0 0 0 0 0 0 0 18 0 0 0 0 0 0 11 8 0 0 0 0 0 15 0 0 16 0 0 0 0 4 0 0 0 0 0 
0 0 0 0 0 0 0 0 14 0 0 0 0 17 11 0 0 10 0 0 0 0 0 0 0 0 15 3 0 0 0 0 0 0 0 0 0 0 0 0 3 0 0 17 13 0 0 0 0 0 0 2 0 0 0 0 0 0 0 0 0 2 0 2 0 0 0 0 0 0 
0 0 0 0 0 0 16 7 0 0 0 14 0 0 0 18 0 0 0 0 0 0 0 0 8 0 0 1 0 0 21 11 0 2 0 0 0 16 9 0 0 0 0 3 0 17 9 0 0 0 1 0 0 1 0 0 0 0 5 0 0 0 0 0 0 0 0 13 0 0 
21 0 0 0 8 0 9 0 0 0 0 4 0 0 0 0 0 0 0 0 0 0 21 13 0 0 0 0 0 0 0 0 0 0 0 0 0 5 0 0 0 0 0 0 0 15 15 0 0 0 0 0 0 0 0 0 0 2 0 19 0 0 0 0 0 0 0 18 0 0 
0 0 0 15 0 0 10 0 20 17 0 0 0 0 0 0 0 16 0 0 11 0 0 0 0 0 0 0 0 8 0 0 0 0 0 0 0 0 0 0 0 6 0 0 0 0 0 0 0 6 20 0 5 2 0 0 0 0 0 0 0 20 0 0 0 0 0 0 4 0 
0 0 0 0 9 0 8 0 0 0 0 0 0 0 10 0 0 0 0 0 0 1 0 0 20 0 0 10 0 0 0 0 0 0 0 0 15 0 0 0 0 0 0 0 0 13 0 0 0 0 0 0 0 1 0 0 0 0 0 0 0 0 0 0 0 0 0 0 0 0 
0 0 9 14 0 0 21 0 0 7 0 0 0 0 0 0 0 21 14 0 0 2 0 0 0 0 0 0 0 0 0 13 0 0 0 0 0 0 0 0 0 0 0 0 0 2 0 15 0 0 1 0 0 0 0 0 0 0 0 0 5 0 0 3 0 0 4 0 0 0 
0 12 8 16 0 0 0 0 0 0 0 1 0 0 0 0 0 1 0 0 4 0 0 0 0 0 0 0 0 0 0 0 0 0 0 0 0 0 0 0 0 0 0 0 0 0 0 0 0 0 0 0 0 0 0 0 0 0 0 0 0 0 0 0 0 0 0 0 17 0 
2 0 0 0 0 0 0 11 11 0 0 0 0 16 0 0 0 0 11 0 0 0 0 0 11 0 0 0 0 0 10 0 0 0 0 0 12 4 0 0 0 0 13 0 0 0 0 17 16 0 0 0 0 0 0 0 0 0 0 4 0 0 0 0 0 0 0 17 0 0 
0 0 0 0 0 1 0 0 0 7 5 0 3 18 0 3 0 0 0 0 0 0 0 0 0 0 0 0 0 0 0 0 0 3 0 0 0 14 0 0 7 0 9 0 0 0 5 0 0 0 0 11 0 0 0 0 0 3 0 0 0 0 0 0 0 9 0 0 7 0 
0 0 0 0 0 0 0 0 0 0 0 5 0 0 0 0 0 0 0 0 0 0 0 0 0 0 8 0 0 0 12 0 0 19 0 0 0 3 0 0 0 3 0 0 0 0 0 0 7 0 0 0 0 0 12 0 0 6 0 0 0 0 0 0 0 0 0 0 11 0 
17 0 0 16 0 0 0 0 0 0 0 0 0 0 0 0 0 14 19 16 20 0 0 0 0 0 0 0 17 0 0 0 0 0 0 0 0 0 0 0 0 0 17 0 0 0 0 0 0 0 0 0 0 0 0 0 1 0 14 0 0 0 0 12 14 0 0 16 0 0 
0 0 0 11 0 5 0 0 0 0 0 0 0 0 8 0 0 9 0 18 0 0 10 0 0 0 0 0 17 0 0 12 0 0 0 0 0 0 10 0 0 0 0 0 0 0 0 13 0 0 0 0 0 0 0 5 0 0 0 0 0 0 0 8 0 0 0 0 3 0 
0 0 0 0 0 0 0 10 15 0 0 0 0 0 0 20 0 0 0 0 0 0 0 14 0 0 0 0 0 8 0 0 0 0 0 0 0 5 0 0 18 0 0 0 17 9 7 10 0 0 0 10 3 0 0 0 0 0 0 0 0 0 0 0 0 0 0 0 0 0 
0 0 12 21 0 0 0 0 8 0 0 0 0 0 0 0 0 0 0 0 14 0 7 0 0 0 0 5 0 0 0 13 0 0 0 0 0 0 0 0 0 0 0 0 0 17 0 0 0 0 0 10 0 0 0 16 0 0 5 0 3 0 0 18 0 0 18 18 0 0 
