70

0 1 1 1 1 1 1 1 0 0 1 1 1 0 1 1 1 1 0 1 1 1 1 1 1 1 1 1 1 0 1 1 1 1 0 1 0 1 1 1 1 0 1 1 0 1 1 1 0 0 1 1 1 1 0 1 1 1 1 0 1 0 1 1 1 1 1 1 0 1 
1 0 0 1 1 1 1 0 1 1 0 0 1 0 1 1 1 0 1 0 0 0 0 0 1 0 1 1 0 0 0 0 1 0 1 1 0 1 1 1 1 1 1 1 0 0 1 0 0 0 0 1 1 1 0 1 1 1 1 1 0 1 1 1 1 0 0 0 0 1 
1 0 0 1 0 0 1 0 1 0 1 1 1 1 0 1 1 0 1 1 1 0 1 1 1 1 1 0 0 1 1 0 1 1 1 0 1 1 0 1 1 0 1 0 0 1 0 0 0 1 1 1 0 1 1 1 0 1 1 1 0 1 1 1 0 1 0 0 0 0 
1 1 1 0 1 1 1 1 1 1 1 1 1 0 1 1 1 1 1 1 1 1 0 1 1 0 1 0 1 1 1 1 1 1 0 1 1 1 1 0 0 0 0 1 0 1 1 0 0 1 1 1 1 0 0 1 0 1 0 0 1 1 1 0 1 1 0 1 0 1 
1 1 0 1 0 1 0 1 1 0 1 0 1 1 1 0 0 1 1 0 0 1 1 1 0 1 1 1 1 1 0 1 0 0 0 1 1 1 1 0 0 0 0 1 1 0 0 1 1 0 0 1 1 1 0 1 1 1 1 1 0 0 1 0 1 1 1 1 0 1 
1 1 0 1 1 0 1 1 1 0 1 1 0 0 0 0 0 1 1 1 1 0 0 0 1 0 1 0 0 1 1 0 0 0 1 1 0 1 0 1 0 0 0 0 1 1 1 0 1 1 0 1 1 0 0 1 0 1 1 1 1 0 1 0 1 1 0 1 0 1 
1 1 1 1 0 1 0 0 0 1 0 0 1 0 0 0 0 1 0 1 1 1 0 1 0 0 0 1 1 1 1 1 1 1 0 1 1 0 1 1 0 1 0 0 0 1 0 1 1 0 1 1 1 0 0 1 1 1 1 0 0 1 1 1 1 1 0 1 0 1 
1 0 0 1 1 1 0 0 1 1 1 1 0 0 0 0 1 0 1 1 0 1 1 0 1 1 1 0 0 0 1 1 0 1 1 1 1 0 0 0 0 0 1 0 0 1 1 1 0 1 1 0 1 0 1 1 1 0 1 1 0 1 1 1 1 1 1 0 0 1 
0 1 1 1 1 1 0 1 0 1 1 1 1 1 1 1 1 1 1 0 1 0 0 1 1 1 0 1 1 0 1 1 1 1 1 1 1 1 1 1 1 1 1 0 0 1 1 1 1 1 0 1 1 1 1 1 0 1 1 0 0 1 1 1 0 0 1 1 1 1 
0 1 0 1 0 0 1 1 1 0 0 1 1 1 1 0 1 1 1 0 1 0 0 0 0 1 1 0 1 0 1 1 0 1 1 0 1 1 0 1 1 0 1 1 1 1 0 1 1 0 0 0 1 1 1 1 0 0 1 0 1 0 1 1 1 1 0 0 0 1 
1 0 1 1 1 1 0 1 1 0 0 0 1 0 1 1 1 1 1 1 1 1 1 1 0 1 0 1 0 0 0 1 1 1 1 1 1 1 0 1 1 0 1 0 1 1 1 1 0 0 1 0 1 1 1 1 1 1 1 1 0 1 0 0 0 0 0 0 0 0 
1 0 1 1 0 1 0 1 1 1 0 0 1 1 0 0 1 0 1 0 1 1 1 0 0 1 1 0 1 1 1 1 1 0 0 0 0 1 0 1 0 0 1 1 0 1 0 1 0 0 0 0 1 1 0 1 1 1 1 0 0 0 1 1 1 0 1 1 0 0 
1 1 1 1 1 0 1 0 1 1 1 1 0 1 1 1 0 0 0 1 1 1 1 1 1 1 1 0 1 1 1 0 1 1 1 1 1 0 0 0 1 1 0 1 1 0 0 0 1 1 1 1 1 0 0 1 1 0 1 1 0 1 1 1 1 0 0 1 0 0 
0 0 1 0 1 0 0 0 1 1 0 1 1 0 1 1 1 0 0 1 1 1 1 0 1 0 1 1 0 0 0 1 0 1 1 0 0 0 0 0 1 0 1 0 0 1 1 0 0 1 1 0 0 1 0 1 1 1 1 0 1 1 0 1 0 1 1 1 1 0 
1 1 0 1 1 0 0 0 1 1 1 0 1 1 0 1 1 0 1 1 1 0 1 0 1 0 0 0 0 0 0 0 1 1 1 1 0 1 0 1 0 1 1 1 0 0 0 0 1 1 0 1 0 1 1 1 1 1 0 0 1 0 0 0 1 1 1 0 1 1 
1 1 1 1 0 0 0 0 1 0 1 0 1 1 1 0 1 1 0 0 0 1 1 0 1 1 1 0 1 1 1 0 1 1 1 1 0 1 0 0 1 1 0 1 0 1 0 0 0 0 1 0 0 0 0 0 1 1 1 0 1 0 0 0 1 0 1 1 1 0 
1 1 1 1 0 0 0 1 1 1 1 1 0 1 1 1 0 1 0 1 0 0 0 0 0 0 1 1 0 1 1 1 0 1 1 0 1 1 1 0 0 1 1 1 0 1 0 0 0 1 1 1 0 1 0 1 0 1 1 0 1 1 0 1 1 1 1 0 0 1 
1 0 0 1 1 1 1 0 1 1 1 0 0 0 0 1 1 0 1 1 0 0 1 0 0 0 1 1 1 0 1 1 1 1 1 0 1 1 1 1 0 1 1 1 1 0 1 0 0 0 0 1 1 0 1 0 1 1 0 1 1 1 0 0 0 1 1 0 1 1 
0 1 1 1 1 1 0 1 1 1 1 1 0 0 1 0 0 1 0 1 1 1 0 1 0 1 1 1 0 1 0 1 1 0 1 1 0 0 1 1 0 1 1 0 0 0 1 1 1 0 1 1 0 0 1 0 1 1 1 1 1 0 1 0 0 1 1 1 0 0 
1 0 1 1 0 1 1 1 0 0 1 0 1 1 1 0 1 1 1 0 1 0 1 1 0 0 1 0 1 0 1 0 1 1 0 1 1 1 1 1 0 1 0 1 1 1 0 0 0 1 1 1 0 0 0 1 1 1 0 1 1 1 1 1 1 1 0 1 1 1 
1 0 1 1 0 1 1 0 1 1 1 1 1 1 1 0 0 0 1 1 0 0 1 1 1 0 0 1 0 1 1 0 0 1 0 1 1 0 1 1 1 0 1 0 1 0 1 1 1 1 1 1 1 1 1 0 1 1 1 1 0 0 0 1 0 1 1 1 1 0 
1 0 0 1 1 0 1 1 0 0 1 1 1 1 0 1 0 0 1 0 0 0 0 1 1 1 1 0 1 0 1 1 0 1 1 1 1 0 0 0 1 0 0 0 0 1 1 1 0 1 1 1 1 0 1 1 0 0 1 1 0 1 1 0 0 0 0 0 1 1 
1 0 1 0 1 0 0 1 0 0 1 1 1 1 1 1 0 1 0 1 1 0 0 0 1 0 0 1 1 1 1 0 0 1 1 0 0 1 1 1 1 0 0 1 0 1 1 1 1 1 1 1 0 1 0 1 1 0 1 0 0 1 1 1 1 0 1 1 1 0 
1 0 1 1 1 0 1 0 1 0 1 0 1 0 0 0 0 0 1 1 1 1 0 0 0 0 0 0 0 0 0 1 1 1 0 1 1 1 0 0 1 1 1 1 1 1 1 0 0 1 0 1 1 1 0 0 1 1 1 0 0 1 1 1 0 1 0 0 1 1 
1 1 1 1 0 1 0 1 1 0 0 0 1 1 1 1 0 0 0 0 1 1 1 0 0 0 0 1 1 1 0 0 1 0 1 0 0 1 0 1 1 1 1 1 0 0 1 1 0 1 1 1 1 0 1 1 0 1 1 1 1 0 0 0 0 1 1 1 1 1 
1 0 1 0 1 0 0 1 1 1 1 1 1 0 0 1 0 0 1 0 0 1 0 0 0 0 1 0 1 0 1 0 0 0 0 0 1 0 0 1 1 0 0 1 1 0 1 1 0 0 1 1 0 1 1 0 0 1 0 0 1 0 0 1 0 1 0 1 1 1 
1 1 1 1 1 1 0 1 0 1 0 1 1 1 0 1 1 1 1 1 0 1 0 0 0 1 0 1 1 0 0 1 0 0 1 0 1 1 1 0 1 0 1 0 0 1 0 0 1 0 0 1 0 1 0 1 0 1 1 0 1 1 1 0 0 1 1 1 1 0 
1 1 0 0 1 0 1 0 1 0 1 0 0 1 0 0 1 1 1 0 1 0 1 0 1 0 1 0 1 1 0 0 0 1 1 0 0 0 1 0 0 1 1 1 1 0 1 1 1 1 0 0 0 0 0 1 1 1 1 1 0 0 0 0 0 1 1 1 1 1 
1 0 0 1 1 0 1 0 1 1 0 1 1 0 0 1 0 1 0 1 0 1 1 0 1 1 1 1 0 0 1 1 0 0 1 1 1 0 0 1 1 0 1 1 0 1 0 1 0 1 0 0 1 1 0 0 0 1 1 1 1 1 1 0 1 0 0 1 0 1 
0 0 1 1 1 1 1 0 0 0 0 1 1 0 0 1 1 0 1 0 1 0 1 0 1 0 0 1 0 0 0 0 1 1 1 1 1 0 1 1 1 0 1 1 0 0 1 0 0 1 0 1 1 0 1 1 0 1 0 1 1 0 1 1 1 1 1 1 1 1 
1 0 1 1 0 1 1 1 1 1 0 1 1 0 0 1 1 1 0 1 1 1 1 0 0 1 0 0 1 0 0 0 0 0 1 0 0 1 0 0 0 1 1 1 1 1 1 0 1 1 0 1 1 1 1 1 0 1 0 0 0 1 1 0 0 1 0 0 1 0 
1 0 0 1 1 0 1 1 1 1 1 1 0 1 0 0 1 1 1 0 0 1 0 1 0 0 1 0 1 0 0 0 1 0 0 0 0 1 1 0 1 1 1 1 0 0 0 1 1 1 0 0 1 1 0 1 0 1 0 1 1 0 1 1 1 1 1 1 1 0 
1 1 1 1 0 0 1 0 1 0 1 1 1 0 1 1 0 1 1 1 0 0 0 1 1 0 0 0 0 1 0 1 0 0 1 1 0 1 0 1 1 1 1 0 0 0 1 0 1 0 1 0 0 0 1 1 1 0 1 1 1 0 1 1 1 1 0 0 0 1 
1 0 1 1 0 0 1 1 1 1 1 0 1 1 1 1 1 1 0 1 1 1 1 1 0 0 0 1 0 1 0 0 0 0 1 0 0 0 0 0 1 1 0 1 1 0 1 0 1 1 1 0 1 1 1 1 1 0 0 1 1 0 1 1 0 0 0 1 1 0 
0 1 1 0 0 1 0 1 1 1 1 0 1 1 1 1 1 1 1 0 0 1 1 0 1 0 1 1 1 1 1 0 1 1 0 1 1 1 1 1 0 1 1 0 0 0 0 1 1 1 1 1 1 0 1 0 0 0 1 1 0 1 1 0 0 1 1 1 1 0 
1 1 0 1 1 1 1 1 1 0 1 0 1 0 1 1 0 0 1 1 1 1 0 1 0 0 0 0 1 1 0 0 1 0 1 0 1 0 1 0 1 1 0 1 0 0 1 0 1 0 0 0 1 1 1 0 1 0 1 1 0 0 1 1 1 0 1 0 1 1 
0 0 1 1 1 0 1 1 1 1 1 0 1 0 0 0 1 1 0 1 1 1 0 1 0 1 1 0 1 1 0 0 0 0 1 1 0 0 1 1 1 0 1 0 0 0 1 0 0 1 1 1 1 0 0 1 0 0 0 1 0 0 0 1 0 1 1 1 1 0 
1 1 1 1 1 1 0 0 1 1 1 1 0 0 1 1 1 1 0 1 0 0 1 1 1 0 1 0 0 0 1 1 1 0 1 0 0 0 1 1 1 0 1 1 0 0 0 0 0 0 1 0 0 1 1 1 1 1 0 1 0 1 1 0 0 1 1 1 1 1 
1 1 0 1 1 0 1 0 1 0 0 0 0 0 0 0 1 1 1 1 1 0 1 0 0 0 1 1 0 1 0 1 0 0 1 1 1 1 0 0 0 0 1 1 1 0 1 0 1 0 0 1 1 1 1 1 0 1 1 0 0 0 0 1 1 1 1 1 1 1 
1 1 1 0 0 1 1 0 1 1 1 1 0 0 1 0 0 1 1 1 1 0 1 0 1 1 0 0 1 1 0 0 1 0 1 0 1 1 0 0 1 0 0 1 1 1 1 1 1 1 1 1 0 1 1 1 1 0 0 1 0 1 0 0 1 1 1 1 0 1 
1 1 1 0 0 0 0 0 1 1 1 0 1 1 0 1 0 0 0 0 1 1 1 1 1 1 1 0 1 1 0 1 1 1 0 1 1 1 0 1 0 1 1 1 1 1 1 0 0 1 0 0 1 1 1 0 1 1 0 1 0 1 0 1 0 0 1 1 1 1 
0 1 0 0 0 0 1 0 1 0 0 0 1 0 1 1 1 1 1 1 0 0 0 1 1 0 0 1 0 0 1 1 1 1 1 1 0 0 0 0 1 0 1 1 1 1 1 1 1 0 1 0 0 1 1 1 1 0 1 0 1 0 0 1 0 1 1 1 0 0 
1 1 1 0 0 0 0 1 1 1 1 1 0 1 1 0 1 1 1 0 1 0 0 1 1 0 1 1 1 1 1 1 1 0 1 0 1 1 1 0 1 1 0 1 0 1 1 1 1 0 0 1 1 1 0 1 0 1 1 0 0 1 1 1 1 1 1 0 0 1 
1 1 0 1 1 0 0 0 0 1 0 1 1 0 1 1 1 1 0 1 0 0 1 1 1 1 0 1 1 1 1 1 0 1 0 1 0 1 1 1 1 1 1 0 0 1 1 0 0 0 1 1 0 1 0 1 1 1 0 1 1 1 1 0 1 1 1 0 0 0 
0 0 0 0 1 1 0 0 0 1 1 0 1 0 0 0 0 1 0 1 1 0 0 1 0 1 0 1 0 0 1 0 0 1 0 0 0 0 1 1 1 1 0 0 0 1 1 1 0 1 1 0 1 0 0 1 0 1 1 0 1 0 1 0 1 0 0 1 0 1 
1 0 1 1 0 1 1 1 1 1 1 1 0 1 0 1 1 0 0 1 0 1 1 1 0 0 1 0 1 0 1 0 0 0 0 0 0 0 0 1 1 1 1 1 1 0 0 1 1 1 1 0 1 0 0 0 1 0 1 1 1 0 1 1 1 1 1 0 1 1 
1 1 0 1 0 1 0 1 1 0 1 0 0 1 0 0 0 1 1 0 1 1 1 1 1 1 0 1 0 1 1 0 1 1 0 1 1 0 1 1 1 1 1 1 1 0 0 1 1 0 0 0 0 1 1 0 1 1 1 1 0 0 0 0 1 1 1 1 1 1 
1 0 0 0 1 0 1 1 1 1 1 1 0 0 0 0 0 0 1 0 1 1 1 0 1 1 0 1 1 0 0 1 0 0 1 0 0 0 0 1 0 1 1 0 1 1 1 0 0 1 1 1 1 1 1 1 1 1 0 1 0 1 1 0 0 0 0 1 1 1 
0 0 0 0 1 1 1 0 1 1 0 0 1 0 1 0 0 0 1 0 1 0 1 0 0 0 1 1 0 0 1 1 1 1 1 1 0 0 1 1 0 1 1 0 0 1 1 0 0 1 1 0 0 1 0 0 1 0 1 0 1 1 0 0 0 0 1 1 0 1 
0 0 1 1 0 1 0 1 1 0 0 0 1 1 1 0 1 0 0 1 1 1 1 1 1 0 0 1 1 1 1 1 0 1 1 0 1 0 0 1 1 0 0 0 1 1 0 1 1 0 1 1 1 1 0 0 0 1 0 1 1 1 0 0 0 1 0 0 1 1 
1 0 1 1 0 0 1 1 0 0 1 0 1 1 0 1 1 0 1 1 1 1 1 0 1 1 0 0 0 0 0 0 1 1 1 0 1 1 0 1 0 1 0 1 1 1 0 1 1 1 0 0 0 1 1 1 0 1 1 1 1 1 0 1 0 1 1 1 1 1 
1 1 1 1 1 1 1 0 1 0 0 0 1 0 1 0 1 1 1 1 1 1 1 1 1 1 1 0 0 1 1 0 0 0 1 0 1 0 1 1 0 0 1 1 0 0 0 1 0 1 0 0 1 1 0 1 1 1 1 1 1 0 1 1 0 0 0 1 1 0 
1 1 0 1 1 1 1 1 1 1 1 1 1 0 0 0 0 1 0 0 1 1 0 1 1 0 0 0 1 1 1 1 0 1 1 1 1 0 1 0 1 0 1 0 1 1 0 1 0 1 0 1 0 1 1 0 1 1 1 1 0 1 0 0 0 0 1 0 1 0 
1 1 1 0 1 0 0 0 1 1 1 1 0 1 1 0 1 0 0 0 1 0 1 1 0 1 1 0 1 0 1 1 0 1 0 1 0 1 1 1 1 1 1 1 0 0 1 1 1 1 1 1 1 0 1 1 0 0 0 1 0 0 1 1 1 1 1 1 1 1 
0 0 1 0 0 0 0 1 1 1 1 0 0 0 1 0 0 1 1 0 1 1 0 0 1 1 0 0 0 1 1 0 1 1 1 1 0 1 1 1 1 1 0 0 0 0 1 1 0 0 1 0 1 1 0 1 1 1 0 1 1 1 0 0 1 1 1 1 0 1 
1 1 1 1 1 1 1 1 1 1 1 1 1 1 1 0 1 0 0 1 0 1 1 0 1 0 1 1 0 1 1 1 1 1 0 0 1 1 1 1 0 1 1 1 1 0 0 1 0 0 1 1 0 1 1 0 1 1 1 0 0 0 0 1 1 0 0 0 1 1 
1 1 0 0 1 0 1 1 0 0 1 1 1 1 1 1 0 1 1 1 1 0 1 1 0 0 0 1 0 0 0 0 1 1 0 1 0 1 0 1 1 1 0 1 0 1 1 1 1 0 0 1 1 0 1 1 0 0 0 0 0 1 1 0 1 1 0 0 1 0 
1 1 1 1 1 1 1 0 1 0 1 1 0 1 1 1 1 1 1 1 1 0 0 1 1 1 1 1 1 1 1 1 0 0 0 0 0 1 1 0 1 0 1 1 1 0 1 1 0 1 1 1 1 0 1 1 0 0 1 1 0 1 1 1 0 1 1 0 1 0 
1 1 1 0 1 1 1 1 1 1 1 1 1 1 0 1 1 0 1 0 1 1 1 1 1 0 1 1 1 0 0 0 1 0 1 1 0 0 1 0 0 1 1 0 1 1 1 0 1 0 1 1 1 0 0 1 0 1 0 1 1 1 1 1 0 0 0 1 1 1 
0 1 1 0 1 1 0 1 0 0 1 0 1 0 0 0 0 1 1 1 1 1 0 0 1 0 0 1 1 1 0 1 1 1 1 1 1 1 0 1 1 0 0 1 0 1 1 1 0 1 1 1 1 1 1 0 0 1 1 0 1 0 0 1 0 1 1 1 1 1 
1 0 0 1 0 1 0 0 0 1 0 0 0 1 1 1 1 1 1 1 0 0 0 0 1 1 1 0 1 1 0 1 1 1 0 0 0 0 0 0 0 1 0 1 1 1 0 0 1 1 1 1 0 0 1 0 0 0 1 1 0 1 0 1 0 0 1 0 0 0 
0 1 1 1 0 0 1 1 1 0 1 0 1 1 0 0 1 1 0 1 0 1 1 1 0 0 1 0 1 0 1 0 0 0 1 0 0 1 0 1 1 0 1 1 0 0 0 1 1 1 1 0 1 0 1 0 1 1 1 0 1 0 1 0 1 1 0 0 0 0 
1 1 1 1 1 1 1 1 1 1 0 1 1 0 0 0 0 0 1 1 0 1 1 1 0 0 1 0 1 1 1 1 1 1 1 1 0 1 0 0 0 0 1 1 1 1 0 1 0 0 0 1 0 1 0 0 1 1 1 0 0 1 0 0 0 0 1 1 0 1 
1 1 1 0 0 0 1 1 1 1 0 1 1 1 0 0 1 0 0 1 1 0 1 1 0 1 0 0 0 1 0 1 1 1 0 1 1 0 1 0 1 1 1 0 0 1 0 0 0 0 1 1 0 1 0 1 0 1 1 1 1 0 0 0 0 0 1 1 1 1 
1 1 0 1 1 1 1 1 0 1 0 1 1 0 1 1 1 0 0 1 0 0 1 0 0 0 0 0 1 1 0 1 1 0 0 1 0 0 1 1 0 0 1 1 1 1 1 0 0 0 0 0 0 1 1 1 1 0 0 0 0 1 0 0 0 0 0 1 1 1 
1 0 1 1 1 1 1 1 0 1 0 0 0 1 1 0 1 1 1 1 1 0 0 1 1 1 1 1 0 1 1 1 1 0 1 0 1 1 1 1 0 1 1 1 0 1 1 0 0 1 1 0 0 1 1 0 1 1 0 1 0 1 0 0 0 0 1 0 1 1 
1 0 0 0 1 0 0 1 1 0 0 1 0 1 1 1 1 1 1 0 1 0 1 0 1 0 1 1 0 1 0 1 0 0 1 1 1 1 1 1 1 1 1 1 0 1 1 0 1 0 1 0 1 1 1 0 0 1 0 1 1 0 1 1 0 1 0 0 0 1 
1 0 0 1 1 1 1 0 1 0 0 1 1 1 0 1 0 0 1 1 1 0 1 0 1 1 1 1 1 1 0 1 0 1 1 0 1 1 1 1 1 1 0 0 1 0 1 1 1 0 1 1 0 1 1 0 0 0 1 1 0 0 1 1 1 0 0 0 1 1 
0 0 0 0 0 0 0 0 1 0 0 0 0 1 1 1 0 1 0 1 1 1 1 1 1 1 1 1 0 1 1 1 0 1 1 1 1 1 1 0 1 0 0 0 0 1 1 1 0 1 1 1 1 1 0 1 1 1 1 1 0 0 0 1 1 1 0 1 0 0 
1 1 0 1 1 1 1 1 1 1 0 0 0 0 1 0 1 1 0 1 0 1 0 1 1 1 0 1 1 1 0 0 1 0 0 1 0 1 1 1 1 0 1 0 1 1 1 1 1 1 1 0 0 1 1 1 0 0 1 1 0 0 1 1 1 1 1 1 0 0 

0 0 0 23 0 0 0 15 0 0 28 0 0 0 0 0 0 0 0 21 0 21 0 2 7 0 19 13 0 0 0 0 0 0 0 0 0 0 0 0 0 0 0 0 9 0 0 0 0 27 0 0 0 0 30 0 4 0 0 0 0 13 0 0 0 0 0 17 0 0 
0 0 0 0 0 0 27 11 6 0 0 14 0 19 0 0 0 0 3 0 0 0 0 0 0 0 0 2 0 0 0 21 0 17 0 0 0 0 0 0 0 0 4 0 0 0 24 0 5 0 13 0 0 27 0 10 0 0 20 11 16 0 0 0 0 19 0 9 9 0 
0 6 0 0 5 0 10 0 0 0 0 0 0 24 0 10 0 0 0 0 0 0 28 0 0 29 26 0 0 1 0 0 24 0 23 0 0 5 0 0 0 0 0 11 6 0 0 0 0 0 0 0 29 0 22 0 0 0 0 0 0 0 0 0 0 0 19 0 8 0 
0 0 0 0 0 0 6 0 0 0 0 0 0 0 0 0 0 0 0 0 0 0 6 0 0 0 10 20 0 0 21 0 0 0 25 3 0 0 0 10 0 0 0 0 0 27 0 21 0 0 0 0 0 17 0 0 0 0 0 0 22 0 15 0 0 0 0 0 0 0 
4 19 28 0 0 0 0 0 0 12 0 0 0 14 0 10 0 0 0 6 0 27 0 0 0 0 0 0 21 0 0 0 0 0 0 0 0 0 0 0 0 0 0 0 0 13 3 0 0 0 0 0 0 0 0 0 0 0 0 23 0 0 0 0 0 0 28 0 0 14 
21 0 12 0 11 0 0 0 0 0 17 17 0 0 26 0 22 0 0 0 18 0 0 0 0 0 0 0 0 0 0 0 0 0 0 0 20 27 0 22 0 0 0 0 0 0 0 0 0 0 0 0 0 0 0 7 0 0 0 0 0 0 9 0 0 0 4 7 0 0 
0 0 0 0 0 0 0 0 0 0 0 0 0 0 24 0 0 0 13 0 20 0 23 0 18 22 24 0 9 26 0 0 0 0 0 0 0 0 0 24 0 0 0 29 5 0 9 0 0 10 3 0 0 14 0 24 0 0 0 0 0 11 1 0 0 0 0 0 0 0 
0 0 20 0 0 0 0 0 0 0 0 0 0 14 0 0 0 21 0 3 1 0 0 0 0 25 0 0 0 0 6 0 0 0 0 0 0 18 0 0 0 0 0 0 0 0 8 0 0 0 27 3 0 0 0 0 1 0 0 15 4 0 0 0 0 0 0 0 0 0 
0 0 0 0 0 2 0 0 0 0 0 0 2 18 10 0 0 20 0 0 0 0 0 15 0 0 2 0 0 0 0 0 0 0 0 16 0 0 0 0 1 0 0 16 0 0 0 0 0 0 28 0 0 0 18 4 0 0 0 0 0 5 15 0 11 0 0 21 0 0 
0 0 0 0 0 0 0 0 0 0 0 0 0 0 0 29 0 0 0 0 0 0 0 0 0 0 0 8 0 0 0 0 0 0 0 0 0 0 0 0 0 0 0 10 0 0 0 0 0 11 23 0 0 2 21 23 9 0 26 0 0 0 0 0 0 0 0 0 0 0 
0 0 0 21 0 0 0 11 0 0 0 14 0 0 0 0 0 0 1 0 0 0 0 0 0 0 9 0 0 0 0 0 0 27 0 0 0 20 0 25 0 0 0 0 0 0 0 0 0 0 0 23 0 0 0 0 0 3 8 0 0 0 0 11 0 0 0 0 0 11 
0 10 0 0 0 8 0 0 0 0 0 0 0 0 0 0 6 0 0 3 0 0 0 0 0 0 0 0 10 0 2 0 0 0 19 9 0 0 0 0 0 26 0 0 12 0 27 0 10 0 0 0 0 0 0 0 28 19 0 0 27 0 0 0 17 0 0 0 0 0 
14 0 0 0 4 0 0 0 0 0 0 0 0 0 0 22 0 0 0 0 0 0 16 30 0 0 0 0 20 17 0 0 0 0 0 0 0 0 16 17 0 0 0 0 24 0 1 0 0 0 0 0 0 27 0 0 19 14 0 0 0 0 0 0 26 4 0 0 0 0 
0 0 0 0 0 0 0 22 0 0 0 22 25 0 6 0 2 0 0 0 0 0 0 0 0 0 10 23 0 0 20 0 0 7 0 0 11 0 0 0 0 23 0 4 0 0 15 0 0 0 0 0 0 0 0 0 0 0 0 0 0 0 0 0 0 0 0 0 5 0 
0 0 0 28 0 0 0 0 20 0 0 0 18 12 0 0 0 0 0 0 0 0 0 0 0 0 0 0 0 0 0 0 17 0 0 3 0 9 0 0 0 0 0 0 0 0 0 0 0 0 0 8 0 0 0 0 2 0 0 0 0 0 0 0 0 0 0 15 20 21 
0 26 0 0 0 0 28 0 0 0 8 0 25 0 0 0 0 0 0 10 0 0 0 0 0 0 0 0 0 0 0 0 3 11 20 0 0 0 0 0 7 0 27 8 0 0 0 0 17 0 0 0 0 0 0 25 0 0 0 0 19 11 0 24 0 0 0 0 0 0 
11 0 0 28 0 0 0 29 0 0 0 0 0 0 0 0 0 5 0 0 0 15 0 0 0 0 0 0 0 0 0 0 0 0 21 0 0 0 0 0 0 0 0 18 0 0 4 0 0 0 0 2 0 0 0 0 18 0 0 0 0 0 0 0 0 4 19 12 0 0 
0 0 0 0 0 0 0 0 0 0 0 0 0 0 0 0 0 0 0 0 0 0 20 0 0 9 0 0 5 0 9 0 0 29 0 0 0 0 0 0 0 0 0 0 4 0 0 0 0 0 0 19 0 0 0 0 25 0 0 0 0 0 0 20 0 0 0 0 0 11 
0 10 0 0 0 0 0 0 0 0 0 0 0 0 18 0 0 0 0 0 0 0 0 0 0 0 0 0 0 0 0 30 0 0 0 0 0 0 0 0 0 0 0 0 0 0 0 0 0 0 0 0 0 0 13 0 0 0 0 0 0 17 0 26 0 0 0 0 0 0 
0 23 0 0 0 27 8 0 0 0 0 0 14 0 0 0 0 8 0 0 0 0 0 0 0 0 0 0 0 0 2 0 0 0 0 0 4 0 0 0 0 0 0 0 0 0 16 0 0 0 0 0 0 0 5 0 10 24 0 0 0 0 0 0 0 0 22 0 0 0 
0 1 0 0 0 0 5 0 0 0 0 0 0 0 0 0 0 0 0 0 0 8 0 8 25 0 0 0 0 0 0 0 3 0 0 0 0 0 0 10 0 0 25 0 0 0 0 0 29 1 0 0 0 0 0 2 0 0 0 0 0 0 0 0 0 0 0 0 0 26 
0 0 0 0 29 0 0 0 0 0 0 0 0 0 0 0 22 0 0 0 2 0 2 27 0 0 0 0 0 0 0 0 0 15 0 0 0 0 0 0 0 0 26 0 0 0 0 0 0 0 0 0 0 0 0 5 0 13 0 0 0 17 0 0 0 1 0 8 0 0 
0 0 0 0 0 0 0 0 0 0 0 0 24 0 0 14 0 20 0 0 0 0 0 6 0 13 0 0 0 0 0 0 15 0 0 0 0 0 0 0 0 0 2 30 0 0 29 18 2 0 0 0 23 20 0 0 0 0 0 0 0 0 0 0 1 0 0 0 0 0 
0 0 0 0 0 4 0 10 0 0 0 0 15 0 0 0 3 0 0 0 0 0 0 0 0 0 0 16 7 20 0 0 0 0 0 0 0 0 0 0 0 0 0 0 21 0 12 0 10 0 0 0 0 0 0 0 0 0 0 0 0 0 0 0 0 12 29 25 0 6 
4 0 18 0 0 0 0 0 0 0 0 0 0 2 0 19 0 0 0 0 0 0 0 0 0 0 0 0 0 0 0 0 0 0 0 0 0 0 0 0 0 0 0 0 0 0 0 0 0 0 0 6 0 0 0 12 17 0 0 0 0 0 0 11 2 0 0 0 0 21 
0 20 0 0 13 5 0 3 0 0 0 0 18 0 0 0 0 0 20 0 0 0 0 2 0 0 0 0 0 0 0 16 26 21 0 0 0 0 0 8 0 0 0 27 0 0 17 0 0 0 17 6 0 0 0 12 0 0 0 0 0 0 28 0 0 0 0 0 0 0 
0 0 18 0 0 12 0 0 0 0 0 0 0 0 0 0 28 0 5 0 5 0 0 14 0 0 0 0 0 0 0 0 0 12 0 0 0 29 0 0 21 0 9 0 18 0 4 15 0 0 0 0 0 0 0 30 0 0 0 0 0 0 0 0 20 0 0 0 12 0 
19 23 0 0 0 0 12 5 0 0 0 0 0 14 0 2 0 0 0 0 10 0 0 0 0 10 0 0 0 5 0 0 0 0 0 0 0 0 0 0 0 0 0 0 5 0 24 0 0 0 0 0 0 29 0 30 0 0 0 0 0 0 0 0 0 0 0 0 0 3 
0 29 0 0 0 0 17 0 0 0 0 0 1 0 0 0 0 0 0 0 0 0 9 0 0 0 0 0 0 12 0 0 0 0 0 0 8 0 0 1 8 0 0 0 0 7 13 0 0 0 17 0 0 0 0 0 0 0 0 0 2 0 0 0 0 0 0 0 28 0 
0 0 20 0 0 0 0 0 0 0 0 0 0 0 0 0 0 16 0 0 2 0 0 0 0 0 0 27 0 0 2 0 0 24 0 0 0 0 0 0 0 9 1 0 0 0 0 0 0 0 0 0 0 0 0 0 0 0 0 0 20 0 0 0 0 28 0 0 0 0 
0 17 0 0 0 26 0 0 0 0 0 1 17 0 17 14 0 0 0 0 0 0 0 0 0 0 0 0 0 0 0 0 0 23 0 0 0 0 0 0 7 0 0 0 0 0 0 5 23 0 0 0 0 0 0 12 0 0 0 0 0 0 0 0 0 16 0 0 22 0 
0 0 0 0 0 0 0 6 5 0 0 0 25 0 0 0 0 0 0 0 0 0 0 0 0 9 0 0 27 0 0 0 0 0 0 0 0 15 0 28 21 0 0 0 0 0 10 0 0 0 21 0 22 0 0 0 7 0 30 0 0 22 0 0 0 0 0 10 0 0 
0 0 0 1 0 5 0 24 0 0 7 0 0 0 2 0 4 0 0 0 0 0 0 0 0 0 0 0 0 11 7 0 0 0 0 0 0 0 26 14 0 0 1 0 4 0 0 0 0 23 15 0 0 0 0 0 0 0 0 28 0 0 28 0 0 15 0 0 0 0 
0 0 0 17 0 18 0 8 0 4 0 0 0 0 24 0 0 0 0 0 0 0 0 0 0 0 0 0 2 8 19 0 0 0 0 0 0 0 0 9 0 0 5 0 25 20 0 0 0 7 0 0 18 0 24 0 0 29 26 0 0 0 0 0 0 16 0 0 0 0 
0 0 0 12 0 0 0 0 0 0 0 9 0 0 0 0 0 12 16 0 27 5 0 2 15 0 0 0 4 0 0 0 0 0 0 0 0 0 3 0 0 16 0 0 17 0 0 0 0 0 0 0 0 0 27 0 0 0 0 0 0 0 0 0 0 0 0 0 0 0 
0 0 9 0 3 27 7 0 0 0 0 0 0 9 0 0 0 0 0 0 0 0 0 0 0 0 0 0 6 3 0 0 0 0 0 0 20 0 24 0 0 0 0 27 0 0 0 0 0 0 0 0 3 0 15 0 16 28 14 0 0 0 4 0 20 21 2 0 14 0 
0 0 0 0 0 0 0 0 0 0 0 6 0 0 0 0 26 11 0 0 13 0 0 0 0 0 0 2 25 0 0 0 0 26 0 0 0 0 0 0 21 0 1 0 0 0 0 0 10 0 7 0 0 0 0 0 0 0 0 0 0 0 0 0 0 17 0 0 25 14 
0 0 23 0 0 13 0 0 0 22 0 0 12 0 0 7 10 0 0 22 0 3 0 0 0 0 0 2 0 17 17 0 0 0 0 0 0 0 0 28 0 0 0 0 0 0 0 0 0 0 0 6 0 0 0 0 11 5 0 0 0 0 8 0 26 0 0 0 0 0 
0 2 11 0 0 0 0 0 0 0 0 0 0 0 0 0 13 0 0 0 0 0 0 0 28 0 0 0 0 0 24 0 0 0 0 11 29 0 0 0 0 0 0 0 21 0 0 0 0 0 0 0 25 3 0 5 0 0 0 13 0 7 0 0 0 17 0 27 0 0 
0 1 26 0 30 0 0 0 0 0 0 0 0 0 0 0 0 0 0 12 0 0 0 22 0 0 0 0 0 7 0 0 24 0 0 0 0 0 0 0 0 0 0 0 11 0 0 0 0 12 0 0 0 0 0 21 0 0 6 0 0 0 0 0 1 0 0 0 0 0 
0 23 0 10 0 0 0 0 0 0 0 0 0 0 0 27 0 0 0 0 0 0 19 0 23 0 0 0 0 0 8 0 0 0 0 0 0 0 0 0 0 20 0 0 0 0 0 0 20 0 0 0 21 0 0 0 5 0 0 0 0 0 0 7 0 0 0 0 0 10 
0 0 18 0 0 0 0 0 0 0 0 0 0 0 0 0 0 0 0 27 0 0 0 0 0 0 19 9 24 0 0 0 0 10 0 11 27 0 0 22 15 0 0 16 0 16 16 5 0 0 0 0 11 0 0 0 0 0 0 0 0 20 0 8 0 0 3 0 0 0 
0 3 0 0 0 0 0 0 30 0 0 0 0 0 0 2 6 27 26 0 14 0 0 0 0 0 0 0 0 0 20 22 0 0 0 0 0 0 0 4 0 0 0 0 24 0 0 0 0 0 0 0 0 0 0 0 0 0 0 0 7 29 0 0 0 0 6 0 0 0 
12 0 0 14 0 0 0 0 0 0 0 0 0 13 0 0 0 1 0 0 0 6 0 0 16 0 0 0 0 1 0 0 0 26 0 0 0 0 0 0 0 0 27 0 0 0 0 0 24 0 0 10 0 0 0 0 0 0 0 15 0 0 0 0 0 0 0 0 0 0 
18 0 21 0 0 23 0 7 0 0 0 0 0 0 0 29 0 0 0 0 0 0 0 0 0 0 0 0 0 0 0 21 0 0 0 0 0 0 0 0 0 0 0 0 0 0 0 0 0 25 0 0 0 12 0 14 0 0 13 0 0 0 0 0 0 0 0 10 0 0 
0 9 0 0 0 0 0 0 0 0 7 0 0 0 0 0 0 8 0 0 0 0 0 0 0 0 28 3 0 0 0 26 0 0 0 0 0 29 0 0 0 0 0 0 0 0 0 0 10 0 0 0 0 16 0 0 26 0 0 0 7 0 0 0 0 0 0 11 0 0 
0 0 0 0 0 0 0 0 0 0 0 23 0 0 0 0 0 0 0 0 0 0 0 1 8 0 0 0 0 0 0 0 0 0 0 0 0 0 0 0 0 0 0 0 0 0 0 0 0 0 2 0 0 0 24 0 0 0 0 0 0 17 0 0 16 25 25 10 0 0 
14 0 5 0 0 0 0 0 0 0 0 0 0 0 0 0 0 0 26 0 0 23 0 0 0 11 0 0 0 0 0 0 14 0 0 0 0 0 0 0 0 4 0 24 0 26 3 0 22 0 28 0 0 0 0 0 0 0 0 0 0 27 0 0 0 0 0 0 0 13 
20 0 0 2 0 7 9 0 0 0 0 0 0 0 0 0 0 0 0 0 0 0 0 0 0 14 0 0 0 6 0 0 0 0 0 0 0 21 0 1 0 23 0 0 0 0 0 0 0 0 20 0 0 0 0 17 0 0 0 0 0 0 0 0 0 0 0 0 0 18 
0 19 0 0 21 0 0 0 0 0 0 16 0 0 0 0 0 0 0 0 0 0 0 17 0 25 0 0 0 0 0 0 1 0 18 0 7 0 0 4 0 0 30 0 27 0 0 0 0 0 29 0 0 5 0 0 0 0 0 0 0 13 3 0 0 0 0 8 0 1 
0 0 0 5 0 0 0 0 0 28 1 0 0 3 0 0 0 8 0 16 0 0 0 0 6 0 0 0 22 0 0 0 15 0 0 23 0 0 0 9 0 0 15 0 0 0 0 12 0 0 0 0 8 0 0 0 10 0 0 0 25 0 0 0 0 0 0 0 20 0 
16 0 9 8 9 0 0 0 8 29 0 23 0 0 0 0 0 0 0 0 0 5 0 0 0 8 0 6 22 0 0 0 0 0 19 28 0 0 0 0 0 0 0 0 0 0 0 0 12 0 4 0 9 0 0 16 0 0 0 0 0 0 7 8 0 0 0 27 0 0 
12 13 0 14 0 0 0 15 0 0 0 5 0 0 0 0 0 0 23 0 0 0 9 5 0 0 26 0 0 0 12 0 0 0 0 25 0 0 0 20 0 17 0 0 0 0 0 1 0 0 13 0 0 14 0 0 13 0 0 0 0 0 0 0 0 0 0 0 0 0 
0 0 0 0 0 0 12 0 0 0 0 0 30 11 0 17 9 1 0 0 0 0 0 0 0 0 0 18 0 0 0 0 0 14 0 0 0 0 0 0 0 0 0 0 0 0 11 0 24 0 0 4 16 0 0 0 0 25 0 20 0 0 0 0 0 0 0 0 0 21 
0 0 0 0 0 9 0 0 5 8 21 0 0 0 0 0 0 2 0 0 11 0 27 15 0 0 0 0 0 0 0 0 13 0 0 0 0 0 6 0 0 0 27 0 4 0 0 15 0 15 0 0 0 0 0 1 0 0 0 0 0 0 0 0 23 26 0 0 0 0 
0 0 0 0 12 14 0 0 4 0 0 0 0 0 0 9 25 0 0 0 21 0 8 0 0 0 0 0 0 0 5 0 0 0 0 5 0 21 0 0 0 0 0 24 0 0 12 0 0 0 0 11 0 0 0 0 0 0 0 0 0 0 0 0 24 0 0 0 0 0 
23 0 0 0 3 0 0 0 5 0 13 4 0 0 0 0 0 0 0 0 0 0 0 0 0 0 0 0 29 0 0 0 0 0 28 0 0 0 0 11 0 0 28 0 27 0 0 0 13 0 0 21 0 0 29 0 0 0 0 0 0 0 21 9 0 9 0 0 0 0 
0 0 0 0 0 0 0 0 0 0 0 0 0 0 0 0 0 0 0 13 0 13 24 0 0 2 0 14 0 0 0 0 0 0 0 0 0 0 1 19 0 0 0 27 7 0 0 0 0 0 0 25 0 0 0 0 0 0 0 0 0 0 14 0 0 0 0 0 2 15 
0 0 0 10 0 0 0 0 6 0 0 0 4 0 0 0 0 0 5 0 5 0 0 19 0 0 0 0 0 11 18 0 0 8 0 0 0 28 0 0 0 16 0 28 0 0 0 0 0 11 0 11 0 0 0 0 0 0 0 0 0 0 0 0 0 0 0 0 17 0 
0 0 0 0 0 6 0 0 0 0 0 13 0 0 0 0 4 12 0 0 0 0 23 0 0 0 19 0 22 2 0 0 0 0 0 0 0 0 0 0 0 0 0 0 0 0 0 0 19 0 0 0 0 0 0 16 0 0 0 0 0 0 0 11 0 0 0 0 24 0 
0 0 0 0 0 0 0 0 0 0 0 0 0 0 0 0 0 0 0 0 0 22 0 0 19 0 2 0 0 26 0 0 0 0 0 0 0 0 0 0 0 0 0 0 0 5 0 13 0 0 0 0 25 0 1 0 0 16 0 11 0 0 0 28 15 0 0 0 0 15 
0 24 0 6 10 0 0 10 0 0 0 6 24 0 0 0 0 0 0 0 28 8 0 0 0 0 0 0 3 0 0 0 0 0 12 1 12 0 15 0 0 1 16 0 0 0 0 0 0 0 0 21 0 0 0 0 0 0 0 0 7 0 0 24 15 0 0 0 1 0 
0 0 6 0 0 0 6 0 0 0 0 0 0 0 0 0 29 0 0 0 0 11 0 0 0 0 0 0 3 0 0 0 0 0 27 0 0 0 0 0 0 0 0 0 0 29 0 9 22 0 0 0 0 12 0 0 0 0 0 0 0 0 0 0 0 0 27 0 0 26 
0 0 0 0 6 0 0 0 0 0 0 24 0 7 29 0 19 0 0 0 0 0 0 0 0 0 0 0 0 0 0 0 0 0 0 0 0 0 3 8 0 0 0 0 0 0 0 0 0 23 0 0 0 0 0 29 0 0 0 0 0 0 0 0 0 0 0 0 0 0 
2 0 0 0 0 0 0 8 0 0 0 0 0 0 23 15 0 0 14 0 0 0 0 0 0 21 0 0 19 28 0 0 0 8 0 0 0 0 0 0 25 0 0 0 0 0 0 0 0 0 7 0 0 2 0 0 28 1 0 0 0 0 0 0 0 12 0 0 0 0 
0 10 0 0 0 0 0 0 0 0 0 0 0 0 0 0 0 23 0 0 17 0 0 0 21 0 0 0 0 0 0 20 0 0 0 0 0 0 0 0 0 22 0 0 0 0 0 0 0 0 0 0 0 0 0 0 0 0 0 9 13 0 24 0 0 0 0 7 0 0 
0 0 0 7 15 0 0 0 23 24 26 0 0 0 0 0 0 0 0 0 6 0 0 0 0 0 9 0 0 25 0 0 0 0 0 27 0 14 0 0 0 0 22 0 5 0 6 0 0 2 0 23 0 0 0 4 0 1 0 0 0 0 2 0 25 0 0 0 0 0 
0 20 0 0 4 0 29 0 0 0 0 0 0 0 0 12 0 0 0 0 0 2 0 9 0 0 0 17 0 27 0 7 0 13 0 0 0 0 0 0 0 0 0 0 0 7 20 0 14 0 0 0 0 0 0 0 0 0 27 0 0 0 0 0 0 0 0 0 0 0 
0 0 0 8 0 0 0 0 0 0 21 0 0 0 0 4 0 0 0 0 0 0 6 0 0 0 10 0 0 0 0 22 22 0 0 0 0 0 0 0 0 0 0 0 0 0 0 0 0 0 3 0 3 0 0 0 0 0 0 0 0 0 0 0 0 0 0 0 0 0 
0 8 0 15 0 7 0 0 0 0 0 7 0 0 0 1 0 0 0 0 0 27 2 0 0 0 6 0 0 0 19 20 0 0 0 0 0 0 0 0 0 5 0 0 0 0 6 0 0 0 15 0 0 0 7 0 0 0 3 5 25 0 0 0 0 0 0 0 0 0 
